[&R] (((((216_3:0,216_4:0)203_3:0,(216_5:0,216_6:0)208_5:0)157_2:2.08,(216_1:0,216_2:0)168_1:0.08)73_1:2.92,(((216_9:0,216_10:0)194_6:1.012,(216_7:0,216_8:0)198_5:1.012)140_3:0.004,(216_11:0,216_12:0)197_8:2.015)76_3:2.984)26_1:0)I0;
I0,0,0,0,0,0,0,0,0,0,0
26_1,0,0,0,0,0,0,0,0,0,0
76_3,0,0,0,0,0,0:0.01/1:0.99,0:0.01/2:0.99,0:0.01/2:0.99,0,0
197_8,0,0,0,0,2,1,2,2,0,1
216_12,0,0,0,0,2,1,2,2,0,1
216_11,0,0,0,0,2,1,2,2,0,1
140_3,0,0,0,0,0,1,2,2,0,0
198_5,0,0,1,0,0,1,2,2,0,0
216_8,0,0,1,0,0,1,2,2,0,0
216_7,0,0,1,0,0,1,2,2,0,0
194_6,0,0,0,0,2,1,2,2,0,0
216_10,0,0,0,0,2,1,2,2,0,0
216_9,0,0,0,0,2,1,2,2,0,0
73_1,0:0.03/2:0.97,0,0,0,0,0,0,0,0:0.03/2:0.97,0:0.03/1:0.97
168_1,2,0,0,0,0,0,0,0,2,1
216_2,2,0,0,0,0,0,0,0,2,1
216_1,2,0,0,0,0,0,0,0,2,1
157_2,2,1,0,0,0,0,0,2,2,1
208_5,2,1,0,0,0,0,0,2,2,1
216_6,2,1,0,0,0,0,0,2,2,1
216_5,2,1,0,0,0,0,0,2,2,1
203_3,2,1,0,0,0,0,0,2,2,1
216_4,2,1,0,0,0,0,0,2,2,1
216_3,2,1,0,0,0,0,0,2,2,1
