[&R] (((((216_3:3.166,216_4:5.166)185_2:28.355,(216_1:8.249,216_2:2.249)187_1:25.272)126_1:37.795,(216_5:6.249,216_6:4.249)188_5:63.066)66_1:66.092,((216_9:3.018,216_10:0.018)202_10:14.023,(216_7:1.021,216_8:2.021)209_9:21.02)143_5:109.366)16_1:15.593)I0;
I0,0,0,0,0,0,0,0,0,0,0,0,0,0,0,0,0,0,0,0,0,0,0,0,0,0,0,0,0,0,0,0,0,0,0,0,0,0,0,0,0,0,0,0,0,0,0,0,0,0,0,0,0,0,0,0,0,0,0,0,0,0,0,0,0,0,0,0,0,0,0,0,0,0,0,0,0,0,0,0,0,0,0,0,0,0,0,0,0,0,0,0,0,0,0,0,0,0,0,0,0,0,0,0,0,0,0,0,0,0,0,0,0,0,0,0,0,0,0,0,0,0,0,0,0,0,0,0,0,0,0,0,0,0,0,0,0,0,0,0,0,0,0,0,0,0,0,0,0,0,0,0,0,0,0,0,0,0,0,0,0,0,0,0,0,0,0,0,0,0,0,0,0,0,0,0,0,0,0,0,0,0,0,0,0,0,0,0,0,0,0,0,0,0,0,0,0,0,0,0,0
16_1,0,0,0,0,0,0,0,0,0:0.6/2:0.4,0:0.6/1:0.4,0,0,0,0,0,0,0,0,0,0,0,0,0:0.6/1:0.4,0,0,0,0,0,0,0:0.6/1:0.4,0,0,0,0,0,0,0,0,0,0,0,0,0,0,0,0,0,0,0,0,0,0,0,0:0.6/1:0.4,0,0,0,0,0,0,0,0,0,0,0,0:0.6/1:0.4,0,0,0,0:0.6/1:0.4,0,0,0,0,0,0,0,0,0,0,0:0.6/1:0.4,0:0.6/2:0.4,0,0:0.6/2:0.4,0,0:0.6/1:0.4,0,0,0,0,0,0,0,0:0.6/1:0.4,0,0:0.6/2:0.4,0,0:0.6/1:0.4,0,0,0,0:0.6/1:0.4,0,0,0:0.6/1:0.4,0:0.6/2:0.4,0,0:0.6/2:0.4,0,0:0.6/2:0.4,0,0,0,0,0,0:0.6/2:0.4,0,0:0.6/1:0.4,0:0.6/2:0.4,0,0:0.6/2:0.4,0,0,0,0,0,0,0:0.6/2:0.4,0,0,0,0,0,0,0,0,0,0,0,0,0,0,0:0.6/2:0.4,0,0:0.6/1:0.4,0,0,0,0,0,0,0:0.6/1:0.4,0,0,0,0,0,0,0:0.6/1:0.4,0,0:0.6/1:0.4,0,0,0,0,0,0:0.6/2:0.4,0:0.6/2:0.4,0,0,0,0,0:0.6/1:0.4,0,0,0,0,0:0.6/1:0.4,0:0.6/1:0.4,0,0,0,0:0.6/2:0.4,0,0:0.6/1:0.4,0,0:0.6/1:0.4,0,0,0:0.6/1:0.4,0,0,0,0,0:0.6/2:0.4,0,0,0,0,0
143_5,0,0,0,0,0:0.02/1:0.98,0:0.02/2:0.98,0:0.02/2:0.98,0,0:0.01/2:0.99,0:0.01/1:0.99,0,0:0.02/1:0.98,0,0:0.02/1:0.98,0:0.02/2:0.98,0:0.02/2:0.98,0,0:0.02/1:0.98,0:0.02/1:0.98,0,0:0.02/1:0.98,0,0:0.01/1:0.99,0:0.02/2:0.98,0:0.02/2:0.98,0:0.02/1:0.98,0:0.02/1:0.98,0,0,0:0.01/1:0.99,0:0.02/2:0.98,0,0:0.02/1:0.98,0,0:0.02/2:0.98,0:0.02/1:0.98,0:0.02/2:0.98,0,0,0:0.02/2:0.98,0:0.02/2:0.98,0:0.02/2:0.98,0:0.02/2:0.98,0:0.02/2:0.98,0,0,0,0:0.02/1:0.98,0:0.02/1:0.98,0,0,0:0.02/1:0.98,0:0.02/1:0.98,0:0.01/1:0.99,0:0.02/2:0.98,0,0,0:0.02/2:0.98,0:0.02/1:0.98,0:0.02/2:0.98,0:0.02/2:0.98,0:0.02/2:0.98,0:0.02/1:0.98,0,0:0.02/1:0.98,0:0.01/1:0.99,0,0,0:0.02/1:0.98,0:0.01/1:0.99,0:0.02/2:0.98,0,0,0:0.02/1:0.98,0,0:0.02/1:0.98,0:0.02/2:0.98,0,0:0.02/1:0.98,0,0:0.01/1:0.99,0:0.01/2:0.99,0,0:0.01/2:0.99,0,0:0.01/1:0.99,0:0.02/2:0.98,0,0,0:0.02/1:0.98,0,0:0.02/2:0.98,0:0.02/1:0.98,0:0.01/1:0.99,0:0.02/2:0.98,0:0.01/2:0.99,0,0:0.01/1:0.99,0,0:0.02/2:0.98,0,0:0.01/1:0.99,0:0.02/1:0.98,0:0.02/2:0.98,0:0.01/1:0.99,0:0.01/2:0.99,0:0.02/1:0.98,0:0.01/2:0.99,0,0:0.01/2:0.99,0:0.02/2:0.98,0:0.02/1:0.98,0,0,0:0.02/2:0.98,0:0.01/2:0.99,0,0:0.01/1:0.99,0:0.01/2:0.99,0,0:0.01/2:0.99,0:0.02/1:0.98,0:0.02/1:0.98,0:0.02/2:0.98,0,0,0:0.02/2:0.98,0:0.01/2:0.99,0:0.02/1:0.98,0:0.02/2:0.98,0:0.02/2:0.98,0:0.02/2:0.98,0:0.02/1:0.98,0,0:0.02/1:0.98,0:0.02/2:0.98,0:0.02/2:0.98,0:0.02/2:0.98,0:0.02/1:0.98,0,0,0:0.02/1:0.98,0:0.01/2:0.99,0:0.02/2:0.98,0:0.01/1:0.99,0,0,0:0.02/2:0.98,0:0.02/1:0.98,0,0,0:0.01/1:0.99,0,0:0.02/2:0.98,0,0,0,0:0.02/1:0.98,0:0.01/1:0.99,0:0.02/1:0.98,0:0.01/1:0.99,0:0.02/1:0.98,0,0:0.02/1:0.98,0,0:0.02/2:0.98,0:0.01/2:0.99,0:0.01/2:0.99,0,0,0:0.02/2:0.98,0,0:0.01/1:0.99,0:0.02/1:0.98,0,0:0.02/2:0.98,0,0:0.01/1:0.99,0:0.01/1:0.99,0:0.02/2:0.98,0,0:0.02/1:0.98,0:0.01/2:0.99,0,0:0.01/1:0.99,0:0.02/1:0.98,0:0.01/1:0.99,0,0,0:0.01/1:0.99,0,0,0:0.02/1:0.98,0,0:0.01/2:0.99,0:0.02/2:0.98,0,0:0.02/1:0.98,0,0:0.02/1:0.98
209_9,0,0,0,0,1,2,2,0,2,1,1,1,0,1,2,2,0,1,1,0,1,0,1,2,2,1,1,0,0,1,2,0,1,0,2,1,2,2,2,2,2,2,2,2,1,0,0,1,1,0,1,1,1,1,2,0,0,2,1,2,2,2,1,0,1,1,1,0,1,1,2,0,0,1,2,1,2,0,1,0,1,2,0,2,2,1,2,0,2,1,0,2,1,1,2,2,0,1,1,2,0,1,1,2,1,2,1,2,2,2,2,1,0,1,2,2,0,1,2,1,2,1,1,2,0,2,2,2,1,2,2,2,1,0,1,2,2,2,1,0,0,1,2,2,1,0,0,2,1,2,0,1,0,2,0,0,2,1,1,1,1,1,1,1,1,2,2,2,0,0,2,0,1,1,0,2,0,1,1,2,0,1,2,0,1,1,1,0,0,1,0,1,1,0,2,2,0,1,0,1
216_8,0,1,0,0,1,2,2,0,2,1,1,1,0,1,2,2,0,1,1,0,1,0,1,2,2,1,1,0,0,1,2,0,1,0,2,1,2,2,2,2,2,2,2,2,1,0,0,1,1,0,1,1,1,1,2,0,0,2,1,2,2,2,1,0,1,1,1,0,1,1,2,2,0,1,2,1,2,0,1,0,1,2,0,2,2,1,2,0,2,1,0,2,1,1,2,2,0,1,1,2,0,1,1,2,1,2,1,2,2,2,2,1,0,1,2,2,0,1,2,1,2,1,1,2,0,2,2,2,1,2,2,2,1,0,1,2,2,2,1,0,0,1,2,2,1,0,0,2,1,2,0,1,0,2,0,0,2,1,1,1,1,1,1,1,1,2,2,2,0,0,2,0,1,1,0,2,0,1,1,2,0,1,2,0,1,1,1,0,0,1,0,1,1,0,2,2,0,1,0,1
216_7,0,0,0,0,1,2,2,0,2,1,1,1,0,1,2,2,0,1,1,0,1,0,1,2,2,1,1,0,0,1,2,0,1,0,2,1,2,2,2,2,2,2,2,2,1,0,0,1,1,0,1,1,1,1,2,0,2,2,1,2,2,2,1,0,1,1,1,0,1,1,2,0,0,1,2,1,2,0,1,0,1,2,0,2,2,1,2,0,2,1,0,2,1,1,2,2,0,1,1,2,0,1,1,2,1,2,1,2,2,2,2,1,0,1,2,2,0,1,2,1,2,1,1,2,0,2,2,2,1,2,2,2,1,0,1,2,2,2,1,0,0,1,2,2,1,0,0,2,1,2,0,1,0,2,0,0,2,1,1,1,1,1,1,1,1,2,2,2,0,0,2,0,1,1,0,2,0,1,1,2,0,1,2,0,1,1,1,0,0,1,0,1,1,0,2,2,0,1,0,1
202_10,0,0,0,0,1,2,2,0,2,1,0,1,0,1,2,2,0,1,1,0,1,0,1,2,2,1,1,0,0,1,2,0,1,0,2,1,2,0,0,2,2,2,2,2,0,0,0,1,1,0,0,1,1,1,2,0,0,2,1,2,2,2,1,0,1,1,0,1,1,1,2,0,2,1,0,1,2,0,1,0,1,2,2,2,0,1,2,0,1,1,2,2,1,1,2,2,0,1,0,2,0,1,1,2,1,2,1,2,0,2,2,1,0,0,2,2,0,1,2,0,2,1,1,2,1,0,2,2,1,2,2,2,1,0,1,2,2,2,1,0,0,1,2,2,1,1,1,2,1,1,0,1,2,2,0,0,0,1,1,1,1,1,0,1,0,2,2,2,0,0,2,0,1,1,0,2,0,1,1,2,0,1,2,0,1,1,1,0,2,1,0,2,1,0,2,2,0,1,0,1
216_10,0,0,0,0,1,2,2,0,2,1,0,1,0,1,2,2,0,1,1,0,1,0,1,2,2,1,1,0,0,1,2,0,1,0,2,1,2,0,0,2,2,2,2,2,0,0,0,1,1,0,0,1,1,1,2,0,0,2,1,2,2,2,1,0,1,1,0,1,1,1,2,0,2,1,0,1,2,0,1,0,1,2,2,2,0,1,2,0,1,1,2,2,1,1,2,2,0,1,0,2,0,1,1,2,1,2,1,2,0,2,2,1,0,0,2,2,0,1,2,0,2,1,1,2,1,0,2,2,1,2,2,2,1,0,1,2,2,2,1,0,0,1,2,2,1,1,1,2,1,1,0,1,2,2,0,0,0,1,1,1,1,1,0,1,0,2,2,2,0,0,2,0,1,1,0,2,0,1,1,2,0,1,2,0,1,1,1,0,2,1,0,2,1,0,2,2,0,1,0,1
216_9,0,0,0,0,1,2,2,0,2,1,0,1,0,1,2,2,0,1,1,0,1,0,1,2,2,1,1,0,0,1,2,0,1,0,2,1,2,0,0,2,2,2,2,2,0,0,0,1,1,1,0,1,1,1,2,1,0,2,1,2,2,2,1,0,1,1,0,1,1,1,2,2,2,1,0,1,2,0,1,0,1,2,2,2,0,1,2,0,1,1,2,2,1,1,2,2,0,1,0,2,0,1,1,2,1,2,1,2,0,2,2,1,0,0,2,2,0,1,2,0,2,1,1,2,1,0,2,2,1,2,2,2,1,0,1,2,2,2,1,0,0,1,2,2,1,1,1,2,1,1,0,1,2,2,0,0,0,1,1,1,1,1,0,1,0,2,2,2,0,0,2,0,1,1,0,2,0,1,1,2,0,1,2,0,1,1,1,0,2,1,0,2,1,0,2,2,0,1,0,1
66_1,0:0.15/1:0.85,0:0.15/2:0.85,0:0.15/1:0.85,0,0,0,0:0.15/1:0.85,0,0:0.09/2:0.91,0:0.09/1:0.91,0,0,0:0.15/1:0.85,0,0:0.15/1:0.85,0,0,0,0,0,0,0,0:0.09/1:0.91,0,0,0,0,0,0,0:0.09/1:0.91,0,0,0,0:0.15/2:0.85,0,0,0,0:0.15/1:0.85,0,0,0,0:0.15/1:0.85,0,0,0,0,0:0.15/2:0.85,0:0.15/2:0.85,0:0.15/2:0.85,0,0,0,0,0:0.09/1:0.91,0,0:0.15/1:0.85,0:0.15/2:0.85,0:0.15/1:0.85,0,0,0,0,0,0,0,0:0.09/1:0.91,0:0.15/2:0.85,0,0,0:0.09/1:0.91,0:0.15/1:0.85,0,0,0:0.15/2:0.85,0:0.15/1:0.85,0,0,0:0.15/1:0.85,0,0,0:0.09/1:0.91,0:0.09/2:0.91,0:0.15/1:0.85,0:0.09/2:0.91,0,0:0.09/1:0.91,0:0.15/1:0.85,0:0.15/2:0.85,0,0:0.15/2:0.85,0:0.15/1:0.85,0,0,0:0.09/1:0.91,0,0:0.09/2:0.91,0:0.15/1:0.85,0:0.09/1:0.91,0,0:0.15/1:0.85,0:0.15/2:0.85,0:0.09/1:0.91,0,0:0.15/1:0.85,0:0.09/1:0.91,0:0.09/2:0.91,0:0.15/2:0.85,0:0.09/2:0.91,0:0.15/2:0.85,0:0.09/2:0.91,0,0,0,0:0.15/1:0.85,0:0.15/1:0.85,0:0.09/2:0.91,0,0:0.09/1:0.91,0:0.09/2:0.91,0,0:0.09/2:0.91,0,0:0.15/2:0.85,0,0:0.15/2:0.85,0:0.15/2:0.85,0,0:0.09/2:0.91,0,0,0,0,0,0,0,0,0:0.15/1:0.85,0,0,0,0,0,0:0.09/2:0.91,0,0:0.09/1:0.91,0:0.15/2:0.85,0,0,0,0,0,0:0.09/1:0.91,0,0:0.15/1:0.85,0,0,0:0.15/2:0.85,0:0.15/2:0.85,0:0.09/1:0.91,0:0.15/2:0.85,0:0.09/1:0.91,0,0,0,0,0:0.15/1:0.85,0:0.09/2:0.91,0:0.09/2:0.91,0:0.15/1:0.85,0:0.15/1:0.85,0,0:0.15/1:0.85,0:0.09/1:0.91,0,0,0,0,0:0.09/1:0.91,0:0.09/1:0.91,0:0.15/1:0.85,0,0,0:0.09/2:0.91,0,0:0.09/1:0.91,0,0:0.09/1:0.91,0:0.15/1:0.85,0:0.15/2:0.85,0:0.09/1:0.91,0:0.15/1:0.85,0:0.15/1:0.85,0:0.15/2:0.85,0,0:0.09/2:0.91,0,0,0,0:0.15/2:0.85,0:0.15/2:0.85
188_5,1,2,1,0,2,0,1,0,2,1,0,1,1,2,1,0,0,2,0,2,0,0,1,0,1,0,0,2,0,1,0,1,0,2,0,2,0,1,2,2,2,1,1,0,0,0,2,2,2,2,2,2,2,1,0,1,2,1,0,2,1,0,1,2,0,1,2,2,2,1,1,2,0,2,1,0,1,1,1,1,1,2,1,2,1,1,1,2,1,2,1,0,0,1,0,2,1,1,1,1,2,1,0,1,1,2,2,2,2,2,0,0,1,1,1,2,1,1,2,0,2,0,2,0,2,2,0,2,1,1,1,1,0,0,2,0,1,0,1,1,2,1,2,0,1,2,1,1,1,0,2,1,2,1,0,0,2,2,1,2,1,0,0,2,0,1,2,2,1,1,0,1,1,2,1,0,0,1,1,1,0,1,2,0,1,0,1,1,2,1,1,1,2,2,2,0,1,0,2,2
216_6,1,2,1,2,2,0,1,0,2,1,0,1,1,2,1,0,0,2,1,2,0,0,1,0,1,0,0,2,2,1,0,1,0,2,0,2,0,1,2,2,2,1,1,0,0,0,2,2,2,2,2,2,2,1,0,1,2,1,2,2,1,0,1,2,0,1,2,2,2,1,1,2,0,2,1,0,1,1,1,1,1,2,1,2,1,1,1,2,1,2,1,0,0,1,0,2,1,1,1,1,2,1,0,1,1,2,2,2,2,2,0,0,1,1,1,2,1,1,2,0,2,0,2,0,2,2,0,2,1,1,1,1,0,0,2,0,1,0,1,1,2,1,2,0,1,2,1,1,1,0,2,1,2,1,0,0,2,2,1,2,1,0,0,2,0,1,2,2,1,1,0,1,1,2,1,0,0,1,1,1,0,1,2,0,1,0,1,1,2,1,1,1,2,2,2,0,1,0,2,2
216_5,1,2,1,0,2,0,1,0,2,1,0,1,1,2,1,0,0,2,0,2,0,0,1,0,1,0,0,2,0,1,0,1,0,2,1,2,0,1,2,2,2,1,1,0,0,0,2,2,2,2,2,2,2,1,0,1,2,1,0,2,1,0,1,2,0,1,2,2,2,1,1,2,0,2,1,2,1,1,1,1,1,2,1,2,1,1,1,2,1,2,1,2,0,1,0,2,1,1,1,1,2,1,1,1,1,2,2,2,2,2,0,0,1,1,1,2,1,1,2,0,2,0,2,0,2,2,0,2,1,1,1,1,0,0,2,0,1,0,1,1,2,1,2,0,1,2,1,1,1,0,2,1,2,1,1,0,2,2,1,2,1,0,0,2,0,1,2,2,1,1,0,1,1,2,1,0,0,1,1,1,0,1,2,0,1,0,1,1,2,1,1,1,2,2,2,0,1,2,2,2
126_1,0:0.02/1:0.98,0:0.02/2:0.98,0:0.02/1:0.98,0:0.11/1:0.89,0,0,0:0.02/1:0.98,0,0:0.01/2:0.99,0:0.01/1:0.99,0:0.11/1:0.89,0:0.11/2:0.89,0:0.02/1:0.98,0,0:0.02/1:0.98,0:0.11/2:0.89,0,0,0,0:0.11/1:0.89,0:0.11/1:0.89,0:0.11/2:0.89,0:0.01/1:0.99,0:0.11/1:0.89,0,0,0,0,0,0:0.01/1:0.99,0:0.11/1:0.89,0,0,0:0.02/2:0.98,0,0,0,0:0.02/1:0.98,0,0:0.11/1:0.89,0:0.11/1:0.89,0:0.02/1:0.98,0,0:0.11/1:0.89,0,0,0:0.02/2:0.98,0:0.02/2:0.98,0:0.02/2:0.98,0,0,0:0.11/1:0.89,0,0:0.01/1:0.99,0:0.11/2:0.89,0:0.02/1:0.98,0:0.02/2:0.98,0:0.02/1:0.98,0,0:0.11/1:0.89,0,0:0.11/2:0.89,0,0,0,0:0.01/1:0.99,0:0.02/2:0.98,0,0,0:0.01/1:0.99,0:0.02/1:0.98,0,0,0:0.02/2:0.98,0:0.02/1:0.98,0,0,0:0.02/1:0.98,0,0,0:0.01/1:0.99,0:0.01/2:0.99,0:0.02/1:0.98,0:0.01/2:0.99,0,0:0.01/1:0.99,0:0.02/1:0.98,0:0.02/2:0.98,0,0:0.02/2:0.98,0:0.02/1:0.98,0,0,0:0.01/1:0.99,0:0.11/1:0.89,0:0.01/2:0.99,0:0.02/1:0.98,0:0.01/1:0.99,0,0:0.02/1:0.98,0:0.02/2:0.98,0:0.01/1:0.99,0:0.11/2:0.89,0:0.02/1:0.98,0:0.01/1:0.99,0:0.01/2:0.99,0:0.02/2:0.98,0:0.01/2:0.99,0:0.02/2:0.98,0:0.01/2:0.99,0,0,0,0:0.02/1:0.98,0:0.02/1:0.98,0:0.01/2:0.99,0:0.11/2:0.89,0:0.01/1:0.99,0:0.01/2:0.99,0:0.11/1:0.89,0:0.01/2:0.99,0:0.11/1:0.89,0:0.02/2:0.98,0,0:0.02/2:0.98,0:0.02/2:0.98,0,0:0.01/2:0.99,0,0:0.11/2:0.89,0:0.11/2:0.89,0:0.11/2:0.89,0,0,0,0,0:0.02/1:0.98,0,0,0:0.11/2:0.89,0,0,0:0.01/2:0.99,0,0:0.01/1:0.99,0:0.02/2:0.98,0,0,0,0:0.11/1:0.89,0,0:0.01/1:0.99,0:0.11/1:0.89,0:0.02/1:0.98,0,0:0.11/1:0.89,0:0.02/2:0.98,0:0.02/2:0.98,0:0.01/1:0.99,0:0.02/2:0.98,0:0.01/1:0.99,0,0,0,0,0:0.02/1:0.98,0:0.01/2:0.99,0:0.01/2:0.99,0:0.02/1:0.98,0:0.02/1:0.98,0,0:0.02/1:0.98,0:0.01/1:0.99,0:0.11/1:0.89,0,0,0,0:0.01/1:0.99,0:0.01/1:0.99,0:0.02/1:0.98,0:0.11/1:0.89,0:0.11/2:0.89,0:0.01/2:0.99,0,0:0.01/1:0.99,0,0:0.01/1:0.99,0:0.02/1:0.98,0:0.02/2:0.98,0:0.01/1:0.99,0:0.02/1:0.98,0:0.02/1:0.98,0:0.02/2:0.98,0,0:0.01/2:0.99,0,0,0,0:0.02/2:0.98,0:0.02/2:0.98
187_1,1,2,1,1,0,0:0.01/2:0.99,1,0:0.01/2:0.99,2,1,1,2,1,0,1,2,0,0,0,1,1,2,1,1,0,0,0:0.01/1:0.99,0:0.01/2:0.99,0,1,1,0:0.01/2:0.99,0:0.01/1:0.99,2,0,0,0,1,0:0.01/1:0.99,1,1,1,0,1,0,0,2,2,2,0:0.01/2:0.99,0,1,0,1,2,1,2,1,0,1,0,2,0,0,0:0.01/1:0.99,1,2,0,0,1,1,0,0,2,1,0,0,1,0,0,1,2,1,2,0,1,1,2,0,2,1,0,0,1,1,2,1,1,0:0.01/2:0.99,1,2,1,2,1,1,2,2,2,2,2,0:0.01/1:0.99,0,0,1,1,2,2,1,2,1,2,1,2,0:0.01/2:0.99,2,2,0:0.01/1:0.99,2,0:0.01/1:0.99,2,2,2,0,0,0,0:0.01/2:0.99,1,0,0,2,0,0:0.01/1:0.99,2,0,1,2,0,0,0,1,0:0.01/2:0.99,1,1,1,0:0.01/1:0.99,1,2,2,1,2,1,0,0,0,0,1,2,2,1,1,0:0.01/1:0.99,1,1,1,0,0:0.01/1:0.99,0,1,1,1,1,2,2,0,1,0:0.01/1:0.99,1,1,2,1,1,1,2,0,2,0,0,0,2,2
216_2,1,2,1,1,0,2,1,2,2,1,1,2,1,0,1,2,0,0,0,1,1,2,1,1,0,0,1,2,0,1,1,2,1,2,0,0,0,1,1,1,1,1,0,1,0,0,2,2,2,2,1,1,0,1,2,1,2,1,0,1,0,2,0,0,1,1,2,0,0,1,1,0,0,2,1,0,0,1,0,0,1,2,1,2,0,1,1,2,0,2,1,0,0,1,1,2,1,1,2,1,2,1,2,1,1,2,2,2,2,2,1,0,0,1,1,2,2,1,2,1,2,1,2,2,2,2,1,2,1,2,2,2,0,0,1,2,1,0,0,2,0,1,2,0,1,2,0,0,0,1,2,1,1,1,1,1,2,2,1,2,1,0,0,0,0,1,2,2,1,1,1,1,1,1,0,1,0,1,1,1,1,2,2,0,1,1,1,1,2,1,1,1,2,0,2,0,0,0,2,2
216_1,1,2,1,1,2,2,1,2,2,1,1,2,1,0,1,2,0,0,0,1,1,2,1,1,2,0,1,2,2,1,1,2,1,2,0,0,0,1,1,1,1,1,0,1,0,0,2,2,2,2,0,1,1,1,2,1,2,1,0,1,0,2,0,0,1,1,2,0,0,1,1,0,0,2,1,0,0,1,0,0,1,2,1,2,0,1,1,2,0,2,1,0,1,1,1,2,1,1,2,1,2,1,2,1,1,2,2,2,2,2,1,0,0,1,1,2,2,1,2,1,2,1,2,2,2,2,1,2,1,2,2,2,0,0,0,2,1,0,0,2,0,1,2,0,1,2,0,0,0,1,2,1,1,1,1,1,2,2,1,2,1,1,0,0,2,1,2,2,1,1,1,1,1,1,0,1,0,1,1,1,1,2,2,1,1,1,1,1,2,1,1,1,2,0,2,0,0,0,2,2
185_2,1,2,1,1,0,0,1,0,2,1,1,2,1,0:0.01/1:0.99,1,2,0:0.01/2:0.99,0:0.01/2:0.99,0:0.01/1:0.99,1,1,2,1,1,0:0.01/2:0.99,0,0,0,0:0.01/1:0.99,1,1,0,0:0.01/2:0.99,2,0,0,0,1,0,1,1,1,0,1,0,0,2,2,2,0,0:0.01/1:0.99,1,0:0.01/1:0.99,1,2,1,2,1,0:0.01/1:0.99,1,0,2,0,0,0,1,2,0:0.01/1:0.99,0:0.01/1:0.99,1,1,0,0,2,1,0:0.01/1:0.99,0,1,0:0.01/1:0.99,0,1,2,1,2,0,1,1,2,0,2,1,0:0.01/1:0.99,0,1,1,2,1,1,0,1,2,1,2,1,1,2,2,2,2,2,0,0,0,1,1,2,2,1,2,1,2,1,2,0:0.01/1:0.99,2,2,0,2,0,2,2,2,0,0,0,0:0.01/1:0.99,1,0:0.01/2:0.99,0,2,0,0:0.01/2:0.99,2,0,1,2,0:0.01/1:0.99,0,0,1,0,1,1,1,0,1,2,2,1,2,1,0:0.01/2:0.99,0:0.01/1:0.99,0:0.01/1:0.99,0,1,2,2,1,1,0,1,1,1,0,0,0,1,1,1,1,2,2,0,1,0,1,1,2,1,1,1,2,0,2,0:0.01/1:0.99,0,0,2,2
216_4,1,2,1,1,0,2,1,0,2,1,1,2,1,1,1,2,2,2,1,1,1,2,1,1,2,0,0,0,1,1,1,0,2,2,0,0,1,1,0,1,1,1,0,1,0,0,2,2,2,0,1,1,1,1,2,1,2,1,1,1,0,2,0,0,0,1,2,1,1,1,1,0,0,2,1,1,0,1,1,0,1,2,1,2,1,1,1,2,0,2,1,1,0,1,1,2,1,1,0,1,2,1,2,1,1,2,2,2,2,2,1,0,0,1,1,2,2,1,2,1,2,1,2,1,2,2,0,2,0,2,2,2,0,0,0,1,1,2,0,2,0,2,2,0,1,2,1,0,0,1,0,1,1,1,0,1,2,2,1,2,1,2,1,1,0,1,2,2,1,1,1,1,1,1,0,0,0,1,1,1,1,2,2,0,1,0,1,1,2,1,1,1,2,0,2,1,0,0,2,2
216_3,1,2,1,1,0,0,1,0,2,1,1,2,1,1,1,2,2,2,1,1,1,2,1,1,2,0,0,0,1,1,1,0,2,2,0,0,2,1,0,1,1,1,0,1,0,0,2,2,2,0,1,1,1,1,2,1,2,1,1,1,0,2,0,0,0,1,2,1,1,1,1,0,0,2,1,1,0,1,1,0,1,2,1,2,0,1,1,2,0,2,1,1,0,1,1,2,1,1,0,1,2,1,2,1,1,2,2,2,2,2,0,2,0,1,1,2,2,1,2,1,2,1,2,1,2,2,0,2,0,2,2,2,0,1,0,1,1,2,0,2,0,2,2,0,1,2,1,0,0,1,0,1,1,1,0,1,2,2,1,2,1,2,1,1,0,1,2,2,1,1,0,1,1,1,0,0,0,1,1,1,1,2,2,0,1,0,1,1,2,1,1,1,2,0,2,1,0,0,2,2
