[&R] (((((216_3:10.776,216_4:9.776)185_2:23.028,(216_1:8.849,216_2:11.849)187_1:27.956)126_1:47.265,(216_5:11.95,216_6:9.95)188_5:75.119)66_1:42.972,((216_9:5.276,216_10:6.276)202_10:38.141,(216_7:2.048,216_8:3.048)209_9:32.368)143_5:82.625)16_1:18.959)I0;
I0,0,0,0,0,0,0,0,0,0,0,0,0,0,0,0,0,0,0,0,0,0,0,0,0,0,0,0,0,0,0,0,0,0,0,0,0,0,0,0,0,0,0,0,0,0,0,0,0,0,0,0,0,0,0,0,0,0,0,0,0,0,0,0,0,0,0,0,0,0,0,0,0,0,0,0,0,0,0,0,0,0,0,0,0,0,0,0,0,0,0,0,0,0,0,0,0,0,0,0,0,0,0,0,0,0,0,0,0,0,0,0,0,0,0,0,0,0,0,0,0,0,0,0,0,0,0,0,0,0,0,0,0,0,0,0,0,0,0,0,0,0,0,0,0,0,0,0,0,0,0,0,0,0,0,0,0,0,0,0,0,0,0,0,0,0,0,0,0,0,0,0,0,0,0,0,0,0,0,0,0,0,0,0,0,0,0,0,0,0,0,0,0,0,0,0,0,0,0,0,0
16_1,0,0,0,0,0,0,0:0.43/1:0.57,0,0,0,0,0,0,0,0,0,0,0,0,0:0.43/1:0.57,0,0,0:0.43/1:0.57,0,0,0,0,0,0,0,0:0.43/2:0.57,0,0,0,0,0,0,0:0.43/1:0.57,0:0.43/1:0.57,0,0,0,0,0,0,0:0.43/1:0.57,0,0,0,0:0.43/1:0.57,0,0,0,0:0.43/2:0.57,0,0,0,0,0,0,0,0,0,0,0:0.43/1:0.57,0,0:0.43/1:0.57,0,0,0,0,0,0:0.43/2:0.57,0,0,0,0,0,0,0,0:0.43/1:0.57,0,0,0,0,0,0,0,0:0.43/1:0.57,0,0,0,0,0,0,0,0,0:0.43/1:0.57,0,0,0:0.43/2:0.57,0,0,0,0:0.43/1:0.57,0:0.43/2:0.57,0,0,0,0,0,0,0,0,0,0,0,0,0:0.43/1:0.57,0,0,0,0,0,0,0,0,0,0,0,0,0,0,0,0:0.43/1:0.57,0,0,0,0,0,0,0,0:0.43/1:0.57,0:0.43/1:0.57,0,0,0,0:0.43/1:0.57,0,0,0,0,0,0,0,0:0.43/2:0.57,0,0:0.43/1:0.57,0:0.43/2:0.57,0:0.43/1:0.57,0:0.43/2:0.57,0,0,0,0:0.43/1:0.57,0,0,0,0,0,0,0,0,0,0,0:0.43/1:0.57,0,0,0,0,0,0,0,0,0,0,0,0,0,0,0,0,0:0.43/2:0.57,0,0,0,0,0:0.43/1:0.57,0:0.43/1:0.57,0
143_5,0:0.07/2:0.93,0:0.07/1:0.93,0:0.07/2:0.93,0,0,0:0.07/2:0.93,0:0.03/1:0.97,0:0.07/2:0.93,0:0.07/2:0.93,0,0,0,0:0.07/2:0.93,0,0:0.07/2:0.93,0,0,0,0,0:0.03/1:0.97,0,0:0.07/2:0.93,0:0.03/1:0.97,0,0:0.07/2:0.93,0:0.07/2:0.93,0,0:0.07/1:0.93,0:0.07/1:0.93,0,0:0.03/2:0.97,0:0.07/1:0.93,0:0.07/1:0.93,0,0:0.07/1:0.93,0,0,0:0.03/1:0.97,0:0.03/1:0.97,0,0:0.07/1:0.93,0:0.07/1:0.93,0,0,0,0:0.03/1:0.97,0,0,0:0.07/1:0.93,0:0.03/1:0.97,0,0,0,0:0.03/2:0.97,0:0.07/1:0.93,0,0,0,0:0.07/2:0.93,0,0,0,0,0:0.07/2:0.93,0:0.03/1:0.97,0,0:0.03/1:0.97,0:0.07/1:0.93,0:0.07/1:0.93,0,0,0,0:0.03/2:0.97,0:0.07/2:0.93,0:0.07/1:0.93,0:0.07/1:0.93,0:0.07/2:0.93,0:0.07/2:0.93,0,0,0:0.03/1:0.97,0,0,0,0:0.07/1:0.93,0:0.07/2:0.93,0:0.07/2:0.93,0,0:0.03/1:0.97,0:0.07/2:0.93,0:0.07/1:0.93,0,0,0,0:0.07/1:0.93,0,0:0.07/1:0.93,0:0.03/1:0.97,0,0:0.07/2:0.93,0:0.03/2:0.97,0:0.07/2:0.93,0:0.07/2:0.93,0:0.07/1:0.93,0:0.03/1:0.97,0:0.03/2:0.97,0,0,0:0.07/1:0.93,0:0.07/2:0.93,0,0:0.07/2:0.93,0,0:0.07/1:0.93,0,0:0.07/2:0.93,0,0,0:0.03/1:0.97,0:0.07/2:0.93,0:0.07/1:0.93,0,0,0,0:0.07/2:0.93,0:0.07/1:0.93,0,0,0,0,0,0,0:0.07/1:0.93,0:0.07/2:0.93,0:0.03/1:0.97,0,0,0:0.07/1:0.93,0,0,0,0,0:0.03/1:0.97,0:0.03/1:0.97,0,0,0:0.07/1:0.93,0:0.03/1:0.97,0,0:0.07/2:0.93,0:0.07/2:0.93,0,0,0,0:0.07/1:0.93,0:0.03/2:0.97,0,0:0.03/1:0.97,0:0.03/2:0.97,0:0.03/1:0.97,0:0.03/2:0.97,0:0.07/1:0.93,0,0,0:0.03/1:0.97,0,0:0.07/1:0.93,0:0.07/1:0.93,0:0.07/2:0.93,0,0,0,0:0.07/2:0.93,0,0,0:0.03/1:0.97,0:0.07/1:0.93,0:0.07/1:0.93,0:0.07/2:0.93,0:0.07/2:0.93,0:0.07/2:0.93,0:0.07/1:0.93,0:0.07/2:0.93,0:0.07/2:0.93,0,0:0.07/2:0.93,0:0.07/1:0.93,0:0.07/2:0.93,0,0,0,0,0:0.03/2:0.97,0:0.07/2:0.93,0,0,0:0.07/1:0.93,0:0.03/1:0.97,0:0.03/1:0.97,0:0.07/1:0.93
209_9,2,1,2,2,1,2,1,2,2,0,1,2,2,0,2,2,1,0,0,1,2,2,1,0,2,2,0,1,1,0,2,1,1,1,1,0,1,1,1,0,1,1,0,0,0,1,0,0,1,1,1,0,0,2,1,2,0,0,2,0,0,0,0,2,1,0,1,1,1,0,2,2,2,2,1,1,2,2,0,0,1,0,0,0,1,2,2,0,1,2,1,2,0,0,1,2,1,1,0,2,2,2,2,1,1,2,0,0,1,2,0,2,2,1,0,2,0,0,1,2,1,0,1,0,2,1,2,0,0,0,0,0,1,2,1,1,1,1,0,0,0,2,1,1,0,0,1,1,0,2,2,2,0,0,1,2,0,1,2,1,2,1,0,1,1,0,1,1,2,0,2,0,2,0,0,1,1,1,2,2,2,1,2,2,0,2,1,2,2,0,0,0,2,2,0,2,1,1,1,1
216_8,2,1,2,2,1,2,1,2,2,0,1,2,2,0,2,2,1,0,0,1,2,2,1,0,2,2,0,1,1,0,2,1,1,1,1,0,1,1,1,0,1,1,0,0,0,1,0,0,1,1,1,0,0,2,1,2,0,0,2,0,0,0,0,2,1,0,1,1,1,0,2,2,2,2,1,1,2,2,0,0,1,0,0,0,1,2,2,2,1,2,1,2,0,0,1,2,1,1,0,2,2,2,2,1,1,2,0,0,1,2,0,2,2,1,0,2,0,1,1,2,1,0,1,0,2,1,2,0,0,0,0,0,1,2,1,1,1,1,0,2,0,2,1,1,0,0,1,1,0,2,2,2,0,0,1,2,0,1,2,1,2,1,0,1,1,0,1,1,2,0,2,0,2,0,0,1,1,1,2,2,2,1,2,2,0,2,1,2,2,0,0,0,2,2,0,2,1,1,1,1
216_7,2,1,2,2,1,2,1,2,2,0,1,2,2,0,2,2,1,0,0,1,2,2,1,0,2,2,0,1,1,0,2,1,1,1,1,0,1,1,1,0,1,1,0,0,0,1,2,0,1,1,1,0,0,2,1,2,0,0,2,0,0,0,0,2,1,0,1,1,1,0,2,2,2,2,1,1,2,2,0,0,1,0,0,0,1,2,2,0,1,2,1,2,0,0,1,2,1,1,0,2,2,2,2,1,1,2,2,0,1,2,0,2,2,1,0,2,0,0,1,2,1,0,1,0,2,1,2,0,0,0,0,0,1,2,1,1,1,1,0,0,0,2,1,1,0,0,1,1,0,2,2,2,0,0,1,2,0,1,2,1,2,1,0,1,1,0,1,1,2,0,2,0,2,0,0,1,1,1,2,2,2,1,2,2,0,2,1,2,2,0,0,0,2,2,0,2,1,1,1,1
202_10,2,1,2,0,0:0.01/2:0.99,2,1,2,2,0,0:0.01/2:0.99,0,2,0,2,0,0:0.01/2:0.99,0,0:0.01/2:0.99,1,0,2,1,0,2,2,0:0.01/1:0.99,1,1,0,2,1,1,0,1,0,0,1,1,0:0.01/2:0.99,1,1,0,0,0,1,0,0,1,1,0,0:0.01/1:0.99,0:0.01/2:0.99,2,1,0,0:0.01/1:0.99,0,2,0:0.01/1:0.99,0:0.01/1:0.99,0,0:0.01/1:0.99,2,1,0:0.01/1:0.99,1,1,1,0,0,0,2,2,1,1,2,2,0,0,1,0:0.01/2:0.99,0:0.01/2:0.99,0:0.01/1:0.99,1,2,2,0,1,2,1,0:0.01/1:0.99,0,0:0.01/1:0.99,1,0,1,1,0,2,2,2,2,1,1,2,0,0:0.01/2:0.99,1,2,0,2,0:0.01/1:0.99,1,0:0.01/1:0.99,2,0,0,1,2,1,0,0,0,2,1,0,0,0,0,0:0.01/1:0.99,0:0.01/2:0.99,1,2,1,0,0,1,0,0:0.01/1:0.99,0:0.01/1:0.99,0,1,1,0,0:0.01/2:0.99,1,1,0:0.01/2:0.99,2,2,0,0:0.01/2:0.99,0:0.01/2:0.99,1,2,0,1,2,1,2,1,0,0,1,0,1,1,2,0:0.01/1:0.99,0,0,2,0,0,1,1,1,2,2,2,1,2,2,0,2,1,2,0:0.01/1:0.99,0,0,0:0.01/1:0.99,2,2,0,0,1,1,1,1
216_10,2,1,2,0,2,2,1,2,2,0,2,0,2,0,2,0,2,0,2,1,0,2,1,0,2,2,1,1,1,0,2,1,1,1,1,0,0,1,1,2,1,1,0,0,0,1,1,2,1,1,0,1,2,2,1,1,1,0,2,1,1,0,1,2,1,1,1,1,1,0,0,0,2,2,1,1,2,2,0,0,1,2,2,1,1,2,2,0,1,2,1,1,0,1,1,0,1,1,0,2,2,2,2,1,1,2,0,2,1,2,0,2,1,1,1,2,0,0,1,2,1,0,0,0,2,1,0,0,1,0,1,2,1,2,1,0,0,1,0,1,1,0,1,1,0,2,1,1,2,2,2,0,2,2,1,2,0,1,2,1,2,1,0,0,1,2,1,1,2,1,0,0,2,0,0,1,1,1,2,2,2,1,2,2,0,2,1,2,1,0,0,1,2,2,0,0,1,1,1,1
216_9,2,1,2,0,2,2,1,2,2,0,2,0,2,0,2,2,2,1,2,1,0,2,1,0,2,2,1,1,1,0,2,1,1,0,1,0,0,1,1,2,1,1,0,0,0,1,0,0,1,1,0,1,2,2,1,0,1,0,2,1,1,0,1,2,1,1,1,1,1,0,0,0,2,2,1,1,2,2,0,0,1,2,2,1,1,2,2,0,1,2,1,1,0,1,1,0,1,1,0,2,2,2,2,1,1,2,0,2,1,2,0,2,1,1,1,2,0,2,1,2,1,0,1,0,2,1,0,0,0,0,1,2,1,2,1,0,0,1,0,1,1,0,1,1,0,2,1,1,2,2,2,0,2,2,1,2,0,1,2,1,2,1,0,0,1,0,1,1,2,1,0,0,2,2,0,1,1,1,2,2,2,1,2,2,0,2,1,2,1,0,0,1,2,2,0,0,1,1,1,1
66_1,0,0,0,0,0,0:0.25/1:0.75,0:0.1/1:0.9,0,0,0:0.25/2:0.75,0,0,0,0,0,0,0,0,0,0:0.1/1:0.9,0:0.25/1:0.75,0,0:0.1/1:0.9,0,0:0.25/1:0.75,0:0.25/1:0.75,0:0.25/1:0.75,0,0,0,0:0.1/2:0.9,0,0,0,0,0,0,0:0.1/1:0.9,0:0.1/1:0.9,0,0,0,0,0:0.25/1:0.75,0:0.25/1:0.75,0:0.1/1:0.9,0,0,0,0:0.1/1:0.9,0,0,0,0:0.1/2:0.9,0,0,0,0:0.25/1:0.75,0,0,0:0.25/1:0.75,0:0.25/1:0.75,0:0.25/2:0.75,0,0:0.1/1:0.9,0:0.25/1:0.75,0:0.1/1:0.9,0:0.25/2:0.75,0:0.25/2:0.75,0,0,0,0:0.1/2:0.9,0,0,0,0,0,0,0,0:0.1/1:0.9,0:0.25/2:0.75,0,0,0,0,0,0:0.25/1:0.75,0:0.1/1:0.9,0,0,0,0,0,0,0,0,0:0.1/1:0.9,0:0.25/1:0.75,0,0:0.1/2:0.9,0,0,0,0:0.1/1:0.9,0:0.1/2:0.9,0:0.25/2:0.75,0,0,0:0.25/1:0.75,0,0,0,0:0.25/2:0.75,0:0.25/1:0.75,0,0,0,0:0.1/1:0.9,0,0,0:0.25/2:0.75,0,0:0.25/2:0.75,0:0.25/1:0.75,0,0,0,0,0,0,0,0,0,0:0.1/1:0.9,0:0.25/1:0.75,0:0.25/2:0.75,0,0,0:0.25/1:0.75,0,0:0.25/1:0.75,0:0.1/1:0.9,0:0.1/1:0.9,0,0,0,0:0.1/1:0.9,0:0.25/2:0.75,0:0.25/1:0.75,0:0.25/1:0.75,0,0:0.25/1:0.75,0,0,0:0.1/2:0.9,0,0:0.1/1:0.9,0:0.1/2:0.9,0:0.1/1:0.9,0:0.1/2:0.9,0,0:0.25/2:0.75,0,0:0.1/1:0.9,0:0.25/2:0.75,0,0:0.25/2:0.75,0,0,0,0:0.25/1:0.75,0:0.25/1:0.75,0,0,0:0.1/1:0.9,0,0,0,0,0,0,0,0,0:0.25/2:0.75,0,0,0,0:0.25/2:0.75,0:0.25/1:0.75,0,0:0.25/2:0.75,0:0.1/2:0.9,0,0,0,0,0:0.1/1:0.9,0:0.1/1:0.9,0:0.25/2:0.75
188_5,0:0.01/1:0.99,0,0,0:0.01/2:0.99,0:0.01/2:0.99,1,1,0,0:0.01/1:0.99,2,0:0.01/1:0.99,0:0.01/2:0.99,0:0.01/1:0.99,0:0.01/1:0.99,0,0,0,0,0:0.01/2:0.99,1,1,0:0.01/1:0.99,1,0:0.01/1:0.99,1,1,1,0,0:0.01/1:0.99,0,2,0:0.01/2:0.99,0,0,0,0,0,1,1,0:0.01/1:0.99,0,0:0.01/1:0.99,0,1,1,1,0,0:0.01/2:0.99,0:0.01/1:0.99,1,0:0.01/1:0.99,0,0:0.01/1:0.99,2,0:0.01/2:0.99,0:0.01/2:0.99,0,1,0:0.01/1:0.99,0:0.01/1:0.99,1,1,2,0,1,1,1,2,2,0,0:0.01/1:0.99,0:0.01/1:0.99,2,0,0:0.01/1:0.99,0:0.01/2:0.99,0,0,0,0:0.01/1:0.99,1,2,0:0.01/1:0.99,0,0,0:0.01/2:0.99,0,1,1,0:0.01/2:0.99,0:0.01/2:0.99,0,0,0,0,0,0,1,1,0,2,0:0.01/2:0.99,0:0.01/2:0.99,0:0.01/2:0.99,1,2,2,0,0,1,0:0.01/1:0.99,0:0.01/2:0.99,0,2,1,0:0.01/2:0.99,0:0.01/2:0.99,0:0.01/1:0.99,1,0:0.01/2:0.99,0,2,0,2,1,0,0,0:0.01/1:0.99,0:0.01/2:0.99,0,0,0:0.01/1:0.99,0:0.01/2:0.99,0:0.01/1:0.99,1,1,2,0,0,1,0:0.01/1:0.99,1,1,1,0,0:0.01/1:0.99,0:0.01/1:0.99,1,2,1,1,0,1,0,0,2,0,1,2,1,2,0,2,0,1,2,0,2,0:0.01/1:0.99,0:0.01/1:0.99,0:0.01/1:0.99,1,1,0:0.01/2:0.99,0,1,0:0.01/2:0.99,0,0:0.01/1:0.99,0:0.01/2:0.99,0,0:0.01/2:0.99,0:0.01/2:0.99,0:0.01/1:0.99,2,0:0.01/2:0.99,0,0,2,1,0:0.01/1:0.99,2,2,0,0,0:0.01/2:0.99,0,1,1,2
216_6,1,2,0,2,2,1,1,0,1,2,1,2,1,1,0,0,1,0,2,1,1,1,1,1,1,1,1,0,1,0,2,2,1,0,0,0,0,1,1,1,0,1,0,1,1,1,0,2,1,1,1,0,1,2,2,2,0,1,1,1,1,1,2,0,1,1,1,2,2,0,1,1,2,0,1,2,0,0,0,1,1,2,1,0,0,2,0,1,1,2,2,0,0,0,0,0,0,1,1,0,2,2,2,2,1,2,2,0,0,1,1,2,0,2,1,2,2,1,1,2,1,2,0,2,1,0,0,1,2,0,0,1,2,1,1,1,2,0,1,1,1,1,1,1,2,1,1,1,2,1,1,0,1,2,0,2,0,1,2,1,2,0,2,0,1,2,0,2,1,1,1,1,1,2,0,1,2,0,1,2,0,2,2,1,2,2,0,0,2,1,1,2,2,2,2,2,0,1,1,2
216_5,1,0,0,2,2,1,1,0,1,2,1,2,1,1,2,0,0,0,2,1,1,1,1,1,1,1,1,0,1,1,2,2,0,0,0,2,0,1,1,1,0,1,1,1,1,1,0,2,1,1,1,0,1,2,2,2,0,1,1,1,1,1,2,0,1,1,1,2,2,0,1,1,2,0,1,2,0,0,0,1,1,2,1,0,0,2,0,1,1,2,2,0,0,0,0,1,0,1,1,0,2,2,2,2,1,2,2,0,0,1,1,2,0,2,1,2,2,1,1,2,0,2,0,2,1,1,0,1,2,0,0,1,2,1,1,1,2,0,0,1,1,1,1,1,0,1,1,1,2,1,1,0,1,0,1,2,0,1,2,1,2,0,2,0,1,2,2,2,1,1,1,1,1,2,0,1,2,0,1,2,1,2,2,1,2,2,1,0,2,1,1,2,2,0,1,2,0,1,1,2
126_1,0,0:0.07/2:0.93,0,0,0,0:0.02/1:0.98,0:0.01/1:0.99,0,0,0:0.02/2:0.98,0,0,0,0,0,0,0:0.07/1:0.93,0,0,0:0.01/1:0.99,0:0.02/1:0.98,0,0:0.01/1:0.99,0,0:0.02/1:0.98,0:0.02/1:0.98,0:0.02/1:0.98,0,0,0:0.07/2:0.93,0:0.01/2:0.99,0,0:0.07/1:0.93,0:0.07/1:0.93,0:0.07/2:0.93,0,0,0:0.01/1:0.99,0:0.01/1:0.99,0,0,0,0,0:0.02/1:0.98,0:0.02/1:0.98,0:0.01/1:0.99,0:0.07/1:0.93,0,0,0:0.01/1:0.99,0,0,0,0:0.01/2:0.99,0:0.07/1:0.93,0,0,0:0.02/1:0.98,0,0,0:0.02/1:0.98,0:0.02/1:0.98,0:0.02/2:0.98,0,0:0.01/1:0.99,0:0.02/1:0.98,0:0.01/1:0.99,0:0.02/2:0.98,0:0.02/2:0.98,0:0.07/2:0.93,0,0,0:0.01/2:0.99,0,0,0:0.07/1:0.93,0,0:0.07/1:0.93,0,0,0:0.01/1:0.99,0:0.02/2:0.98,0,0,0,0:0.07/1:0.93,0,0:0.02/1:0.98,0:0.01/1:0.99,0:0.07/1:0.93,0,0:0.07/1:0.93,0,0,0:0.07/2:0.93,0,0,0:0.01/1:0.99,0:0.02/1:0.98,0,0:0.01/2:0.99,0,0,0,0:0.01/1:0.99,0:0.01/2:0.99,0:0.02/2:0.98,0,0:0.07/2:0.93,0:0.02/1:0.98,0:0.07/2:0.93,0,0,0:0.02/2:0.98,0:0.02/1:0.98,0,0,0:0.07/2:0.93,0:0.01/1:0.99,0:0.07/1:0.93,0,0:0.02/2:0.98,0,0:0.02/2:0.98,0:0.02/1:0.98,0,0:0.07/2:0.93,0:0.07/2:0.93,0:0.07/1:0.93,0,0:0.07/1:0.93,0,0,0,0:0.01/1:0.99,0:0.02/1:0.98,0:0.02/2:0.98,0,0,0:0.02/1:0.98,0,0:0.02/1:0.98,0:0.01/1:0.99,0:0.01/1:0.99,0:0.07/1:0.93,0,0:0.07/2:0.93,0:0.01/1:0.99,0:0.02/2:0.98,0:0.02/1:0.98,0:0.02/1:0.98,0,0:0.02/1:0.98,0:0.07/2:0.93,0,0:0.01/2:0.99,0:0.07/1:0.93,0:0.01/1:0.99,0:0.01/2:0.99,0:0.01/1:0.99,0:0.01/2:0.99,0:0.07/2:0.93,0:0.02/2:0.98,0:0.07/1:0.93,0:0.01/1:0.99,0:0.02/2:0.98,0:0.07/2:0.93,0:0.02/2:0.98,0,0,0,0:0.02/1:0.98,0:0.02/1:0.98,0,0:0.07/1:0.93,0:0.01/1:0.99,0,0,0,0,0:0.07/1:0.93,0,0,0:0.07/2:0.93,0:0.02/2:0.98,0:0.07/1:0.93,0:0.07/2:0.93,0,0:0.02/2:0.98,0:0.02/1:0.98,0,0:0.02/2:0.98,0:0.01/2:0.99,0,0:0.07/2:0.93,0,0:0.07/2:0.93,0:0.01/1:0.99,0:0.01/1:0.99,0:0.02/2:0.98
187_1,0,2,0,0,0:0.03/2:0.97,1,1,0:0.03/1:0.97,0,2,0,0:0.03/2:0.97,0,0,0,0,1,0,0:0.03/1:0.97,1,1,0,1,0,1,1,1,0,0,2,2,0,1,1,2,0,0:0.03/2:0.97,1,1,0,0,0:0.03/2:0.97,0,1,1,1,1,0:0.03/2:0.97,0:0.03/1:0.97,1,0,0,0,2,1,0,0:0.03/2:0.97,1,0,0,1,1,2,0:0.03/2:0.97,1,1,1,2,2,2,0:0.03/2:0.97,0,2,0,0:0.03/2:0.97,1,0,1,0,0,1,2,0,0:0.03/2:0.97,0,1,0,1,1,1,0:0.03/1:0.97,1,0,0,2,0,0,1,1,0:0.03/2:0.97,2,0,0,0,1,2,2,0,2,1,2,0:0.03/1:0.97,0:0.03/2:0.97,2,1,0,0,2,1,1,0,2,0,2,1,0:0.03/2:0.97,2,2,1,0:0.03/2:0.97,1,0,0,0,1,1,2,0,0,1,0:0.03/2:0.97,1,1,1,1,0:0.03/1:0.97,2,1,2,1,1,0,1,2,0,2,1,1,2,1,2,2,2,1,1,2,2,2,0:0.03/2:0.97,0,0:0.03/1:0.97,1,1,0,1,1,0,0,0,0,1,0,0:0.03/2:0.97,2,2,1,2,0:0.03/2:0.97,2,1,0,2,2,0,2,0,2,1,1,2
216_2,0,2,0,0,2,1,1,1,0,2,0,2,0,0,2,0,1,0,1,1,1,2,1,0,1,1,1,0,0,2,2,0,1,1,2,0,2,1,1,0,0,2,0,1,1,1,1,2,1,1,0,0,0,2,1,0,2,1,0,0,1,1,2,2,1,1,1,2,2,2,2,1,2,0,2,1,0,1,0,2,1,2,0,2,0,1,0,1,1,1,1,1,0,0,2,0,2,1,1,2,2,0,0,0,1,2,2,0,2,1,2,1,2,2,1,0,0,2,1,1,0,2,0,2,1,2,2,2,1,2,1,2,0,1,1,1,2,0,0,1,2,1,1,1,1,1,2,1,2,1,1,0,1,2,2,2,1,1,2,1,2,2,2,1,1,2,2,2,2,0,1,1,1,2,1,1,2,1,0,0,1,0,2,2,2,1,2,2,2,1,0,2,2,0,2,0,2,1,1,2
216_1,0,2,0,0,2,1,1,1,0,2,2,2,1,0,0,0,1,0,1,1,1,0,1,0,1,1,1,0,1,2,2,0,1,1,2,0,2,1,1,0,0,2,0,1,1,1,1,2,1,1,0,0,2,2,1,0,2,1,0,0,1,1,2,2,1,1,1,2,2,2,2,0,2,0,2,1,0,1,0,1,1,2,1,2,0,1,0,1,1,1,1,1,0,2,2,0,0,1,1,2,2,0,0,0,1,2,2,0,2,1,2,1,2,2,1,0,0,2,1,1,0,2,0,2,1,2,2,2,1,2,1,0,0,2,1,1,2,0,0,1,2,1,1,1,1,1,2,1,2,1,1,0,1,2,0,2,1,1,2,1,2,2,2,1,1,2,2,2,2,0,1,1,1,0,1,1,0,0,0,0,1,0,2,2,2,1,2,2,2,1,0,2,2,0,2,0,2,1,1,2
185_2,0:0.03/2:0.97,2,0,0,0,1,1,0,0,2,0,0:0.03/1:0.97,0,0:0.03/1:0.97,0,0,1,0,0,1,1,0,1,0,1,1,1,0:0.03/2:0.97,0,2,2,0:0.03/2:0.97,1,1,2,0:0.03/2:0.97,0,1,1,0,0:0.03/2:0.97,0,0,1,1,1,1,0,0,1,0:0.03/1:0.97,0,0,2,1,0:0.03/2:0.97,0,1,0,0:0.03/2:0.97,1,1,2,0,1,1,1,2,2,2,0,0,2,0:0.03/2:0.97,0,1,0,1,0,0,1,2,0,0,0,1,0:0.03/1:0.97,1,1,1,0,1,0,0,2,0,0,1,1,0,2,0,0,0:0.03/2:0.97,1,2,2,0:0.03/2:0.97,2,1,2,0,0:0.03/1:0.97,2,1,0,0,2,1,1,0,2,0:0.03/1:0.97,2,1,0,2,2,1,0,1,0,0:0.03/1:0.97,0,1,1,2,0,0,1,0,1,1,1,1,0,2,1,2,1,1,0,1,2,0,2,1,1,2,1,2,2,2,1,1,2,2,2,0,0:0.03/2:0.97,0,1,1,0:0.03/2:0.97,1,1,0,0,0,0:0.03/2:0.97,1,0,0,2,2,1,2,0,2,1,0,2,2,0,2,0,2,1,1,2
216_4,2,2,0,0,2,1,1,0,0,2,0,1,0,1,0,0,1,0,0,1,1,0,1,0,1,1,1,2,0,2,2,2,1,1,2,2,0,1,1,0,2,0,0,1,1,1,1,0,2,1,1,0,0,2,1,2,0,1,0,2,1,1,2,0,1,1,1,2,2,2,0,0,2,2,0,1,0,1,0,0,1,2,0,0,0,1,1,1,1,1,0,1,0,0,2,0,0,1,1,0,2,1,0,2,1,2,2,2,2,1,2,0,1,2,1,0,0,2,1,1,1,2,1,2,1,0,2,2,1,0,1,0,1,0,1,1,2,0,2,1,0,1,1,1,1,0,2,1,2,1,1,0,1,2,2,2,1,1,2,1,2,2,2,1,1,2,2,2,0,2,1,1,1,2,1,1,1,0,0,2,1,2,0,2,2,1,2,0,2,1,0,2,2,0,2,0,2,1,1,2
216_3,2,2,0,0,0,1,1,0,0,2,0,1,0,1,0,0,1,0,2,1,1,0,1,0,1,1,1,2,2,2,2,2,1,1,2,2,0,1,1,1,2,0,0,1,1,1,1,0,0,1,1,2,0,2,1,2,0,1,0,2,1,1,2,0,1,1,1,2,2,2,0,2,2,2,0,1,0,1,0,1,1,2,0,0,0,1,1,1,1,1,0,1,0,0,2,0,1,1,1,0,2,0,0,2,1,2,2,2,2,1,2,2,1,2,1,0,0,2,1,1,0,2,1,2,1,0,2,2,1,0,1,0,1,0,1,1,2,0,0,1,0,1,1,1,1,0,2,1,2,1,1,0,1,2,0,2,1,1,2,1,2,2,2,1,1,2,2,2,0,2,0,1,1,2,1,1,0,2,2,2,1,0,0,2,2,1,2,0,2,1,0,2,2,0,2,0,2,1,1,2
