[&R] (((((216_3:7.529,216_4:8.529)185_2:29.292,(216_1:11.692,216_2:7.692)187_1:22.128)126_1:28.847,(216_5:4.262,216_6:7.262)188_5:55.405)66_1:51.219,((216_9:4.076,216_10:2.076)202_10:25.907,(216_7:0.034,216_8:4.034)209_9:26.949)143_5:81.903)16_1:30.114)I0;
I0,0,0,0,0,0,0,0,0,0,0,0,0,0,0,0,0,0,0,0,0,0,0,0,0,0,0,0,0,0,0,0,0,0,0,0,0,0,0,0,0,0,0,0,0,0,0,0,0,0,0,0,0,0,0,0,0,0,0,0,0,0,0,0,0,0,0,0,0,0,0,0,0,0,0,0,0,0,0,0,0,0,0,0,0,0,0,0,0,0,0,0,0,0,0,0,0,0,0,0,0,0,0,0,0,0,0,0,0,0,0,0,0,0,0,0,0,0,0,0,0,0,0,0,0,0,0,0,0,0,0,0,0,0,0,0,0,0,0,0,0,0,0,0,0,0,0,0,0,0,0,0,0,0,0,0,0,0,0,0,0,0,0,0,0,0,0,0,0,0,0,0,0,0,0,0,0,0,0,0,0,0,0,0,0,0,0,0,0,0,0,0,0,0,0,0,0,0,0,0,0
16_1,0:0.33/2:0.67,0,0,0,0,0,0,0:0.33/1:0.67,0,0,0,0,0,0,0,0:0.33/1:0.67,0,0:0.33/2:0.67,0:0.33/2:0.67,0,0,0,0,0,0:0.33/1:0.67,0,0,0,0,0,0,0,0:0.33/2:0.67,0,0,0,0:0.33/1:0.67,0:0.33/1:0.67,0:0.33/1:0.67,0,0:0.33/2:0.67,0,0,0:0.33/1:0.67,0,0:0.33/1:0.67,0,0,0,0,0,0,0,0,0,0,0,0,0,0,0:0.33/1:0.67,0,0,0,0,0,0:0.33/1:0.67,0,0,0,0,0,0,0,0,0,0,0,0:0.33/2:0.67,0,0,0,0,0:0.33/1:0.67,0,0,0,0:0.33/2:0.67,0,0:0.33/1:0.67,0,0,0,0:0.33/2:0.67,0,0,0,0,0:0.33/2:0.67,0,0:0.33/2:0.67,0,0:0.33/2:0.67,0,0:0.33/2:0.67,0:0.33/1:0.67,0,0,0,0,0,0,0,0:0.33/2:0.67,0,0:0.33/1:0.67,0,0,0,0,0:0.33/2:0.67,0,0,0,0,0,0:0.33/2:0.67,0,0,0,0,0,0,0,0,0,0,0,0:0.33/1:0.67,0,0,0,0,0:0.33/1:0.67,0,0,0:0.33/1:0.67,0,0,0,0,0,0,0,0,0,0,0,0:0.33/2:0.67,0,0,0:0.33/1:0.67,0:0.33/1:0.67,0,0:0.33/2:0.67,0,0,0,0,0:0.33/2:0.67,0,0,0,0:0.33/1:0.67,0,0,0,0:0.33/2:0.67,0,0,0,0:0.33/1:0.67,0:0.33/2:0.67,0,0:0.33/1:0.67,0,0:0.33/2:0.67,0,0,0,0:0.33/1:0.67,0,0,0,0,0,0,0,0,0:0.33/2:0.67
143_5,0:0.02/2:0.98,0,0:0.05/1:0.95,0,0,0:0.05/1:0.95,0,0:0.02/1:0.98,0,0,0,0:0.05/2:0.95,0:0.05/1:0.95,0,0,0:0.02/1:0.98,0:0.05/2:0.95,0:0.02/2:0.98,0:0.02/2:0.98,0:0.05/1:0.95,0,0:0.05/2:0.95,0:0.05/2:0.95,0:0.05/1:0.95,0:0.02/1:0.98,0,0,0:0.05/1:0.95,0:0.05/2:0.95,0:0.05/2:0.95,0:0.05/1:0.95,0:0.05/1:0.95,0:0.02/2:0.98,0:0.05/2:0.95,0:0.05/1:0.95,0:0.05/2:0.95,0:0.02/1:0.98,0:0.02/1:0.98,0:0.02/1:0.98,0:0.05/1:0.95,0:0.02/2:0.98,0:0.05/1:0.95,0:0.05/1:0.95,0:0.02/1:0.98,0:0.05/1:0.95,0:0.02/1:0.98,0:0.05/1:0.95,0:0.05/2:0.95,0,0,0,0,0,0,0,0,0,0:0.05/1:0.95,0:0.05/2:0.95,0:0.05/1:0.95,0:0.02/1:0.98,0:0.05/2:0.95,0,0,0:0.05/1:0.95,0,0:0.02/1:0.98,0,0:0.05/2:0.95,0:0.05/1:0.95,0,0,0,0:0.05/2:0.95,0,0,0,0,0:0.02/2:0.98,0:0.05/2:0.95,0:0.05/2:0.95,0:0.05/2:0.95,0,0:0.02/1:0.98,0,0:0.05/1:0.95,0,0:0.02/2:0.98,0,0:0.02/1:0.98,0,0:0.05/2:0.95,0,0:0.02/2:0.98,0,0,0,0:0.05/1:0.95,0:0.02/2:0.98,0:0.05/1:0.95,0:0.02/2:0.98,0:0.05/1:0.95,0:0.02/2:0.98,0:0.05/1:0.95,0:0.02/2:0.98,0:0.02/1:0.98,0:0.05/2:0.95,0:0.05/2:0.95,0:0.05/1:0.95,0:0.05/2:0.95,0,0,0,0:0.02/2:0.98,0:0.05/1:0.95,0:0.02/1:0.98,0,0,0,0,0:0.02/2:0.98,0:0.05/2:0.95,0,0,0:0.05/2:0.95,0:0.05/1:0.95,0:0.02/2:0.98,0,0,0,0,0,0,0,0,0:0.05/1:0.95,0:0.05/2:0.95,0:0.05/2:0.95,0:0.02/1:0.98,0,0,0,0,0:0.02/1:0.98,0:0.05/1:0.95,0:0.05/2:0.95,0:0.02/1:0.98,0:0.05/1:0.95,0:0.05/1:0.95,0:0.05/1:0.95,0,0,0,0:0.05/2:0.95,0,0:0.05/1:0.95,0,0,0:0.02/2:0.98,0:0.05/2:0.95,0:0.05/1:0.95,0:0.02/1:0.98,0:0.02/1:0.98,0,0:0.02/2:0.98,0,0:0.05/1:0.95,0:0.05/2:0.95,0,0:0.02/2:0.98,0:0.05/2:0.95,0,0,0:0.02/1:0.98,0:0.05/1:0.95,0,0,0:0.02/2:0.98,0:0.05/1:0.95,0:0.05/2:0.95,0:0.05/2:0.95,0:0.02/1:0.98,0:0.02/2:0.98,0,0:0.02/1:0.98,0:0.05/2:0.95,0:0.02/2:0.98,0:0.05/1:0.95,0:0.05/2:0.95,0:0.05/2:0.95,0:0.02/1:0.98,0,0,0,0,0,0,0,0,0:0.02/2:0.98
209_9,2,0,1,0,1,1,1,1,0,0,0,2,1,0,0,1,2,2,2,1,0,2,2,1,1,0,0,1,2,2,1,1,2,2,1,2,1,1,1,1,2,1,1,1,1,1,1,2,0,2,0,1,2,2,0,0,0,1,2,1,1,2,0,0,1,0,1,0,2,1,0,2,2,2,0,1,0,0,2,2,2,2,0,1,0,1,0,2,0,1,0,2,1,2,1,0,0,1,2,1,2,1,2,1,2,1,2,2,1,2,0,0,2,2,1,1,0,0,0,0,2,2,0,0,2,1,2,1,0,0,0,1,0,1,0,1,2,2,1,0,0,1,0,1,1,2,1,1,1,1,1,2,2,2,0,1,2,0,2,2,1,1,1,0,2,2,1,2,1,2,2,0,0,1,1,0,0,2,1,2,2,1,2,0,1,2,2,1,2,2,1,0,0,0,0,0,0,0,1,2
216_8,2,0,1,0,1,1,1,1,0,0,0,2,1,1,0,1,2,2,2,1,0,2,2,1,1,0,0,1,2,2,1,1,2,2,1,2,1,1,1,1,2,1,1,1,1,1,1,2,0,2,0,1,2,2,0,0,0,1,2,1,1,2,0,0,1,0,1,0,2,1,0,2,2,2,1,1,0,0,2,2,2,2,0,1,0,1,0,2,0,1,0,2,1,2,1,0,0,1,2,1,2,1,2,1,2,1,2,2,1,2,0,0,2,2,1,1,0,0,0,0,2,2,0,0,2,1,2,1,0,0,0,1,0,1,0,1,2,2,1,0,0,1,0,1,1,2,1,1,1,1,1,2,2,2,0,1,2,0,2,2,1,1,1,0,2,2,1,2,1,2,2,0,1,1,1,0,1,2,1,2,2,1,2,0,1,2,2,1,2,2,1,0,0,0,0,0,0,0,1,2
216_7,2,0,1,0,1,1,1,1,0,0,0,2,1,0,0,1,2,2,2,1,0,2,2,1,1,0,0,1,2,2,1,1,2,2,1,2,1,1,1,1,2,1,1,1,1,1,1,2,0,2,0,1,2,2,0,0,0,1,2,1,1,2,0,0,1,0,1,0,2,1,0,2,2,2,0,1,0,0,2,2,2,2,0,1,0,1,0,2,0,1,0,2,1,2,1,0,0,1,2,1,2,1,2,1,2,1,2,2,1,2,0,0,2,2,1,1,0,0,0,0,2,2,0,0,2,1,2,1,0,0,0,1,0,1,0,1,2,2,1,0,0,1,0,1,1,2,1,1,1,1,1,2,2,2,0,1,2,0,2,2,1,1,1,0,2,2,1,2,1,2,2,0,0,1,1,0,0,2,1,2,2,1,2,0,1,2,2,1,2,2,1,0,0,0,0,0,0,0,1,2
202_10,2,0,1,0,0,1,0,1,0,0,0,2,1,0,0,1,2,2,2,1,1,2,2,1,1,0,1,1,2,2,1,1,2,2,1,2,1,1,1,1,2,1,1,1,1,1,1,2,0,0,1,0,0,0,0,2,0,1,2,1,1,2,1,2,1,0,1,0,2,1,2,0,0,2,1,0,2,0,2,2,2,2,0,1,0,1,0,2,1,1,1,2,0,2,0,0,2,1,2,1,2,1,2,1,2,1,2,2,1,2,0,0,0,2,1,1,0,1,0,0,2,2,0,0,2,1,2,0,2,0,1,0,0,0,0,1,2,2,1,2,0,0,1,1,1,2,1,1,1,1,0,0,0,2,0,1,0,0,2,2,1,1,1,0,2,0,1,2,0,2,2,0,0,1,1,0,2,2,1,2,2,1,2,2,1,2,2,1,2,2,1,1,0,0,2,1,0,0,0,2
216_10,2,0,1,0,0,1,0,1,0,0,0,2,1,0,0,1,2,2,2,1,1,2,2,1,1,0,1,1,2,2,1,1,2,2,1,2,1,1,1,1,2,1,1,1,1,1,1,2,0,0,1,0,0,0,0,2,0,1,2,1,1,2,1,2,1,0,1,0,2,1,2,0,2,2,1,0,2,0,2,2,2,2,0,1,0,1,0,2,1,1,1,2,0,2,0,0,2,1,2,1,2,1,2,1,2,1,2,2,1,2,0,0,0,2,1,1,0,1,0,0,2,2,0,0,2,1,2,0,2,0,1,0,0,0,0,1,2,2,1,2,0,0,1,1,1,2,1,1,1,1,0,0,0,2,0,1,0,2,2,2,1,1,1,0,2,0,1,2,0,2,2,0,0,1,1,0,2,2,1,2,2,1,2,2,1,2,2,1,2,2,1,1,0,0,2,1,0,0,0,2
216_9,2,0,1,0,0,1,0,1,0,0,0,2,1,0,0,1,2,2,2,1,1,2,2,1,1,0,1,1,2,2,1,1,2,2,1,2,1,1,1,1,2,1,1,1,1,1,1,2,0,0,1,0,0,0,0,2,0,1,2,1,1,2,1,2,1,0,1,0,2,1,2,0,0,2,1,0,2,0,2,2,2,2,0,1,0,1,0,2,1,1,1,2,0,2,0,0,2,1,2,1,2,1,2,1,2,1,2,2,1,2,0,0,0,2,1,1,0,1,0,2,2,2,0,0,2,1,2,0,2,0,1,0,0,0,0,1,2,2,1,2,2,0,1,1,1,2,1,1,1,1,0,0,0,2,0,1,0,0,2,2,1,1,1,0,2,0,1,2,0,2,2,0,2,1,1,0,2,2,1,2,2,1,2,2,1,2,2,1,2,2,1,1,0,0,2,1,0,2,0,2
66_1,0:0.04/2:0.96,0,0,0:0.13/1:0.87,0,0,0,0:0.04/1:0.96,0,0,0:0.13/1:0.87,0:0.13/1:0.87,0,0,0,0:0.04/1:0.96,0,0:0.04/2:0.96,0:0.04/2:0.96,0,0,0,0,0,0:0.04/1:0.96,0:0.13/2:0.87,0,0,0:0.13/1:0.87,0:0.13/1:0.87,0:0.13/2:0.87,0,0:0.04/2:0.96,0,0,0:0.13/1:0.87,0:0.04/1:0.96,0:0.04/1:0.96,0:0.04/1:0.96,0,0:0.04/2:0.96,0,0,0:0.04/1:0.96,0,0:0.04/1:0.96,0:0.13/2:0.87,0,0,0,0,0,0,0,0,0:0.13/1:0.87,0,0,0,0,0:0.04/1:0.96,0,0:0.13/1:0.87,0,0,0,0:0.04/1:0.96,0:0.13/1:0.87,0,0,0,0,0,0:0.13/1:0.87,0:0.13/1:0.87,0,0,0:0.13/1:0.87,0:0.04/2:0.96,0,0:0.13/1:0.87,0,0,0:0.04/1:0.96,0,0,0,0:0.04/2:0.96,0:0.13/2:0.87,0:0.04/1:0.96,0,0,0,0:0.04/2:0.96,0:0.13/1:0.87,0,0,0,0:0.04/2:0.96,0,0:0.04/2:0.96,0,0:0.04/2:0.96,0,0:0.04/2:0.96,0:0.04/1:0.96,0:0.13/1:0.87,0:0.13/1:0.87,0,0,0:0.13/1:0.87,0:0.13/2:0.87,0,0:0.04/2:0.96,0:0.13/2:0.87,0:0.04/1:0.96,0,0,0,0,0:0.04/2:0.96,0,0:0.13/2:0.87,0:0.13/1:0.87,0,0,0:0.04/2:0.96,0,0,0,0,0,0:0.13/1:0.87,0:0.13/2:0.87,0,0,0,0:0.13/1:0.87,0:0.04/1:0.96,0:0.13/2:0.87,0:0.13/1:0.87,0,0,0:0.04/1:0.96,0,0,0:0.04/1:0.96,0:0.13/2:0.87,0,0,0:0.13/1:0.87,0:0.13/1:0.87,0,0,0,0,0,0:0.13/1:0.87,0:0.04/2:0.96,0,0:0.13/2:0.87,0:0.04/1:0.96,0:0.04/1:0.96,0,0:0.04/2:0.96,0:0.13/1:0.87,0:0.13/2:0.87,0,0,0:0.04/2:0.96,0,0,0,0:0.04/1:0.96,0,0,0,0:0.04/2:0.96,0:0.13/2:0.87,0:0.13/1:0.87,0,0:0.04/1:0.96,0:0.04/2:0.96,0,0:0.04/1:0.96,0,0:0.04/2:0.96,0,0,0,0:0.04/1:0.96,0:0.13/2:0.87,0:0.13/2:0.87,0:0.13/2:0.87,0:0.13/1:0.87,0:0.13/2:0.87,0,0,0,0:0.04/2:0.96
188_5,2,1,1,1,0,0,1,1,0,2,1,1,0,0,0,1,2,2,2,0,0,2,2,2,1,2,2,1,1,1,2,0,2,1,1,1,1,1,1,0,2,0,2,1,1,1,2,0,1,2,0,0,1,2,0,1,0,1,0,0,1,0,1,0,0,0,1,1,0,1,0,0,0,1,1,1,0,1,2,0,1,0,0,1,0,0,0,2,2,1,1,1,0,2,1,1,0,0,2,0,2,0,2,0,2,1,1,1,0,0,1,2,1,2,2,1,0,1,2,0,2,0,2,1,0,1,2,2,0,0,0,1,1,2,0,1,0,1,1,2,1,0,1,1,2,0,1,2,1,2,1,1,1,0,2,0,0,1,2,1,2,1,1,0,2,1,2,2,1,2,0,1,1,1,2,0,0,2,2,1,1,1,2,0,1,1,2,0,1,0,1,2,2,2,1,2,0,1,2,2
216_6,2,1,1,1,0,0,1,1,1,2,1,1,0,0,0,1,2,2,2,0,0,2,2,2,1,2,2,1,1,1,2,0,2,1,1,1,1,1,1,2,2,0,2,1,1,1,2,2,1,2,0,1,1,2,0,1,0,1,0,0,1,0,1,0,0,0,1,1,0,1,0,1,0,1,1,1,0,1,2,0,1,0,0,1,0,0,0,2,2,1,1,1,0,2,1,1,0,0,2,0,2,0,2,0,2,1,1,1,0,0,1,2,1,2,2,1,0,1,2,1,2,0,2,1,0,1,2,2,0,0,0,1,1,2,0,1,0,1,1,2,1,0,1,1,2,0,1,2,1,2,1,1,1,0,2,0,0,1,2,1,2,1,1,0,2,1,2,2,1,2,0,1,1,1,2,0,0,2,2,1,1,1,2,2,1,1,2,0,1,0,1,2,2,2,1,2,0,1,2,2
216_5,2,1,1,1,0,0,1,1,0,2,1,1,0,0,0,1,2,2,2,0,0,2,2,2,1,2,2,1,1,1,2,0,2,1,1,1,1,1,1,0,2,0,2,1,1,1,2,0,1,2,0,0,1,2,0,1,0,1,0,0,1,0,1,1,0,0,1,1,0,1,0,0,0,1,1,1,0,1,2,0,1,0,0,1,0,0,0,2,2,1,1,1,0,2,1,1,0,0,2,0,2,0,2,2,2,1,1,1,0,0,1,2,1,2,2,1,0,1,2,0,2,0,2,1,0,1,2,2,0,0,0,1,1,2,0,1,0,1,1,2,1,0,1,1,2,0,1,2,1,2,1,1,1,0,2,0,0,1,2,1,2,1,1,0,2,1,2,2,1,2,0,1,1,1,2,2,0,2,2,1,1,1,2,0,1,1,2,1,1,0,1,2,2,2,1,2,0,1,2,2
126_1,0:0.01/2:0.99,0,0,0:0.02/1:0.98,0,0,0:0.12/2:0.88,0:0.01/1:0.99,0,0,0:0.02/1:0.98,0:0.02/1:0.98,0:0.12/1:0.88,0:0.12/2:0.88,0,0:0.01/1:0.99,0,0:0.01/2:0.99,0:0.01/2:0.99,0,0,0,0,0,0:0.01/1:0.99,0:0.02/2:0.98,0,0:0.12/2:0.88,0:0.02/1:0.98,0:0.02/1:0.98,0:0.02/2:0.98,0,0:0.01/2:0.99,0:0.12/2:0.88,0,0:0.02/1:0.98,0:0.01/1:0.99,0:0.01/1:0.99,0:0.01/1:0.99,0,0:0.01/2:0.99,0,0,0:0.01/1:0.99,0,0:0.01/1:0.99,0:0.02/2:0.98,0:0.12/2:0.88,0:0.12/2:0.88,0,0,0,0,0,0,0:0.02/1:0.98,0,0,0,0,0:0.01/1:0.99,0:0.12/2:0.88,0:0.02/1:0.98,0:0.12/2:0.88,0,0,0:0.01/1:0.99,0:0.02/1:0.98,0,0,0,0:0.12/1:0.88,0,0:0.02/1:0.98,0:0.02/1:0.98,0:0.12/2:0.88,0,0:0.02/1:0.98,0:0.01/2:0.99,0,0:0.02/1:0.98,0,0,0:0.01/1:0.99,0:0.12/2:0.88,0,0,0:0.01/2:0.99,0:0.02/2:0.98,0:0.01/1:0.99,0,0,0,0:0.01/2:0.99,0:0.02/1:0.98,0,0,0,0:0.01/2:0.99,0:0.12/2:0.88,0:0.01/2:0.99,0:0.12/1:0.88,0:0.01/2:0.99,0,0:0.01/2:0.99,0:0.01/1:0.99,0:0.02/1:0.98,0:0.02/1:0.98,0,0:0.12/2:0.88,0:0.02/1:0.98,0:0.02/2:0.98,0,0:0.01/2:0.99,0:0.02/2:0.98,0:0.01/1:0.99,0,0,0,0,0:0.01/2:0.99,0,0:0.02/2:0.98,0:0.02/1:0.98,0,0,0:0.01/2:0.99,0,0,0,0:0.12/1:0.88,0,0:0.02/1:0.98,0:0.02/2:0.98,0:0.12/1:0.88,0,0,0:0.02/1:0.98,0:0.01/1:0.99,0:0.02/2:0.98,0:0.02/1:0.98,0,0:0.12/2:0.88,0:0.01/1:0.99,0,0:0.12/1:0.88,0:0.01/1:0.99,0:0.02/2:0.98,0,0,0:0.02/1:0.98,0:0.02/1:0.98,0,0:0.12/1:0.88,0:0.12/1:0.88,0:0.12/1:0.88,0,0:0.02/1:0.98,0:0.01/2:0.99,0,0:0.02/2:0.98,0:0.01/1:0.99,0:0.01/1:0.99,0:0.12/1:0.88,0:0.01/2:0.99,0:0.02/1:0.98,0:0.02/2:0.98,0,0,0:0.01/2:0.99,0:0.12/1:0.88,0,0,0:0.01/1:0.99,0,0,0,0:0.01/2:0.99,0:0.02/2:0.98,0:0.02/1:0.98,0,0:0.01/1:0.99,0:0.01/2:0.99,0,0:0.01/1:0.99,0,0:0.01/2:0.99,0,0,0:0.12/1:0.88,0:0.01/1:0.99,0:0.02/2:0.98,0:0.02/2:0.98,0:0.02/2:0.98,0:0.02/1:0.98,0:0.02/2:0.98,0,0,0,0:0.01/2:0.99
187_1,2,0,0,1,0,0,2,1,0,0,1,1,1,2,0,1,0,2,2,0,0,0,0,0,1,2,0,2,1,1,2,0:0.03/1:0.97,2,2,0,1,1,1,1,0:0.03/1:0.97,2,0,0,1,0:0.03/1:0.97,1,2,2,2,0,0:0.03/1:0.97,0:0.03/1:0.97,0:0.03/2:0.97,0,0,1,0:0.03/2:0.97,0,0,0,1,2,1,2,0,0,1,1,0,0,0:0.03/1:0.97,1,0,1,1,2,0,1,2,0,1,0,0,1,2,0,0:0.03/2:0.97,2,2,1,0,0,0,2,1,0,0:0.03/1:0.97,0,2,2,2,1,2,0,2,1,1,1,0:0.03/1:0.97,2,1,2,0,2,2,1,0,0,0,0,2,0,2,1,0:0.03/2:0.97,0,2,0,0:0.03/1:0.97,0,1,0,1,2,1,0:0.03/2:0.97,0,1,1,2,1,0,2,1,0:0.03/2:0.97,1,1,2,0:0.03/1:0.97,0,1,1,0,1,1,1,0,1,2,0,2,1,1,1,2,1,2,0,0,2,1,0,0,1,0:0.03/2:0.97,0,0,2,2,1,0,1,2,0,1,0:0.03/1:0.97,2,0,0,1,1,2,2,2,1,2,0,0:0.03/1:0.97,0,2
216_2,2,2,0,1,0,0,2,1,0,0,1,1,1,2,0,1,0,2,2,0,0,0,0,0,1,2,0,2,1,1,2,1,2,2,0,1,1,1,1,1,2,0,1,1,1,1,2,2,2,0,1,1,2,0,0,1,2,0,0,0,1,2,1,2,0,0,1,1,2,0,1,1,0,1,1,2,0,1,2,0,1,0,0,1,2,0,2,2,2,1,0,0,0,2,1,0,1,0,2,2,2,1,2,0,2,1,1,1,1,2,1,2,0,2,2,1,0,0,0,0,2,0,2,1,2,0,2,0,1,0,1,0,1,2,1,2,0,1,1,2,1,0,2,1,2,1,1,2,1,0,1,1,2,1,1,1,0,1,2,0,2,1,1,1,2,1,2,2,0,2,1,0,0,1,2,0,0,2,2,1,0,1,2,1,1,1,2,0,1,1,1,2,2,2,1,2,0,1,0,2
216_1,2,0,0,1,0,0,2,1,0,1,1,1,1,2,2,1,0,2,2,0,0,0,0,1,1,2,0,2,1,1,2,1,2,2,0,1,1,1,1,1,2,2,0,1,1,1,2,2,2,0,1,1,2,0,0,1,2,0,0,0,1,2,1,2,0,0,1,1,0,0,1,1,0,1,1,2,0,1,2,0,1,0,0,1,2,0,2,2,2,1,0,0,0,2,1,0,1,0,2,2,2,1,2,0,2,1,1,1,1,2,1,2,0,2,2,1,0,0,0,1,2,0,2,1,2,0,2,1,1,1,1,0,1,2,1,2,0,1,1,2,1,0,2,1,2,1,1,2,1,0,1,1,0,1,1,1,0,1,2,0,2,1,1,1,2,1,2,1,0,2,1,1,0,1,2,0,0,2,2,1,0,1,2,0,1,1,2,2,0,1,1,2,2,2,1,2,0,1,2,2
185_2,2,0:0.02/1:0.98,0,1,0,0,2,1,0:0.02/1:0.98,0:0.02/1:0.98,1,1,1,2,0:0.02/2:0.98,1,0:0.02/2:0.98,2,2,0,0:0.02/2:0.98,0,0,0,1,2,0:0.02/1:0.98,2,1,1,2,0,2,2,0,1,1,1,1,0,2,0,0:0.02/2:0.98,1,0,1,2,2,2,0,0,0,0,0:0.02/1:0.98,0,1,0:0.02/1:0.98,0:0.02/1:0.98,0,0,1,2,1,2,0:0.02/2:0.98,0,1,1,0,0:0.02/2:0.98,0,1,0,1,1,2,0:0.02/1:0.98,1,2,0:0.02/1:0.98,1,0,0,1,2,0,0,2,2,1,0:0.02/1:0.98,0:0.02/1:0.98,0,2,1,0:0.02/1:0.98,0,0,2,2,2,1,2,0,2,1,1,1,0,2,1,2,0,2,2,1,0,0,0:0.02/2:0.98,0:0.02/2:0.98,2,0,2,1,0,0,2,0,0,0,1,0,1,2,1,0:0.02/1:0.98,0:0.02/1:0.98,1,1,2,1,0,2,1,0,1,1,2,0:0.02/2:0.98,0,1,1,0,1,1,1,0,1,2,0,2,1,1,1,2,1,2,0:0.02/1:0.98,0,2,1,0,0,1,0,0,0,2,2,1,0,1,2,0,1,0,2,0:0.02/1:0.98,0,1,1,2,2,2,1,2,0:0.02/2:0.98,0,0,2
216_4,2,1,0,1,0,0,2,1,1,1,1,1,1,2,2,1,2,2,2,1,2,0,2,0,1,2,1,2,1,1,2,0,2,2,0,1,1,1,1,0,2,1,2,1,0,1,2,2,2,0,0,0,2,1,0,1,1,1,0,0,1,2,1,2,2,0,1,1,0,2,0,1,0,1,1,2,1,1,2,1,1,0,0,1,2,0,0,2,2,1,1,1,0,2,1,1,0,0,2,2,2,1,2,0,2,1,1,1,2,2,1,2,0,2,2,1,1,0,2,2,2,0,2,1,0,2,2,0,0,0,1,0,1,2,1,1,1,1,1,2,1,1,2,1,0,1,1,2,2,0,1,1,0,1,1,1,0,1,2,0,2,1,1,1,2,1,2,1,0,2,1,0,0,1,0,0,0,2,2,1,0,1,2,0,1,0,2,1,0,1,1,2,2,2,1,2,2,0,0,2
216_3,2,1,0,1,0,0,2,1,1,1,1,1,1,2,2,1,2,2,2,0,2,0,0,0,1,2,1,2,1,1,2,0,2,2,0,1,1,1,1,0,2,0,2,1,0,1,2,2,2,0,0,0,1,1,0,1,1,1,0,0,1,2,1,2,2,0,1,1,0,2,0,1,1,1,1,2,1,1,2,1,1,0,0,1,2,0,0,2,2,1,1,1,2,2,1,1,0,1,2,2,2,1,2,0,2,1,1,1,0,2,1,2,1,2,2,1,0,0,2,2,2,0,2,1,0,1,2,0,0,0,1,0,1,2,1,1,1,1,1,2,1,0,2,1,0,1,1,2,2,0,1,1,0,1,1,1,0,1,2,2,2,1,1,1,2,1,2,1,0,2,1,0,0,1,0,0,0,2,2,1,0,1,2,0,1,0,2,1,0,1,1,2,2,2,1,2,2,0,0,2
