[&R] (((((216_3:5.105,216_4:2.105)185_2:12.738,(216_1:7.211,216_2:3.211)187_1:9.632)126_1:30.908,(216_5:4.263,216_6:8.263)188_5:30.488)66_1:75.395,((216_9:2.039,216_10:3.039)202_10:11.192,(216_7:1.007,216_8:1.007)209_9:19.224)143_5:88.915)16_1:19.854)I0;
I0,0,0,0,0,0,0,0,0,0,0,0,0,0,0,0,0,0,0,0,0,0,0,0,0,0,0,0,0,0,0,0,0,0,0,0,0,0,0,0,0,0,0,0,0,0,0,0,0,0,0,0,0,0,0,0,0,0,0,0,0,0,0,0,0,0,0,0,0,0,0,0,0,0,0,0,0,0,0,0,0,0,0,0,0,0,0,0,0,0,0,0,0,0,0,0,0,0,0,0,0,0,0,0,0,0,0,0,0,0,0,0,0,0,0,0,0,0,0,0,0,0,0,0,0,0,0,0,0,0,0,0,0,0,0,0,0,0,0,0,0,0,0,0,0,0,0,0,0,0,0,0,0,0,0,0,0,0,0,0,0,0,0,0,0,0,0,0,0,0,0,0,0,0,0,0,0,0,0,0,0,0,0,0,0,0,0,0,0,0,0,0,0,0,0,0,0,0,0,0,0
16_1,0,0,0:0.5/1:0.5,0,0,0,0,0,0,0,0,0:0.5/2:0.5,0,0,0:0.5/1:0.5,0,0,0,0,0,0,0,0,0,0,0,0,0:0.5/2:0.5,0,0,0:0.5/2:0.5,0,0,0,0,0:0.5/2:0.5,0,0,0:0.5/1:0.5,0,0,0,0,0,0:0.5/2:0.5,0:0.5/2:0.5,0,0,0,0,0,0,0,0,0:0.5/2:0.5,0:0.5/1:0.5,0,0,0,0,0:0.5/1:0.5,0,0:0.5/2:0.5,0,0,0:0.5/2:0.5,0,0,0,0:0.5/2:0.5,0,0,0,0,0,0,0,0,0,0:0.5/1:0.5,0,0,0,0,0,0,0:0.5/1:0.5,0,0,0:0.5/1:0.5,0:0.5/2:0.5,0,0:0.5/1:0.5,0,0,0,0:0.5/2:0.5,0:0.5/1:0.5,0,0,0,0,0:0.5/1:0.5,0,0,0,0,0,0,0,0,0,0,0,0:0.5/2:0.5,0,0,0,0,0,0,0:0.5/2:0.5,0:0.5/2:0.5,0:0.5/1:0.5,0,0,0,0:0.5/2:0.5,0,0,0,0,0,0,0,0,0,0,0,0,0,0,0:0.5/1:0.5,0,0:0.5/2:0.5,0,0,0,0:0.5/2:0.5,0,0,0:0.5/1:0.5,0:0.5/2:0.5,0,0,0,0,0,0,0:0.5/2:0.5,0,0,0,0,0,0,0,0,0,0:0.5/2:0.5,0,0:0.5/1:0.5,0,0,0,0,0:0.5/1:0.5,0,0,0,0,0,0,0,0:0.5/2:0.5,0,0,0,0:0.5/2:0.5,0,0,0,0,0,0,0,0,0:0.5/1:0.5,0,0
143_5,0:0.01/1:0.99,0,0:0.01/1:0.99,0,0,0,0,0:0.01/2:0.99,0:0.01/2:0.99,0:0.01/1:0.99,0:0.01/1:0.99,0:0.01/2:0.99,0,0:0.01/2:0.99,0:0.01/1:0.99,0,0,0:0.01/1:0.99,0,0,0:0.01/1:0.99,0:0.01/2:0.99,0:0.01/2:0.99,0,0,0,0,0:0.01/2:0.99,0,0,0:0.01/2:0.99,0:0.01/1:0.99,0:0.01/2:0.99,0,0,0:0.01/2:0.99,0,0:0.01/2:0.99,0:0.01/1:0.99,0:0.01/1:0.99,0,0:0.01/1:0.99,0,0,0:0.01/2:0.99,0:0.01/2:0.99,0,0,0:0.01/2:0.99,0:0.01/2:0.99,0,0:0.01/2:0.99,0:0.01/2:0.99,0,0:0.01/2:0.99,0:0.01/1:0.99,0:0.01/2:0.99,0:0.01/2:0.99,0,0,0:0.01/1:0.99,0:0.01/2:0.99,0:0.01/2:0.99,0,0,0:0.01/2:0.99,0:0.01/2:0.99,0,0,0:0.01/2:0.99,0,0:0.01/1:0.99,0:0.01/2:0.99,0:0.01/2:0.99,0,0:0.01/1:0.99,0:0.01/1:0.99,0,0,0:0.01/1:0.99,0:0.01/1:0.99,0:0.01/2:0.99,0,0,0,0:0.01/2:0.99,0:0.01/1:0.99,0:0.01/2:0.99,0:0.01/1:0.99,0:0.01/1:0.99,0:0.01/2:0.99,0,0:0.01/1:0.99,0:0.01/1:0.99,0:0.01/1:0.99,0,0:0.01/2:0.99,0:0.01/1:0.99,0:0.01/1:0.99,0,0,0,0:0.01/1:0.99,0,0,0:0.01/1:0.99,0:0.01/2:0.99,0,0,0:0.01/2:0.99,0,0,0,0:0.01/2:0.99,0:0.01/2:0.99,0:0.01/1:0.99,0,0,0:0.01/2:0.99,0:0.01/1:0.99,0,0:0.01/2:0.99,0:0.01/2:0.99,0:0.01/1:0.99,0,0,0:0.01/2:0.99,0:0.01/2:0.99,0,0:0.01/1:0.99,0,0,0:0.01/2:0.99,0,0,0:0.01/2:0.99,0,0:0.01/1:0.99,0,0,0,0,0:0.01/1:0.99,0:0.01/2:0.99,0:0.01/2:0.99,0,0:0.01/2:0.99,0,0:0.01/2:0.99,0:0.01/2:0.99,0:0.01/1:0.99,0:0.01/1:0.99,0:0.01/2:0.99,0:0.01/1:0.99,0:0.01/2:0.99,0:0.01/2:0.99,0:0.01/1:0.99,0,0:0.01/1:0.99,0:0.01/2:0.99,0,0:0.01/2:0.99,0,0,0,0:0.01/1:0.99,0,0:0.01/2:0.99,0,0:0.01/2:0.99,0:0.01/1:0.99,0:0.01/1:0.99,0:0.01/2:0.99,0:0.01/2:0.99,0:0.01/1:0.99,0,0:0.01/1:0.99,0,0,0:0.01/2:0.99,0,0,0:0.01/1:0.99,0,0:0.01/2:0.99,0,0,0:0.01/1:0.99,0:0.01/2:0.99,0,0:0.01/2:0.99,0:0.01/1:0.99,0,0,0:0.01/2:0.99,0,0,0:0.01/1:0.99,0,0
209_9,1,0,1,0,1,0,0,2,2,1,1,2,1,2,1,0,0,1,0,0,1,2,2,0,0,2,0,2,2,0,2,1,2,0,0,2,0,2,1,1,0,1,0,0,2,2,1,1,2,2,0,2,2,0,2,1,2,2,0,2,1,2,2,0,0,2,2,0,0,2,0,1,2,2,1,1,1,0,1,1,1,2,0,0,0,2,1,2,1,1,2,0,1,1,1,0,2,1,1,0,0,0,1,0,0,1,2,0,0,2,0,1,0,2,2,1,0,0,2,1,0,2,2,1,2,0,2,2,0,1,2,0,2,2,0,2,0,1,0,0,0,0,1,2,2,0,2,0,2,2,1,1,2,1,2,2,1,2,1,2,0,2,0,2,0,1,0,2,1,2,1,1,2,2,1,0,1,0,2,2,0,0,1,0,2,0,0,1,2,0,2,1,0,0,2,0,2,1,0,0
216_8,1,0,1,0,1,0,0,2,2,1,1,2,1,2,1,0,0,1,0,0,1,2,2,0,0,2,0,2,2,0,2,1,2,0,0,2,0,2,1,1,0,1,0,0,2,2,1,1,2,2,0,2,2,0,2,1,2,2,0,2,1,2,2,0,0,2,2,0,0,2,0,1,2,2,1,1,1,0,1,1,1,2,0,0,0,2,1,2,1,1,2,0,1,1,1,0,2,1,1,0,0,0,1,0,0,1,2,0,0,2,0,1,0,2,2,1,0,0,2,1,0,2,2,1,2,0,2,2,0,1,2,0,2,2,0,2,0,1,0,0,0,0,1,2,2,0,2,0,2,2,1,1,2,1,2,2,1,2,1,2,0,2,0,2,0,1,0,2,1,2,1,1,2,2,1,0,1,0,2,2,0,0,1,0,2,0,0,1,2,2,2,1,0,0,2,0,2,1,0,0
216_7,1,0,1,0,1,0,0,2,2,1,1,2,1,2,1,0,0,1,0,0,1,2,2,0,0,2,0,2,2,0,2,1,2,0,0,2,0,2,1,1,0,1,0,0,2,2,1,1,2,2,0,2,2,0,2,1,2,2,0,2,1,2,2,0,0,2,2,0,0,2,0,1,2,2,1,1,1,0,1,1,1,2,0,0,0,2,1,2,1,1,2,0,1,1,1,0,2,1,1,0,0,0,1,0,0,1,2,0,0,2,0,1,0,2,2,1,0,0,2,1,0,2,2,1,2,0,2,2,0,1,2,0,2,2,0,2,0,1,0,2,0,0,1,2,2,0,2,0,2,2,1,1,2,1,2,2,1,2,1,2,0,2,0,2,0,1,0,2,1,2,1,1,2,2,1,0,1,0,2,2,0,0,1,0,2,0,0,1,2,0,2,1,0,0,2,0,2,1,0,0
202_10,1,0,1,0,0,0,0,2,2,1,1,2,0,2,1,0,0,1,0,1,1,2,2,0,0,0,0,2,0,0,2,1,2,1,0,2,0,2,1,1,0,1,1,0,2,2,0,0,2,2,0,2,2,0,2,1,2,2,0,0,1,2,2,0,0,2,2,0,0,2,0,1,2,2,0,1,1,0,0,1,1,2,2,2,0,2,1,2,1,1,2,0,1,1,1,0,2,1,1,0,0,2,1,1,0,1,2,0,0,2,0,0,0,2,2,1,0,0,2,1,0,2,2,1,0,0,2,2,0,1,0,0,2,0,0,2,0,1,0,0,0,0,1,2,2,1,2,0,2,2,1,1,2,1,2,2,1,0,1,2,2,2,0,0,0,1,0,2,0,2,1,1,2,2,1,0,1,0,0,2,0,0,1,0,2,0,2,1,2,0,2,1,0,0,2,0,0,1,0,0
216_10,1,0,1,0,0,0,0,2,2,1,1,2,0,2,1,0,0,1,0,1,1,2,2,0,0,1,0,2,0,0,2,1,2,1,0,2,0,2,1,1,0,1,1,0,2,2,1,0,2,2,0,2,2,0,2,1,2,2,0,0,1,2,2,0,0,2,2,0,0,2,0,1,2,2,0,1,1,0,0,1,1,2,2,2,0,2,1,2,1,1,2,0,1,1,1,0,2,1,1,0,0,2,1,1,0,1,2,0,0,2,0,0,0,2,2,1,0,0,2,1,0,2,2,1,0,0,2,2,0,1,0,0,2,0,0,2,0,1,0,0,0,0,1,2,2,1,2,0,2,2,1,1,2,1,2,2,1,0,1,2,2,2,0,0,0,1,0,2,0,2,1,1,2,2,1,0,1,0,0,2,0,0,1,1,2,0,2,1,2,0,2,1,0,0,2,0,0,1,0,0
216_9,1,0,1,0,0,0,0,2,2,1,1,2,0,2,1,0,0,1,0,1,1,2,2,0,0,0,0,2,0,0,2,1,2,1,0,2,0,2,1,1,0,1,1,0,2,2,0,0,2,2,0,2,2,0,2,1,2,2,0,0,1,2,2,0,0,2,2,0,0,2,0,1,2,2,0,1,1,0,0,1,1,2,2,2,0,2,1,2,1,1,2,0,1,1,1,0,2,1,1,0,0,2,1,1,0,1,2,0,0,2,0,0,0,2,2,1,0,0,2,1,1,2,2,1,0,0,2,2,0,1,0,0,2,1,0,2,0,1,0,0,0,0,1,2,2,1,2,0,2,2,1,1,2,1,2,2,1,0,1,2,2,2,0,0,0,1,0,2,0,2,1,1,2,2,1,0,1,0,0,2,0,0,1,0,2,0,2,1,2,0,2,1,0,0,2,0,0,1,0,0
66_1,0,0:0.06/2:0.94,0:0.03/1:0.97,0:0.06/1:0.94,0:0.06/2:0.94,0,0:0.06/1:0.94,0:0.06/1:0.94,0:0.06/1:0.94,0:0.06/2:0.94,0,0:0.03/2:0.97,0,0,0:0.03/1:0.97,0,0:0.06/2:0.94,0,0,0,0,0,0:0.06/1:0.94,0:0.06/2:0.94,0:0.06/2:0.94,0:0.06/2:0.94,0,0:0.03/2:0.97,0,0:0.06/1:0.94,0:0.03/2:0.97,0,0,0,0:0.06/1:0.94,0:0.03/2:0.97,0:0.06/1:0.94,0,0:0.03/1:0.97,0,0,0,0,0,0:0.03/2:0.97,0:0.03/2:0.97,0,0:0.06/1:0.94,0:0.06/1:0.94,0:0.06/1:0.94,0:0.06/2:0.94,0,0,0,0:0.03/2:0.97,0:0.03/1:0.97,0,0,0,0:0.06/1:0.94,0:0.03/1:0.97,0,0:0.03/2:0.97,0,0,0:0.03/2:0.97,0:0.06/1:0.94,0:0.06/2:0.94,0:0.06/2:0.94,0:0.03/2:0.97,0:0.06/2:0.94,0:0.06/2:0.94,0,0:0.06/1:0.94,0:0.06/1:0.94,0,0:0.06/2:0.94,0,0,0:0.03/1:0.97,0,0,0:0.06/1:0.94,0,0,0,0:0.03/1:0.97,0,0,0:0.03/1:0.97,0:0.03/2:0.97,0,0:0.03/1:0.97,0,0:0.06/2:0.94,0,0:0.03/2:0.97,0:0.03/1:0.97,0,0:0.06/1:0.94,0,0:0.06/2:0.94,0:0.03/1:0.97,0:0.06/1:0.94,0,0,0,0,0:0.06/1:0.94,0,0,0:0.06/2:0.94,0,0,0:0.03/2:0.97,0,0:0.06/1:0.94,0,0,0:0.06/2:0.94,0,0:0.03/2:0.97,0:0.03/2:0.97,0:0.03/1:0.97,0:0.06/2:0.94,0:0.06/1:0.94,0,0:0.03/2:0.97,0:0.06/2:0.94,0:0.06/2:0.94,0:0.06/1:0.94,0:0.06/1:0.94,0,0:0.06/2:0.94,0,0,0,0,0:0.06/2:0.94,0,0:0.06/1:0.94,0:0.06/1:0.94,0:0.03/1:0.97,0,0:0.03/2:0.97,0,0,0:0.06/1:0.94,0:0.03/2:0.97,0,0,0:0.03/1:0.97,0:0.03/2:0.97,0,0,0:0.06/1:0.94,0,0,0,0:0.03/2:0.97,0,0,0,0,0:0.06/2:0.94,0:0.06/2:0.94,0,0,0,0:0.03/2:0.97,0:0.06/2:0.94,0:0.03/1:0.97,0:0.06/1:0.94,0,0:0.06/2:0.94,0,0:0.03/1:0.97,0:0.06/1:0.94,0:0.06/2:0.94,0:0.06/1:0.94,0,0,0:0.06/2:0.94,0,0:0.03/2:0.97,0,0,0,0:0.03/2:0.97,0,0,0,0,0,0,0:0.06/1:0.94,0,0:0.03/1:0.97,0:0.06/1:0.94,0
188_5,0,2,1,1,2,0:0.01/2:0.99,1,1,1,2,0:0.01/1:0.99,2,0,0,1,0,2,0,0:0.01/1:0.99,0,0:0.01/1:0.99,0:0.01/2:0.99,1,2,2,2,0,2,0,1,2,0:0.01/2:0.99,0,0:0.01/2:0.99,1,2,1,0,1,0,0,0:0.01/2:0.99,0,0,2,2,0,1,1,1,2,0:0.01/1:0.99,0,0,2,1,0,0,0,1,1,0,2,0:0.01/1:0.99,0,2,1,2,2,2,2,2,0,1,1,0:0.01/2:0.99,2,0,0:0.01/1:0.99,1,0,0,1,0,0,0,1,0:0.01/2:0.99,0,1,2,0:0.01/1:0.99,1,0:0.01/1:0.99,2,0,2,1,0,1,0,2,1,1,0,0:0.01/1:0.99,0,0,1,0,0,2,0,0,2,0,1,0,0,2,0,2,2,1,2,1,0:0.01/2:0.99,2,2,2,1,1,0,2,0,0,0,0:0.01/2:0.99,2,0,1,1,1,0,2,0,0:0.01/1:0.99,1,2,0:0.01/1:0.99,0:0.01/1:0.99,1,2,0,0,1,0,0:0.01/2:0.99,0,2,0,0,0:0.01/2:0.99,0,2,2,0:0.01/1:0.99,0,0,2,2,1,1,0,2,0,1,1,2,1,0,0,2,0,2,0,0:0.01/1:0.99,0,2,0,0:0.01/2:0.99,0,0,0,0,1,0,1,1,0
216_6,0,2,1,1,2,2,1,1,1,2,1,2,0,0,1,0,2,0,1,0,1,2,1,2,2,2,0,2,0,1,2,2,0,2,1,2,1,0,1,2,0,2,0,2,2,2,0,1,1,1,2,1,0,0,2,1,0,0,0,1,1,1,2,1,2,2,1,2,2,2,2,2,0,1,1,2,2,0,1,1,0,0,1,2,0,0,1,2,0,1,2,1,1,1,2,0,2,1,0,1,0,2,1,1,0,1,0,0,1,0,0,2,0,1,2,1,1,0,0,2,0,2,2,1,2,1,2,2,2,2,1,1,0,2,0,0,0,2,2,0,1,1,1,1,2,0,1,1,2,1,1,1,2,0,0,1,0,2,0,2,0,0,2,0,2,2,1,0,0,2,2,1,1,0,2,0,1,1,2,1,0,0,2,0,2,0,1,0,2,0,2,0,0,0,0,1,0,1,1,0
216_5,0,2,1,1,2,2,1,1,1,2,1,2,0,0,1,0,2,0,1,0,1,2,1,2,2,2,0,2,0,1,2,2,0,2,1,2,1,0,1,0,0,2,0,0,2,2,0,1,1,1,2,1,0,0,2,1,2,0,0,1,1,0,2,1,1,2,1,2,2,2,2,2,0,1,1,2,2,0,1,1,0,0,1,0,0,0,1,2,0,1,2,1,1,1,2,0,2,1,0,1,0,2,1,1,0,1,0,0,1,0,0,2,0,0,2,0,1,0,0,2,0,2,2,1,2,1,2,2,2,2,1,1,0,2,0,0,1,2,2,0,1,1,1,0,2,0,1,1,2,1,1,1,2,0,0,1,0,2,0,2,0,0,2,0,2,2,1,0,2,2,2,1,1,0,2,0,1,1,2,1,0,0,2,0,2,0,1,0,2,0,2,0,0,0,0,1,0,1,1,0
126_1,0,2,1,1,2,0,1,1,1,2,0:0.03/2:0.97,2,0,0,1,0,2,0:0.03/2:0.97,0,0:0.03/2:0.97,0,0,1,2,2,2,0,2,0,1,2,0,0,0,1,2,1,0,1,0,0,0,0,0,2,2,0,1,1,1,2,0,0:0.03/2:0.97,0:0.03/2:0.97,2,1,0,0,0,1,1,0,2,0:0.03/2:0.97,0,2,1,2,2,2,2,2,0,1,1,0:0.03/1:0.97,2,0,0,1,0,0,1,0:0.03/1:0.97,0:0.03/2:0.97,0:0.03/2:0.97,1,0,0,1,2,0:0.03/2:0.97,1,0,2,0:0.03/1:0.97,2,1,0,1,0,2,1,1,0:0.03/1:0.97,0,0,0:0.03/2:0.97,1,0,0:0.03/1:0.97,2,0,0:0.03/1:0.97,2,0,1,0:0.03/2:0.97,0,2,0,2,2,1,2,1,0:0.03/1:0.97,2,2,2,1,1,0,2,0:0.03/1:0.97,0,0,0,2,0,1,1,1,0:0.03/1:0.97,2,0,0,1,2,0,0,1,2,0,0,1,0:0.03/2:0.97,0,0,2,0,0:0.03/2:0.97,0,0:0.03/1:0.97,2,2,0,0,0,2,2,1,1,0,2,0,1,1,2,1,0,0:0.03/1:0.97,2,0,2,0:0.03/2:0.97,0,0,2,0:0.03/1:0.97,0,0:0.03/2:0.97,0,0,0,1,0,1,1,0
187_1,0,2,1,1,2,0,1,1,1,2,2,2,0:0.02/2:0.98,0,1,0,2,2,0,2,0,0,1,2,2,2,0,2,0,1,2,0,0:0.02/2:0.98,0,1,2,1,0:0.02/1:0.98,1,0,0,0,0,0,2,2,0,1,1,1,2,0,2,2,2,1,0,0,0,1,1,0,2,2,0,2,1,2,2,2,2,2,0,1,1,1,2,0:0.02/1:0.98,0,1,0,0,1,1,2,2,1,0,0,1,2,2,1,0,2,1,2,1,0,1,0,2,1,1,1,0,0,2,1,0,1,2,0,1,2,0,1,2,0,2,0,2,2,1,2,1,1,2,2,2,1,1,0,2,1,0,0,0,2,0,1,1,1,1,2,0:0.02/2:0.98,0:0.02/1:0.98,1,2,0,0,1,2,0:0.02/2:0.98,0,1,2,0,0:0.02/1:0.98,2,0,2,0,1,2,2,0,0,0:0.02/1:0.98,2,2,1,1,0,2,0,1,1,2,1,0,1,2,0,2,2,0,0,2,1,0,2,0,0,0,1,0,1,1,0
216_2,0,2,1,1,2,0,1,1,1,2,2,2,2,0,1,0,2,2,0,2,0,0,1,2,2,2,1,2,0,1,2,0,2,0,1,2,1,1,1,0,0,0,0,0,2,2,0,1,1,1,2,0,2,2,2,1,0,0,0,1,1,0,2,2,0,2,1,2,2,2,2,2,0,1,1,1,2,1,0,1,0,0,1,1,2,2,1,0,0,1,2,2,1,0,2,1,2,1,0,1,0,2,1,1,1,0,0,2,1,0,1,2,0,1,2,0,1,2,0,2,0,2,2,1,2,1,1,2,2,2,1,1,0,2,1,0,0,0,2,0,1,1,1,1,2,2,1,1,2,0,0,1,2,2,0,1,2,0,1,2,0,2,0,1,2,2,0,0,1,2,2,1,1,0,2,0,1,1,2,1,0,1,2,0,2,2,0,0,2,1,2,2,0,0,0,1,1,1,1,0
216_1,0,2,1,1,2,0,1,1,1,2,2,2,2,0,1,0,2,2,0,2,0,0,1,2,2,2,0,2,0,1,2,0,2,0,1,2,1,1,1,1,0,0,0,0,2,2,0,1,1,1,2,0,2,2,2,1,0,2,0,1,1,0,2,2,2,2,1,2,2,2,2,2,0,1,1,1,2,1,0,1,0,0,1,1,2,2,1,0,0,1,2,2,1,0,2,1,2,1,1,1,0,2,1,1,1,0,0,2,1,0,1,2,0,1,2,0,1,2,0,2,0,2,2,1,2,1,1,2,2,2,1,1,0,2,1,0,2,0,2,2,1,1,1,1,2,2,1,1,2,0,0,1,2,2,0,1,2,0,1,2,0,2,0,1,2,2,0,0,1,2,2,1,1,2,2,0,1,1,2,1,0,1,2,0,2,2,0,0,2,1,0,2,0,0,0,1,0,1,1,0
185_2,0,2,1,1,2,0,1,1,1,2,2,2,0,0:0.01/1:0.99,1,0,2,2,0,2,0,0,1,2,2,2,0:0.01/2:0.99,2,0,1,2,0,0,0,1,2,1,0:0.01/2:0.99,1,0,0,0,0,0,2,2,0,1,1,1,2,0:0.01/2:0.99,2,2,2,1,0,0,0,1,1,0:0.01/2:0.99,2,2,0,2,1,2,2,2,2,2,0,1,1,1,2,0,0,1,0,0,1,1,2,2,1,0,0,1,2,2,1,0,2,1,2,1,0,1,0,2,1,1,1,0,0,2,1,0,1,2,0:0.01/1:0.99,1,2,0,1,2,0,2,0,2,2,1,2,1,1,2,2,2,1,1,0,2,1,0:0.01/1:0.99,0,0,2,0,1,1,1,1,2,0,0,1,2,0,0,1,2,0,0:0.01/2:0.99,1,2,0,0,2,0:0.01/1:0.99,2,0:0.01/2:0.99,1,2,2,0,0,0,2,2,1,1,0,2,0,1,1,2,1,0:0.01/1:0.99,1,2,0,2,2,0,0,2,1,0,2,0,0:0.01/2:0.99,0,1,0,1,1,0
216_4,0,2,1,1,2,0,1,1,1,2,2,2,0,1,1,0,2,2,0,2,0,0,1,2,2,2,2,2,0,1,2,0,0,0,1,2,1,2,1,0,0,0,0,0,2,2,0,1,1,1,2,2,2,2,2,1,0,0,0,1,1,2,2,2,0,2,1,2,2,2,2,2,0,1,1,1,2,0,0,1,1,0,1,1,2,2,1,0,0,1,2,2,1,0,2,1,2,1,0,1,0,2,1,1,1,0,0,2,1,0,1,2,1,1,2,2,1,2,0,2,0,2,2,1,2,1,1,2,2,2,1,1,0,2,1,1,0,0,2,0,1,1,1,1,2,0,0,1,2,0,0,1,2,0,2,1,2,0,0,2,1,2,2,1,2,2,0,0,0,2,2,1,1,0,2,0,1,1,2,1,1,1,2,0,2,2,0,0,2,1,0,2,0,2,0,1,0,1,1,0
216_3,0,2,1,1,2,0,1,1,1,2,2,2,0,1,1,0,2,2,2,2,0,2,1,2,2,2,2,2,0,1,2,0,0,0,1,2,1,2,1,0,0,0,0,0,2,2,0,1,1,1,2,2,2,2,2,1,0,2,0,1,1,2,2,2,0,2,1,2,2,2,2,2,0,1,1,1,2,0,0,1,0,0,1,1,2,2,1,0,0,1,2,2,1,0,2,1,2,1,0,1,0,2,1,1,1,0,0,2,1,0,1,2,1,1,2,0,1,2,0,2,2,2,2,1,2,1,1,2,2,2,1,1,0,2,1,1,0,0,2,0,1,1,1,1,2,0,0,1,2,0,0,1,2,0,2,1,2,0,0,2,1,2,2,1,2,2,0,0,2,2,2,1,1,0,2,0,1,1,2,1,1,1,2,0,2,2,0,0,2,1,0,2,0,2,0,1,0,1,1,0
