[&R] (((((216_12:2.225,216_13:0.225)202_10:1.863,(216_10:0.05,216_11:1.05)209_10:2.038)162_8:0.007,(216_14:1.05,216_15:0.05)202_11:2.045)108_4:3.445,(((216_4:0,216_5:0)199_4:1.01,(216_6:1.008,216_7:0.008)202_6:0.002)156_5:3.422,(216_8:1.103,216_9:1.103)162_7:1.33)111_4:2.107)50_2:1.46)I0;
I0,0,0,0,0,0,0,0,0,0,0
50_2,0,0,0,0:0.27/2:0.73,0,0,0,0,0:0.27/1:0.73,0
111_4,0:0.17/2:0.83,0,0,0:0.05/2:0.95,0,0,0:0.17/2:0.83,0,0:0.05/1:0.95,0
162_7,0:0.01/2:0.99,0,0:0.07/2:0.93,2,0,0,0:0.01/2:0.99,0,1,0
216_9,2,0,2,2,0,0,2,1,1,0
216_8,2,2,2,2,0,0,2,0,1,0
156_5,2,1,0,2,1,0,2,0,1,2
202_6,2,1,0,2,1,0,2,0,1,2
216_7,2,1,0,2,1,0,2,0,1,2
216_6,2,1,0,2,1,0,2,2,1,2
199_4,2,1,0,2,1,0,2,1,1,2
216_5,2,1,0,2,1,0,2,1,1,2
216_4,2,1,0,2,1,0,2,1,1,2
108_4,0:0.03/1:0.97,0,0,0:0.01/2:0.99,0:0.03/1:0.97,0:0.03/1:0.97,0,0,0:0.01/1:0.99,0
202_11,1,0,0:0.02/1:0.98,2,1,1,0,0:0.02/1:0.98,1,0
216_15,1,0,1,2,1,1,0,1,1,0
216_14,1,1,1,2,1,1,0,1,1,0
162_8,0:0.02/1:0.98,0,0,0:0.01/2:0.99,0:0.02/1:0.98,0:0.02/1:0.98,0,0,0:0.01/1:0.99,0
209_10,1,0,0:0.02/1:0.98,2,1,1,0,0:0.02/1:0.98,1,0
216_11,1,0,1,2,1,1,0,1,1,2
216_10,1,0,1,2,1,1,0,1,1,0
202_10,1,0:0.11/2:0.89,0:0.11/2:0.89,2,1,1,0,0,1,0
216_13,1,2,2,2,1,1,0,0,1,0
216_12,1,2,2,2,1,1,2,2,1,0
