[&R] (((((((216_13:0,216_14:0)200_9:0,(216_15:0,216_16:0)203_13:0)163_4:1.006,((216_11:0.004,216_12:1.004)200_8:0,(216_9:0,216_10:0)202_7:1.004)166_4:0.001)120_2:3.076,(((216_1:1.331,216_2:1.331)195_1:0.893,(216_3:0,216_4:0)197_3:1.225)163_1:1.117,((216_5:0,216_6:0)207_5:1.37,(216_7:1.17,216_8:0.17)211_7:1.199)166_3:1.972)122_1:0.74)77_1:0.003,(((216_17:0,216_19:0)161_5:0,((216_21:0,216_22:0)201_17:0,216_23:0)164_9:0)125_5:1.201,((216_26:0,216_28:0)174_13:1.197,(216_31:0,216_32:0)200_21:1.197)132_7:0.004)80_3:3.884)38_1:0.011,(216_33:0,216_34:0)175_17:5.095)virtual:4.905)I0;
I0,0,0,0,0,0,0,0,0,0,0
virtual,0,0:0.02/1:0.98,0:0.02/1:0.98,0,0:0.02/1:0.98,0:0.02/1:0.98,0,0,0,0:0.02/1:0.98
175_17,2,1,1,1,1,1,1,1,2,1
216_34,2,1,1,1,1,1,1,1,2,1
216_33,2,1,1,1,1,1,1,1,2,1
38_1,0,0:0.02/1:0.98,0:0.02/1:0.98,0,0:0.02/1:0.98,0:0.02/1:0.98,0,0,0,0:0.02/1:0.98
80_3,0,1,1,0:0.05/1:0.95,1,1,0:0.05/1:0.95,0:0.05/1:0.95,0:0.05/1:0.95,1
132_7,0,1,1,0:0.05/1:0.95,1,1,0:0.05/1:0.95,0:0.05/1:0.95,0:0.05/1:0.95,1
200_21,1,1,1,1,1,1,1,1,1,1
216_32,1,1,1,1,1,1,1,1,1,1
216_31,1,1,1,1,1,1,1,1,1,1
174_13,2,1,1,1,1,1,1,1,1,1
216_28,2,1,1,1,1,1,1,1,1,1
216_26,2,1,1,1,1,1,1,1,1,1
125_5,1,1,1,1,1,1,1,1,1,1
164_9,1,1,1,1,1,1,1,1,1,1
216_23,1,1,1,1,1,1,1,1,1,1
201_17,1,1,1,1,1,1,1,1,1,1
216_22,1,1,1,1,1,1,1,1,1,1
216_21,1,1,1,1,1,1,1,1,1,1
161_5,1,1,1,1,1,1,1,1,1,1
216_19,1,1,1,1,1,1,1,1,1,1
216_17,1,1,1,1,1,1,1,1,1,1
77_1,0,0:0.02/1:0.98,0:0.02/1:0.98,0,0:0.02/1:0.98,0:0.02/1:0.98,0,0,0,0:0.02/1:0.98
122_1,0,0:0.01/1:0.99,0:0.01/1:0.99,0,0:0.01/1:0.99,0:0.01/1:0.99,0,0,0:0.32/2:0.68,0:0.01/1:0.99
166_3,0,1,1,0:0.16/2:0.84,1,1,0:0.16/1:0.84,0,0:0.05/2:0.95,1
211_7,0,1,1,0:0.02/2:0.98,1,1,0:0.02/1:0.98,0:0.12/1:0.88,0:0.01/2:0.99,1
216_8,0,1,1,2,1,1,1,1,2,1
216_7,2,1,1,2,1,1,1,1,2,1
207_5,0,1,1,2,1,1,1,2,2,1
216_6,0,1,1,2,1,1,1,2,2,1
216_5,0,1,1,2,1,1,1,2,2,1
163_1,0,1,1,0,1,1,0,0:0.17/2:0.83,0:0.05/2:0.95,1
197_3,0,1,1,0,1,1,2,2,2,1
216_4,0,1,1,0,1,1,2,2,2,1
216_3,0,1,1,0,1,1,2,2,2,1
195_1,0,1,1,0:0.27/2:0.73,1,1,0,0:0.05/2:0.95,0:0.01/2:0.99,1
216_2,0,1,1,2,1,1,1,2,2,1
216_1,0,1,1,2,1,1,2,2,2,1
120_2,0,1,1,1,1,1,1,1,0,1
166_4,0,1,1,1,1,1,1,1,0,1
202_7,0,1,1,1,1,1,1,1,2,1
216_10,0,1,1,1,1,1,1,1,2,1
216_9,0,1,1,1,1,1,1,1,2,1
200_8,0,1,1,1,1,1,1,1,0,1
216_12,0,1,1,1,1,1,1,1,2,1
216_11,0,1,1,1,1,1,1,1,0,1
163_4,0,1,1,1,1,1,1,1,2,1
203_13,0,1,1,1,1,1,1,1,2,1
216_16,0,1,1,1,1,1,1,1,2,1
216_15,0,1,1,1,1,1,1,1,2,1
200_9,0,1,1,1,1,1,1,1,2,1
216_14,0,1,1,1,1,1,1,1,2,1
216_13,0,1,1,1,1,1,1,1,2,1
