[&R] ((((((216_9:0,216_10:0)207_7:2.415,(216_11:0,216_12:0)209_9:1.415)154_4:1.773,((216_5:0,216_6:0)211_5:0.032,(216_7:0,216_8:0)213_7:1.032)159_3:2.157)104_2:0.011,((216_3:0,216_4:0)170_2:0.091,(216_1:0,216_2:0)174_1:1.091)108_1:5.108)47_1:3.033,(((216_16:0,216_17:0)187_11:1.019,(216_18:1.016,216_19:1.016)188_13:0.002)127_6:5.134,((216_14:0,216_15:0)199_10:1.113,216_13:1.113)136_5:4.04)57_3:0.08)5_1:0.767)I0;
I0,0,0,0,0,0,0,0,0,0,0
5_1,0,0,0,0,0,0,0,0,0,0:0.23/1:0.77
57_3,0,0,0,0,0,0,0:0.94/2:0.06,0,0,0:0.22/1:0.78
136_5,0,0,0,0,0:0.03/1:0.97,0:0.03/2:0.97,0:0.03/2:0.97,0:0.03/1:0.97,0,0:0.01/1:0.99
216_13,0,1,0,0,1,2,2,1,0,1
199_10,0,0,0,1,1,2,2,1,0,1
216_15,0,0,0,1,1,2,2,1,0,1
216_14,0,0,0,1,1,2,2,1,0,1
127_6,2,0,0,2,0,1,2,0,1,1
188_13,2,0,0,2,0,1,2,0,1,1
216_19,2,1,0,2,0,1,2,0,1,1
216_18,2,0,0,2,0,1,2,2,1,1
187_11,2,0,0,2,2,1,2,0,1,1
216_17,2,0,0,2,2,1,2,0,1,1
216_16,2,0,0,2,2,1,2,0,1,1
47_1,0,0:0.06/1:0.94,0,0,0,0,0:0.06/1:0.94,0,0:0.06/1:0.94,0:0.01/1:0.99
108_1,0:0.02/2:0.98,1,0:0.02/2:0.98,0:0.02/1:0.98,0,0:0.02/2:0.98,1,0:0.02/1:0.98,1,1
174_1,2,1,2,1,1,2,1,1,1,1
216_2,2,1,2,1,1,2,1,1,1,1
216_1,2,1,2,1,1,2,1,1,1,1
170_2,2,1,2,1,0,2,1,1,1,1
216_4,2,1,2,1,0,2,1,1,1,1
216_3,2,1,2,1,0,2,1,1,1,1
104_2,0,0:0.06/1:0.94,0,0,0,0,0:0.06/1:0.94,0,0:0.06/1:0.94,0:0.01/1:0.99
159_3,0:0.01/2:0.99,1,0,0:0.01/1:0.99,0,0,1,0,1,1
213_7,2,1,0,1,0,0,1,2,1,1
216_8,2,1,0,1,0,0,1,2,1,1
216_7,2,1,0,1,0,0,1,2,1,1
211_5,2,1,0,1,0,0,1,0,1,1
216_6,2,1,0,1,0,0,1,0,1,1
216_5,2,1,0,1,0,0,1,0,1,1
154_4,0,0:0.01/1:0.99,0:0.19/2:0.81,0,0,0:0.19/2:0.81,0:0.01/1:0.99,0,0:0.01/1:0.99,1
209_9,0,1,2,0,1,2,1,0,1,1
216_12,0,1,2,0,1,2,1,0,1,1
216_11,0,1,2,0,1,2,1,0,1,1
207_7,0,1,2,1,0,2,1,1,1,1
216_10,0,1,2,1,0,2,1,1,1,1
216_9,0,1,2,1,0,2,1,1,1,1
