[&R] ((((((216_17:1.074,216_18:0.074)210_13:4.723,216_23:1.798)132_5:0.299,((216_26:0,216_27:0)206_18:1.152,(216_24:0,216_25:0)211_21:1.152)172_10:2.944)83_3:0.007,(((216_28:0,216_29:0)190_18:0.092,216_31:1.092)149_13:1.042,216_33:0.135)90_5:4.969)42_2:2.897,((((216_9:0,216_10:0)190_5:1.231,216_12:1.231)145_5:0.941,((216_13:0,216_14:0)189_8:3.39,(216_15:1.03,216_16:0.03)189_9:0.36)147_7:0.781)91_2:1.1,(((216_1:0,216_2:0)210_1:1.369,(216_3:0,216_4:0)211_3:1.369)172_1:0.865,((216_5:0,216_6:0)212_5:1.081,(216_7:0,216_8:0)213_7:0.081)177_3:1.153)133_1:2.036)48_1:4.729)virtual:0)I0;
I0,0,0,0,0,0,0,0,0,0,0
virtual,0,0,0,0,0,0,0,0,0,0
48_1,0:0.05/1:0.95,0,0:0.05/1:0.95,0:0.05/1:0.95,0,0,0:0.05/2:0.95,0,0,0:0.05/2:0.95
133_1,0:0.01/1:0.99,0,0:0.01/1:0.99,0:0.01/1:0.99,0,0:0.1/2:0.9,0:0.01/2:0.99,0:0.1/2:0.9,0,0:0.01/2:0.99
177_3,1,0,1,1,0:0.07/1:0.93,0:0.01/2:0.99,2,0:0.01/2:0.99,0,2
213_7,1,0,1,1,1,2,2,2,0,2
216_8,1,0,1,1,1,2,2,2,0,2
216_7,1,0,1,1,1,2,2,2,0,2
212_5,1,0,1,1,1,2,2,2,1,2
216_6,1,0,1,1,1,2,2,2,1,2
216_5,1,0,1,1,1,2,2,2,1,2
172_1,1,0:0.3/2:0.7,1,1,0,0:0.03/2:0.97,2,0:0.03/2:0.97,0,2
211_3,1,2,1,1,0,2,2,2,2,2
216_4,1,2,1,1,0,2,2,2,2,2
216_3,1,2,1,1,0,2,2,2,2,2
210_1,1,2,1,1,0,2,2,2,1,2
216_2,1,2,1,1,0,2,2,2,1,2
216_1,1,2,1,1,0,2,2,2,1,2
91_2,0:0.01/1:0.99,0,0:0.01/1:0.99,0:0.01/1:0.99,0,0,0:0.01/2:0.99,0,0:0.13/2:0.87,0:0.01/2:0.99
147_7,1,0:0.33/1:0.67,1,1,0,0,2,0,0:0.04/2:0.96,2
189_9,1,0:0.03/1:0.97,1,1,0,0,2,0,2,2
216_16,1,1,1,1,0,0,2,0,2,2
216_15,1,1,1,1,0,1,2,0,2,2
189_8,1,1,1,1,2,1,2,2,2,2
216_14,1,1,1,1,2,1,2,2,2,2
216_13,1,1,1,1,2,1,2,2,2,2
145_5,1,0,1,1,0,0,2,0:0.2/2:0.8,0:0.03/2:0.97,2
216_12,1,1,1,1,0,0,2,2,2,2
190_5,1,0,1,1,0,2,2,2,2,2
216_10,1,0,1,1,0,2,2,2,2,2
216_9,1,0,1,1,0,2,2,2,2,2
42_2,0:0.03/2:0.97,0:0.03/2:0.97,0,0,0,0,0,0,0:0.03/1:0.97,0
90_5,2,2,0,0:0.03/1:0.97,0,0:0.03/1:0.97,0:0.03/1:0.97,0:0.03/2:0.97,1,0:0.03/2:0.97
216_33,2,2,0,1,0,1,1,2,1,2
149_13,2,2,0:0.08/2:0.92,1,0,1,1,2,1,2
216_31,2,2,2,1,1,1,1,2,1,2
190_18,2,2,2,1,0,1,1,2,1,2
216_29,2,2,2,1,0,1,1,2,1,2
216_28,2,2,2,1,0,1,1,2,1,2
83_3,0:0.03/2:0.97,0:0.03/2:0.97,0,0,0,0,0,0,0:0.03/1:0.97,0
172_10,2,2,0:0.05/2:0.95,0:0.05/2:0.95,0,0,0,0:0.05/2:0.95,1,0
211_21,2,2,2,2,0,0,0,2,1,2
216_25,2,2,2,2,0,0,0,2,1,2
216_24,2,2,2,2,0,0,0,2,1,2
206_18,2,2,2,2,0,0,2,2,1,0
216_27,2,2,2,2,0,0,2,2,1,0
216_26,2,2,2,2,0,0,2,2,1,0
132_5,0:0.02/2:0.98,0:0.02/2:0.98,0,0,0:0.73/2:0.27,0,0,0,0:0.02/1:0.98,0
216_23,2,2,0,0,2,0,0,0,1,1
210_13,2,2,0,0:0.02/1:0.98,0:0.01/2:0.99,0:0.02/1:0.98,0:0.02/1:0.98,0:0.02/1:0.98,1,0
216_18,2,2,0,1,2,1,1,1,1,0
216_17,2,2,0,1,2,1,1,1,1,1
