cell,r1,r2,r3,r4,r5,r6,r7,r8,r9,r10
I0,0,0,0,0,0,0,0,0,0,0
I1,1,0,0,1,0,0,2,0,0,2
I2,1,0,1,1,0,2,2,2,0,2
I3,1,0,1,1,1,2,2,2,0,2
I4,1,0,1,1,1,2,2,2,0,2
216_8,1,0,1,1,1,2,2,2,0,2
216_7,1,0,1,1,1,2,2,2,0,2
I5,1,0,1,1,1,2,2,2,1,2
216_6,1,0,1,1,1,2,2,2,1,2
216_5,1,0,1,1,1,2,2,2,1,2
I6,1,2,1,1,0,2,2,2,0,2
I7,1,2,1,1,0,2,2,2,2,2
216_4,1,2,1,1,0,2,2,2,2,2
216_3,1,2,1,1,0,2,2,2,2,2
I8,1,2,1,1,0,2,2,2,1,2
216_2,1,2,1,1,0,2,2,2,1,2
216_1,1,2,1,1,0,2,2,2,1,2
I9,1,0,1,1,0,0,2,0,2,2
I10,1,1,1,1,0,0,2,0,2,2
I11,1,1,1,1,0,0,2,0,2,2
216_16,1,1,1,1,0,0,2,0,2,2
216_15,1,1,1,1,0,1,2,0,2,2
I12,1,1,1,1,2,1,2,2,2,2
216_14,1,1,1,1,2,1,2,2,2,2
216_13,1,1,1,1,2,1,2,2,2,2
I13,1,0,1,1,0,0,2,2,2,2
216_12,1,1,1,1,0,0,2,2,2,2
I14,1,0,1,1,0,2,2,2,2,2
216_10,1,0,1,1,0,2,2,2,2,2
216_9,1,0,1,1,0,2,2,2,2,2
I15,2,2,0,0,0,0,0,0,0,0
I16,2,2,0,1,0,1,1,2,0,2
216_33,2,2,0,1,0,1,1,2,1,2
I17,2,2,2,1,0,1,1,2,1,2
216_31,2,2,2,1,1,1,1,2,1,2
I18,2,2,2,1,0,1,1,2,1,2
216_29,2,2,2,1,0,1,1,2,1,2
216_28,2,2,2,1,0,1,1,2,1,2
I19,2,2,0,0,0,0,0,0,1,0
I20,2,2,2,2,0,0,0,2,1,0
I21,2,2,2,2,0,0,0,2,1,2
216_25,2,2,2,2,0,0,0,2,1,2
216_24,2,2,2,2,0,0,0,2,1,2
I22,2,2,2,2,0,0,2,2,1,0
216_27,2,2,2,2,0,0,2,2,1,0
216_26,2,2,2,2,0,0,2,2,1,0
I23,2,2,0,0,2,0,0,0,1,0
216_23,2,2,0,0,2,0,0,0,1,1
I24,2,2,0,1,2,1,1,1,1,0
216_18,2,2,0,1,2,1,1,1,1,0
216_17,2,2,0,1,2,1,1,1,1,1
Evolve tree: [&R] (((((216_17:6,216_18:6)I24:78,216_23:84)I23:49,((216_26:10,216_27:10)I22:34,(216_24:5,216_25:5)I21:39)I20:89)I19:41,(((216_28:26,216_29:26)I18:41,216_31:67)I17:59,216_33:126)I16:48)I15:41,((((216_9:26,216_10:26)I14:45,216_12:71)I13:54,((216_13:27,216_14:27)I12:42,(216_15:27,216_16:27)I11:42)I10:56)I9:43,(((216_1:6,216_2:6)I8:38,(216_3:5,216_4:5)I7:39)I6:39,((216_5:4,216_6:4)I5:35,(216_7:3,216_8:3)I4:36)I3:44)I2:85)I1:47)I0;