[&R] ((((((216_12:0,216_13:0)183_13:1.008,(216_10:1.024,216_11:0.024)189_11:0.984)135_6:0.018,(216_8:1.054,216_9:0.054)181_9:3.973)89_3:0.004,(((216_14:0,216_15:0)193_14:1.001,216_16:0.001)138_9:0.002,((216_19:0.177,216_20:2.177)189_17:0.825,(216_17:0.047,216_18:1.047)199_18:0.956)139_11:0.001)94_5:2.027)46_2:3.969,(((216_6:1.017,216_7:0.017)169_5:1.621,(216_4:0.044,216_5:1.044)172_5:4.594)104_2:1.806,((216_2:1.096,216_3:3.096)167_2:0.006,216_1:3.102)114_1:3.342)46_1:0.556)virtual:0)I0;
I0,0,0,0,0,0,0,0,0,0,0
virtual,0,0,0,0,0,0,0,0,0,0
46_1,0,0,0,0,0,0,0,0,0,0:0.44/2:0.56
114_1,0,0,0:0.03/1:0.97,0:0.03/2:0.97,0,0,0,0,0:0.03/2:0.97,0:0.01/2:0.99
216_1,0,0,1,2,2,0,2,2,2,2
167_2,0,0,0:0.03/1:0.97,0:0.03/2:0.97,0,0,0,0,0:0.03/2:0.97,0:0.01/2:0.99
216_3,2,0,1,2,2,0,1,0,2,2
216_2,1,0,1,2,0,0,0,0,2,2
104_2,0:0.26/2:0.74,0,0,0,0,0,0,0:0.26/1:0.74,0,0:0.12/2:0.88
172_5,2,0:0.01/2:0.99,0:0.01/2:0.99,0,0:0.01/1:0.99,0:0.01/1:0.99,0,1,0,2
216_5,2,2,2,0,1,1,1,1,0,2
216_4,2,2,2,0,1,1,0,1,0,2
169_5,2,0,0,0:0.01/1:0.99,0,0,0,1,0,2
216_7,2,0,0,1,0,0,0,1,0,2
216_6,2,2,0,1,0,0,0,1,0,2
46_2,0,0,0:0.01/2:0.99,0:0.01/2:0.99,0:0.01/2:0.99,0,0,0,0:0.01/2:0.99,0
94_5,1,0,2,2,2,0,0,1,2,0
139_11,1,0,2,2,2,0,0,1,2,0
199_18,1,0,2,2,2,0,0:0.05/1:0.95,1,2,0
216_18,1,1,2,2,2,0,1,1,2,0
216_17,1,0,2,2,2,0,1,1,2,0
189_17,1,0,2,2,2,0:0.18/1:0.82,0,1,2,0
216_20,1,0,2,2,2,1,1,1,2,1
216_19,1,0,2,2,2,1,0,1,2,0
138_9,1,0,2,2,2,0,0,1,2,0
216_16,1,0,2,2,2,0,0,1,2,0
193_14,1,0,2,2,2,0,0,1,2,2
216_15,1,0,2,2,2,0,0,1,2,2
216_14,1,0,2,2,2,0,0,1,2,2
89_3,0,0,0:0.01/2:0.99,0:0.01/2:0.99,0:0.01/2:0.99,0,0,0,0:0.01/2:0.99,0
181_9,0,0:0.01/1:0.99,2,2,2,0:0.01/2:0.99,0:0.01/1:0.99,0:0.01/2:0.99,2,0
216_9,0,1,2,2,2,2,1,2,2,0
216_8,1,1,2,2,2,2,1,2,2,0
135_6,0,0,2,2,2,0,0,0,2,0
189_11,0:0.02/2:0.98,0,2,2,2,0,0,0,2,0
216_11,2,0,2,2,2,0,0,0,2,0
216_10,2,0,2,2,2,1,0,0,2,0
183_13,0,0,2,2,2,0,0,0,2,1
216_13,0,0,2,2,2,0,0,0,2,1
216_12,0,0,2,2,2,0,0,0,2,1
