[&R] ((((((216_12:1.048,216_13:0.048)183_13:1.121,(216_10:1.234,216_11:1.234)189_11:0.935)135_6:1.309,(216_8:0.33,216_9:2.33)181_9:3.148)89_3:0.635,(((216_14:0.016,216_15:1.016)193_14:0.247,216_16:3.263)138_9:0.858,((216_19:0,216_20:0)189_17:0.149,(216_17:0,216_18:0)199_18:2.149)139_11:0.972)94_5:0.992)46_2:3.839,(((216_6:1.077,216_7:0.077)169_5:1.04,(216_4:0,216_5:0)172_5:0.117)104_2:2.999,((216_2:0,216_3:0)167_2:1.112,216_1:2.112)114_1:0.004)46_1:4.835)virtual:0.048)I0;
I0,0,0,0,0,0,0,0,0,0,0
virtual,0,0,0,0,0,0,0,0,0:0.95/2:0.05,0
46_1,0:0.02/2:0.98,0,0,0,0:0.02/1:0.98,0:0.02/1:0.98,0,0,0:0.02/2:0.98,0:0.02/1:0.98
114_1,0:0.02/2:0.98,0,0,0,0:0.02/1:0.98,0:0.02/1:0.98,0,0,0:0.02/2:0.98,0:0.02/1:0.98
216_1,2,2,0,0,1,1,0,2,2,1
167_2,2,0,1,0,1,1,0,0,2,1
216_3,2,0,1,0,1,1,0,0,2,1
216_2,2,0,1,0,1,1,0,0,2,1
104_2,2,0:0.04/1:0.96,0,0:0.04/2:0.96,1,1,0:0.04/2:0.96,0,2,1
172_5,2,1,0,2,1,1,2,0,2,1
216_5,2,1,0,2,1,1,2,0,2,1
216_4,2,1,0,2,1,1,2,0,2,1
169_5,2,1,0:0.07/2:0.93,2,1,1,2,0,2,1
216_7,2,1,2,2,1,1,2,0,2,1
216_6,2,1,2,2,1,1,2,1,2,1
46_2,0,0:0.03/2:0.97,0,0:0.03/1:0.97,0,0,0:0.03/1:0.97,0,0:0.03/2:0.97,0
94_5,0,2,0,1,0,0,1,0:0.11/1:0.89,2,0
139_11,0,2,0,1,0,0:0.13/2:0.87,1,0:0.01/1:0.99,2,0
199_18,0,2,2,1,0,2,1,1,2,2
216_18,0,2,2,1,0,2,1,1,2,2
216_17,0,2,2,1,0,2,1,1,2,2
189_17,0,2,0,1,0,2,1,1,2,0
216_20,0,2,0,1,0,2,1,1,2,0
216_19,0,2,0,1,0,2,1,1,2,0
138_9,0,2,0,1,0:0.23/1:0.77,0,1,0:0.03/1:0.97,2,0
216_16,1,2,2,1,1,1,1,1,2,0
193_14,0,2,0,1,0:0.01/1:0.99,0,1,1,2,0
216_15,0,2,0,1,1,1,1,1,2,0
216_14,0,2,0,1,1,0,1,1,2,0
89_3,0,0:0.01/2:0.99,0:0.43/2:0.57,0:0.01/1:0.99,0,0,0:0.01/1:0.99,0,0:0.01/2:0.99,0
181_9,0:0.09/2:0.91,2,0:0.04/2:0.96,1,0,0:0.09/1:0.91,1,0:0.09/1:0.91,2,0
216_9,2,2,2,1,1,1,1,1,2,2
216_8,2,2,2,1,0,1,1,1,2,0
135_6,0,2,0:0.05/2:0.95,1,0,0,1,0,2,0:0.11/2:0.89
189_11,0:0.2/1:0.8,2,0:0.01/2:0.99,1,0,0,1,0,2,0:0.02/2:0.98
216_11,1,2,2,1,2,0,1,0,2,2
216_10,1,2,2,1,0,2,1,0,2,2
183_13,0,2,2,1,0,0:0.04/1:0.96,1,0,2,2
216_13,0,2,2,1,0,1,1,0,2,2
216_12,1,2,2,1,0,1,1,0,2,2
