[&R] ((((((216_12:0,216_13:0)183_13:1.086,(216_10:0.099,216_11:2.099)189_11:0.987)135_6:1.139,(216_8:0,216_9:0)181_9:3.225)89_3:1.007,(((216_14:0,216_15:0)193_14:0.014,216_16:2.014)138_9:0.007,((216_19:0,216_20:0)189_17:3.405,(216_17:0.035,216_18:1.035)199_18:1.37)139_11:0.616)94_5:3.212)46_2:0.767,(((216_6:0,216_7:0)169_5:0.06,(216_4:1.037,216_5:0.037)172_5:1.023)104_2:2.15,((216_2:0.012,216_3:1.012)167_2:0.148,216_1:3.16)114_1:1.049)46_1:3.79)virtual:0)I0;
I0,0,0,0,0,0,0,0,0,0,0
virtual,0,0,0,0,0,0,0,0,0,0
46_1,0,0:0.05/1:0.95,0:0.05/2:0.95,0,0,0:0.05/1:0.95,0,0,0:0.05/2:0.95,0
114_1,0,0:0.01/1:0.99,0:0.01/2:0.99,0,0,0:0.01/1:0.99,0:0.13/1:0.87,0,0:0.01/2:0.99,0
216_1,1,1,2,0,2,1,1,1,2,0
167_2,0,1,2,0,0,1,0:0.01/1:0.99,0,2,0
216_3,0,1,2,0,2,1,1,0,2,0
216_2,0,1,2,0,0,1,1,0,2,0
104_2,0,1,2,0,0,1,0:0.03/2:0.97,0:0.03/1:0.97,2,0
172_5,0,1,2,0,0:0.03/2:0.97,1,2,1,2,0
216_5,0,1,2,0,2,1,2,1,2,0
216_4,0,1,2,2,2,1,2,1,2,0
169_5,0,1,2,0,0,1,2,1,2,0
216_7,0,1,2,0,0,1,2,1,2,0
216_6,0,1,2,0,0,1,2,1,2,0
46_2,0:0.23/1:0.77,0,0,0,0,0,0,0,0,0
94_5,1,0:0.01/2:0.99,0,0,0,0,0,0,0:0.01/2:0.99,0:0.01/2:0.99
139_11,1,2,0,0,0:0.4/1:0.6,0,0,0,2,2
199_18,1,2,0,0,0:0.01/1:0.99,0:0.02/2:0.98,0,0,2,2
216_18,1,2,0,2,1,2,0,0,2,2
216_17,1,2,0,0,1,2,0,0,2,2
189_17,1,2,2,0,1,0,2,2,2,2
216_20,1,2,2,0,1,0,2,2,2,2
216_19,1,2,2,0,1,0,2,2,2,2
138_9,1,2,0,0,0,0,0,0,2,2
216_16,1,2,0,0,2,1,0,0,2,2
193_14,1,2,0,0,0,0,0,0,2,2
216_15,1,2,0,0,0,0,0,0,2,2
216_14,1,2,0,0,0,0,0,0,2,2
89_3,0:0.04/1:0.96,0,0,0:0.18/2:0.82,0,0,0,0,0,0
181_9,1,0,0,2,2,0,1,2,0,0
216_9,1,0,0,2,2,0,1,2,0,0
216_8,1,0,0,2,2,0,1,2,0,0
135_6,1,0,0:0.07/1:0.93,0:0.01/2:0.99,0,0,0,0,0,0
189_11,1,0,0:0.01/1:0.99,2,0:0.09/2:0.91,0,0,0,0,0
216_11,1,0,1,2,2,0,0,2,1,0
216_10,1,0,1,2,2,0,0,0,0,0
183_13,1,0,1,2,0,0,2,0,0,0
216_13,1,0,1,2,0,0,2,0,0,0
216_12,1,0,1,2,0,0,2,0,0,0
