[&R] ((((((216_17:0,216_18:0)210_13:1.798,216_23:3.798)132_5:1.698,((216_26:0,216_27:0)206_18:1.159,(216_24:0,216_25:0)211_21:1.159)172_10:2.338)83_3:0.686,(((216_28:0,216_29:0)190_18:2.085,216_31:1.085)149_13:0.004,216_33:3.089)90_5:2.093)42_2:2.099,((((216_9:1.016,216_10:0.016)190_5:1.142,216_12:3.158)145_5:0.005,((216_13:0,216_14:0)189_8:0.119,(216_15:1.079,216_16:0.079)189_9:1.04)147_7:4.045)91_2:1.025,(((216_1:0.049,216_2:1.049)210_1:1.334,(216_3:0,216_4:0)211_3:2.383)172_1:0.891,((216_5:1.072,216_6:0.072)212_5:1.164,(216_7:0,216_8:0)213_7:1.236)177_3:2.037)133_1:1.915)48_1:2.093)virtual:0.718)I0;
I0,0,0,0,0,0,0,0,0,0,0
virtual,0:0.28/1:0.72,0,0,0,0,0,0,0,0,0
48_1,0:0.02/1:0.98,0:0.08/1:0.92,0,0,0,0,0:0.08/1:0.92,0,0,0
133_1,1,0:0.01/1:0.99,0,0,0:0.12/1:0.88,0,0:0.01/1:0.99,0,0:0.12/2:0.88,0
177_3,1,1,0,0:0.1/2:0.9,0:0.01/1:0.99,0,1,0:0.1/2:0.9,0:0.01/2:0.99,0
213_7,1,1,0,2,1,1,1,2,2,0
216_8,1,1,0,2,1,1,1,2,2,0
216_7,1,1,0,2,1,1,1,2,2,0
212_5,1,1,0,0:0.01/2:0.99,1,0:0.06/2:0.94,1,0:0.01/2:0.99,2,0
216_6,1,1,0,2,1,2,1,2,2,0
216_5,1,1,1,2,1,2,1,2,2,0
172_1,1,1,0:0.3/2:0.7,0,0:0.04/1:0.96,0,1,0,0:0.04/2:0.96,0
211_3,1,1,2,1,1,2,1,0,2,0
216_4,1,1,2,1,1,2,1,0,2,0
216_3,1,1,2,1,1,2,1,0,2,0
210_1,1,1,0:0.01/2:0.99,0,1,0,1,0,2,0:0.04/1:0.96
216_2,1,1,2,0,1,1,1,0,2,1
216_1,1,1,2,0,1,0,1,0,2,1
91_2,1,0:0.01/1:0.99,0,0,0,0,0:0.01/1:0.99,0,0:0.14/1:0.86,0
147_7,1,1,0:0.03/2:0.97,0,0:0.03/2:0.97,0,1,0:0.03/1:0.97,1,0:0.03/2:0.97
189_9,1,1,2,0,2,0:0.07/1:0.93,1,1,1,2
216_16,1,1,2,0,2,1,1,1,1,2
216_15,1,1,2,2,2,1,1,1,1,2
189_8,1,1,2,0,2,0,1,1,1,2
216_14,1,1,2,0,2,0,1,1,1,2
216_13,1,1,2,0,2,0,1,1,1,2
145_5,1,0:0.01/1:0.99,0,0,0,0,0:0.01/1:0.99,0,0:0.13/1:0.87,0
216_12,1,1,1,2,1,0,1,0,1,0
190_5,1,1,0,0,0:0.01/2:0.99,0,1,0,1,0
216_10,1,1,0,0,2,0,1,0,1,0
216_9,1,1,0,1,2,0,1,0,1,0
42_2,0:0.02/1:0.98,0,0:0.08/2:0.92,0,0,0,0,0:0.08/2:0.92,0,0
90_5,1,0,2,0,0,0:0.04/2:0.96,0,2,0:0.04/1:0.96,0
216_33,1,1,2,2,2,2,0,2,1,0
149_13,1,0,2,0,0,0:0.04/2:0.96,0,2,0:0.04/1:0.96,0
216_31,1,2,2,0,0,2,0,2,1,0
190_18,1,1,2,0,0,2,0,2,1,2
216_29,1,1,2,0,0,2,0,2,1,2
216_28,1,1,2,0,0,2,0,2,1,2
83_3,0:0.01/1:0.99,0:0.42/1:0.58,0:0.03/2:0.97,0,0,0,0,0:0.03/2:0.97,0,0
172_10,1,0:0.03/1:0.97,2,0:0.06/2:0.94,0,0,0,2,0,0:0.06/1:0.94
211_21,1,1,2,2,0,0,2,2,0,1
216_25,1,1,2,2,0,0,2,2,0,1
216_24,1,1,2,2,0,0,2,2,0,1
206_18,1,1,2,2,0,0,0,2,2,1
216_27,1,1,2,2,0,0,0,2,2,1
216_26,1,1,2,2,0,0,0,2,2,1
132_5,1,0:0.13/1:0.87,0:0.01/2:0.99,0,0:0.32/1:0.68,0,0,0:0.01/2:0.99,0:0.32/1:0.68,0
216_23,1,1,2,2,1,0,2,2,1,2
210_13,1,1,2,0,1,2,0,2,1,0
216_18,1,1,2,0,1,2,0,2,1,0
216_17,1,1,2,0,1,2,0,2,1,0
