[&R] ((((((216_17:0,216_18:0)210_13:1.209,216_23:1.21)132_5:0.979,((216_26:0,216_27:0)206_18:0,(216_24:0,216_25:0)211_21:0)172_10:1.188)83_3:3.119,(((216_28:0,216_29:0)190_18:1.022,216_31:0.022)149_13:1.689,216_33:4.712)90_5:0.596)42_2:2.139,((((216_9:0,216_10:0)190_5:1.051,216_12:0.051)145_5:1.106,((216_13:2.025,216_14:0.025)189_8:0.004,(216_15:0,216_16:0)189_9:1.029)147_7:1.128)91_2:2.184,(((216_1:0,216_2:0)210_1:1,(216_3:0,216_4:0)211_3:0)172_1:0,((216_5:0,216_6:0)212_5:1,(216_7:0,216_8:0)213_7:0)177_3:0)133_1:1.341)48_1:3.106)virtual:0.553)I0;
I0,0,0,0,0,0,0,0,0,0,0
virtual,0,0,0:0.45/2:0.55,0,0,0,0,0,0,0
48_1,0,0:0.1/1:0.9,0:0.04/2:0.96,0,0,0,0:0.1/2:0.9,0,0,0:0.1/1:0.9
133_1,0,1,2,0,0,1,2,0,0,1
177_3,0,1,2,0,0,1,2,0,0,1
213_7,0,1,2,0,0,1,2,0,0,1
216_8,0,1,2,0,0,1,2,0,0,1
216_7,0,1,2,0,0,1,2,0,0,1
212_5,0,1,2,0,0,1,2,0,1,1
216_6,0,1,2,0,0,1,2,0,1,1
216_5,0,1,2,0,0,1,2,0,1,1
172_1,0,1,2,0,0,1,2,0,0,1
211_3,0,1,2,0,0,1,2,0,0,1
216_4,0,1,2,0,0,1,2,0,0,1
216_3,0,1,2,0,0,1,2,0,0,1
210_1,0,1,2,2,0,1,2,0,0,1
216_2,0,1,2,2,0,1,2,0,0,1
216_1,0,1,2,2,0,1,2,0,0,1
91_2,0,0:0.01/1:0.99,2,0,0:0.07/2:0.93,0,0:0.01/2:0.99,0:0.07/2:0.93,0,0:0.01/1:0.99
147_7,0,1,2,0:0.03/1:0.97,2,0,2,2,0,1
189_9,2,1,2,1,2,0,2,2,0,1
216_16,2,1,2,1,2,0,2,2,0,1
216_15,2,1,2,1,2,0,2,2,0,1
189_8,0,1,2,0:0.02/1:0.98,2,0,2,2,0,1
216_14,0,1,2,1,2,0,2,2,0,1
216_13,1,1,2,1,2,0,2,2,1,1
145_5,0,1,2,0,2,0,2,2,0:0.04/1:0.96,1
216_12,0,1,2,0,2,0,2,2,1,1
190_5,2,1,2,0,2,0,2,2,1,1
216_10,2,1,2,0,2,0,2,2,1,1
216_9,2,1,2,0,2,0,2,2,1,1
42_2,0,0,0:0.06/2:0.94,0:0.13/2:0.87,0:0.13/1:0.87,0,0,0,0,0
90_5,0,0,0:0.03/2:0.97,0:0.07/2:0.93,0:0.07/1:0.93,0,0:0.54/2:0.46,0,0,0
216_33,0,2,2,2,1,0,2,1,1,2
149_13,0,0:0.01/1:0.99,2,2,1,0,0:0.01/2:0.99,0,0,0
216_31,0,1,2,2,1,0,2,0,0,0
190_18,0,1,2,2,1,0,2,0,2,0
216_29,0,1,2,2,1,0,2,0,2,0
216_28,0,1,2,2,1,0,2,0,2,0
83_3,0,0,2,0:0.01/2:0.99,0:0.01/1:0.99,0,0:0.06/1:0.94,0:0.06/2:0.94,0,0:0.06/1:0.94
172_10,1,0,2,2,1,0,1,2,0,1
211_21,1,0,2,2,1,0,1,2,0,1
216_25,1,0,2,2,1,0,1,2,0,1
216_24,1,0,2,2,1,0,1,2,0,1
206_18,1,0,2,2,1,0,1,2,0,1
216_27,1,0,2,2,1,0,1,2,0,1
216_26,1,0,2,2,1,0,1,2,0,1
132_5,0,0:0.18/2:0.82,2,2,1,0,0:0.01/1:0.99,0:0.01/2:0.99,0,0:0.01/1:0.99
216_23,0,2,2,2,1,0,1,2,2,1
210_13,0,2,2,2,1,0,1,2,1,1
216_18,0,2,2,2,1,0,1,2,1,1
216_17,0,2,2,2,1,0,1,2,1,1
