[&R] ((((((216_17:0,216_18:0)210_13:1.073,216_23:1.073)132_5:1.953,((216_26:1,216_27:0)206_18:0,(216_24:1,216_25:0)211_21:0)172_10:2.025)83_3:0.002,(((216_28:0,216_29:0)190_18:0.118,216_31:2.118)149_13:2.487,216_33:3.606)90_5:1.422)42_2:0.973,((((216_9:0.003,216_10:1.003)190_5:0.001,216_12:1.004)145_5:2.39,((216_13:0.037,216_14:1.037)189_8:2.131,(216_15:0,216_16:0)189_9:0.169)147_7:2.226)91_2:1.105,(((216_1:0,216_2:0)210_1:0,(216_3:0,216_4:0)211_3:0)172_1:2.424,((216_5:0,216_6:0)212_5:0,(216_7:0,216_8:0)213_7:0)177_3:1.424)133_1:5.075)48_1:1.501)virtual:0)I0;
I0,0,0,0,0,0,0,0,0,0,0
virtual,0,0,0,0,0,0,0,0,0,0
48_1,0,0:0.25/2:0.75,0,0,0,0,0,0:0.25/2:0.75,0,0
133_1,0:0.08/1:0.92,0:0.02/2:0.98,0:0.08/1:0.92,0,0:0.08/1:0.92,0:0.08/1:0.92,0,0:0.02/2:0.98,0:0.08/2:0.92,0
177_3,1,2,1,0,1,1,0,2,2,1
213_7,1,2,1,0,1,1,0,2,2,1
216_8,1,2,1,0,1,1,0,2,2,1
216_7,1,2,1,0,1,1,0,2,2,1
212_5,1,2,1,0,1,1,0,2,2,1
216_6,1,2,1,0,1,1,0,2,2,1
216_5,1,2,1,0,1,1,0,2,2,1
172_1,1,2,1,2,1,1,1,2,2,0
211_3,1,2,1,2,1,1,1,2,2,0
216_4,1,2,1,2,1,1,1,2,2,0
216_3,1,2,1,2,1,1,1,2,2,0
210_1,1,2,1,2,1,1,1,2,2,0
216_2,1,2,1,2,1,1,1,2,2,0
216_1,1,2,1,2,1,1,1,2,2,0
91_2,0,0:0.07/2:0.93,0,0,0,0,0:0.26/2:0.74,0:0.07/2:0.93,0,0
147_7,0,2,0:0.07/2:0.93,0,0:0.07/1:0.93,0,0:0.02/2:0.98,2,0,0
189_9,0,2,2,0,1,0,2,2,0,0
216_16,0,2,2,0,1,0,2,2,0,0
216_15,0,2,2,0,1,0,2,2,0,0
189_8,0:0.02/1:0.98,2,2,0,1,0:0.02/2:0.98,2,2,0,0
216_14,1,2,2,2,1,2,2,2,0,0
216_13,1,2,2,0,1,2,2,2,0,0
145_5,2,2,0,2,0,0,2,2,0,0
216_12,2,2,0,2,0,0,2,2,0,1
190_5,2,2,0,2,0,0,2,2,0,0
216_10,2,2,0,2,0,0,2,2,1,0
216_9,2,2,0,2,0,0,2,2,0,0
42_2,0,0,0:0.03/1:0.97,0,0,0,0,0,0,0
90_5,0,0,0:0.01/1:0.99,0,0:0.3/1:0.7,0,0,0:0.3/2:0.7,0,0
216_33,0,1,1,0,1,1,0,2,0,1
149_13,0:0.05/2:0.95,0,1,0,0:0.01/1:0.99,0,0,0:0.01/2:0.99,0:0.05/2:0.95,0
216_31,2,0,1,0,1,2,0,2,2,1
190_18,2,0,1,0,1,0,0,2,2,0
216_29,2,0,1,0,1,0,0,2,2,0
216_28,2,0,1,0,1,0,0,2,2,0
83_3,0,0,0:0.03/1:0.97,0,0,0,0,0,0,0
172_10,0,0,1,1,0,0,0,0,2,0
211_21,0,0,1,1,0,0,0,0,2,0
216_25,0,0,1,1,0,0,0,0,2,0
216_24,2,0,1,1,0,0,0,0,2,0
206_18,0,0,1,1,0,0,0,0,2,0
216_27,0,0,1,1,0,0,0,0,2,0
216_26,0,2,1,1,0,0,0,0,2,0
132_5,0:0.04/1:0.96,0:0.04/1:0.96,1,0,0,0,0,0,0,0
216_23,1,1,1,0,0,0,1,0,0,0
210_13,1,1,1,0,0,1,0,0,0,0
216_18,1,1,1,0,0,1,0,0,0,0
216_17,1,1,1,0,0,1,0,0,0,0
