[&R] ((((((216_17:0,216_18:0)210_13:1.095,216_23:4.095)132_5:0.004,((216_26:0,216_27:0)206_18:1.161,(216_24:0,216_25:0)211_21:1.161)172_10:1.938)83_3:1.083,(((216_28:1.008,216_29:1.008)190_18:0.002,216_31:0.01)149_13:2.597,216_33:2.608)90_5:1.575)42_2:2.817,((((216_9:0,216_10:0)190_5:0.025,216_12:1.025)145_5:2.994,((216_13:1.007,216_14:0.007)189_8:0.002,(216_15:0,216_16:0)189_9:1.01)147_7:5.009)91_2:0.053,(((216_1:0,216_2:0)210_1:1.128,(216_3:1.035,216_4:0.035)211_3:1.093)172_1:2.484,((216_5:0,216_6:0)212_5:0,(216_7:0,216_8:0)213_7:0)177_3:3.611)133_1:0.461)48_1:1.928)virtual:0)I0;
I0,0,0,0,0,0,0,0,0,0,0
virtual,0,0,0,0,0,0,0,0,0,0
48_1,0,0,0,0,0,0:0.04/2:0.96,0:0.04/2:0.96,0,0,0
133_1,0:0.57/1:0.43,0,0,0,0,0:0.02/2:0.98,0:0.02/2:0.98,0,0,0
177_3,1,0,0,0,2,2,2,2,0,2
213_7,1,0,0,0,2,2,2,2,0,2
216_8,1,0,0,0,2,2,2,2,0,2
216_7,1,0,0,0,2,2,2,2,0,2
212_5,1,0,0,0,2,2,2,2,0,2
216_6,1,0,0,0,2,2,2,2,0,2
216_5,1,0,0,0,2,2,2,2,0,2
172_1,0:0.03/1:0.97,0,0,0,0:0.05/1:0.95,2,2,0,0:0.05/2:0.95,0
211_3,1,0,0:0.03/1:0.97,0,1,2,2,0,2,0
216_4,1,0,1,0,1,2,2,0,2,0
216_3,1,0,1,0,1,2,2,0,2,1
210_1,1,0,0,0,1,2,2,0,2,1
216_2,1,0,0,0,1,2,2,0,2,1
216_1,1,0,0,0,1,2,2,0,2,1
91_2,0,0,0,0,0,0:0.03/2:0.97,0:0.03/2:0.97,0,0:0.95/1:0.05,0
147_7,0,2,1,1,2,2,2,0,1,0
189_9,0,2,1,1,2,2,2,0,1,2
216_16,0,2,1,1,2,2,2,0,1,2
216_15,0,2,1,1,2,2,2,0,1,2
189_8,0,2,1,1,2,2,2,0,1,0
216_14,0,2,1,1,2,2,2,0,1,0
216_13,0,2,1,1,2,2,2,0,1,1
145_5,0,0,0,0,0,2,2,0:0.01/1:0.99,0:0.01/1:0.99,0:0.01/2:0.99
216_12,0,0,0,1,0,2,2,1,1,2
190_5,0,0,0,0,0,2,2,1,1,2
216_10,0,0,0,0,0,2,2,1,1,2
216_9,0,0,0,0,0,2,2,1,1,2
42_2,0,0,0,0,0:0.06/1:0.94,0:0.06/1:0.94,0,0,0:0.06/1:0.94,0
90_5,0:0.28/2:0.72,0:0.28/2:0.72,0,0,0:0.02/1:0.98,0:0.02/1:0.98,0,0,0:0.02/1:0.98,0
216_33,2,2,0,0,1,1,0,1,1,1
149_13,2,2,2,0,1,1,1,0,1,0
216_31,2,2,2,0,1,1,1,0,1,0
190_18,2,2,2,0,1,1,1,0,1,0
216_29,2,2,2,0,1,1,1,0,1,1
216_28,2,2,2,1,1,1,1,0,1,0
83_3,0,0,0,0,0:0.01/1:0.99,0:0.01/1:0.99,0,0:0.08/1:0.92,0:0.01/1:0.99,0
172_10,0,0,0,0:0.08/2:0.92,1,1,0,0:0.01/1:0.99,1,0:0.08/2:0.92
211_21,1,0,0,2,1,1,0,1,1,2
216_25,1,0,0,2,1,1,0,1,1,2
216_24,1,0,0,2,1,1,0,1,1,2
206_18,0,2,0,2,1,1,0,1,1,2
216_27,0,2,0,2,1,1,0,1,1,2
216_26,0,2,0,2,1,1,0,1,1,2
132_5,0,0,0,0,1,1,0,0:0.08/1:0.92,1,0
216_23,0,1,0,1,1,1,1,1,1,2
210_13,1,0,0,0,1,1,0,1,1,0
216_18,1,0,0,0,1,1,0,1,1,0
216_17,1,0,0,0,1,1,0,1,1,0
