cell,r0,r1,r2,r3,r4,r5,r6,r7,r8,r9,r10,r11,r12,r13,r14,r15,r16,r17,r18,r19,r20,r21,r22,r23,r24,r25,r26,r27,r28,r29,r30,r31,r32,r33,r34,r35,r36,r37,r38,r39,r40,r41,r42,r43,r44,r45,r46,r47,r48,r49,r50,r51,r52,r53,r54,r55,r56,r57,r58,r59,r60,r61,r62,r63,r64,r65,r66,r67,r68,r69,r70,r71,r72,r73,r74,r75,r76,r77,r78,r79,r80,r81,r82,r83,r84,r85,r86,r87,r88,r89,r90,r91,r92,r93,r94,r95,r96,r97,r98,r99,r100,r101,r102,r103,r104,r105,r106,r107,r108,r109,r110,r111,r112,r113,r114,r115,r116,r117,r118,r119,r120,r121,r122,r123,r124,r125,r126,r127,r128,r129,r130,r131,r132,r133,r134,r135,r136,r137,r138,r139,r140,r141,r142,r143,r144,r145,r146,r147,r148,r149,r150,r151,r152,r153,r154,r155,r156,r157,r158,r159,r160,r161,r162,r163,r164,r165,r166,r167,r168,r169,r170,r171,r172,r173,r174,r175,r176,r177,r178,r179,r180,r181,r182,r183,r184,r185,r186,r187,r188,r189,r190,r191,r192,r193,r194,r195,r196,r197,r198,r199
I0,0,0,0,0,0,0,0,0,0,0,0,0,0,0,0,0,0,0,0,0,0,0,0,0,0,0,0,0,0,0,0,0,0,0,0,0,0,0,0,0,0,0,0,0,0,0,0,0,0,0,0,0,0,0,0,0,0,0,0,0,0,0,0,0,0,0,0,0,0,0,0,0,0,0,0,0,0,0,0,0,0,0,0,0,0,0,0,0,0,0,0,0,0,0,0,0,0,0,0,0,0,0,0,0,0,0,0,0,0,0,0,0,0,0,0,0,0,0,0,0,0,0,0,0,0,0,0,0,0,0,0,0,0,0,0,0,0,0,0,0,0,0,0,0,0,0,0,0,0,0,0,0,0,0,0,0,0,0,0,0,0,0,0,0,0,0,0,0,0,0,0,0,0,0,0,0,0,0,0,0,0,0,0,0,0,0,0,0,0,0,0,0,0,0,0,0,0,0,0,0
I1,2,0,0,1,0,1,0,1,1,0,1,2,0,2,1,0,0,0,0,0,0,1,0,0,1,0,0,0,0,1,0,0,2,1,0,0,2,0,0,0,0,0,0,0,0,2,2,0,0,0,0,0,0,0,0,0,0,2,0,2,0,0,0,0,1,0,0,2,1,0,0,2,0,2,1,0,2,2,0,0,0,0,2,2,0,0,2,0,0,0,0,0,0,0,0,0,0,0,2,0,0,0,0,2,0,0,0,0,2,0,2,0,2,0,0,0,1,0,0,0,0,0,0,2,0,1,0,0,0,0,0,2,0,0,0,0,0,1,0,2,0,0,0,0,0,0,0,2,0,0,0,2,1,2,1,2,2,0,0,0,0,0,0,0,2,0,0,0,0,0,0,0,0,0,2,2,0,1,2,1,0,1,0,0,2,2,0,0,0,0,2,0,2,0,0,0,0,2,0,1
I2,2,0,0,1,1,1,0,1,1,0,1,2,2,2,1,1,0,0,0,2,0,1,2,2,1,1,0,0,0,1,1,0,2,1,1,0,2,0,1,2,1,0,0,2,0,2,2,0,2,0,0,0,0,1,0,1,0,2,0,2,1,0,2,2,1,1,1,2,1,0,2,2,0,2,1,1,2,2,0,2,2,0,2,2,0,0,2,0,0,1,0,0,0,0,1,2,2,0,2,0,0,0,2,2,1,2,2,0,2,2,2,1,2,0,0,1,1,0,0,2,0,0,2,2,1,1,2,1,0,2,1,2,0,2,0,0,1,1,1,2,0,1,0,0,1,0,1,2,1,0,0,2,1,2,1,2,2,0,1,2,0,1,0,2,2,1,0,2,0,2,2,2,0,0,2,2,0,1,2,1,0,1,1,1,2,2,0,2,1,0,2,2,2,2,2,0,0,2,2,1
I3,2,1,0,1,1,1,0,1,1,0,1,2,2,2,1,1,0,0,1,2,0,1,2,2,1,1,0,0,0,1,1,1,2,1,1,1,2,0,1,2,1,0,0,2,0,2,2,0,2,0,1,0,0,1,0,1,0,2,2,2,1,0,2,2,1,1,1,2,1,0,2,2,0,2,1,1,2,2,0,2,2,0,2,2,0,0,2,0,0,1,0,0,0,0,1,2,2,0,2,0,0,0,2,2,1,2,2,2,2,2,2,1,2,0,0,1,1,0,0,2,0,0,2,2,1,1,2,1,0,2,1,2,0,2,0,0,1,1,1,2,0,1,0,2,1,0,1,2,1,0,0,2,1,2,1,2,2,0,1,2,1,1,1,2,2,1,0,2,0,2,2,2,0,0,2,2,1,1,2,1,1,1,1,1,2,2,0,2,1,0,2,2,2,2,2,0,1,2,2,1
I4,2,1,0,1,1,1,0,1,1,2,1,2,2,2,1,1,0,0,1,2,0,1,2,2,1,1,0,0,0,1,1,1,2,1,1,1,2,0,1,2,1,0,0,2,0,2,2,0,2,0,1,0,0,1,1,1,0,2,2,2,1,0,2,2,1,1,1,2,1,0,2,2,0,2,1,1,2,2,0,2,2,0,2,2,0,0,2,0,0,1,0,2,0,0,1,2,2,0,2,0,0,0,2,2,1,2,2,2,2,2,2,1,2,0,0,1,1,0,0,2,0,0,2,2,1,1,2,1,2,2,1,2,1,2,0,0,1,1,1,2,0,1,0,2,1,0,1,2,1,0,2,2,1,2,1,2,2,0,1,2,1,1,1,2,2,1,0,2,0,2,2,2,0,0,2,2,1,1,2,1,1,1,1,1,2,2,0,2,1,0,2,2,2,2,2,2,1,2,2,1
216_8,2,1,0,1,1,1,0,1,1,2,1,2,2,2,1,1,0,0,1,2,0,1,2,2,1,1,0,0,0,1,1,1,2,1,1,1,2,0,1,2,1,0,0,2,0,2,2,0,2,0,1,0,0,1,1,1,0,2,2,2,1,0,2,2,1,1,1,2,1,0,2,2,0,2,1,1,2,2,0,2,2,0,2,2,0,0,2,0,2,1,0,2,0,0,1,2,2,0,2,0,0,0,2,2,1,2,2,2,2,2,2,1,2,0,0,1,1,0,0,2,0,0,2,2,1,1,2,1,2,2,1,2,1,2,0,0,1,1,1,2,0,1,0,2,1,0,1,2,1,0,2,2,1,2,1,2,2,0,1,2,1,1,1,2,2,1,0,2,0,2,2,2,0,0,2,2,1,1,2,1,1,1,1,1,2,2,0,2,1,0,2,2,2,2,2,2,1,2,2,1
216_7,2,1,0,1,1,1,0,1,1,2,1,2,2,2,1,1,0,0,1,2,0,1,2,2,1,1,0,0,0,1,1,1,2,1,1,1,2,0,1,2,1,0,0,2,0,2,2,0,2,0,1,0,0,1,1,1,0,2,2,2,1,0,2,2,1,1,1,2,1,0,2,2,0,2,1,1,2,2,0,2,2,0,2,2,0,0,2,0,0,1,0,2,0,0,1,2,2,0,2,0,0,0,2,2,1,2,2,2,2,2,2,1,2,0,0,1,1,0,0,2,0,0,2,2,1,1,2,1,2,2,1,2,1,2,0,0,1,1,1,2,0,1,0,2,1,0,1,2,1,0,2,2,1,2,1,2,2,0,1,2,1,1,1,2,2,1,0,2,0,2,2,2,0,0,2,2,1,1,2,1,1,1,1,1,2,2,0,2,1,0,2,2,2,2,2,2,1,2,2,1
I5,2,1,0,1,1,1,0,1,1,0,1,2,2,2,1,1,0,0,1,2,0,1,2,2,1,1,0,1,0,1,1,1,2,1,1,1,2,1,1,2,1,0,1,2,0,2,2,0,2,2,1,0,0,1,0,1,0,2,2,2,1,1,2,2,1,1,1,2,1,0,2,2,1,2,1,1,2,2,0,2,2,0,2,2,0,1,2,0,0,1,0,0,0,0,1,2,2,0,2,0,0,0,2,2,1,2,2,2,2,2,2,1,2,0,0,1,1,0,0,2,0,0,2,2,1,1,2,1,0,2,1,2,0,2,0,0,1,1,1,2,0,1,0,2,1,0,1,2,1,0,0,2,1,2,1,2,2,0,1,2,1,1,1,2,2,1,0,2,0,2,2,2,0,0,2,2,1,1,2,1,1,1,1,1,2,2,0,2,1,0,2,2,2,2,2,1,1,2,2,1
216_6,2,1,0,1,1,1,0,1,1,0,1,2,2,2,1,1,0,0,1,2,0,1,2,2,1,1,0,1,0,1,1,1,2,1,1,1,2,1,1,2,1,0,1,2,0,2,2,0,2,2,1,0,0,1,0,1,0,2,2,2,1,1,2,2,1,1,1,2,1,0,2,2,1,2,1,1,2,2,0,2,2,0,2,2,0,1,2,0,0,1,0,0,0,0,1,2,2,0,2,0,0,0,2,2,1,2,2,2,2,2,2,1,2,0,0,1,1,0,0,2,0,0,2,2,1,1,2,1,0,2,1,2,0,2,0,0,1,1,1,2,0,1,0,2,1,0,1,2,1,0,0,2,1,2,1,2,2,0,1,2,1,1,1,2,2,1,0,2,0,2,2,2,0,0,2,2,1,1,2,1,1,1,1,1,2,2,0,2,1,0,2,2,2,2,2,1,1,2,2,1
216_5,2,1,0,1,1,1,0,1,1,0,1,2,2,2,1,1,0,0,1,2,1,1,2,2,1,1,0,1,0,1,1,1,2,1,1,1,2,1,1,2,1,0,1,2,0,2,2,0,2,2,1,0,0,1,0,1,0,2,2,2,1,1,2,2,1,1,1,2,1,0,2,2,1,2,1,1,2,2,0,2,2,0,2,2,0,1,2,0,0,1,0,2,0,0,1,2,2,0,2,0,0,0,2,2,1,2,2,2,2,2,2,1,2,0,0,1,1,0,0,2,0,0,2,2,1,1,2,1,0,2,1,2,0,2,0,0,1,1,1,2,0,1,0,2,1,0,1,2,1,0,0,2,1,2,1,2,2,0,1,2,1,1,1,2,2,1,0,2,0,2,2,2,0,0,2,2,1,1,2,1,1,1,1,1,2,2,0,2,1,0,2,2,2,2,2,1,1,2,2,1
I6,2,0,2,1,1,1,1,1,1,0,1,2,2,2,1,1,1,0,0,2,0,1,2,2,1,1,0,0,0,1,1,0,2,1,1,0,2,0,1,2,1,2,0,2,0,2,2,0,2,0,0,0,0,1,2,1,0,2,2,2,1,0,2,2,1,1,1,2,1,0,2,2,0,2,1,1,2,2,0,2,2,0,2,2,2,0,2,0,0,1,0,0,0,0,1,2,2,1,2,0,0,0,2,2,1,2,2,0,2,2,2,1,2,0,0,1,1,0,0,2,0,1,2,2,1,1,2,1,0,2,1,2,0,2,0,0,1,1,1,2,0,1,0,0,1,0,1,2,1,0,0,2,1,2,1,2,2,0,1,2,0,1,0,2,2,1,0,2,0,2,2,2,0,2,2,2,0,1,2,1,0,1,1,1,2,2,0,2,1,0,2,2,2,2,2,0,0,2,2,1
I7,2,0,2,1,1,1,1,1,1,2,1,2,2,2,1,1,1,1,0,2,1,1,2,2,1,1,0,0,1,1,1,0,2,1,1,0,2,2,1,2,1,2,0,2,0,2,2,0,2,0,0,0,1,1,2,1,0,2,2,2,1,0,2,2,1,1,1,2,1,0,2,2,0,2,1,1,2,2,0,2,2,2,2,2,2,0,2,0,0,1,0,0,0,0,1,2,2,1,2,2,1,0,2,2,1,2,2,0,2,2,2,1,2,0,0,1,1,0,0,2,0,1,2,2,1,1,2,1,0,2,1,2,0,2,0,0,1,1,1,2,0,1,0,0,1,2,1,2,1,0,1,2,1,2,1,2,2,0,1,2,2,1,2,2,2,1,0,2,0,2,2,2,0,2,2,2,0,1,2,1,1,1,1,1,2,2,0,2,1,0,2,2,2,2,2,0,0,2,2,1
216_4,2,0,2,1,1,1,1,1,1,2,1,2,2,2,1,1,1,1,0,2,1,1,2,2,1,1,0,0,1,1,1,0,2,1,1,0,2,2,1,2,1,2,0,2,0,2,2,0,2,0,0,0,1,1,2,1,0,2,2,2,1,0,2,2,1,1,1,2,1,0,2,2,0,2,1,1,2,2,0,2,2,2,2,2,2,0,2,0,0,1,0,0,0,0,1,2,2,1,2,2,1,0,2,2,1,2,2,0,2,2,2,1,2,2,0,1,1,0,0,2,0,1,2,2,1,1,2,1,0,2,1,2,0,2,0,0,1,1,1,2,0,1,0,0,1,2,1,2,1,2,1,2,1,2,1,2,2,0,1,2,2,1,2,2,2,1,0,2,0,2,2,2,0,2,2,2,0,1,2,1,1,1,1,1,2,2,0,2,1,0,2,2,2,2,2,0,0,2,2,1
216_3,2,0,2,1,1,1,1,1,1,2,1,2,2,2,1,1,1,1,0,2,1,1,2,2,1,1,0,0,1,1,1,0,2,1,1,0,2,2,1,2,1,2,0,2,0,2,2,0,2,0,0,0,1,1,2,1,0,2,2,2,1,0,2,2,1,1,1,2,1,0,2,2,0,2,1,1,2,2,0,2,2,2,2,2,2,0,2,0,0,1,0,0,0,0,1,2,2,1,2,2,1,0,2,2,1,2,2,0,2,2,2,1,2,0,0,1,1,0,0,2,0,1,2,2,1,1,2,1,0,2,1,2,0,2,0,0,1,1,1,2,0,1,0,0,1,2,1,2,1,0,1,2,1,2,1,2,2,0,1,2,2,1,2,2,2,1,0,2,0,2,2,2,0,2,2,2,0,1,2,1,1,1,1,1,2,2,0,2,1,0,2,2,2,2,2,0,0,2,2,1
I8,2,0,2,1,1,1,1,1,1,0,1,2,2,2,1,1,1,0,0,2,1,1,2,2,1,1,0,0,0,1,1,0,2,1,1,0,2,0,1,2,1,2,0,2,1,2,2,0,2,0,0,0,0,1,2,1,0,2,2,2,1,0,2,2,1,1,1,2,1,0,2,2,0,2,1,1,2,2,0,2,2,2,2,2,2,0,2,0,0,1,0,0,2,0,1,2,2,1,2,0,0,0,2,2,1,2,2,0,2,2,2,1,2,0,0,1,1,0,0,2,0,1,2,2,1,1,2,1,0,2,1,2,0,2,0,0,1,1,1,2,2,1,0,2,1,0,1,2,1,0,0,2,1,2,1,2,2,0,1,2,0,1,0,2,2,1,0,2,0,2,2,2,0,2,2,2,0,1,2,1,2,1,1,1,2,2,0,2,1,0,2,2,2,2,2,0,0,2,2,1
216_2,2,0,2,1,1,1,1,1,1,0,1,2,2,2,1,1,1,0,0,2,1,1,2,2,1,1,0,0,0,1,1,0,2,1,1,2,2,0,1,2,1,2,0,2,1,2,2,0,2,0,0,0,0,1,2,1,0,2,2,2,1,0,2,2,1,1,1,2,1,0,2,2,0,2,1,1,2,2,0,2,2,2,2,2,2,0,2,0,0,1,0,0,2,1,1,2,2,1,2,0,0,0,2,2,1,2,2,0,2,2,2,1,2,0,0,1,1,0,0,2,0,1,2,2,1,1,2,1,0,2,1,2,0,2,0,2,1,1,1,2,2,1,0,2,1,0,1,2,1,0,0,2,1,2,1,2,2,0,1,2,0,1,0,2,2,1,0,2,0,2,2,2,0,2,2,2,0,1,2,1,2,1,1,1,2,2,0,2,1,0,2,2,2,2,2,0,0,2,2,1
216_1,2,0,2,1,1,1,1,1,1,0,1,2,2,2,1,1,1,0,2,2,1,1,2,2,1,1,0,0,0,1,1,0,2,1,1,0,2,0,1,2,1,2,0,2,1,2,2,0,2,0,0,0,1,1,2,1,0,2,2,2,1,0,2,2,1,1,1,2,1,0,2,2,0,2,1,1,2,2,0,2,2,2,2,2,2,0,2,0,0,1,0,0,2,0,1,2,2,1,2,0,0,0,2,2,1,2,2,0,2,2,2,1,2,0,0,1,1,0,0,2,2,1,2,2,1,1,2,1,0,2,1,2,0,2,0,0,1,1,1,2,2,1,0,2,1,0,1,2,1,0,0,2,1,2,1,2,2,1,1,2,0,1,0,2,2,1,0,2,0,2,2,2,0,2,2,2,1,1,2,1,2,1,1,1,2,2,0,2,1,0,2,2,2,2,2,0,0,2,2,1
I9,2,0,2,1,0,1,2,1,1,0,1,2,0,2,1,0,2,0,1,0,1,1,0,0,1,0,0,0,0,1,2,0,2,1,1,0,2,0,0,2,0,0,2,0,0,2,2,0,0,0,0,0,0,0,1,0,0,2,0,2,1,0,0,0,1,0,0,2,1,0,0,2,0,2,1,0,2,2,2,0,2,0,2,2,0,2,2,0,0,0,0,0,0,0,0,0,0,2,2,0,0,0,0,2,0,0,0,0,2,2,2,0,2,0,0,0,1,0,2,0,0,0,0,2,2,1,0,1,0,0,0,2,0,1,2,0,0,1,0,2,0,0,0,0,0,0,0,2,0,0,0,2,1,2,1,2,2,0,2,0,2,0,1,2,2,0,1,1,0,1,0,0,2,0,2,2,0,1,2,1,0,1,0,0,2,2,0,0,2,0,2,2,2,0,0,0,0,2,0,1
I10,2,2,2,1,1,1,2,1,1,0,1,2,0,2,1,1,2,0,1,1,1,1,0,0,1,2,0,0,0,1,2,1,2,1,1,0,2,2,1,2,1,0,2,1,1,2,2,0,0,0,0,0,0,0,1,1,0,2,0,2,1,1,0,0,1,0,0,2,1,2,0,2,0,2,1,2,2,2,2,0,2,0,2,2,0,2,2,0,0,0,0,0,1,2,1,0,1,2,2,0,0,0,0,2,2,2,0,0,2,2,2,0,2,1,0,2,1,2,2,1,2,0,0,2,2,1,1,1,0,1,0,2,0,1,2,2,0,1,0,2,0,2,0,2,0,0,1,2,0,0,0,2,1,2,1,2,2,0,2,0,2,2,1,2,2,0,1,1,0,1,1,1,2,0,2,2,0,1,2,1,0,1,0,1,2,2,1,0,2,0,2,2,2,0,2,2,0,2,0,1
I11,2,2,2,1,1,1,2,1,1,1,1,2,0,2,1,1,2,0,1,1,1,1,0,0,1,2,0,0,0,1,2,1,2,1,1,2,2,2,1,2,1,2,2,1,1,2,2,0,0,0,0,0,0,0,1,1,0,2,0,2,1,1,0,0,1,0,1,2,1,2,0,2,0,2,1,2,2,2,2,0,2,0,2,2,0,2,2,0,0,0,0,1,1,2,1,0,1,2,2,0,0,0,0,2,2,2,1,0,2,2,2,0,2,1,0,2,1,2,2,1,2,1,0,2,2,1,1,1,0,1,0,2,1,1,2,2,0,1,0,2,0,2,0,2,0,0,1,2,0,0,0,2,1,2,1,2,2,0,2,0,2,2,1,2,2,0,1,1,0,1,1,1,2,0,2,2,0,1,2,1,0,1,0,1,2,2,1,0,2,0,2,2,2,0,2,2,0,2,2,1
216_16,2,2,2,1,1,1,2,1,1,1,1,2,0,2,1,1,2,0,1,1,1,1,0,0,1,2,0,0,0,1,2,1,2,1,1,2,2,2,1,2,1,2,2,1,1,2,2,0,0,0,0,1,2,1,1,1,0,2,0,2,1,1,0,0,1,2,1,2,1,2,0,2,0,2,1,2,2,2,2,0,2,0,2,2,0,2,2,1,0,0,1,1,1,2,1,0,1,2,2,0,0,0,0,2,2,2,1,0,2,2,2,0,2,1,0,2,1,2,2,1,2,1,0,2,2,1,1,1,0,1,0,2,1,1,2,2,0,1,0,2,0,2,0,2,0,0,1,2,0,0,0,2,1,2,1,2,2,2,2,0,2,2,1,2,2,0,1,1,0,1,1,1,2,0,2,2,0,1,2,1,0,1,1,1,2,2,1,0,2,0,2,2,2,0,2,2,0,2,2,1
216_15,2,2,2,1,1,1,2,1,1,1,1,2,0,2,1,1,2,0,1,1,1,1,0,0,1,2,0,0,0,1,2,1,2,1,1,2,2,2,1,2,1,2,2,1,1,2,2,0,2,0,0,0,0,0,1,1,0,2,0,2,1,1,0,0,1,0,1,2,1,2,0,2,0,2,1,2,2,2,2,0,2,2,2,2,0,2,2,0,0,1,0,1,1,2,1,0,1,2,2,0,2,0,0,2,2,2,1,0,2,2,2,0,2,1,0,2,1,2,2,1,2,1,0,2,2,1,1,1,0,1,0,2,1,1,2,2,1,1,0,2,0,2,0,2,0,0,1,2,1,0,0,2,1,2,1,2,2,0,2,0,2,2,1,2,2,0,1,1,0,1,1,1,2,0,2,2,0,1,2,1,1,1,0,1,2,2,1,1,2,2,2,2,2,0,2,2,0,2,2,1
I12,2,2,2,1,1,1,2,1,1,2,1,2,0,2,1,1,2,0,1,1,1,1,0,0,1,2,0,0,0,1,2,1,2,1,1,0,2,2,1,2,1,0,2,1,1,2,2,0,0,0,0,0,0,0,1,1,1,2,0,2,1,1,0,2,1,0,2,2,1,2,0,2,0,2,1,2,2,2,2,0,2,0,2,2,0,2,2,0,0,0,2,0,1,2,1,0,1,2,2,0,0,0,0,2,2,2,0,0,2,2,2,1,2,1,1,2,1,2,2,1,2,2,0,2,2,1,1,1,2,1,2,2,0,1,2,2,2,1,1,2,1,2,0,2,1,0,1,2,0,0,0,2,1,2,1,2,2,0,2,0,2,2,1,2,2,0,1,1,2,1,1,1,2,0,2,2,1,1,2,1,0,1,1,1,2,2,1,0,2,0,2,2,2,0,2,2,0,2,2,1
216_14,2,2,2,1,1,1,2,1,1,2,1,2,0,2,1,1,2,0,1,1,1,1,0,2,1,2,0,0,0,1,2,1,2,1,1,0,2,2,1,2,1,0,2,1,1,2,2,0,0,0,0,0,0,0,1,1,1,2,0,2,1,1,0,2,1,0,2,2,1,2,0,2,0,2,1,2,2,2,2,0,2,0,2,2,0,2,2,0,0,0,2,0,1,2,1,0,1,2,2,0,0,0,0,2,2,2,0,0,2,2,2,1,2,1,1,2,1,2,2,1,2,2,0,2,2,1,1,1,2,1,2,2,0,1,2,2,2,1,1,2,1,2,0,2,1,0,1,2,0,0,0,2,1,2,1,2,2,0,2,0,2,2,1,2,2,0,1,1,2,1,1,1,2,0,2,2,1,1,2,1,0,1,1,1,2,2,1,0,2,0,2,2,2,0,2,2,0,2,2,1
216_13,2,2,2,1,1,1,2,1,1,2,1,2,0,2,1,1,2,0,1,1,1,1,0,0,1,2,0,0,0,1,2,1,2,1,1,0,2,2,1,2,1,0,2,1,1,2,2,0,0,0,0,0,0,0,1,1,1,2,0,2,1,1,0,2,1,0,2,2,1,2,0,2,0,2,1,2,2,2,2,0,2,0,2,2,0,2,2,0,0,0,2,0,1,2,1,0,1,2,2,0,0,0,0,2,2,2,0,0,2,2,2,1,2,1,1,2,1,2,2,1,2,2,0,2,2,1,1,1,2,1,2,2,0,1,2,2,2,1,1,2,1,2,0,2,1,0,1,2,0,0,0,2,1,2,1,2,2,0,2,0,2,2,1,2,2,1,1,1,2,1,1,1,2,0,2,2,1,1,2,1,0,1,1,1,2,2,1,0,2,0,2,2,2,0,2,2,0,2,2,1
I13,2,0,2,1,0,1,2,1,1,0,1,2,2,2,1,0,2,0,1,0,1,1,1,0,1,0,1,1,0,1,2,2,2,1,1,0,2,0,0,2,0,2,2,0,2,2,2,1,0,0,0,0,0,0,1,0,0,2,0,2,1,0,2,0,1,0,0,2,1,0,0,2,0,2,1,1,2,2,2,0,2,1,2,2,0,2,2,1,0,0,1,0,0,0,0,0,1,2,2,0,1,2,2,2,2,1,0,1,2,2,2,0,2,0,0,2,1,1,2,0,0,0,0,2,2,1,0,1,2,0,0,2,2,1,2,1,1,1,0,2,1,2,0,0,0,0,0,2,2,2,1,2,1,2,1,2,2,0,2,2,2,1,1,2,2,2,1,1,0,1,0,0,2,0,2,2,0,1,2,1,0,1,2,0,2,2,0,1,2,0,2,2,2,0,0,0,0,2,0,1
216_12,2,0,2,1,0,1,2,1,1,0,1,2,2,2,1,2,2,0,1,0,1,1,1,0,1,0,1,1,0,1,2,2,2,1,1,0,2,0,2,2,0,2,2,0,2,2,2,1,1,0,0,0,0,0,1,0,2,2,1,2,1,1,2,0,1,2,2,2,1,2,1,2,0,2,1,1,2,2,2,0,2,1,2,2,0,2,2,1,2,1,1,0,1,1,2,0,1,2,2,0,1,2,2,2,2,1,0,1,2,2,2,0,2,0,0,2,1,1,2,0,0,0,0,2,2,1,0,1,2,2,2,2,2,1,2,1,1,1,0,2,1,2,0,0,0,1,0,2,2,2,1,2,1,2,1,2,2,2,2,2,2,1,1,2,2,2,1,1,1,1,2,0,2,0,2,2,0,1,2,1,2,1,2,2,2,2,0,1,2,0,2,2,2,0,0,0,0,2,0,1
I14,2,0,2,1,0,1,2,1,1,0,1,2,2,2,1,0,2,1,1,0,1,1,1,0,1,0,1,1,1,1,2,2,2,1,1,0,2,2,0,2,0,2,2,0,2,2,2,1,0,0,0,0,0,1,1,0,0,2,0,2,1,0,2,0,1,0,2,2,1,0,0,2,2,2,1,1,2,2,2,0,2,1,2,2,2,2,2,1,2,0,1,0,0,0,1,0,1,2,2,0,1,2,2,2,2,1,0,1,2,2,2,0,2,0,0,2,1,1,2,0,0,0,0,2,2,1,0,1,2,0,0,2,2,1,2,1,1,1,0,2,1,2,2,0,0,0,0,2,2,2,1,2,1,2,1,2,2,0,2,2,2,1,1,2,2,2,1,1,0,1,0,0,2,0,2,2,0,1,2,1,2,1,2,0,2,2,0,1,2,0,2,2,2,0,0,0,0,2,1,1
216_10,2,0,2,1,0,1,2,1,1,0,1,2,2,2,1,0,2,1,1,0,1,1,1,0,1,1,1,1,1,1,2,2,2,1,1,0,2,2,0,2,0,2,2,0,2,2,2,1,0,0,0,0,0,1,1,0,0,2,0,2,1,0,2,0,1,0,2,2,1,0,0,2,2,2,1,1,2,2,2,0,2,1,2,2,2,2,2,1,2,0,1,0,0,2,1,0,1,2,2,0,1,2,2,2,2,1,0,1,2,2,2,0,2,0,0,2,1,1,2,0,0,0,1,2,2,1,0,1,2,0,0,2,2,1,2,1,1,1,0,2,1,2,2,0,0,0,2,2,2,2,1,2,1,2,1,2,2,0,2,2,2,1,1,2,2,2,1,1,0,1,1,0,2,0,2,2,0,1,2,1,2,1,2,0,2,2,0,1,2,0,2,2,2,0,1,0,0,2,1,1
216_9,2,1,2,1,0,1,2,1,1,0,1,2,2,2,1,0,2,1,1,0,1,1,1,0,1,0,1,1,1,1,2,2,2,1,1,0,2,2,0,2,0,2,2,0,2,2,2,1,0,0,0,0,0,1,1,0,0,2,1,2,1,0,2,0,1,0,2,2,1,0,0,2,2,2,1,1,2,2,2,0,2,1,2,2,2,2,2,1,2,2,1,0,0,0,1,0,1,2,2,0,1,2,2,2,2,1,0,1,2,2,2,0,2,0,0,2,1,1,2,0,0,0,0,2,2,1,0,1,2,0,0,2,2,1,2,1,1,1,0,2,1,2,2,0,0,0,0,2,2,2,1,2,1,2,1,2,2,0,2,2,2,1,1,2,2,2,1,1,2,1,0,0,2,0,2,2,0,1,2,1,2,1,2,0,2,2,0,1,2,1,2,2,2,0,0,0,1,2,1,1
I15,0,0,0,1,0,2,2,1,1,0,0,0,0,0,2,0,1,0,0,0,1,0,0,0,0,0,0,0,1,0,0,0,0,0,0,0,0,0,0,0,0,0,0,0,0,2,0,1,1,0,0,0,0,0,0,0,2,0,0,0,1,0,2,2,0,1,0,2,0,0,0,0,0,0,2,2,0,0,0,0,0,0,1,0,0,1,0,0,0,1,0,0,0,1,0,0,0,0,0,0,0,0,0,0,0,0,0,1,0,0,2,0,1,0,1,0,0,1,0,0,0,1,2,1,0,0,0,0,2,0,0,2,0,0,0,0,0,1,0,0,0,0,0,0,0,1,1,0,0,0,1,0,0,0,0,0,0,0,0,1,0,0,0,0,1,0,2,0,0,0,0,0,0,0,0,1,1,0,0,0,0,0,2,0,0,0,0,1,0,0,0,0,0,2,2,1,1,0,0,0
I16,0,2,2,1,1,2,2,1,1,0,0,0,0,0,2,0,1,1,0,0,1,0,2,0,0,1,0,0,1,0,2,2,2,0,0,1,2,0,0,2,2,0,0,0,0,2,0,1,1,0,0,1,0,0,0,0,2,0,0,0,1,2,2,2,1,1,2,2,2,2,0,0,0,2,2,2,0,0,2,0,0,0,1,0,0,1,0,0,0,1,1,1,2,1,0,0,0,0,0,0,0,0,0,0,0,0,0,1,1,0,2,2,1,0,1,0,0,1,0,1,0,1,2,1,1,0,0,1,2,0,0,2,2,1,0,1,2,1,1,1,0,1,0,0,0,1,1,0,0,0,1,0,0,0,0,0,0,2,0,1,0,0,0,0,1,0,2,0,0,0,0,0,0,1,2,1,1,0,2,0,0,0,2,0,0,0,0,1,0,0,1,2,2,2,2,1,1,0,0,2
216_33,2,2,2,1,1,2,2,1,1,2,0,1,1,0,2,2,1,1,0,0,1,0,2,2,2,1,1,2,1,0,2,2,2,1,1,1,2,0,0,2,2,1,0,0,0,2,0,1,1,0,2,1,0,0,1,0,2,0,1,2,1,2,2,2,1,1,2,2,2,2,0,2,0,2,2,2,0,1,2,0,1,0,1,1,2,1,1,0,0,1,1,1,2,1,1,0,1,0,1,0,0,2,0,0,0,2,0,1,1,2,2,2,1,2,1,1,2,1,0,1,1,1,2,1,1,1,0,1,2,1,0,2,2,1,2,1,2,1,1,1,0,1,1,0,2,1,1,2,0,2,1,2,2,0,1,2,1,2,1,1,1,0,0,0,1,0,2,0,0,0,0,1,1,1,2,1,1,0,2,0,0,2,2,0,2,0,1,1,1,1,1,2,2,2,2,1,1,1,0,2
I17,0,2,2,1,1,2,2,1,1,0,0,0,0,2,2,1,1,1,0,0,1,0,2,0,2,1,2,0,1,0,2,2,2,0,0,1,2,2,0,2,2,0,0,0,0,2,0,1,1,2,0,1,0,1,2,0,2,1,0,0,1,2,2,2,1,1,2,2,2,2,0,0,0,2,2,2,1,0,2,0,0,0,1,1,2,1,1,0,0,1,1,1,2,1,0,0,0,0,0,0,0,0,0,0,0,0,0,1,1,0,2,2,1,0,1,2,0,1,0,1,0,1,2,1,1,0,2,1,2,0,2,2,2,1,0,1,2,1,1,1,1,1,0,2,0,1,1,2,0,0,1,0,2,0,1,0,0,2,0,1,2,0,0,0,1,1,2,1,2,0,0,0,0,1,2,1,1,0,2,0,0,0,2,0,1,0,1,1,0,0,1,2,2,2,2,1,1,0,1,2
216_31,2,2,2,1,1,2,2,1,1,0,0,0,0,2,2,1,1,1,0,0,1,2,2,0,2,1,2,0,1,0,2,2,2,0,0,1,2,2,0,2,2,0,0,1,0,2,1,1,1,2,0,1,0,1,2,1,2,1,0,0,1,2,2,2,1,1,2,2,2,2,2,0,2,2,2,2,1,0,2,1,0,0,1,1,2,1,1,2,0,1,1,1,2,1,0,0,1,0,0,1,0,0,0,0,0,0,0,1,1,0,2,2,1,0,1,2,0,1,0,1,0,1,2,1,1,0,2,1,2,0,2,2,2,1,0,1,2,1,1,1,1,1,0,2,2,1,1,2,0,1,1,0,2,0,1,0,0,2,1,1,2,2,0,0,1,1,2,1,2,0,1,0,0,1,2,1,1,0,2,0,2,2,2,0,1,2,1,1,1,0,1,2,2,2,2,1,1,2,1,2
I18,1,2,2,1,1,2,2,1,1,0,0,0,2,2,2,1,1,1,1,0,1,0,2,0,2,1,2,0,1,0,2,2,2,0,0,1,2,2,0,2,2,0,0,0,0,2,2,1,1,2,0,1,0,1,2,0,2,1,0,0,1,2,2,2,1,1,2,2,2,2,0,0,0,2,2,2,1,0,2,0,1,0,1,1,2,1,1,0,0,1,1,1,2,1,0,0,1,0,2,0,0,0,0,0,0,1,0,1,1,0,2,2,1,0,1,2,0,1,0,1,0,1,2,1,1,0,2,1,2,0,2,2,2,1,0,1,2,1,1,1,1,1,0,2,0,1,1,2,1,0,1,0,2,0,1,0,0,2,0,1,2,0,0,0,1,1,2,1,2,0,0,0,0,1,2,1,1,1,2,2,0,2,2,0,1,0,1,1,0,0,1,2,2,2,2,1,1,0,1,2
216_29,1,2,2,1,1,2,2,1,1,0,0,0,2,2,2,1,1,1,1,0,1,0,2,0,2,1,2,0,1,0,2,2,2,0,0,1,2,2,2,2,2,1,0,0,0,2,2,1,1,2,0,1,0,1,2,0,2,1,0,0,1,2,2,2,1,1,2,2,2,2,0,0,0,2,2,2,1,0,2,0,1,0,1,1,2,1,1,0,0,1,1,1,2,1,2,1,1,0,2,0,0,2,0,0,0,1,2,1,1,0,2,2,1,0,1,2,0,1,0,1,0,1,2,1,1,0,2,1,2,0,2,2,2,1,0,1,2,1,1,1,1,1,0,2,0,1,1,2,1,2,1,0,2,0,1,0,0,2,0,1,2,0,0,0,1,1,2,1,2,0,0,0,0,1,2,1,1,1,2,2,2,2,2,0,1,0,1,1,2,0,1,2,2,2,2,1,1,0,1,2
216_28,1,2,2,1,1,2,2,1,1,0,0,0,2,2,2,1,1,1,1,1,1,0,2,0,2,1,2,0,1,0,2,2,2,0,0,1,2,2,0,2,2,0,0,0,0,2,2,1,1,2,2,1,0,1,2,0,2,1,0,0,1,2,2,2,1,1,2,2,2,2,0,0,0,2,2,2,1,0,2,0,1,2,1,1,2,1,1,0,0,1,1,1,2,1,0,0,1,0,2,0,0,0,0,0,0,1,0,1,1,0,2,2,1,0,1,2,0,1,0,1,0,1,2,1,1,0,2,1,2,0,2,2,2,1,0,1,2,1,1,1,1,1,0,2,2,1,1,2,1,0,1,0,2,0,1,0,0,2,2,1,2,0,0,1,1,1,2,1,2,0,0,0,0,1,2,1,1,1,2,2,0,2,2,2,1,0,1,1,0,0,1,2,2,2,2,1,1,0,1,2
I19,0,1,0,1,0,2,2,1,1,1,0,0,0,0,2,0,1,0,0,0,1,0,0,0,0,0,2,0,1,2,2,0,0,2,0,1,0,0,0,1,0,0,0,0,0,2,2,1,1,1,0,0,0,0,1,0,2,0,2,0,1,0,2,2,0,1,0,2,0,0,0,1,0,0,2,2,0,0,0,0,1,2,1,0,1,1,0,1,0,1,1,0,0,1,0,1,0,0,1,0,1,0,1,0,0,0,0,1,0,0,2,2,1,0,1,0,0,1,0,0,0,1,2,1,0,2,2,0,2,0,0,2,0,1,0,0,0,1,1,1,0,0,1,0,0,1,1,1,1,0,1,0,2,0,0,0,0,0,0,1,0,0,2,0,1,0,2,0,0,2,0,0,0,0,0,1,1,0,0,0,2,0,2,0,2,1,2,1,0,0,0,0,0,2,2,1,1,1,0,0
I20,0,1,2,1,1,2,2,1,1,1,2,0,0,1,2,1,1,0,0,0,1,0,0,0,0,0,2,1,1,2,2,2,0,2,0,1,0,2,0,1,2,0,0,1,0,2,2,1,1,1,0,0,0,0,1,0,2,2,2,0,1,0,2,2,0,1,0,2,0,1,0,1,0,0,2,2,0,0,0,1,1,2,1,1,1,1,1,1,0,1,1,0,0,1,0,1,0,0,1,1,1,0,1,0,0,2,0,1,2,1,2,2,1,0,1,0,1,1,1,0,2,1,2,1,0,2,2,0,2,0,1,2,0,1,0,0,2,1,1,1,1,0,1,0,0,1,1,1,1,0,1,0,2,0,0,2,1,0,0,1,1,1,2,0,1,0,2,0,1,2,2,0,0,0,0,1,1,0,0,0,2,0,2,2,2,1,2,1,0,1,0,0,1,2,2,1,1,1,0,1
I21,1,1,2,1,1,2,2,1,1,1,2,0,0,1,2,1,1,0,2,1,1,0,0,0,2,0,2,1,1,2,2,2,0,2,0,1,0,2,0,1,2,0,0,1,0,2,2,1,1,1,0,0,0,0,1,2,2,2,2,0,1,0,2,2,0,1,0,2,0,1,0,1,1,1,2,2,0,0,1,1,1,2,1,1,1,1,1,1,0,1,1,1,0,1,1,1,0,0,1,1,1,1,1,2,0,2,0,1,2,1,2,2,1,0,1,0,1,1,1,0,2,1,2,1,0,2,2,0,2,0,1,2,2,1,0,0,2,1,1,1,1,0,1,0,1,1,1,1,1,1,1,0,2,0,0,2,1,2,0,1,1,1,2,0,1,0,2,0,1,2,2,0,0,0,0,1,1,2,0,0,2,0,2,2,2,1,2,1,0,1,0,0,1,2,2,1,1,1,0,1
216_25,1,1,2,1,1,2,2,1,1,1,2,0,0,1,2,1,1,0,2,1,1,0,0,0,2,0,2,1,1,2,2,2,0,2,0,1,0,2,0,1,2,0,0,1,0,2,2,1,1,1,0,0,1,0,1,2,2,2,2,0,1,0,2,2,0,1,0,2,0,1,0,1,1,1,2,2,0,0,1,1,1,2,1,1,1,1,1,1,0,1,1,1,0,1,1,1,0,0,1,1,1,1,1,2,0,2,0,1,2,1,2,2,1,0,1,0,1,1,1,0,2,1,2,1,0,2,2,0,2,0,1,2,2,1,0,0,2,1,1,1,1,0,1,2,1,1,1,1,1,1,1,0,2,0,0,2,1,2,0,1,1,1,2,0,1,0,2,0,1,2,2,0,0,0,0,1,1,2,0,0,2,0,2,2,2,1,2,1,0,1,0,0,1,2,2,1,1,1,0,1
216_24,1,1,2,1,1,2,2,1,1,1,2,0,0,1,2,1,1,0,2,1,1,0,0,0,2,0,2,1,1,2,2,2,0,2,0,1,0,2,0,1,2,0,0,1,0,2,2,1,1,1,0,0,0,0,1,2,2,2,2,0,1,0,2,2,0,1,0,2,0,1,0,1,1,1,2,2,0,0,1,1,1,2,1,1,1,1,1,1,0,1,1,1,0,1,1,1,0,0,1,1,1,1,1,2,0,2,0,1,2,1,2,2,1,0,1,0,1,1,1,0,2,1,2,1,0,2,2,0,2,0,1,2,2,1,0,0,2,1,1,1,1,0,1,0,1,1,1,1,1,1,1,0,2,0,0,2,1,2,0,1,1,1,2,0,1,0,2,0,1,2,2,0,0,0,0,1,1,2,0,0,2,0,2,2,2,1,2,1,0,1,0,0,1,2,2,1,1,1,0,1
I22,0,1,2,1,1,2,2,1,1,1,2,0,0,1,2,1,1,0,0,1,1,1,2,0,0,0,2,1,1,2,2,2,0,2,0,1,2,2,0,1,2,0,0,1,0,2,2,1,1,1,0,0,0,0,1,0,2,2,2,1,1,2,2,2,0,1,0,2,0,1,0,1,0,2,2,2,1,0,2,1,1,2,1,1,1,1,1,1,1,1,1,0,0,1,0,1,0,0,1,1,1,0,1,1,0,2,0,1,2,1,2,2,1,0,1,0,1,1,1,0,2,1,2,1,0,2,2,0,2,0,1,2,0,1,0,0,2,1,1,1,1,0,1,0,0,1,1,1,1,0,1,0,2,0,0,2,1,0,0,1,1,1,2,0,1,1,2,0,1,2,2,0,0,0,0,1,1,0,0,0,2,0,2,2,2,1,2,1,0,1,1,0,1,2,2,1,1,1,0,1
216_27,0,1,2,1,1,2,2,1,1,1,2,0,0,1,2,1,1,0,0,1,1,1,2,0,0,0,2,1,1,2,2,2,0,2,0,1,2,2,0,1,2,0,0,1,0,2,2,1,1,1,0,0,0,0,1,0,2,2,2,1,1,2,2,2,0,1,0,2,0,1,0,1,0,2,2,2,1,0,2,1,1,2,1,1,1,1,1,1,1,1,1,0,0,1,0,1,0,0,1,1,1,0,1,1,0,2,0,1,2,1,2,2,1,0,1,0,1,1,1,0,2,1,2,1,0,2,2,0,2,0,1,2,0,1,0,0,2,1,1,1,1,1,1,0,0,1,1,1,1,0,1,0,2,0,0,2,1,0,0,1,1,1,2,0,1,1,2,0,1,2,2,0,0,0,0,1,1,0,1,2,2,0,2,2,2,1,2,1,0,1,1,0,1,2,2,1,1,1,0,1
216_26,0,1,2,1,1,2,2,1,1,1,2,0,0,1,2,1,1,0,0,1,1,1,2,0,0,0,2,1,1,2,2,2,2,2,0,1,2,2,0,1,2,0,0,1,0,2,2,1,1,1,0,0,0,0,1,0,2,2,2,1,1,2,2,2,0,1,0,2,0,1,0,1,0,2,2,2,1,0,2,1,1,2,1,1,1,1,1,1,1,1,1,0,0,1,0,1,0,0,1,1,1,0,1,1,0,2,0,1,2,1,2,2,1,0,1,0,1,1,1,0,2,1,2,1,2,2,2,0,2,0,1,2,0,1,0,0,2,1,1,1,1,0,1,0,0,1,1,1,1,0,1,2,2,0,0,2,1,0,0,1,1,1,2,1,1,1,2,0,1,2,2,0,0,0,1,1,1,0,0,0,2,0,2,2,2,1,2,1,0,1,1,0,1,2,2,1,1,1,0,1
I23,0,1,1,1,0,2,2,1,1,1,0,0,2,0,2,0,1,0,0,0,1,0,0,0,0,0,2,0,1,2,2,0,0,2,0,1,0,0,0,1,2,0,0,0,2,2,2,1,1,1,2,0,2,1,1,0,2,0,2,2,1,0,2,2,0,1,1,2,0,0,0,1,0,0,2,2,2,0,0,0,1,2,1,2,1,1,0,1,0,1,1,0,0,1,0,1,0,2,1,0,1,0,1,0,1,0,0,1,0,2,2,2,1,0,1,0,0,1,0,1,2,1,2,1,1,2,2,0,2,0,0,2,1,1,0,0,0,1,1,1,0,0,1,0,0,1,1,1,1,0,1,2,2,0,0,2,0,0,0,1,0,0,2,0,1,0,2,0,1,2,0,0,0,0,0,1,1,0,0,0,2,0,2,1,2,1,2,1,2,1,1,1,0,2,2,1,1,1,0,0
216_23,1,1,1,1,1,2,2,1,1,1,2,2,2,2,2,0,1,0,1,0,1,0,1,0,0,2,2,0,1,2,2,0,0,2,0,1,0,1,1,1,2,0,0,0,2,2,2,1,1,1,2,0,2,1,1,2,2,0,2,2,1,1,2,2,0,1,1,2,0,0,0,1,0,0,2,2,2,0,0,0,1,2,1,2,1,1,0,1,0,1,1,0,0,1,1,1,0,2,1,0,1,0,1,2,1,0,0,1,0,2,2,2,1,0,1,0,0,1,0,1,2,1,2,1,1,2,2,0,2,2,0,2,1,1,0,2,0,1,1,1,0,0,1,2,0,1,1,1,1,2,1,2,2,0,0,2,1,0,0,1,0,2,2,0,1,2,2,0,1,2,2,1,0,1,2,1,1,0,0,2,2,0,2,1,2,1,2,1,2,1,1,1,0,2,2,1,1,1,1,0
I24,0,1,1,1,0,2,2,1,1,1,0,0,2,0,2,0,1,0,0,0,1,0,0,2,0,0,2,1,1,2,2,0,0,2,0,1,2,0,2,1,2,0,0,0,2,2,2,1,1,1,2,0,2,1,1,1,2,0,2,2,1,0,2,2,0,1,1,2,1,0,0,1,0,0,2,2,2,1,0,1,1,2,1,2,1,1,0,1,0,1,1,0,1,1,0,1,0,2,1,0,1,2,1,0,1,0,2,1,0,2,2,2,1,0,1,2,0,1,0,1,2,1,2,1,1,2,2,0,2,0,0,2,1,1,2,0,0,1,1,1,0,0,1,0,0,1,1,1,1,1,1,2,2,0,0,2,0,2,0,1,0,0,2,0,1,0,2,2,1,2,0,1,2,0,0,1,1,0,0,0,2,2,2,1,2,1,2,1,2,1,1,1,1,2,2,1,1,1,1,0
216_18,0,1,1,1,0,2,2,1,1,1,0,0,2,0,2,0,1,0,0,0,1,0,0,2,0,0,2,1,1,2,2,0,0,2,0,1,2,0,2,1,2,0,0,0,2,2,2,1,1,1,2,0,2,1,1,1,2,0,2,2,1,0,2,2,0,1,1,2,1,0,0,1,0,0,2,2,2,1,0,1,1,2,1,2,1,1,0,1,0,1,1,0,1,1,0,1,0,2,1,0,1,2,1,0,1,0,2,1,0,2,2,2,1,0,1,2,0,1,0,1,2,1,2,1,1,2,2,0,2,0,0,2,1,1,2,0,0,1,1,1,0,0,1,1,0,1,1,1,1,1,1,2,2,0,0,2,0,2,0,1,0,0,2,0,1,0,2,2,1,2,0,1,2,0,0,1,1,0,0,0,2,2,2,1,2,1,2,1,2,1,1,1,1,2,2,1,1,1,1,0
216_17,0,1,1,1,0,2,2,1,1,1,0,0,2,1,2,0,1,0,0,0,1,0,0,2,0,0,2,1,1,2,2,0,0,2,0,1,2,0,2,1,2,0,0,0,2,2,2,1,1,1,2,0,2,1,1,1,2,0,2,2,1,0,2,2,0,1,1,2,1,0,0,1,0,0,2,2,2,1,0,1,1,2,1,2,1,1,0,1,0,1,1,0,1,1,0,1,0,2,1,0,1,2,1,0,1,0,2,1,0,2,2,2,1,0,1,2,0,1,0,1,2,1,2,1,1,2,2,0,2,0,0,2,1,1,2,0,0,1,1,1,0,0,1,0,0,1,1,1,1,1,1,2,2,0,0,2,0,2,0,1,0,0,2,0,1,0,2,2,1,2,0,1,2,0,0,1,1,0,0,0,2,2,2,1,2,1,2,1,2,1,1,1,1,2,2,1,1,1,1,0
Evolve tree: [&R] (((((216_17:0.02419549947338963,216_18:0.02419549947338963)I24:0.3613317788460914,216_23:0.385527278319481)I23:0.2783769555631764,((216_26:0.04058904710928343,216_27:0.04058904710928343)I22:0.14826383680431665,(216_24:0.020130191961974638,216_25:0.020130191961974638)I21:0.16872269195162545)I20:0.47505134996905735)I19:0.2693922631864883,(((216_28:0.10832906733286884,216_29:0.10832906733286884)I18:0.19048909609836392,216_31:0.2988181634312328)I17:0.32256255600398914,216_33:0.621380719435222)I16:0.3119157776339237)I15:0.3076515376001633,((((216_9:0.10832906733286884,216_10:0.10832906733286884)I14:0.21046380976758458,216_12:0.31879287710045345)I13:0.296591377803903,((216_13:0.11268051464220175,216_14:0.11268051464220175)I12:0.19609265663288353,(216_15:0.11268051464220175,216_16:0.11268051464220175)I11:0.19609265663288353)I10:0.3066110836292712)I9:0.27621981245933724,(((216_1:0.02419549947338963,216_2:0.02419549947338963)I8:0.16465738444021047,(216_3:0.020130191961974638,216_4:0.020130191961974638)I7:0.16872269195162545)I6:0.19144062461886946,((216_5:0.016078030702131985,216_6:0.016078030702131985)I5:0.14993419983922887,(216_7:0.012038973181965588,216_8:0.012038973181965588)I4:0.15397325735939527)I3:0.21428127799110866)I2:0.5113105588312242)I1:0.3493439673056151)I0:0;