[&R] ((((((216_17:0.008,216_18:2.008)210_13:16.586,216_23:14.594)132_5:19.891,((216_26:0.001,216_27:0.001)206_18:10.408,(216_24:1.002,216_25:0.002)211_21:4.407)172_10:31.076)83_3:37.952,(((216_28:5.114,216_29:3.114)190_18:9.396,216_31:8.51)149_13:19.445,216_33:30.954)90_5:31.483)42_2:64.673,((((216_9:2.065,216_10:4.065)190_5:3.186,216_12:10.251)145_5:21.078,((216_13:3.292,216_14:9.292)189_8:6.027,(216_15:3.071,216_16:3.071)189_9:7.248)147_7:20.01)91_2:36.39,(((216_1:1.002,216_2:0.002)210_1:6.2,(216_3:0.001,216_4:0.001)211_3:4.202)172_1:11.782,((216_5:0.001,216_6:0.001)212_5:4.164,(216_7:1.002,216_8:0.002)213_7:5.163)177_3:12.82)133_1:50.734)48_1:69.391)virtual:0.89)I0;
I0,0,0,0,0,0,0,0,0,0,0,0,0,0,0,0,0,0,0,0,0,0,0,0,0,0,0,0,0,0,0,0,0,0,0,0,0,0,0,0,0,0,0,0,0,0,0,0,0,0,0,0,0,0,0,0,0,0,0,0,0,0,0,0,0,0,0,0,0,0,0,0,0,0,0,0,0,0,0,0,0,0,0,0,0,0,0,0,0,0,0,0,0,0,0,0,0,0,0,0,0,0,0,0,0,0,0,0,0,0,0,0,0,0,0,0,0,0,0,0,0,0,0,0,0,0,0,0,0,0,0,0,0,0,0,0,0,0,0,0,0,0,0,0,0,0,0,0,0,0,0,0,0,0,0,0,0,0,0,0,0,0,0,0,0,0,0,0,0,0,0,0,0,0,0,0,0,0,0,0,0,0,0,0,0,0,0,0,0,0,0,0,0,0,0,0,0,0,0,0,0
virtual,0,0,0,0,0,0,0,0,0,0,0,0,0,0,0,0,0,0,0,0,0,0,0,0,0,0,0,0,0,0:0.93/2:0.07,0,0,0,0,0,0,0,0,0,0,0,0,0,0,0,0,0:0.93/2:0.07,0,0:0.93/1:0.07,0,0,0:0.93/1:0.07,0,0,0,0,0,0,0,0,0,0:0.93/1:0.07,0,0,0,0,0,0,0,0,0,0:0.93/2:0.07,0,0,0,0,0,0,0,0,0,0,0,0,0,0,0,0,0,0,0:0.93/2:0.07,0,0,0,0,0,0,0,0,0,0,0,0,0,0,0,0,0,0,0,0,0,0:0.93/1:0.07,0,0,0,0,0,0:0.93/1:0.07,0,0,0,0,0,0,0,0,0:0.93/1:0.07,0,0,0,0,0,0,0,0,0,0,0,0,0,0,0:0.93/1:0.07,0,0,0,0,0,0,0,0,0,0,0,0,0,0,0,0,0,0,0,0,0,0,0,0,0,0:0.93/2:0.07,0,0,0,0:0.93/1:0.07,0,0,0,0,0,0,0,0,0,0,0,0,0,0,0,0,0,0,0,0,0,0,0,0,0,0,0
48_1,0,0:0.1/1:0.9,0:0.1/2:0.9,0,0,0,0:0.1/1:0.9,0,0:0.1/2:0.9,0:0.1/1:0.9,0,0:0.1/2:0.9,0,0,0,0,0,0,0,0,0:0.1/2:0.9,0,0,0:0.1/2:0.9,0:0.1/1:0.9,0,0,0:0.1/2:0.9,0,0:0.09/2:0.91,0,0,0:0.1/2:0.9,0,0,0,0,0,0:0.1/2:0.9,0:0.1/2:0.9,0,0,0:0.1/2:0.9,0,0:0.1/2:0.9,0,0:0.09/2:0.91,0,0:0.09/1:0.91,0:0.1/2:0.9,0:0.1/1:0.9,0:0.09/1:0.91,0,0,0,0:0.1/2:0.9,0,0,0:0.1/1:0.9,0,0:0.1/2:0.9,0:0.09/1:0.91,0,0,0,0,0,0,0:0.1/1:0.9,0,0,0:0.09/2:0.91,0,0,0,0,0,0,0:0.1/2:0.9,0,0:0.1/1:0.9,0,0:0.1/1:0.9,0,0,0,0:0.1/2:0.9,0,0,0,0:0.09/2:0.91,0,0:0.1/1:0.9,0,0,0,0,0:0.1/1:0.9,0,0:0.1/1:0.9,0,0:0.1/1:0.9,0:0.1/2:0.9,0:0.1/2:0.9,0,0,0:0.1/1:0.9,0:0.1/1:0.9,0:0.1/2:0.9,0:0.1/1:0.9,0,0:0.1/2:0.9,0:0.09/1:0.91,0,0,0:0.1/1:0.9,0,0,0:0.09/1:0.91,0:0.1/2:0.9,0:0.1/1:0.9,0,0,0,0:0.1/1:0.9,0,0,0:0.09/1:0.91,0,0:0.1/1:0.9,0:0.1/2:0.9,0:0.1/1:0.9,0,0,0,0,0:0.1/2:0.9,0,0,0:0.1/1:0.9,0,0:0.1/1:0.9,0:0.09/1:0.91,0,0,0:0.1/1:0.9,0:0.1/2:0.9,0:0.1/1:0.9,0,0,0,0,0,0:0.1/2:0.9,0,0:0.1/2:0.9,0,0,0:0.1/2:0.9,0:0.1/1:0.9,0,0,0:0.1/2:0.9,0,0:0.1/1:0.9,0,0,0:0.1/1:0.9,0:0.09/2:0.91,0,0,0:0.1/1:0.9,0:0.09/1:0.91,0,0,0,0:0.1/2:0.9,0,0,0,0,0,0:0.1/1:0.9,0,0,0:0.1/1:0.9,0,0:0.1/2:0.9,0,0,0:0.1/2:0.9,0:0.1/1:0.9,0:0.1/2:0.9,0,0:0.1/1:0.9,0,0,0,0,0
133_1,0,1,2,0:0.02/1:0.98,0,0,1,0,2,1,0:0.02/1:0.98,2,0:0.02/2:0.98,0,0,0,0,0,0,0:0.02/2:0.98,2,0,0,2,1,0,0:0.02/2:0.98,2,0,2,0:0.02/1:0.98,0,2,0,0,0,0,0,2,2,0,0:0.02/1:0.98,2,0:0.02/1:0.98,2,0,2,0:0.02/2:0.98,1,2,1,1,0,0:0.02/2:0.98,0:0.02/1:0.98,2,0,0:0.02/1:0.98,1,0:0.02/2:0.98,2,1,0,0,0,0,0,0,1,0:0.02/1:0.98,0,2,0,0:0.02/1:0.98,0:0.02/1:0.98,0:0.02/2:0.98,0,0,2,0:0.02/1:0.98,1,0:0.02/2:0.98,1,0:0.02/2:0.98,0:0.02/1:0.98,0,2,0:0.02/1:0.98,0,0,2,0,1,0,0,0:0.02/1:0.98,0,1,0,1,0:0.02/2:0.98,1,2,2,0,0,1,1,2,1,0,2,1,0:0.02/1:0.98,0:0.02/1:0.98,1,0,0:0.02/2:0.98,1,2,1,0:0.02/2:0.98,0:0.02/1:0.98,0,1,0:0.02/2:0.98,0,1,0,1,2,1,0,0,0:0.02/1:0.98,0,2,0,0,1,0:0.02/1:0.98,1,1,0,0:0.02/1:0.98,1,2,1,0,0:0.02/1:0.98,0,0:0.02/1:0.98,0,2,0:0.02/2:0.98,2,0,0:0.02/1:0.98,2,1,0,0:0.02/2:0.98,2,0,1,0,0,1,2,0,0:0.02/1:0.98,1,1,0:0.02/1:0.98,0,0:0.02/2:0.98,2,0,0,0,0,0,1,0,0:0.02/1:0.98,1,0:0.02/1:0.98,2,0,0,2,1,2,0:0.02/1:0.98,1,0,0,0,0,0
177_3,0,1,2,1,0,0,1,0,2,1,1,2,2,0,0,0,0,0:0.01/1:0.99,0,2,2,0:0.01/2:0.99,0,2,1,0,2,2,0,2,1,0,2,0,0,0,0,0,2,2,0,1,2,1,2,0,2,2,1,2,1,1,0,2,1,2,0,1,1,2,2,1,0,0:0.01/1:0.99,0,0,0,0,1,1,0,2,0,1,1,2,0,0,2,1,1,2,1,2,1,0,2,1,0,0,2,0:0.01/2:0.99,1,0:0.01/2:0.99,0,1,0:0.01/2:0.99,1,0:0.01/1:0.99,1,2,1,2,2,0,0,1,1,2,1,0,2,1,1,1,1,0,2,1,2,1,2,1,0,1,2,0,1,0,1,2,1,0:0.01/2:0.99,0,1,0:0.01/2:0.99,2,0,0,1,1,1,1,0,1,1,2,1,0,1,0:0.01/2:0.99,1,0,2,2,2,0:0.01/1:0.99,1,2,1,0,2,2,0,1,0,0:0.01/1:0.99,1,2,0,1,1,1,1,0,2,2,0,0,0,0,0,1,0,1,1,1,2,0,0,2,1,2,1,1,0,0,0,0,0
213_7,0,1,2,1,2,0,1,0,2,1,1,2,2,0,0,2,0,1,0,2,2,2,0,2,1,0,2,2,0,2,1,0,2,1,0,0,0,0,2,2,0,1,2,1,2,0,2,2,1,2,1,1,0,2,1,2,0,1,1,2,2,1,1,1,0,0,0,0,1,1,1,2,0,1,1,2,0,0,2,1,1,2,1,2,1,0,2,1,0,0,2,2,1,2,0,1,2,1,1,1,2,1,2,2,0,0,1,1,2,1,0,2,1,1,1,1,0,2,1,2,1,2,1,0,1,2,0,1,0,1,2,1,2,0,1,2,2,0,0,1,1,1,1,0,1,1,2,1,0,1,2,1,0,2,2,2,1,1,2,1,0,2,2,0,1,0,1,1,2,0,1,1,1,1,0,2,2,0,0,0,0,0,1,0,1,1,1,2,0,0,2,1,2,1,1,0,0,0,0,0
216_8,0,1,2,1,2,0,1,0,2,1,1,2,2,0,0,2,0,1,0,2,2,2,0,2,1,0,2,2,0,2,1,0,2,1,0,0,0,0,2,2,0,1,2,1,2,0,2,2,1,2,1,1,0,2,1,2,0,1,1,2,2,1,1,1,0,0,0,0,1,1,1,2,0,1,1,2,0,0,2,1,1,2,1,2,1,0,2,1,0,0,2,2,1,2,0,1,2,1,1,1,2,1,2,2,0,0,1,1,2,1,0,2,1,1,1,1,0,2,1,2,1,2,1,0,1,2,0,1,0,1,2,1,2,0,1,2,2,0,0,1,1,1,1,0,1,1,2,1,0,1,2,1,0,2,2,2,1,1,2,1,0,2,2,0,1,0,1,1,2,0,1,1,1,1,0,2,2,0,0,0,0,0,1,0,1,1,1,2,0,0,2,1,2,1,1,0,0,0,0,0
216_7,0,1,2,1,2,0,1,0,2,1,1,2,2,0,0,2,0,1,0,2,2,2,0,2,1,0,2,2,0,2,1,0,2,1,0,0,0,0,2,2,0,1,2,1,2,0,2,2,1,2,1,1,0,2,1,2,0,1,1,2,2,1,1,1,0,0,0,0,1,1,1,2,0,1,1,2,0,0,2,1,1,2,1,2,1,0,2,1,0,0,2,2,1,2,0,1,2,1,1,1,2,1,2,2,2,0,1,1,2,1,0,2,1,1,1,1,0,2,1,2,1,2,1,0,1,2,0,1,0,1,2,1,2,0,1,2,2,0,0,1,1,1,1,0,1,1,2,1,0,1,2,1,0,2,2,2,1,1,2,1,0,2,2,0,1,0,1,1,2,0,1,1,1,1,0,2,2,0,0,0,0,0,1,0,1,1,1,2,0,0,2,1,2,1,1,0,0,0,0,0
212_5,0,1,2,1,0,0,1,0,2,1,1,2,2,0,0,0,0,1,0,2,2,2,0,2,1,0,2,2,0,2,1,0,2,0,0,0,0,0,2,2,0,1,2,1,2,0,2,2,1,2,1,1,0,2,1,2,0,1,1,2,2,1,0,1,0,0,1,0,1,1,0,2,0,1,1,2,0,0,2,1,1,2,1,2,1,0,2,1,0,0,2,2,1,2,1,1,2,1,1,1,2,1,2,2,0,0,1,1,2,1,0,2,1,1,1,1,0,2,1,2,1,2,1,0,1,2,0,1,0,1,2,1,2,1,1,2,2,0,0,1,1,1,1,0,1,1,2,1,0,1,2,1,0,2,2,2,1,1,2,1,0,2,2,0,1,0,1,1,2,0,1,1,1,1,0,2,2,0,0,0,0,0,1,0,1,1,1,2,0,0,2,1,2,1,1,0,0,1,0,0
216_6,0,1,2,1,0,0,1,0,2,1,1,2,2,0,0,0,0,1,0,2,2,2,0,2,1,0,2,2,0,2,1,0,2,0,0,0,0,0,2,2,0,1,2,1,2,0,2,2,1,2,1,1,0,2,1,2,0,1,1,2,2,1,0,1,0,0,1,0,1,1,0,2,0,1,1,2,0,0,2,1,1,2,1,2,1,0,2,1,0,0,2,2,1,2,1,1,2,1,1,1,2,1,2,2,0,0,1,1,2,1,0,2,1,1,1,1,0,2,1,2,1,2,1,0,1,2,0,1,0,1,2,1,2,1,1,2,2,0,0,1,1,1,1,0,1,1,2,1,0,1,2,1,0,2,2,2,1,1,2,1,0,2,2,0,1,0,1,1,2,0,1,1,1,1,0,2,2,0,0,0,0,0,1,0,1,1,1,2,0,0,2,1,2,1,1,0,0,1,0,0
216_5,0,1,2,1,0,0,1,0,2,1,1,2,2,0,0,0,0,1,0,2,2,2,0,2,1,0,2,2,0,2,1,0,2,0,0,0,0,0,2,2,0,1,2,1,2,0,2,2,1,2,1,1,0,2,1,2,0,1,1,2,2,1,0,1,0,0,1,0,1,1,0,2,0,1,1,2,0,0,2,1,1,2,1,2,1,0,2,1,0,0,2,2,1,2,1,1,2,1,1,1,2,1,2,2,0,0,1,1,2,1,0,2,1,1,1,1,0,2,1,2,1,2,1,0,1,2,0,1,0,1,2,1,2,1,1,2,2,0,0,1,1,1,1,0,1,1,2,1,0,1,2,1,0,2,2,2,1,1,2,1,0,2,2,0,1,0,1,1,2,0,1,1,1,1,0,2,2,0,0,0,0,0,1,0,1,1,1,2,0,0,2,1,2,1,1,0,0,1,0,0
172_1,0,1,2,1,0,0,1,0:0.02/1:0.98,2,1,1,2,2,0,0,0,0,0:0.02/2:0.98,0,2,2,0,0,2,1,0,2,2,0,2,1,0,2,0,0,0,0,0,2,2,0,1,2,1,2,0,2,2,1,2,1,1,0,2,1,2,0,1,1,2,2,1,0,0,0,0,0,0,1,1,0,2,0,1,1,2,0,0,2,1,1,2,1,2,1,0,2,1,0,0,2,0,1,0,0,1,0,1,0,1,2,1,2,2,0,0,1,1,2,1,0,2,1,1,1,1,0:0.02/1:0.98,2,1,2,1,2,1,0,1,2,0:0.02/1:0.98,1,0,1,2,1,0,0,1,0,2,0,0,1,1,1,1,0,1,1,2,1,0,1,0:0.02/1:0.98,1,0,2,2,2,0,1,2,1,0,2,2,0,1,0:0.02/1:0.98,0,1,2,0,1,1,1,1,0,2,2,0:0.02/1:0.98,0:0.02/1:0.98,0,0:0.02/2:0.98,0,1,0,1,1,1,2,0,0:0.02/2:0.98,2,1,2,1,1,0,0,0:0.02/2:0.98,0,0
211_3,0,1,2,1,0,0,1,1,2,1,1,2,2,0,0,0,0,2,0,2,2,0,0,2,1,0,2,2,0,2,1,1,2,0,0,0,0,0,2,2,0,1,2,1,2,2,2,2,1,2,1,1,0,2,1,2,0,1,1,2,2,1,0,0,2,1,0,0,1,1,0,2,0,1,1,2,0,0,2,1,1,2,1,2,1,0,2,1,0,0,2,0,1,0,0,1,0,1,0,1,2,1,2,2,0,0,1,1,2,1,0,2,1,1,1,1,1,2,1,2,1,2,1,0,1,2,1,1,0,1,2,1,0,0,1,0,2,0,0,1,1,1,1,0,1,1,2,1,0,1,1,1,0,2,2,2,0,1,2,1,0,2,2,0,1,1,0,1,2,0,1,1,1,1,0,2,2,1,1,0,2,0,1,0,1,1,1,2,0,2,2,1,2,1,1,0,0,2,0,0
216_4,0,1,2,1,0,0,1,1,2,1,1,2,2,0,0,0,0,2,0,2,2,0,0,2,1,0,2,2,0,2,1,1,2,0,0,0,0,0,2,2,0,1,2,1,2,2,2,2,1,2,1,1,0,2,1,2,0,1,1,2,2,1,0,0,2,1,0,0,1,1,0,2,0,1,1,2,0,0,2,1,1,2,1,2,1,0,2,1,0,0,2,0,1,0,0,1,0,1,0,1,2,1,2,2,0,0,1,1,2,1,0,2,1,1,1,1,1,2,1,2,1,2,1,0,1,2,1,1,0,1,2,1,0,0,1,0,2,0,0,1,1,1,1,0,1,1,2,1,0,1,1,1,0,2,2,2,0,1,2,1,0,2,2,0,1,1,0,1,2,0,1,1,1,1,0,2,2,1,1,0,2,0,1,0,1,1,1,2,0,2,2,1,2,1,1,0,0,2,0,0
216_3,0,1,2,1,0,0,1,1,2,1,1,2,2,0,0,0,0,2,0,2,2,0,0,2,1,0,2,2,0,2,1,1,2,0,0,0,0,0,2,2,0,1,2,1,2,2,2,2,1,2,1,1,0,2,1,2,0,1,1,2,2,1,0,0,2,1,0,0,1,1,0,2,0,1,1,2,0,0,2,1,1,2,1,2,1,0,2,1,0,0,2,0,1,0,0,1,0,1,0,1,2,1,2,2,0,0,1,1,2,1,0,2,1,1,1,1,1,2,1,2,1,2,1,0,1,2,1,1,0,1,2,1,0,0,1,0,2,0,0,1,1,1,1,0,1,1,2,1,0,1,1,1,0,2,2,2,0,1,2,1,0,2,2,0,1,1,0,1,2,0,1,1,1,1,0,2,2,1,1,0,2,0,1,0,1,1,1,2,0,2,2,1,2,1,1,0,0,2,0,0
210_1,0,1,2,1,0,0,1,1,2,1,1,2,2,2,0,0,0,2,0,2,2,0,1,2,1,1,2,2,0,2,1,0,2,0,1,0,0,0,2,2,0,1,2,1,2,0,2,2,1,2,1,1,0,2,1,2,1,1,1,2,2,1,0,0,0,0,0,0,1,1,0,2,0,1,1,2,0,0,2,1,1,2,1,2,1,0,2,1,0,0,2,0,1,0,1,1,0,1,0,1,2,1,2,2,0,0,1,1,2,1,0,2,1,1,1,1,1,2,1,2,1,2,1,0,1,2,1,1,0,1,2,1,0,0,1,0,2,0,0,1,1,1,1,0,1,1,2,1,0,1,1,1,0,2,2,2,0,1,2,1,0,2,2,0,1,1,0,1,2,0,1,1,1,1,0,2,2,1,1,0,2,0,1,0,1,1,1,2,0,2,2,1,2,1,1,0,0,2,0,0
216_2,0,1,2,1,0,0,1,1,2,1,1,2,2,2,0,0,0,2,0,2,2,0,1,2,1,1,2,2,0,2,1,0,2,0,1,0,0,0,2,2,0,1,2,1,2,0,2,2,1,2,1,1,0,2,1,2,1,1,1,2,2,1,0,0,0,0,0,0,1,1,0,2,0,1,1,2,0,0,2,1,1,2,1,2,1,0,2,1,0,0,2,0,1,0,1,1,0,1,0,1,2,1,2,2,0,0,1,1,2,1,0,2,1,1,1,1,1,2,1,2,1,2,1,0,1,2,1,1,0,1,2,1,0,0,1,0,2,0,0,1,1,1,1,0,1,1,2,1,0,1,1,1,0,2,2,2,0,1,2,1,0,2,2,0,1,1,0,1,2,0,1,1,1,1,0,2,2,1,1,0,2,0,1,0,1,1,1,2,0,2,2,1,2,1,1,0,0,2,0,0
216_1,0,1,2,1,0,0,1,1,2,1,1,2,2,2,0,0,0,2,0,2,2,0,1,2,1,1,2,2,0,2,1,0,2,0,1,0,0,0,2,2,0,1,2,1,2,0,2,2,1,2,1,1,0,2,1,2,1,1,1,2,2,1,0,0,0,0,0,0,1,1,0,2,0,1,1,2,0,0,2,1,1,2,1,2,1,0,2,1,0,2,2,0,1,0,1,1,0,1,0,1,2,1,2,2,0,0,1,1,2,1,0,2,1,1,1,1,1,2,1,2,1,2,1,0,1,2,1,1,0,1,2,1,0,0,1,0,2,0,0,1,1,1,1,0,1,1,2,1,0,1,1,1,0,2,2,2,0,1,2,1,0,2,2,0,1,1,0,1,2,0,1,1,1,1,0,2,2,1,1,0,2,0,1,0,1,1,1,2,0,2,2,1,2,1,1,0,0,2,0,0
91_2,0:0.06/1:0.94,0:0.01/1:0.99,0:0.01/2:0.99,0,0:0.06/1:0.94,0,0:0.01/1:0.99,0,0:0.01/2:0.99,0:0.01/1:0.99,0,0:0.01/2:0.99,0,0,0,0,0,0,0:0.06/2:0.94,0,0:0.01/2:0.99,0:0.06/1:0.94,0,0:0.01/2:0.99,0:0.01/1:0.99,0:0.06/2:0.94,0,0:0.01/2:0.99,0,0:0.01/2:0.99,0,0:0.06/2:0.94,0:0.01/2:0.99,0,0,0:0.06/1:0.94,0:0.06/2:0.94,0:0.06/1:0.94,0:0.01/2:0.99,0:0.01/2:0.99,0:0.06/1:0.94,0,0:0.01/2:0.99,0,0:0.01/2:0.99,0,0:0.01/2:0.99,0,0:0.01/1:0.99,0:0.01/2:0.99,0:0.01/1:0.99,0:0.01/1:0.99,0:0.06/1:0.94,0,0,0:0.01/2:0.99,0,0,0:0.01/1:0.99,0:0.06/1:0.94,0:0.01/2:0.99,0:0.01/1:0.99,0,0,0,0,0:0.06/1:0.94,0,0:0.01/1:0.99,0,0,0:0.01/2:0.99,0,0,0,0,0,0,0:0.01/2:0.99,0,0:0.01/1:0.99,0,0:0.01/1:0.99,0,0:0.06/2:0.94,0,0:0.01/2:0.99,0,0,0,0:0.01/2:0.99,0,0:0.01/1:0.99,0:0.06/2:0.94,0,0:0.06/2:0.94,0,0:0.01/1:0.99,0,0:0.01/1:0.99,0,0:0.01/1:0.99,0:0.01/2:0.99,0:0.01/2:0.99,0,0,0:0.01/1:0.99,0:0.01/1:0.99,0:0.01/2:0.99,0:0.01/1:0.99,0:0.06/2:0.94,0:0.01/2:0.99,0:0.01/1:0.99,0,0,0:0.01/1:0.99,0:0.06/2:0.94,0,0:0.01/1:0.99,0:0.01/2:0.99,0:0.01/1:0.99,0:0.06/1:0.94,0,0,0:0.01/1:0.99,0,0,0:0.01/1:0.99,0,0:0.01/1:0.99,0:0.01/2:0.99,0:0.01/1:0.99,0:0.06/1:0.94,0:0.06/2:0.94,0:0.06/2:0.94,0,0:0.01/2:0.99,0,0,0:0.01/1:0.99,0,0:0.01/1:0.99,0:0.01/1:0.99,0,0,0:0.01/1:0.99,0:0.01/2:0.99,0:0.01/1:0.99,0,0,0,0,0,0:0.01/2:0.99,0:0.06/1:0.94,0:0.01/2:0.99,0,0,0:0.01/2:0.99,0:0.01/1:0.99,0,0,0:0.01/2:0.99,0,0:0.01/1:0.99,0,0,0:0.01/1:0.99,0:0.01/2:0.99,0,0,0:0.01/1:0.99,0:0.01/1:0.99,0:0.06/2:0.94,0:0.06/1:0.94,0,0:0.01/2:0.99,0:0.06/1:0.94,0:0.06/2:0.94,0,0:0.06/2:0.94,0:0.06/2:0.94,0:0.01/1:0.99,0,0,0:0.01/1:0.99,0,0:0.01/2:0.99,0,0:0.06/1:0.94,0:0.01/2:0.99,0:0.01/1:0.99,0:0.01/2:0.99,0,0:0.01/1:0.99,0:0.06/2:0.94,0,0,0,0
147_7,1,1,2,0,1,0,1,0,2,1,0,2,0,0,0:0.02/1:0.98,0:0.02/2:0.98,0,0:0.02/2:0.98,2,0:0.02/2:0.98,2,1,0,2,1,2,0,2,0:0.02/1:0.98,2,0,2,2,0:0.02/1:0.98,0,1,2,1,2,2,1,0,2,0,2,0,2,0,1,2,1,1,1,0,0,2,0,0,1,1,2,1,0:0.02/1:0.98,0:0.02/2:0.98,0,0,1,0,1,0,0:0.02/1:0.98,2,0:0.02/2:0.98,0,0,0,0,0:0.02/1:0.98,2,0:0.02/1:0.98,1,0,1,0,2,0,2,0,0:0.02/1:0.98,0,2,0,1,2,0,2,0:0.02/1:0.98,1,0,1,0,1,2,2,0,0,1,1,2,1,2,2,1,0,0,1,2,0,1,2,1,1,0,0,1,0,0,1,0,1,2,1,1,2,2,0,2,0,0,1,0,1,1,0,0,1,2,1,0,0,0,0:0.02/2:0.98,0,2,1,2,0,0,2,1,0,0:0.02/1:0.98,2,0,1,0,0,1,2,0:0.02/1:0.98,0,1,1,2,1,0,2,1,2,0,2,2,1,0,0,1,0,2,0,1,2,1,2,0,1,2,0,0,0,0:0.02/1:0.98
189_9,1,1,2,0,1,0,1,0,2,1,0:0.01/1:0.99,2,0,0,1,2,0,2,2,2,2,1,0,2,1,2,0,2,1,2,0,2,2,1,0,1,2,1,2,2,1,0:0.01/1:0.99,2,0,2,0,2,0,1,2,1,1,1,0,0,2,0,0,1,1,2,1,1,2,0,0,1,0,1,0,1,2,2,0,0,0:0.01/1:0.99,0,1,2,1,1,0,1,0,2,0,2,0,1,0,2,0,1,2,0,2,1,1,0:0.01/2:0.99,1,0,1,2,2,0,0:0.01/2:0.99,1,1,2,1,2,2,1,0,0,1,2,0,1,2,1,1,0,0,1,0,0,1,0,1,2,1,1,2,2,0,2,0,0,1,0,1,1,0,0,1,2,1,0,0,0,2,0,2,1,2,0,0,2,1,0,1,2,0,1,0,0,1,2,1,0,1,1,2,1,0,2,1,2,0:0.01/1:0.99,2,2,1,0,0,1,0,2,0,1,2,1,2,0:0.01/2:0.99,1,2,0,0,0,1
216_16,1,1,2,0,1,0,1,0,2,1,1,2,0,0,1,2,0,2,2,2,2,1,0,2,1,2,0,2,1,2,0,2,2,1,0,1,2,1,2,2,1,1,2,0,2,0,2,0,1,2,1,1,1,0,0,2,0,0,1,1,2,1,1,2,0,0,1,0,1,0,1,2,2,1,0,1,0,1,2,1,1,0,1,0,2,0,2,0,1,0,2,0,1,2,0,2,1,1,2,1,0,1,2,2,0,2,1,1,2,1,2,2,1,0,0,1,2,0,1,2,1,1,0,0,1,0,1,1,0,1,2,1,1,2,2,0,2,0,0,1,0,1,1,0,0,1,2,1,0,0,0,2,0,2,1,2,0,0,2,1,0,1,2,0,1,0,0,1,2,1,0,1,1,2,1,0,2,1,2,1,2,2,1,0,0,1,1,2,0,1,2,1,2,2,1,2,0,0,0,1
216_15,1,1,2,0,1,0,1,0,2,1,1,2,0,0,1,2,0,2,2,2,2,1,0,2,1,2,0,2,1,2,0,2,2,1,0,1,2,1,2,2,1,1,2,0,2,0,2,0,1,2,1,1,1,0,0,2,0,0,1,1,2,1,1,2,0,0,1,0,1,0,1,2,2,0,0,1,0,1,2,1,1,0,1,0,2,0,2,0,1,0,2,0,1,2,0,2,1,1,2,1,0,1,2,2,0,2,1,1,2,1,2,2,1,0,0,1,2,0,1,2,1,1,0,0,1,0,0,1,1,1,2,1,1,2,2,0,2,0,1,1,0,1,1,0,0,1,2,1,0,0,0,2,0,2,1,2,0,0,2,1,0,1,2,0,1,0,0,1,2,1,0,1,1,2,1,0,2,1,2,1,2,2,1,0,0,1,0,2,0,1,2,1,2,2,1,2,0,0,1,1
189_8,1,1,2,0,1,0,1,0,2,1,0,2,0,0,1,2,0,2,2,2,2,1,0,2,1,2,0,2,1,2,0,2,2,1,0,1,2,1,2,2,1,0,2,0,2,0,2,0,1,2,1,1,1,0:0.05/1:0.95,0,2,0,0,1,1,2,1,1,2,0,0,1,0,1,0,1,2,2,0,0,0,0,1,2,1,1,0,1,0,2,0,2,0,1,0,2,0,1,2,0:0.05/1:0.95,2,1,1,0,1,0,1,2,2,0,0,1,1,2,1,2,2,1,0,0,1,2,0,1,2,1,1,0,0,1,0,0:0.05/2:0.95,1,0,1,2,1,1,2,2,0,2,0,0,1,0,1,1,0,0,1,2,1,0:0.05/2:0.95,0,0,2,0,2,1,2,0,0:0.05/2:0.95,2,1,0,1,2,0,1,0,0,1,2,1,0:0.05/1:0.95,1,1,2,1,0,2,1,2,0,2,2,1,0,0,1,0,2,0,1,2,1,2,0,1,2,0,0,0,1
216_14,1,1,2,2,1,0,1,0,2,1,0,2,0,0,1,2,1,2,2,2,2,1,0,2,1,2,0,2,1,2,1,2,2,1,0,1,2,1,2,2,1,0,2,0,2,0,2,0,1,2,1,1,1,1,0,2,0,0,1,1,2,1,1,2,0,0,1,0,1,2,1,2,2,0,0,0,0,1,2,1,1,0,1,0,2,0,2,0,1,0,2,0,1,2,1,2,1,1,0,1,0,1,2,2,0,0,1,1,2,1,2,2,1,2,0,1,2,0,1,2,1,1,0,0,1,0,2,1,2,1,2,1,1,2,2,0,2,0,0,1,0,1,1,0,0,1,2,1,2,0,0,2,2,2,1,2,0,2,2,1,0,1,2,2,1,0,0,1,2,1,1,1,1,2,1,0,2,1,2,1,2,2,1,0,0,1,0,2,0,1,2,1,2,0,1,2,0,0,0,1
216_13,1,1,2,0,1,0,1,0,2,1,0,2,0,0,1,2,0,2,2,2,2,1,0,2,1,2,0,2,1,2,0,2,2,1,0,1,2,1,2,2,1,0,2,0,2,0,2,0,1,2,1,1,1,1,0,2,0,0,1,1,2,1,1,2,0,0,1,0,1,0,1,2,2,0,0,0,0,1,2,1,1,0,1,0,2,0,2,0,1,0,2,0,1,2,1,2,1,1,0,1,0,1,2,2,0,0,1,1,2,1,2,2,1,0,0,1,2,0,1,2,1,1,0,0,1,0,2,1,0,1,2,1,1,2,2,0,2,0,0,1,0,1,1,0,0,1,2,1,2,0,0,2,0,2,1,2,0,2,2,1,0,1,2,0,1,0,0,1,2,1,1,1,1,2,1,0,2,1,2,0,2,2,1,0,0,1,2,2,0,1,2,1,2,0,1,2,0,1,2,1
145_5,1,1,2,0:0.01/2:0.99,1,0,1,0:0.01/1:0.99,2,1,0,2,0,0,0,0,0:0.01/2:0.99,0,2,0,2,1,0,2,1,2,0,2,0,2,0,2,2,0,0:0.01/1:0.99,1,2,1,2,2,1,0,2,0,2,0,2,0,1,2,1,1,1,0,0,2,0,0,1,1,2,1,0,0:0.01/1:0.99,0,0,1,0,1,0,0,2,0,0:0.01/2:0.99,0,0,0,0,2,0,1,0,1,0,2,0,2,0:0.01/2:0.99,0,0,2,0,1,2,0,2,0,1,0:0.01/1:0.99,1,0,1,2,2,0,0,1,1,2,1,2,2,1,0,0,1,2,0:0.01/2:0.99,1,2,1,1,0,0,1,0:0.01/1:0.99,0,1,0,1,2,1,1,2,2,0,2,0,0,1,0,1,1,0:0.01/2:0.99,0:0.01/2:0.99,1,2,1,0,0,0,0,0:0.01/1:0.99,2,1,2,0,0,2,1,0,0,2,0,1,0,0:0.01/1:0.99,1,2,0,0:0.01/1:0.99,1,1,2,1,0:0.01/1:0.99,2,1,2,0,2,2,1,0:0.01/2:0.99,0,1,0:0.01/2:0.99,2,0,1,2,1,2,0,1,2,0:0.01/1:0.99,0,0,0
216_12,1,1,2,2,1,0,1,1,2,1,0,2,0,0,0,0,2,0,2,0,2,1,0,2,1,2,0,2,0,2,0,2,2,0,1,1,2,1,2,2,1,0,2,0,2,0,2,1,1,2,1,1,1,0,0,2,0,0,1,1,2,1,0,1,0,1,1,0,1,2,0,2,0,2,0,0,0,0,2,0,1,0,1,0,2,0,2,2,0,0,2,0,1,2,1,2,0,1,1,1,1,1,2,2,0,0,1,1,2,1,2,2,1,0,0,1,2,2,1,2,1,1,0,0,1,1,0,1,0,1,2,1,1,2,2,0,2,0,0,1,1,1,1,2,2,1,2,1,0,0,0,0,1,2,1,2,0,0,2,1,2,0,2,0,1,1,1,1,2,0,1,1,1,2,1,1,2,1,2,2,2,2,1,2,0,1,2,2,0,1,2,1,2,1,1,2,1,0,0,0
190_5,1,1,2,2,1,0,1,1,2,1,0:0.02/2:0.98,2,0,0:0.02/2:0.98,0,0,2,0,2,0,2,1,0,2,1,2,0,2,0,2,0,2,2,0,1,1,2,1,2,2,1,0,2,0,2,0,2,0,1,2,1,1,1,0,0,2,0,0,1,1,2,1,0,1,0,0,1,0,1,0,0,2,0,2,0,0,0,0,2,0,1,0,1,0,2,0,2,2,0,0,2,0,1,2,0,2,0,1,1,1,0,1,2,2,0,0,1,1,2,1,2,2,1,0,0,1,2,2,1,2,1,1,0,0,1,1,0,1,0,1,2,1,1,2,2,0,2,0,0:0.02/2:0.98,1,0,1,1,2,2,1,2,1,0,0,0,0,1,2,1,2,0,0,2,1,0,0,2,0,1,0,1,1,2,0,1,1,1,2,1,1,2,1,2,0,2,2,1,2,0,1,2,2,0,1,2,1,2,0,1,2,1,0,0,0
216_10,1,1,2,2,1,0,1,1,2,1,2,2,0,2,0,0,2,0,2,0,2,1,0,2,1,2,0,2,0,2,0,2,2,0,1,1,2,1,2,2,1,0,2,0,2,0,2,0,1,2,1,1,1,0,0,2,0,0,1,1,2,1,0,1,0,0,1,0,1,0,0,2,0,2,2,0,1,0,2,0,1,0,1,0,2,0,2,2,0,0,2,0,1,2,0,2,0,1,1,1,0,1,2,2,0,0,1,1,2,1,2,2,1,0,2,1,2,2,1,2,1,1,0,0,1,1,0,1,0,1,2,1,1,2,2,0,2,0,2,1,0,1,1,2,2,1,2,1,0,0,0,0,1,2,1,2,0,0,2,1,0,0,2,0,1,0,1,1,2,0,1,1,1,2,1,1,2,1,2,0,2,2,1,2,0,1,2,2,2,1,2,1,2,0,1,2,1,0,0,0
216_9,1,1,2,2,1,0,1,1,2,1,2,2,0,2,0,0,2,0,2,0,2,1,0,2,1,2,0,2,0,2,0,2,2,0,1,1,2,1,2,2,1,0,2,0,2,0,2,0,1,2,1,1,1,0,0,2,0,0,1,1,2,1,0,1,0,0,1,0,1,1,0,2,0,2,0,0,0,0,2,0,1,0,1,0,2,0,2,2,0,0,2,0,1,2,0,2,0,1,1,1,0,1,2,2,0,0,1,1,2,1,2,2,1,0,0,1,2,2,1,2,1,1,0,0,1,1,0,1,0,1,2,1,1,2,2,0,2,0,2,1,0,1,1,2,2,1,2,1,0,0,0,0,1,2,1,2,0,0,2,1,0,0,2,0,1,0,1,1,2,0,1,1,1,2,1,1,2,1,2,0,2,2,1,2,2,1,2,2,0,1,2,1,2,0,1,2,1,0,0,0
42_2,0:0.08/2:0.92,0:0.08/2:0.92,0,0:0.08/1:0.92,0,0,0,0,0,0:0.08/2:0.92,0,0,0,0,0,0:0.08/2:0.92,0:0.08/1:0.92,0,0,0,0:0.08/1:0.92,0:0.08/1:0.92,0,0,0,0:0.08/2:0.92,0,0,0:0.08/2:0.92,0:0.07/2:0.93,0,0,0:0.08/1:0.92,0,0,0,0,0,0,0,0:0.08/1:0.92,0:0.08/1:0.92,0,0:0.08/2:0.92,0,0,0:0.07/2:0.93,0:0.08/2:0.92,0:0.07/1:0.93,0,0,0:0.07/1:0.93,0,0:0.08/1:0.92,0,0,0:0.08/2:0.92,0,0,0,0:0.08/1:0.92,0:0.07/1:0.93,0:0.08/1:0.92,0,0,0:0.08/1:0.92,0,0:0.08/2:0.92,0,0,0,0:0.07/2:0.93,0,0,0:0.08/2:0.92,0,0,0,0,0,0,0:0.08/1:0.92,0,0:0.08/1:0.92,0,0,0:0.08/1:0.92,0:0.08/2:0.92,0:0.08/2:0.92,0,0:0.07/2:0.93,0,0:0.08/2:0.92,0,0:0.08/1:0.92,0,0,0,0,0,0,0,0,0:0.08/1:0.92,0:0.08/2:0.92,0:0.08/2:0.92,0,0,0,0,0,0,0:0.07/1:0.93,0:0.08/1:0.92,0,0:0.08/2:0.92,0,0:0.08/2:0.92,0:0.07/1:0.93,0,0:0.08/2:0.92,0,0,0,0,0,0,0:0.07/1:0.93,0,0:0.08/2:0.92,0,0:0.08/2:0.92,0:0.08/1:0.92,0:0.08/1:0.92,0,0:0.08/2:0.92,0:0.08/1:0.92,0,0:0.08/1:0.92,0,0,0,0:0.07/1:0.93,0:0.08/1:0.92,0,0,0,0,0,0,0,0,0,0,0,0:0.08/1:0.92,0,0:0.08/1:0.92,0,0,0,0,0,0,0,0,0,0,0:0.07/2:0.93,0,0,0,0:0.07/1:0.93,0,0:0.08/1:0.92,0,0,0:0.08/1:0.92,0:0.08/2:0.92,0:0.08/2:0.92,0,0:0.08/1:0.92,0:0.08/2:0.92,0,0,0,0:0.08/2:0.92,0,0,0:0.08/2:0.92,0:0.08/1:0.92,0,0:0.08/1:0.92,0,0:0.08/2:0.92,0,0,0,0:0.08/2:0.92,0
90_5,0:0.01/2:0.99,0:0.01/2:0.99,0,0:0.01/1:0.99,0,0,0:0.09/2:0.91,0:0.09/1:0.91,0:0.09/2:0.91,0:0.01/2:0.99,0,0:0.09/1:0.91,0,0,0:0.09/2:0.91,0:0.01/2:0.99,0:0.01/1:0.99,0,0,0:0.09/2:0.91,0:0.01/1:0.99,0:0.01/1:0.99,0,0,0,0:0.01/2:0.99,0,0,0:0.01/2:0.99,0:0.01/2:0.99,0,0,0:0.01/1:0.99,0,0,0:0.09/2:0.91,0,0:0.09/1:0.91,0,0,0:0.01/1:0.99,0:0.01/1:0.99,0,0:0.01/2:0.99,0,0,0:0.01/2:0.99,0:0.01/2:0.99,0:0.01/1:0.99,0,0,0:0.01/1:0.99,0,0:0.01/1:0.99,0:0.09/2:0.91,0,0:0.01/2:0.99,0:0.09/1:0.91,0:0.09/2:0.91,0:0.09/2:0.91,0:0.01/1:0.99,0:0.01/1:0.99,0:0.01/1:0.99,0,0,0:0.01/1:0.99,0,0:0.01/2:0.99,0,0:0.09/1:0.91,0,0:0.01/2:0.99,0:0.09/2:0.91,0:0.09/1:0.91,0:0.01/2:0.99,0,0:0.09/1:0.91,0,0,0,0,0:0.01/1:0.99,0,0:0.01/1:0.99,0,0,0:0.01/1:0.99,0:0.01/2:0.99,0:0.01/2:0.99,0,0:0.01/2:0.99,0,0:0.01/2:0.99,0,0:0.01/1:0.99,0,0,0,0,0,0,0,0,0:0.01/1:0.99,0:0.01/2:0.99,0:0.01/2:0.99,0,0:0.09/1:0.91,0:0.09/1:0.91,0:0.09/2:0.91,0,0,0:0.01/1:0.99,0:0.01/1:0.99,0,0:0.01/2:0.99,0,0:0.01/2:0.99,0:0.01/1:0.99,0,0:0.01/2:0.99,0,0:0.09/2:0.91,0,0,0:0.09/1:0.91,0,0:0.01/1:0.99,0,0:0.01/2:0.99,0,0:0.01/2:0.99,0:0.01/1:0.99,0:0.01/1:0.99,0,0:0.01/2:0.99,0:0.01/1:0.99,0,0:0.01/1:0.99,0,0,0,0:0.01/1:0.99,0:0.01/1:0.99,0,0,0,0,0,0,0:0.09/2:0.91,0,0,0,0,0:0.01/1:0.99,0,0:0.01/1:0.99,0,0,0,0,0,0:0.09/1:0.91,0,0:0.09/1:0.91,0,0:0.09/2:0.91,0:0.01/2:0.99,0:0.09/1:0.91,0,0,0:0.01/1:0.99,0,0:0.01/1:0.99,0,0,0:0.01/1:0.99,0:0.01/2:0.99,0:0.01/2:0.99,0:0.09/1:0.91,0:0.01/1:0.99,0:0.01/2:0.99,0,0,0,0:0.01/2:0.99,0,0:0.09/2:0.91,0:0.01/2:0.99,0:0.01/1:0.99,0,0:0.01/1:0.99,0,0:0.01/2:0.99,0:0.09/1:0.91,0,0,0:0.01/2:0.99,0
216_33,2,2,0,1,0,0,2,1,2,2,2,1,0,0,2,2,1,0,0,2,1,1,0,0,0,2,0,2,2,2,1,0,1,0,2,2,0,1,0,1,1,1,1,2,2,0,2,2,1,0,0,1,2,1,2,1,2,1,2,2,1,1,1,0,2,1,0,2,0,1,0,2,2,1,2,0,1,0,0,1,0,1,0,1,1,2,1,2,2,0,2,2,2,0,1,0,0,1,0,0,0,0,0,1,2,2,0,1,1,2,2,0,1,1,0,2,0,2,1,0,2,0,2,0,0,1,0,1,0,2,0,2,1,1,2,2,1,1,1,0,0,1,1,1,0,0,0,0,2,0,2,0,0,0,0,1,0,1,0,0,0,1,0,1,0,1,0,2,2,1,0,1,1,2,1,0,1,1,2,2,1,1,2,0,0,0,2,1,2,2,1,0,1,0,2,1,1,1,2,1
149_13,2,2,0,1,0,0,2,1,2,2,0,1,0,0:0.03/2:0.97,2,2,1,0,0,2,1,1,0,0,0:0.03/2:0.97,2,0,0,2,2,0,0:0.03/1:0.97,1,0:0.03/2:0.97,0,2,0,1,0:0.03/2:0.97,0,1,1,0,2,0,0,2,2,1,0,0,1,0,1,2,0,2,1,2,2,1,1,1,0,0:0.03/1:0.97,1,0,2,0,1,0,2,2,1,2,0:0.03/2:0.97,1,0,0,0,0,1,0,1,0,0,1,2,2,0:0.03/1:0.97,2,0:0.03/1:0.97,2,0,1,0:0.03/1:0.97,0,0,0,0,0,0,0,1,2,2,0,1,1,2,0,0,1,1,0,2,0:0.03/1:0.97,2,1,0,2,0,2,0,0,1,0,1,0,2,0,2,1,1,0,2,1,0,1,0,0,0,1,1,0:0.03/1:0.97,0,0,0,0,0:0.03/1:0.97,2,0:0.03/1:0.97,0,0,0,1,0,1,0,0,0,0:0.03/2:0.97,0,1,0,1,0,2,2,1,0,0,1,0,1,0,0,1,2,2,1,1,2,0:0.03/1:0.97,0,0,2,0,2,2,1,0,1,0,2,1,0:0.03/2:0.97,0,2,0
216_31,2,2,0,1,0,1,2,1,2,2,0,1,1,2,2,2,1,0,2,2,1,1,0,0,2,2,0,0,2,2,0,1,1,2,1,2,0,1,2,0,1,1,0,2,0,0,2,2,1,0,0,1,0,1,2,0,2,1,2,2,1,1,1,0,1,1,0,2,0,1,0,2,2,1,2,2,1,0,0,0,0,1,0,1,1,0,1,2,2,1,2,1,2,0,1,1,0,0,0,0,0,0,1,1,2,2,0,1,1,2,0,0,1,1,0,2,1,2,1,0,2,0,2,0,0,1,0,1,2,2,0,2,1,1,0,2,1,0,1,0,0,0,1,1,1,0,0,0,0,1,2,1,0,0,2,1,0,1,0,0,0,2,0,1,0,1,0,2,2,1,0,0,1,0,1,0,0,1,2,2,1,1,2,1,0,0,2,0,2,2,1,0,1,0,2,1,2,0,2,0
190_18,2,2,0,1,0,0:0.01/2:0.99,2,1,2,2,0,1,0,2,2,2,1,0,0,2,1,1,0,0,2,2,0,0,2,2,0,1,1,2,0,2,0,1,2,0,1,1,0,2,0,0,2,2,1,0,0,1,0,1,2,0,2,1,2,2,1,1,1,0:0.01/2:0.99,1,1,0,2,0:0.01/1:0.99,1,0,2,2,1,2,2,1,0,0,0,0,1,0,1,0,0:0.01/1:0.99,1,2,2,1,2,1,2,0,1,1,0,0,0,0,0,0,0,1,2,2,0:0.01/2:0.99,1,1,2,0,0,1,1,0,2,1,2,1,0,2,0,2,0,0,1,0,1,0,2,0,2,1,1,0,2,1,0,1,0:0.01/2:0.99,0,0,1,1,1,0,0,0,0,1,2,1,0,0,0,1,0,1,0,0,0,2,0:0.01/1:0.99,1,0,1,0,2,2,1,0,0,1,0,1,0,0,1,2,2,1,1,2,1,0,0,2,0,2,2,1,0,1,0:0.01/1:0.99,2,1,2,0:0.01/2:0.99,2,0
216_29,2,2,0,1,2,2,2,1,2,2,0,1,0,2,2,2,1,0,0,2,1,1,0,0,2,2,0,0,2,2,0,1,1,2,0,2,0,1,2,0,1,1,0,2,1,0,2,2,1,0,0,1,0,1,2,0,2,1,2,2,1,1,1,2,1,1,0,2,1,1,0,2,2,1,2,2,1,0,0,0,0,1,0,1,0,1,1,2,2,1,2,1,2,0,1,1,0,0,0,0,0,0,0,1,2,2,2,1,1,2,0,0,1,1,0,2,1,2,1,0,2,0,2,0,0,1,0,1,0,2,0,2,1,1,0,2,1,0,1,2,0,0,1,1,1,0,1,0,0,1,2,1,0,0,0,1,0,1,0,0,0,2,1,1,0,1,0,2,2,1,0,0,1,0,1,0,0,1,2,2,1,1,2,1,0,0,2,0,2,2,1,0,1,1,2,1,2,2,2,0
216_28,2,2,0,1,0,2,2,1,2,2,0,1,0,2,2,2,1,0,0,2,1,1,0,0,2,2,0,0,2,2,1,1,1,2,0,2,0,1,2,0,1,1,0,2,0,0,2,2,1,0,0,1,0,1,2,0,2,1,2,2,1,1,1,2,1,1,0,2,1,1,0,2,2,1,2,2,1,0,0,0,0,1,0,1,0,1,1,2,2,1,2,1,2,0,1,1,0,0,0,0,0,0,0,1,2,2,2,1,1,2,0,0,1,1,0,2,1,2,1,0,2,1,2,0,0,1,0,1,0,2,0,2,1,1,0,2,1,0,1,2,0,0,1,1,1,0,0,1,1,1,2,1,0,0,0,1,0,1,0,0,0,2,1,1,0,1,0,2,2,1,0,0,1,0,1,0,0,1,2,2,1,1,2,1,2,0,2,0,2,2,1,0,1,1,2,1,2,2,2,0
83_3,0:0.01/2:0.99,0:0.01/2:0.99,0,0:0.01/1:0.99,0,0:0.08/2:0.92,0,0,0,0:0.01/2:0.99,0:0.08/1:0.92,0:0.08/2:0.92,0,0:0.08/2:0.92,0,0:0.01/2:0.99,0:0.01/1:0.99,0,0,0:0.08/1:0.92,0:0.01/1:0.99,0:0.01/1:0.99,0:0.08/1:0.92,0,0,0:0.01/2:0.99,0:0.08/2:0.92,0,0:0.01/2:0.99,0:0.01/2:0.99,0,0,0:0.01/1:0.99,0,0:0.08/1:0.92,0,0,0,0:0.08/2:0.92,0,0:0.01/1:0.99,0:0.01/1:0.99,0,0:0.01/2:0.99,0,0,0:0.01/2:0.99,0:0.01/2:0.99,0:0.01/1:0.99,0:0.08/1:0.92,0,0:0.01/1:0.99,0,0:0.01/1:0.99,0,0,0:0.01/2:0.99,0,0,0:0.08/1:0.92,0:0.01/1:0.99,0:0.01/1:0.99,0:0.01/1:0.99,0,0:0.08/2:0.92,0:0.01/1:0.99,0,0:0.01/2:0.99,0,0,0,0:0.01/2:0.99,0,0,0:0.01/2:0.99,0,0,0,0,0,0,0:0.01/1:0.99,0:0.08/2:0.92,0:0.01/1:0.99,0:0.08/1:0.92,0,0:0.01/1:0.99,0:0.01/2:0.99,0:0.01/2:0.99,0,0:0.01/2:0.99,0:0.08/1:0.92,0:0.01/2:0.99,0,0:0.01/1:0.99,0,0,0,0,0:0.08/1:0.92,0,0,0,0:0.01/1:0.99,0:0.01/2:0.99,0:0.01/2:0.99,0:0.08/2:0.92,0,0,0,0:0.08/1:0.92,0:0.08/2:0.92,0:0.01/1:0.99,0:0.01/1:0.99,0:0.08/2:0.92,0:0.01/2:0.99,0:0.08/2:0.92,0:0.01/2:0.99,0:0.01/1:0.99,0,0:0.01/2:0.99,0,0,0,0,0,0,0:0.01/1:0.99,0,0:0.01/2:0.99,0,0:0.01/2:0.99,0:0.01/1:0.99,0:0.01/1:0.99,0:0.08/1:0.92,0:0.01/2:0.99,0:0.01/1:0.99,0:0.08/1:0.92,0:0.01/1:0.99,0:0.08/2:0.92,0:0.08/1:0.92,0,0:0.01/1:0.99,0:0.01/1:0.99,0,0,0:0.08/2:0.92,0,0:0.08/1:0.92,0,0,0,0,0,0:0.08/2:0.92,0:0.01/1:0.99,0:0.08/2:0.92,0:0.01/1:0.99,0,0,0,0:0.08/2:0.92,0,0:0.08/2:0.92,0:0.08/2:0.92,0,0,0,0:0.01/2:0.99,0,0,0:0.08/1:0.92,0:0.01/1:0.99,0:0.08/1:0.92,0:0.01/1:0.99,0:0.08/1:0.92,0,0:0.01/1:0.99,0:0.01/2:0.99,0:0.01/2:0.99,0,0:0.01/1:0.99,0:0.01/2:0.99,0,0,0,0:0.01/2:0.99,0,0,0:0.01/2:0.99,0:0.01/1:0.99,0,0:0.01/1:0.99,0,0:0.01/2:0.99,0:0.08/2:0.92,0,0,0:0.01/2:0.99,0
172_10,2,2,0:0.01/2:0.99,1,0,2,0,0,0,2,1,2,0,2,0,2,1,0,0,1,1,1,1,0,0:0.01/1:0.99,2,2,0,2,2,0:0.01/2:0.99,0,1,0:0.01/2:0.99,1,0:0.01/1:0.99,0,0,2,0,1,1,0:0.01/2:0.99,2,0,0:0.01/2:0.99,2,2,1,1,0:0.01/1:0.99,1,0:0.01/2:0.99,1,0,0:0.01/2:0.99,2,0,0,1,1,1,1,0,2,1,0:0.01/1:0.99,2,0,0,0,2,0,0,2,0,0:0.01/1:0.99,0,0,0,0,1,2,1,1,0,1,2,2,0:0.01/1:0.99,2,1,2,0,1,0,0,0,0,1,0,0,0,1,2,2,2,0:0.01/2:0.99,0:0.01/2:0.99,0,1,2,1,1,2,2,2,2,1,0,2,0:0.01/1:0.99,0:0.01/1:0.99,0,0,0,0,1,0,2,0,2,1,1,1,2,1,1,1,2,1,0:0.01/1:0.99,1,1,0,0:0.01/2:0.99,2,0:0.01/1:0.99,1,0,0,0,0:0.01/2:0.99,0,2,1,2,1,0:0.01/2:0.99,0:0.01/2:0.99,0:0.01/2:0.99,2,0:0.01/1:0.99,2,2,0,0:0.01/2:0.99,0:0.01/2:0.99,2,0,0,1,1,1,1,1,0,1,2,2,0,1,2,0,0,0,2,0,0,2,1,0,1,0,2,2,0,0,2,0:0.01/1:0.99
211_21,2,2,2,1,0,2,0,0,0,2,1,2,0,2,0,2,1,0,0,1,1,1,1,0,1,2,2,0,2,2,2,0,1,2,1,1,0,0,2,0,1,1,2,2,0,2,2,2,1,1,1,1,2,1,0,2,2,0,0,1,1,1,1,0,2,1,1,2,0,0,0,2,0,1,2,0,1,0,0,2,0,1,2,1,1,0,1,2,2,1,2,1,2,0,1,0,0,0,0,1,0,0,0,1,2,2,2,2,2,2,1,2,1,1,2,2,2,2,1,0,2,1,1,0,0,0,0,1,0,2,0,2,1,1,1,2,1,1,1,2,1,1,1,1,0,2,2,1,1,0,0,2,2,0,2,1,2,1,2,2,2,2,1,2,2,0,2,2,2,0,0,1,1,1,1,1,0,1,2,2,0,1,2,0,0,0,2,0,0,2,1,0,1,0,2,2,0,0,2,1
216_25,2,2,2,1,0,2,0,0,0,2,1,2,0,2,0,2,1,0,0,1,1,1,1,0,1,2,2,0,2,2,2,0,1,2,1,1,0,0,2,0,1,1,2,2,0,2,2,2,1,1,1,1,2,1,0,2,2,0,0,1,1,1,1,0,2,1,1,2,0,0,0,2,0,1,2,0,1,0,0,2,0,1,2,1,1,0,1,2,2,1,2,1,2,0,1,0,0,0,0,1,0,0,0,1,2,2,2,2,2,2,1,2,1,1,2,2,2,2,1,0,2,1,1,0,0,0,0,1,0,2,0,2,1,1,1,2,1,1,1,2,1,1,1,1,0,2,2,1,1,0,0,2,2,0,2,1,2,1,2,2,2,2,1,2,2,0,2,2,2,0,0,1,1,1,1,1,0,1,2,2,0,1,2,0,0,0,2,0,0,2,1,0,1,0,2,2,0,0,2,1
216_24,2,2,2,1,0,2,0,0,0,2,1,2,0,2,0,2,1,0,0,1,1,1,1,0,1,2,2,0,2,2,2,0,1,2,1,1,0,0,2,0,1,1,2,2,0,2,2,2,1,1,1,1,2,1,0,2,2,0,0,1,1,1,1,0,2,1,1,2,2,0,0,2,0,1,2,0,1,0,0,2,0,1,2,1,1,0,1,2,2,1,2,1,2,0,1,0,0,0,0,1,0,0,0,1,2,2,2,2,2,2,1,2,1,1,2,2,2,2,1,0,2,1,1,0,0,0,0,1,0,2,0,2,1,1,1,2,1,1,1,2,1,1,1,1,0,2,2,1,1,0,0,2,2,0,2,1,2,1,2,2,2,2,1,2,2,0,2,2,2,0,0,1,1,1,1,1,0,1,2,2,0,1,2,0,0,0,2,0,0,2,1,0,1,0,2,2,0,0,2,1
206_18,2,2,2,1,0,2,0,2,0,2,1,2,0,2,0,2,1,0,0,1,1,1,1,0,1,2,2,0,2,2,2,0,1,2,1,1,0,0,2,1,1,1,2,2,0,2,2,2,1,1,1,1,2,1,0,2,2,0,0,1,1,1,1,0,2,1,1,2,0,0,0,2,2,0,2,0,1,0,0,0,1,1,2,1,1,0,1,2,2,1,2,1,2,0,1,0,0,0,0,1,1,1,2,1,2,2,2,2,2,0,1,2,1,1,2,2,2,2,1,0,2,1,1,0,2,0,0,1,0,2,0,2,1,1,1,2,1,1,1,2,1,1,1,1,0,2,2,1,1,0,0,0,2,0,2,1,2,1,2,2,2,2,1,2,2,0,2,2,2,0,0,1,1,1,1,1,1,1,2,2,0,1,2,0,0,0,2,0,1,2,1,0,1,0,2,2,0,0,2,1
216_27,2,2,2,1,0,2,0,2,0,2,1,2,0,2,0,2,1,0,0,1,1,1,1,0,1,2,2,0,2,2,2,0,1,2,1,1,0,0,2,1,1,1,2,2,0,2,2,2,1,1,1,1,2,1,0,2,2,0,0,1,1,1,1,0,2,1,1,2,0,0,0,2,2,0,2,0,1,0,0,0,1,1,2,1,1,0,1,2,2,1,2,1,2,0,1,0,0,0,0,1,1,1,2,1,2,2,2,2,2,0,1,2,1,1,2,2,2,2,1,0,2,1,1,0,2,0,0,1,0,2,0,2,1,1,1,2,1,1,1,2,1,1,1,1,0,2,2,1,1,0,0,0,2,0,2,1,2,1,2,2,2,2,1,2,2,0,2,2,2,0,0,1,1,1,1,1,1,1,2,2,0,1,2,0,0,0,2,0,1,2,1,0,1,0,2,2,0,0,2,1
216_26,2,2,2,1,0,2,0,2,0,2,1,2,0,2,0,2,1,0,0,1,1,1,1,0,1,2,2,0,2,2,2,0,1,2,1,1,0,0,2,1,1,1,2,2,0,2,2,2,1,1,1,1,2,1,0,2,2,0,0,1,1,1,1,0,2,1,1,2,0,0,0,2,2,0,2,0,1,0,0,0,1,1,2,1,1,0,1,2,2,1,2,1,2,0,1,0,0,0,0,1,1,1,2,1,2,2,2,2,2,0,1,2,1,1,2,2,2,2,1,0,2,1,1,0,2,0,0,1,0,2,0,2,1,1,1,2,1,1,1,2,1,1,1,1,0,2,2,1,1,0,0,0,2,0,2,1,2,1,2,2,2,2,1,2,2,0,2,2,2,0,0,1,1,1,1,1,1,1,2,2,0,1,2,0,0,0,2,0,1,2,1,0,1,0,2,2,0,0,2,1
132_5,2,2,0,1,0,0:0.01/2:0.99,0,0,0,2,0:0.01/1:0.99,0:0.01/2:0.99,0:0.07/1:0.93,0:0.01/2:0.99,0,2,1,0,0,0:0.01/1:0.99,1,1,0:0.01/1:0.99,0:0.07/2:0.93,0,2,0:0.01/2:0.99,0:0.07/1:0.93,2,2,0,0,1,0,0:0.01/1:0.99,0,0:0.07/1:0.93,0,0:0.01/2:0.99,0:0.07/1:0.93,1,1,0,2,0,0,2,2,1,0:0.01/1:0.99,0,1,0,1,0,0,2,0,0:0.07/2:0.93,0:0.01/1:0.99,1,1,1,0,0:0.01/2:0.99,1,0,2,0,0,0,2,0,0,2,0:0.07/1:0.93,0:0.07/2:0.93,0,0,0:0.07/1:0.93,0:0.07/2:0.93,1,0:0.01/2:0.99,1,0:0.01/1:0.99,0,1,2,2,0,2,0:0.01/1:0.99,2,0,1,0,0:0.07/1:0.93,0,0:0.07/2:0.93,0:0.01/1:0.99,0,0,0:0.07/1:0.93,1,2,2,0:0.01/2:0.99,0,0,0:0.07/2:0.93,0:0.01/1:0.99,0:0.01/2:0.99,1,1,0:0.01/2:0.99,2,0:0.01/2:0.99,2,1,0:0.07/1:0.93,2,0,0,0,0,0,0,1,0,2,0,2,1,1,0:0.01/1:0.99,2,1,0:0.01/1:0.99,1,0:0.01/2:0.99,0:0.01/1:0.99,0,1,1,0:0.07/2:0.93,0,0:0.01/2:0.99,0,0:0.01/1:0.99,0,0,0,0:0.07/1:0.93,0,0:0.01/2:0.99,1,0:0.01/2:0.99,1,0,0,0,0:0.01/2:0.99,0:0.07/2:0.93,0:0.01/2:0.99,0:0.01/2:0.99,0,0,0,2,0,0,0:0.01/1:0.99,1,0:0.01/1:0.99,1,0:0.01/1:0.99,0,1,2,2,0,1,2,0,0,0,2,0,0,2,1,0,1,0,2,0:0.01/2:0.99,0,0,2,0
216_23,2,2,0,1,0,2,2,2,0,2,1,2,1,2,0,2,1,0,0,1,1,1,1,2,0,2,2,1,2,2,0,0,1,0,1,0,1,0,2,1,1,1,0,2,0,0,2,2,1,1,0,1,0,1,0,0,2,0,2,1,1,1,1,0,2,1,0,2,0,0,0,2,0,0,2,1,2,0,0,1,2,1,2,1,1,0,1,2,2,0,2,1,2,1,1,0,1,0,2,1,1,0,1,1,2,2,2,0,0,2,1,2,1,1,2,2,2,2,1,1,2,0,0,0,0,0,1,1,2,2,0,2,1,1,1,2,1,1,1,2,1,0,1,1,2,0,2,2,1,1,2,0,1,0,2,1,2,1,0,0,0,2,2,2,2,2,1,0,2,0,0,1,1,1,1,1,2,1,2,2,0,1,2,0,0,0,2,0,0,2,1,0,1,0,2,2,0,0,2,1
210_13,2,2,0,1,0,2,0,0,0,2,1,2,1,2,0,2,1,0,0,1,1,1,1,2,0,2,2,1,2,2,0,2,1,0,1,2,1,0,2,1,1,1,0,2,0,0,2,2,1,1,0,1,0,1,0,0,2,0,2,1,1,1,1,1,2,1,0,2,1,0,2,2,0,1,2,1,2,0,0,1,2,1,2,1,1,2,1,2,2,0,2,1,2,0,1,0,1,0,2,1,0,0,1,1,2,2,2,2,0,2,1,2,1,1,2,2,2,2,1,1,2,0,0,2,0,2,0,1,0,2,0,2,1,1,1,2,1,1,1,2,1,0,1,1,2,0,2,0,1,2,0,0,1,1,2,1,2,1,0,0,0,2,2,2,2,0,0,0,2,0,0,1,1,1,1,1,0,1,2,2,0,1,2,0,2,0,2,0,1,2,1,0,1,0,2,2,0,1,2,0
216_18,2,2,0,1,0,2,0,0,1,2,1,2,1,2,0,2,1,0,0,1,1,1,1,2,0,2,2,1,2,2,0,2,1,0,1,2,1,0,2,1,1,1,0,2,0,0,2,2,1,1,0,1,0,1,0,0,2,0,2,1,1,1,1,1,2,1,0,2,1,0,2,2,0,1,2,1,2,0,0,1,2,1,2,1,1,2,1,2,2,0,2,1,2,0,1,0,1,0,2,1,0,0,1,1,2,2,2,2,0,2,1,2,1,1,2,2,2,2,1,1,2,0,0,2,0,2,0,1,0,2,0,2,1,1,1,2,1,1,1,2,1,0,1,1,2,0,2,0,1,2,0,0,1,1,2,1,2,1,0,0,0,2,2,2,2,0,0,0,2,0,0,1,1,1,1,1,2,1,2,2,0,1,2,0,2,0,2,0,1,2,1,0,1,0,2,2,0,1,2,0
216_17,2,2,0,1,0,2,0,0,0,2,1,2,1,2,0,2,1,0,0,1,1,1,1,2,0,2,2,1,2,2,0,2,1,0,1,2,1,0,2,1,1,1,0,2,0,0,2,2,1,1,0,1,0,1,0,0,2,0,2,1,1,1,1,1,2,1,0,2,1,0,2,2,0,1,2,1,2,0,0,1,2,1,2,1,1,2,1,2,2,0,2,1,2,0,1,0,1,0,2,1,0,0,1,1,2,2,2,2,0,2,1,2,1,1,2,2,2,2,1,1,2,0,0,2,0,2,0,1,0,2,0,2,1,1,1,2,1,1,1,2,1,0,1,1,2,0,2,0,1,2,0,0,1,1,2,1,2,1,0,0,0,2,2,2,2,0,0,0,2,0,0,1,1,1,1,1,0,1,2,2,0,1,2,0,2,0,2,0,1,2,1,0,1,0,2,2,0,1,2,0
