[&R] ((((((216_12:1.004,216_9:1.004)162_5:0.077,((216_5:0,216_6:0)204_3:0,(216_7:0,216_8:0)205_5:0)165_5:5.081)124_5:0.004,(((216_19:0,216_20:0)209_16:0,216_17:0)169_10:2.26,((216_13:0,216_14:0)205_10:2.515,(216_15:0,216_16:0)213_14:2.515)170_9:0.745)129_7:2.825)85_3:1.914,(((216_21:0,216_22:0)176_13:1.003,(216_23:0.002,216_24:1.002)180_15:0.001)130_9:2.236,(((216_25:0,216_26:0)209_21:0,(216_27:0,216_28:0)213_24:0)172_15:0,(216_29:0,216_30:0)178_18:0)132_11:2.24)86_5:1.76)42_2:0,((216_1:0,216_2:0)207_1:2.556,(216_3:0,216_4:0)213_3:2.556)163_3:5.444)virtual:0)I0;
I0,0,0,0,0,0,0,0,0,0,0
virtual,0,0,0,0,0,0,0,0,0,0
163_3,0,0,0,0:0.09/2:0.91,0:0.09/2:0.91,0:0.09/1:0.91,0,0:0.09/2:0.91,0:0.09/2:0.91,0:0.09/1:0.91
213_3,0,2,1,2,2,1,0,2,2,1
216_4,0,2,1,2,2,1,0,2,2,1
216_3,0,2,1,2,2,1,0,2,2,1
207_1,0,1,2,2,2,1,0,2,2,1
216_2,0,1,2,2,2,1,0,2,2,1
216_1,0,1,2,2,2,1,0,2,2,1
42_2,0,0,0,0,0,0,0,0,0,0
86_5,0,0:0.12/1:0.88,0,0,0,0,0,0,0,0:0.12/1:0.88
132_11,2,1,0,0,0,0,2,0,0,1
178_18,2,1,0,0,0,0,2,0,0,1
216_30,2,1,0,0,0,0,2,0,0,1
216_29,2,1,0,0,0,0,2,0,0,1
172_15,2,1,0,0,0,0,2,0,0,1
213_24,2,1,0,0,0,0,2,0,0,1
216_28,2,1,0,0,0,0,2,0,0,1
216_27,2,1,0,0,0,0,2,0,0,1
209_21,2,1,0,0,0,0,2,0,0,1
216_26,2,1,0,0,0,0,2,0,0,1
216_25,2,1,0,0,0,0,2,0,0,1
130_9,0,1,0,0,0,0,1,2,0,1
180_15,0,1,0,0,0,0,1,2,0,1
216_24,1,1,0,0,0,0,1,2,0,1
216_23,0,1,0,0,0,0,1,2,0,1
176_13,2,1,0,0,0,0,1,2,0,1
216_22,2,1,0,0,0,0,1,2,0,1
216_21,2,1,0,0,0,0,1,2,0,1
85_3,0:0.04/2:0.96,0,0,0:0.04/2:0.96,0,0,0,0,0,0
129_7,2,0:0.08/1:0.92,0,2,0:0.08/2:0.92,0:0.08/1:0.92,0,0,0,0
170_9,2,0:0.03/1:0.97,0,2,0:0.03/2:0.97,0:0.03/1:0.97,0:0.41/2:0.59,0,0,0
213_14,2,1,0,2,2,1,2,1,0,1
216_16,2,1,0,2,2,1,2,1,0,1
216_15,2,1,0,2,2,1,2,1,0,1
205_10,2,1,0,2,2,1,2,2,0,2
216_14,2,1,0,2,2,1,2,2,0,2
216_13,2,1,0,2,2,1,2,2,0,2
169_10,2,1,0,2,2,1,0,1,0,1
216_17,2,1,0,2,2,1,0,1,0,1
209_16,2,1,0,2,2,1,0,1,0,1
216_20,2,1,0,2,2,1,0,1,0,1
216_19,2,1,0,2,2,1,0,1,0,1
124_5,0:0.04/2:0.96,0,0,0:0.04/2:0.96,0,0,0,0,0,0
165_5,2,1,0,2,1,2,0,2,0,2
205_5,2,1,0,2,1,2,0,2,0,2
216_8,2,1,0,2,1,2,0,2,0,2
216_7,2,1,0,2,1,2,0,2,0,2
204_3,2,1,0,2,1,2,0,2,0,2
216_6,2,1,0,2,1,2,0,2,0,2
216_5,2,1,0,2,1,2,0,2,0,2
162_5,2,0,0,2,0,0,0,0,0,0
216_9,2,1,0,2,0,0,0,0,0,0
216_12,2,2,0,2,0,0,0,0,0,0
