[&R] (((((216_6:4.034,216_7:0.034)205_4:10.702,(216_4:1.002,216_5:0.002)214_4:9.734)158_2:24.176,((216_2:1.002,216_3:0.002)212_2:11.981,216_1:10.983)165_1:28.928)109_1:22.791,((216_12:1.009,216_13:1.009)205_9:11.671,(216_14:0.008,216_15:2.008)207_12:7.672)150_4:50.023)62_1:81.297)I0;
I0,0,0,0,0,0,0,0,0,0,0,0,0,0,0,0,0,0,0,0,0,0,0,0,0,0,0,0,0,0,0,0,0,0,0,0,0,0,0,0,0,0,0,0,0,0,0,0,0,0,0,0,0,0,0,0,0,0,0,0,0,0,0,0,0,0,0,0,0,0,0,0,0,0,0,0,0,0,0,0,0,0,0,0,0,0,0,0,0,0,0,0,0,0,0,0,0,0,0,0,0,0,0,0,0,0,0,0,0,0,0,0,0,0,0,0,0,0,0,0,0,0,0,0,0,0,0,0,0,0,0,0,0,0,0,0,0,0,0,0,0,0,0,0,0,0,0,0,0,0,0,0,0,0,0,0,0,0,0,0,0,0,0,0,0,0,0,0,0,0,0,0,0,0,0,0,0,0,0,0,0,0,0,0,0,0,0,0,0,0,0,0,0,0,0,0,0,0,0,0,0
62_1,0:0.07/1:0.93,0:0.07/2:0.93,0,0,0,0:0.07/2:0.93,0:0.07/2:0.93,0:0.07/2:0.93,0,0:0.07/1:0.93,0:0.07/2:0.93,0,0,0,0,0:0.07/1:0.93,0:0.07/1:0.93,0,0,0,0,0,0:0.07/1:0.93,0,0:0.07/1:0.93,0,0:0.07/1:0.93,0:0.07/2:0.93,0:0.07/2:0.93,0,0,0,0,0,0,0,0:0.07/2:0.93,0:0.07/1:0.93,0:0.07/2:0.93,0,0,0:0.07/2:0.93,0:0.07/2:0.93,0,0:0.07/2:0.93,0,0,0,0:0.07/2:0.93,0:0.07/2:0.93,0,0,0,0,0,0:0.07/2:0.93,0:0.07/1:0.93,0,0,0:0.07/2:0.93,0,0,0:0.07/1:0.93,0:0.07/2:0.93,0,0:0.07/2:0.93,0,0,0,0,0,0:0.07/1:0.93,0:0.07/1:0.93,0:0.07/2:0.93,0:0.07/1:0.93,0,0,0:0.07/2:0.93,0,0:0.07/2:0.93,0,0,0,0,0,0,0:0.07/1:0.93,0,0:0.07/1:0.93,0:0.07/2:0.93,0:0.07/1:0.93,0,0,0,0,0,0:0.07/2:0.93,0:0.07/1:0.93,0:0.07/1:0.93,0,0,0:0.07/1:0.93,0,0,0,0,0,0,0,0,0:0.07/2:0.93,0:0.07/1:0.93,0,0,0:0.07/1:0.93,0,0:0.07/2:0.93,0,0,0:0.07/1:0.93,0:0.07/2:0.93,0,0,0,0:0.07/2:0.93,0:0.07/1:0.93,0:0.07/1:0.93,0,0,0,0,0,0:0.07/2:0.93,0,0,0:0.07/2:0.93,0,0:0.07/1:0.93,0:0.07/1:0.93,0:0.07/1:0.93,0:0.07/1:0.93,0:0.07/2:0.93,0,0:0.07/1:0.93,0:0.07/1:0.93,0:0.07/1:0.93,0:0.07/1:0.93,0:0.07/1:0.93,0:0.07/2:0.93,0,0:0.07/1:0.93,0:0.07/1:0.93,0:0.07/2:0.93,0,0:0.07/1:0.93,0,0,0,0,0,0,0:0.07/1:0.93,0,0:0.07/1:0.93,0,0:0.07/1:0.93,0,0:0.07/1:0.93,0:0.07/1:0.93,0,0:0.07/2:0.93,0,0:0.07/2:0.93,0,0:0.07/2:0.93,0:0.07/2:0.93,0,0:0.07/2:0.93,0,0:0.07/1:0.93,0,0:0.07/2:0.93,0,0,0:0.07/1:0.93,0:0.07/1:0.93,0,0,0,0:0.07/2:0.93,0,0,0,0:0.07/1:0.93,0:0.07/1:0.93,0,0,0,0:0.07/2:0.93,0:0.07/1:0.93
150_4,1,2,0:0.01/1:0.99,0,0,2,2,2,0:0.01/2:0.99,1,2,0:0.01/1:0.99,0,0:0.01/2:0.99,0,1,1,0:0.01/2:0.99,0:0.01/2:0.99,0,0:0.01/1:0.99,0,1,0,1,0:0.01/2:0.99,1,2,2,0:0.01/2:0.99,0:0.01/1:0.99,0,0,0:0.01/1:0.99,0,0,2,1,2,0:0.01/2:0.99,0:0.01/1:0.99,2,2,0:0.01/1:0.99,2,0:0.01/1:0.99,0,0,2,2,0,0,0,0:0.01/2:0.99,0,2,1,0,0:0.01/2:0.99,2,0:0.01/1:0.99,0,1,2,0,2,0,0,0,0:0.01/1:0.99,0,1,1,2,1,0,0,2,0:0.01/2:0.99,2,0,0:0.01/1:0.99,0,0:0.01/1:0.99,0,0,1,0:0.01/2:0.99,1,2,1,0,0,0:0.01/1:0.99,0:0.01/2:0.99,0:0.01/2:0.99,2,1,1,0,0:0.01/1:0.99,1,0:0.01/1:0.99,0,0:0.01/1:0.99,0:0.01/1:0.99,0,0,0:0.01/2:0.99,0,2,1,0,0,1,0,2,0:0.01/1:0.99,0,1,2,0,0,0,2,1,1,0:0.01/2:0.99,0:0.01/1:0.99,0:0.01/2:0.99,0:0.01/1:0.99,0,2,0:0.01/2:0.99,0,2,0,1,1,1,1,2,0:0.01/2:0.99,1,1,1,1,1,2,0,1,1,2,0,1,0,0,0:0.01/1:0.99,0,0:0.01/2:0.99,0,1,0,1,0,1,0:0.01/1:0.99,1,1,0,2,0,2,0,2,2,0:0.01/2:0.99,2,0,1,0,2,0,0,1,1,0,0,0,2,0,0,0:0.01/1:0.99,1,1,0,0:0.01/2:0.99,0:0.01/1:0.99,2,1
207_12,1,2,1,0,0,2,2,2,2,1,2,1,0,2,0,1,1,2,2,0,1,0,1,0,1,2,1,2,2,2,1,2,0,1,0,0,2,1,2,2,1,2,2,1,2,1,0,0,2,2,0,0,0,2,0,2,1,0,2,2,1,0,1,2,2,2,0,0,0,1,0,1,1,2,1,0,0,2,2,2,0,1,0,1,0,0,1,2,1,2,1,0,0,1,2,2,2,1,1,0,1,1,1,0,1,1,0,0,2,0,2,1,0,0,1,0,2,1,2,1,2,2,0,1,2,1,1,2,1,2,1,0,2,2,0,2,0,1,1,1,1,2,2,1,1,1,1,1,2,0,1,1,2,0,1,0,0,1,0,2,1,1,0,1,1,1,1,1,1,0,2,0,2,0,2,2,2,2,0,1,0,2,0,0,1,1,0,0,0,2,0,0,1,1,1,0,2,1,2,1
216_15,1,2,1,0,0,2,2,2,2,1,2,1,0,2,0,1,1,2,2,0,1,0,1,0,1,2,1,2,2,2,1,2,0,1,0,0,2,1,2,2,1,2,2,1,2,1,0,0,2,2,0,0,0,2,0,2,1,0,2,2,1,0,1,2,2,2,0,0,0,1,0,1,1,2,1,0,0,2,2,2,0,1,0,1,0,1,1,2,1,2,1,0,0,1,2,2,2,1,1,0,1,1,1,0,1,1,0,0,2,0,2,1,0,0,1,0,2,1,2,1,2,2,0,1,2,1,1,2,1,2,1,0,2,2,0,2,0,1,1,1,1,2,2,1,1,1,1,1,2,0,1,1,2,0,1,0,0,1,0,2,1,1,0,1,1,1,1,1,1,0,2,0,2,0,2,2,2,2,0,1,0,2,0,0,1,1,1,0,0,2,0,0,1,1,1,0,2,1,2,1
216_14,1,2,1,0,0,2,2,2,2,1,2,1,0,2,0,1,1,2,2,0,1,0,1,0,1,2,1,2,2,2,1,2,0,1,0,0,2,1,2,2,1,2,2,1,2,1,0,0,2,2,0,0,0,2,0,2,1,0,2,2,1,0,1,2,2,2,0,0,0,1,0,1,1,2,1,0,0,2,2,2,0,1,0,1,0,0,1,2,1,2,1,0,0,1,2,2,2,1,1,0,1,1,1,0,1,1,0,0,2,0,2,1,0,0,1,0,2,1,2,1,2,2,0,1,2,1,1,2,1,2,1,0,2,2,0,2,0,1,1,1,1,2,2,1,1,1,1,1,2,0,1,1,2,0,1,0,0,1,0,2,1,1,0,1,1,1,1,1,1,0,2,0,2,0,2,2,2,2,0,1,0,2,0,0,1,1,0,0,0,2,0,0,1,1,1,0,2,1,2,1
205_9,1,2,1,0,0,2,2,2,2,1,2,1,1,2,0,1,1,2,2,0,1,0,1,0,1,2,1,2,2,2,1,0,0,1,0,0,2,1,2,2,1,2,2,1,2,1,0,0,2,2,0,0,0,2,0,2,1,0,2,2,1,0,1,2,0,2,0,0,0,1,0,1,1,2,1,0,0,2,2,2,0,1,1,1,0,1,1,2,1,2,1,0,0,1,2,2,2,1,1,0,1,1,1,1,1,1,0,2,2,0,2,1,0,0,1,0,2,1,0,1,2,0,0,0,2,1,1,2,1,2,1,0,2,2,1,2,0,1,1,1,1,2,2,1,1,1,1,1,2,0,1,1,2,0,1,0,0,1,0,2,2,1,0,1,0,1,1,1,1,0,2,0,2,1,2,2,2,2,2,1,0,2,0,0,1,1,1,2,0,2,0,0,1,1,1,0,2,1,2,1
216_13,1,2,1,0,0,2,2,2,2,1,2,1,1,2,0,1,1,2,2,0,1,0,1,0,1,2,1,2,2,2,1,0,0,1,2,0,2,1,2,2,1,2,2,1,2,1,0,0,2,2,0,0,0,2,0,2,1,0,2,2,1,0,1,2,0,2,0,0,0,1,0,1,1,2,1,0,0,2,2,2,0,1,1,1,0,1,1,2,1,2,1,0,0,1,2,2,2,1,1,0,1,1,1,1,1,1,0,2,2,0,2,1,0,0,1,0,2,1,0,1,2,0,0,0,2,1,1,2,1,2,1,0,2,2,1,2,0,1,1,1,1,2,2,1,1,1,1,1,2,0,1,1,2,0,1,0,0,1,0,2,2,1,0,1,0,1,1,1,1,0,2,0,2,1,2,2,2,2,2,1,0,2,0,0,1,1,1,2,0,2,0,0,1,1,1,0,2,1,2,1
216_12,1,2,1,0,0,2,2,2,2,1,2,1,1,2,0,1,1,2,2,0,1,0,1,0,1,2,1,2,2,2,1,0,0,1,0,0,2,1,2,2,1,2,2,1,2,1,0,0,2,2,0,0,0,2,0,2,1,0,2,2,1,0,1,2,0,2,0,0,0,1,0,1,1,2,1,0,0,2,2,2,0,1,1,1,0,1,1,2,1,2,1,0,0,1,2,2,2,1,1,0,1,1,1,1,1,1,0,2,2,0,2,1,0,0,1,0,2,1,0,1,2,0,0,0,2,1,1,2,1,2,1,0,2,2,1,2,0,1,1,1,1,2,2,1,1,1,1,1,2,2,1,1,2,0,1,0,0,1,0,2,2,1,0,1,0,1,1,1,1,0,2,0,2,1,2,2,2,2,2,1,0,2,0,0,1,1,1,2,0,2,0,0,1,1,1,0,2,1,2,1
109_1,0:0.01/1:0.99,0:0.01/2:0.99,0,0,0,0:0.01/2:0.99,0:0.01/2:0.99,0:0.01/2:0.99,0,0:0.01/1:0.99,0:0.01/2:0.99,0,0:0.15/2:0.85,0,0,0:0.01/1:0.99,0:0.01/1:0.99,0,0,0,0,0,0:0.01/1:0.99,0,0:0.01/1:0.99,0,0:0.01/1:0.99,0:0.01/2:0.99,0:0.01/2:0.99,0,0,0,0,0,0,0,0:0.01/2:0.99,0:0.01/1:0.99,0:0.01/2:0.99,0,0,0:0.01/2:0.99,0:0.01/2:0.99,0,0:0.01/2:0.99,0,0,0:0.15/1:0.85,0:0.01/2:0.99,0:0.01/2:0.99,0:0.15/2:0.85,0,0,0,0,0:0.01/2:0.99,0:0.01/1:0.99,0:0.15/1:0.85,0,0:0.01/2:0.99,0,0,0:0.01/1:0.99,0:0.01/2:0.99,0:0.15/2:0.85,0:0.01/2:0.99,0,0,0,0,0,0:0.01/1:0.99,0:0.01/1:0.99,0:0.01/2:0.99,0:0.01/1:0.99,0:0.15/1:0.85,0:0.15/1:0.85,0:0.01/2:0.99,0:0.15/1:0.85,0:0.01/2:0.99,0,0,0:0.15/2:0.85,0,0:0.15/2:0.85,0,0:0.01/1:0.99,0,0:0.01/1:0.99,0:0.01/2:0.99,0:0.01/1:0.99,0,0,0,0,0:0.15/1:0.85,0:0.01/2:0.99,0:0.01/1:0.99,0:0.01/1:0.99,0,0,0:0.01/1:0.99,0,0:0.15/2:0.85,0,0,0:0.15/2:0.85,0,0,0,0:0.01/2:0.99,0:0.01/1:0.99,0,0,0:0.01/1:0.99,0,0:0.01/2:0.99,0,0:0.15/1:0.85,0:0.01/1:0.99,0:0.01/2:0.99,0:0.15/1:0.85,0,0,0:0.01/2:0.99,0:0.01/1:0.99,0:0.01/1:0.99,0,0,0,0,0,0:0.01/2:0.99,0,0,0:0.01/2:0.99,0,0:0.01/1:0.99,0:0.01/1:0.99,0:0.01/1:0.99,0:0.01/1:0.99,0:0.01/2:0.99,0:0.15/1:0.85,0:0.01/1:0.99,0:0.01/1:0.99,0:0.01/1:0.99,0:0.01/1:0.99,0:0.01/1:0.99,0:0.01/2:0.99,0,0:0.01/1:0.99,0:0.01/1:0.99,0:0.01/2:0.99,0:0.15/2:0.85,0:0.01/1:0.99,0,0,0,0:0.15/2:0.85,0,0,0:0.01/1:0.99,0,0:0.01/1:0.99,0,0:0.01/1:0.99,0:0.15/2:0.85,0:0.01/1:0.99,0:0.01/1:0.99,0,0:0.01/2:0.99,0,0:0.01/2:0.99,0,0:0.01/2:0.99,0:0.01/2:0.99,0,0:0.01/2:0.99,0,0:0.01/1:0.99,0,0:0.01/2:0.99,0,0,0:0.01/1:0.99,0:0.01/1:0.99,0,0,0,0:0.01/2:0.99,0:0.15/2:0.85,0,0:0.15/2:0.85,0:0.01/1:0.99,0:0.01/1:0.99,0,0,0,0:0.01/2:0.99,0:0.01/1:0.99
165_1,1,2,0,0,0,2,2,2,0:0.03/2:0.97,1,2,0:0.03/1:0.97,2,0,0,1,1,0,0,0,0,0,1,0:0.03/2:0.97,1,0,1,2,2,0,0:0.03/2:0.97,0,0,0,0,0,2,1,2,0,0:0.03/1:0.97,2,2,0:0.03/1:0.97,2,0:0.03/2:0.97,0:0.03/1:0.97,1,2,2,2,0,0,0,0,2,1,1,0,2,0,0:0.03/1:0.97,1,2,2,2,0:0.03/1:0.97,0:0.03/2:0.97,0,0,0,1,1,2,1,1,1,2,1,2,0,0,2,0:0.03/1:0.97,2,0,1,0:0.03/1:0.97,1,2,1,0:0.03/1:0.97,0,0,0,1,2,1,1,0,0,1,0:0.03/1:0.97,2,0:0.03/1:0.97,0,2,0,0,0:0.03/1:0.97,2,1,0,0,1,0,2,0:0.03/2:0.97,1,1,2,1,0:0.03/1:0.97,0:0.03/1:0.97,2,1,1,0:0.03/1:0.97,0,0,0,0:0.03/1:0.97,2,0,0,2,0,1,1,1,1,2,1,1,1,1,1,1,2,0,1,1,2,2,1,0:0.03/2:0.97,0,0:0.03/1:0.97,2,0,0,1,0,1,0,1,2,1,1,0,2,0,2,0:0.03/2:0.97,2,2,0,2,0,1,0,2,0:0.03/2:0.97,0,1,1,0,0,0,2,2,0,2,1,1,0,0,0,2,1
216_1,1,2,0,0,0,2,2,2,2,1,2,1,2,0,2,1,1,0,0,0,0,0,1,2,1,1,1,2,2,0,2,0,0,0,0,0,2,1,2,1,1,2,2,1,2,2,1,1,2,2,2,0,0,1,0,2,1,1,0,2,0,1,1,2,2,2,1,2,2,0,0,1,1,2,1,1,1,2,1,2,0,0,2,1,2,0,1,1,1,2,1,1,0,0,0,1,2,1,1,0,0,1,1,2,1,0,2,0,0,1,2,1,0,0,1,0,2,2,1,1,2,1,1,1,2,1,1,1,0,2,0,1,2,0,0,2,0,1,1,1,1,2,1,1,1,1,1,1,2,0,1,1,2,2,1,2,1,1,2,0,0,1,2,1,2,1,2,1,1,0,2,0,2,2,2,2,0,2,0,1,0,2,2,2,1,1,0,0,0,2,2,0,2,1,1,0,0,0,2,1
212_2,1,2,0,0,0,2,2,2,2,1,2,1,2,0,0,1,1,0,0,1,0,0,1,2,1,0,1,2,2,0,2,1,0,0,0,2,2,1,2,0,1,2,2,1,2,2,1,1,2,2,2,0,0,0,0,2,1,1,0,2,0,1,1,2,2,2,1,2,1,0,1,1,1,2,1,1,1,2,1,2,0,0,2,1,2,0,1,1,1,2,1,1,0,1,0,1,2,1,1,0,0,1,1,2,1,0,2,0,0,1,2,1,0,2,1,0,2,2,1,1,2,1,1,1,2,1,1,1,2,0,1,1,2,1,0,2,0,1,1,1,1,2,1,1,1,1,1,1,2,0,1,1,2,2,1,2,0,1,2,0,0,1,0,1,0,1,2,1,1,0,2,0,2,2,2,2,0,2,0,1,0,2,2,0,1,1,0,0,0,2,2,0,2,1,1,0,2,0,2,1
216_3,1,2,0,0,0,2,2,2,2,1,2,1,2,0,0,1,1,0,0,1,0,0,1,2,1,0,1,2,2,0,2,1,0,0,0,2,2,1,2,0,1,2,2,1,2,2,1,1,2,2,2,0,0,0,0,2,1,1,0,2,0,1,1,2,2,2,1,2,1,0,1,1,1,2,1,1,1,2,1,2,0,0,2,1,2,0,1,1,1,2,1,1,0,1,0,1,2,1,1,0,0,1,1,2,1,0,2,0,0,1,2,1,0,2,1,0,2,2,1,1,2,1,1,1,2,1,1,1,2,0,1,1,2,1,0,2,0,1,1,1,1,2,1,1,1,1,1,1,2,0,1,1,2,2,1,2,0,1,2,0,0,1,0,1,0,1,2,1,1,0,2,0,2,2,2,2,0,2,0,1,0,2,2,0,1,1,0,0,0,2,2,0,2,1,1,0,2,0,2,1
216_2,1,2,0,0,0,2,2,2,2,1,2,1,2,0,0,1,1,0,0,1,0,0,1,2,1,0,1,2,2,0,2,1,0,0,0,2,2,1,2,0,1,2,2,1,2,2,1,1,2,2,2,0,0,0,0,2,1,1,0,2,0,1,1,2,2,2,1,2,1,0,1,1,1,2,1,1,1,2,1,2,0,0,2,1,2,0,1,1,1,2,1,1,0,1,0,1,2,1,1,0,0,1,1,2,1,0,2,0,0,1,2,1,0,2,1,0,2,2,1,1,2,1,1,1,2,1,1,1,2,0,1,1,2,1,0,2,0,1,1,1,1,2,1,1,1,1,1,1,2,0,1,1,2,2,1,2,0,1,2,0,0,1,0,1,0,1,2,1,1,0,2,0,2,2,2,2,0,2,0,1,0,2,2,0,1,1,1,0,0,2,2,0,2,1,1,0,2,0,2,1
158_2,1,2,0,0,0,2,2,2,0,1,2,0,2,0,0,1,1,0:0.03/2:0.97,0:0.03/2:0.97,0,0,0,1,0,1,0,1,2,2,0,0,0:0.03/1:0.97,0,0,0:0.03/2:0.97,0,2,1,2,0,0,2,2,0:0.03/2:0.97,2,0,0,1,2,2,2,0,0,0,0:0.03/1:0.97,2,1,1,0,2,0:0.03/2:0.97,0,1,2,2,2,0:0.03/2:0.97,0,0,0,0,1,1,2,1,1,1,2,1,2,0,0,2,0,2,0,1,0:0.03/2:0.97,1,2,1,0,0,0,0,1,2,1,1,0,0,1,0,2,0,0:0.03/2:0.97,2,0,0,0,2,1,0,0:0.03/1:0.97,1,0:0.03/2:0.97,2,0,1,1,2,1,0:0.03/2:0.97,0:0.03/2:0.97,2,1,1,0,0,0,0:0.03/2:0.97,0,2,0,0,2,0:0.03/2:0.97,1,1,1,1,2,1,1,1,1,1,1,2,0,1,1,2,2,1,0,0,0:0.03/2:0.97,2,0:0.03/1:0.97,0,1,0,1,0,1,2,1,1,0,2,0,2,0,2,2,0:0.03/1:0.97,2,0,1,0,2,0,0,1,1,0,0,0:0.03/1:0.97,2,2,0,2,1,1,0:0.03/2:0.97,0,0,2,1
214_4,1,2,0,0,0,2,2,2,0,1,2,0,2,0,0,1,1,2,2,0,0,0,1,0,1,0,1,2,2,0,0,1,0,0,2,0,2,1,2,0,0,2,2,2,2,0,0,1,2,2,2,0,0,1,1,2,1,1,0,2,2,0,1,2,2,2,2,2,0,1,2,1,1,2,1,1,1,2,1,2,0,0,2,0,2,0,1,2,1,2,1,0,0,0,0,1,2,1,1,0,2,1,0,2,0,2,2,0,0,0,2,1,0,1,1,2,2,2,1,1,2,1,2,2,2,1,1,0,0,0,2,0,2,0,0,2,2,1,1,1,1,2,1,1,1,1,1,1,2,2,1,1,2,2,1,0,0,2,2,1,0,1,0,1,0,1,2,1,1,0,2,0,2,0,2,2,1,2,0,1,0,2,1,0,1,1,0,0,1,2,2,0,2,1,1,2,0,1,2,1
216_5,1,2,0,0,0,2,2,2,0,1,2,0,2,0,0,1,1,2,2,0,0,0,1,0,1,0,1,2,2,0,0,1,0,0,2,0,2,1,2,0,0,2,2,2,2,0,0,1,2,2,2,0,0,1,1,2,1,1,0,2,2,0,1,2,2,2,2,2,0,1,2,1,1,2,1,1,1,2,1,2,0,0,2,0,2,0,1,2,1,2,1,0,0,0,0,1,2,1,1,0,2,1,0,2,0,2,2,0,0,0,2,1,0,1,1,2,2,2,1,1,2,1,2,2,2,1,1,0,0,0,2,0,2,0,0,2,2,1,1,1,1,2,1,1,1,1,1,1,2,2,1,1,2,2,1,0,0,2,2,1,0,1,0,1,0,1,2,1,1,0,2,0,2,0,2,2,1,2,0,1,0,2,1,0,1,1,0,0,1,2,2,0,2,1,1,2,0,1,2,1
216_4,1,2,0,0,0,2,2,2,0,1,2,0,2,0,0,1,1,2,2,0,0,0,1,0,1,0,1,2,2,0,0,1,0,0,2,0,2,1,2,0,0,2,2,2,2,0,0,1,2,2,2,0,0,1,1,2,1,1,0,2,2,0,1,2,2,2,2,2,0,1,2,1,1,2,1,1,1,2,1,2,0,0,2,0,2,0,1,2,1,2,1,0,0,0,0,1,2,1,1,0,2,1,0,2,0,2,2,0,0,0,2,1,0,1,1,2,2,2,1,1,2,1,2,2,2,1,1,0,0,0,2,0,2,0,1,2,2,1,1,1,1,2,1,1,1,1,1,1,2,2,1,1,2,2,1,0,0,2,2,1,0,1,0,1,0,1,2,1,1,0,2,0,2,0,2,2,1,2,0,1,0,2,1,0,1,1,0,0,1,2,2,0,2,1,1,2,0,1,2,1
205_4,1,2,0,0,0,2,2,2,1,1,2,0,2,0,0,1,1,2,2,0,0,2,1,0,1,0,1,2,2,0,0,1,0,0,2,0,2,1,2,0,0,2,2,2,2,0,0,1,2,2,2,0,0,0,1,2,1,1,0,2,2,0,1,2,2,2,2,0,0,0,0,1,1,2,1,1,1,2,1,2,0,0,2,0,2,1,1,2,1,2,1,0,0,2,0,1,2,1,1,0,0,1,2,2,0,2,2,2,0,0,2,1,1,1,1,2,2,0,1,1,2,1,2,2,2,1,1,0,0,0,2,0,2,0,0,2,2,1,1,1,1,2,1,1,1,1,1,1,2,1,1,1,2,2,1,0,0,2,2,1,0,1,0,1,0,1,2,1,1,0,2,0,2,0,2,2,1,2,1,1,1,2,0,0,1,1,0,0,1,2,2,0,2,1,1,2,0,0,2,1
216_7,1,2,0,0,0,2,2,2,1,1,2,0,2,0,0,1,1,2,2,0,0,2,1,0,1,0,1,2,2,0,0,1,0,0,2,0,2,1,2,0,0,2,2,2,2,0,0,1,2,2,2,0,0,0,1,2,1,1,0,2,2,0,1,2,2,2,2,0,0,0,0,1,1,2,1,1,1,2,1,2,0,0,2,0,2,1,1,2,1,2,1,0,0,2,0,1,2,1,1,0,0,1,2,2,0,2,2,2,0,0,2,1,1,1,1,2,2,0,1,1,2,1,2,2,2,1,1,0,0,0,2,0,2,0,0,2,2,1,1,1,1,2,1,1,1,1,1,1,2,1,1,1,2,2,1,0,0,2,2,1,0,1,0,1,0,1,2,1,1,0,2,0,2,0,2,2,1,2,1,1,1,2,0,0,1,1,0,0,1,2,2,0,2,1,1,2,0,0,2,1
216_6,1,2,1,0,0,2,2,2,1,1,2,0,2,0,0,1,1,2,2,0,0,2,1,0,1,2,1,2,2,0,0,1,0,0,2,0,2,1,2,0,0,2,2,2,2,0,0,1,2,2,2,1,0,0,1,2,1,1,0,2,2,0,1,2,2,2,2,0,0,0,0,1,1,2,1,1,1,2,1,2,0,0,2,0,2,1,1,2,1,2,1,0,2,2,0,1,2,1,1,0,0,1,2,2,0,2,2,2,0,0,2,1,1,1,1,2,2,0,1,1,2,1,2,2,2,1,1,0,0,0,2,0,2,0,0,2,2,1,1,1,1,2,1,1,1,1,1,1,2,1,1,1,2,2,1,0,0,2,2,1,0,1,0,1,0,1,2,1,1,0,2,0,2,0,2,2,1,2,1,1,1,2,0,0,1,1,0,0,1,2,2,0,2,1,1,2,0,0,2,1
