[&R] (((((216_5:0,216_6:0)189_3:2.012,216_7:0.012)146_2:0.002,((216_3:1.004,216_4:0.004)193_2:0.002,(216_1:0,216_2:0)194_1:1.007)150_1:1.007)93_1:0.997,(((216_13:2.047,216_14:2.047)187_7:0.005,216_15:1.053)150_5:0.956,(216_9:0.024,216_10:1.024)193_7:0.984)93_2:0.002)45_1:3.989)I0;
I0,0,0,0,0,0,0,0,0,0,0
45_1,2,1,0,2,0,2,0,0,0,0
93_2,2,1,0,2,0,2,0,0,0,0
193_7,2,1,0,2,0,2,0:0.02/2:0.98,0,0,0
216_10,2,1,0,2,0,2,2,0,0,1
216_9,2,1,0,2,0,2,2,0,0,0
150_5,2,1,0:0.05/2:0.95,2,0,2,0,0,0,0
216_15,2,1,2,2,2,2,0,0,0,0
187_7,2,1,0:0.05/2:0.95,2,0,2,0,0,0,0
216_14,2,1,2,2,2,2,1,0,0,0
216_13,2,1,2,2,0,2,0,0,2,1
93_1,2,1,0,2,0,2,0:0.01/2:0.99,0,0,0
150_1,2,1,0,2,0:0.01/2:0.99,2,2,0,0,0
194_1,2,1,0,2,2,2,2,0,0,2
216_2,2,1,0,2,2,2,2,0,0,2
216_1,2,1,0,2,2,2,2,0,0,2
193_2,2,1,0,2,2,2,2,0,0,0
216_4,2,1,0,2,2,2,2,0,0,0
216_3,2,1,2,2,2,2,2,0,0,0
146_2,2,1,0,2,0,2,0:0.01/2:0.99,0,0,0
216_7,2,1,0,2,0,2,2,0,0,0
189_3,2,1,0,2,1,2,2,0,0,1
216_6,2,1,0,2,1,2,2,0,0,1
216_5,2,1,0,2,1,2,2,0,0,1
