[&R] (((((216_11:1.049,216_12:0.049)207_8:2.563,(216_9:0,216_10:0)214_9:2.611)156_4:0.607,((216_13:0,216_14:0)214_12:1.162,216_15:1.162)158_7:2.056)89_2:3.782,(((216_21:0,216_22:0)202_12:1.036,(216_19:0,216_20:0)206_12:1.036)155_7:0.006,((216_17:0,216_18:0)215_17:1.187,216_16:1.187)161_9:1.855)96_5:4.958)virtual:0)I0;
I0,0,0,0,0,0,0,0,0,0,0
virtual,0,0,0,0,0,0,0,0,0,0
96_5,0:0.01/2:0.99,0:0.01/2:0.99,0,0,0:0.01/2:0.99,0,0:0.01/1:0.99,0:0.01/1:0.99,0,0
161_9,2,2,0,0:0.09/2:0.91,2,0,1,1,0,0:0.09/2:0.91
216_16,2,2,0,2,2,0,1,1,1,2
215_17,2,2,1,2,2,0,1,1,0,2
216_18,2,2,1,2,2,0,1,1,0,2
216_17,2,2,1,2,2,0,1,1,0,2
155_7,0:0.01/2:0.99,0:0.01/2:0.99,0,0,0:0.01/2:0.99,0,0:0.01/1:0.99,0:0.01/1:0.99,0,0
206_12,2,2,0,2,2,0,1,1,0,0
216_20,2,2,0,2,2,0,1,1,0,0
216_19,2,2,0,2,2,0,1,1,0,0
202_12,2,2,0,0,2,0,1,1,0,2
216_22,2,2,0,0,2,0,1,1,0,2
216_21,2,2,0,0,2,0,1,1,0,2
89_2,0,0,0:0.05/2:0.95,0,0:0.05/1:0.95,0,0,0,0:0.05/1:0.95,0:0.05/1:0.95
158_7,0:0.07/1:0.93,0,2,0,1,0,0:0.07/1:0.93,0,1,1
216_15,1,0,2,0,1,0,1,1,1,1
214_12,1,0,2,1,1,0,1,0,1,1
216_14,1,0,2,1,1,0,1,0,1,1
216_13,1,0,2,1,1,0,1,0,1,1
156_4,0,0,0:0.03/2:0.97,0,0:0.03/1:0.97,0,0:0.5/2:0.5,0,0:0.03/1:0.97,0:0.03/1:0.97
214_9,2,0,2,1,1,0,2,0,1,1
216_10,2,0,2,1,1,0,2,0,1,1
216_9,2,0,2,1,1,0,2,0,1,1
207_8,0,0:0.02/1:0.98,2,0,1,0,0:0.01/2:0.99,0:0.02/1:0.98,1,1
216_12,0,1,2,0,1,0,2,1,1,1
216_11,0,1,2,2,1,0,2,1,1,1
