[&R] ((((((216_13:1,216_14:0)184_7:0.002,(216_15:1.002,216_16:2.002)187_10:0)144_4:1.169,((216_11:0,216_12:0)193_8:0.046,(216_9:1.03,216_10:0.03)199_9:1.016)156_4:2.125)105_2:1.157,(((216_5:0.048,216_6:1.048)186_3:1.105,(216_7:0.048,216_8:1.048)189_5:1.105)150_2:1.089,((216_3:0.008,216_4:2.008)196_2:0.002,(216_1:0,216_2:0)197_1:0.01)158_1:2.232)106_1:3.086)60_1:1.671,(216_17:6.644,216_20:4.644)121_5:0.356)4_1:0)I0;
I0,0,0,0,0,0,0,0,0,0,0
4_1,0,0,0,0,0,0,0,0,0,0
121_5,0,0,0,0:0.82/1:0.18,0,0,0,0,0:0.82/1:0.18,0
216_20,0,0,0,1,1,1,0,1,1,0
216_17,1,0,2,1,2,2,1,0,1,0
60_1,0,0,0,0:0.16/2:0.84,0:0.16/2:0.84,0,0,0,0,0
106_1,0,0,0,0:0.01/2:0.99,0:0.01/2:0.99,0:0.07/2:0.93,0,0:0.07/2:0.93,0,0:0.07/1:0.93
158_1,0,0,1,2,2,2,2,2,0,1
197_1,0,0,1,2,2,2,2,2,0,1
216_2,0,0,1,2,2,2,2,2,0,1
216_1,0,0,1,2,2,2,2,2,0,1
196_2,0,0,1,2,2,2,2,2,0,1
216_4,1,0,1,2,2,2,2,2,2,1
216_3,0,0,1,2,2,2,2,2,0,1
150_2,0,0,0,2,2,0:0.01/2:0.99,0,0:0.01/2:0.99,0:0.12/1:0.88,0:0.01/1:0.99
189_5,0,0,0:0.04/1:0.96,2,2,2,0,2,0:0.01/1:0.99,1
216_8,0,1,1,2,2,2,0,2,1,1
216_7,0,0,1,2,2,2,0,2,1,1
186_3,0,0,0,2,2,2,0:0.04/1:0.96,2,0:0.01/1:0.99,1
216_6,1,0,0,2,2,2,1,2,1,1
216_5,0,0,0,2,2,2,1,2,1,1
105_2,0,0:0.13/1:0.87,0,0:0.02/2:0.98,0:0.02/2:0.98,0,0,0,0,0
156_4,0,1,0:0.02/2:0.98,2,2,0,0,0:0.02/1:0.98,0,0
199_9,0:0.03/2:0.97,1,2,2,2,0,0,1,0,0
216_10,2,1,2,2,2,0,0,1,0,0
216_9,2,1,2,2,2,0,0,1,1,0
193_8,0,1,2,2,2,0,0,1,0,0
216_12,0,1,2,2,2,0,0,1,0,0
216_11,0,1,2,2,2,0,0,1,0,0
144_4,0,1,0,2,2,0,0,2,0,0
187_10,0,1,0,2,2,0,0,2,0,0
216_16,0,1,2,2,2,2,0,2,0,0
216_15,0,1,0,2,2,0,0,2,1,0
184_7,0,1,0,2,2,0,0,2,0,0
216_14,0,1,0,2,2,0,0,2,0,0
216_13,0,1,2,2,2,0,0,2,0,0
