[&R] (((((216_12:0,216_13:0)202_10:1.023,(216_10:0,216_11:0)209_10:0.023)162_8:1.062,(216_14:0,216_15:0)202_11:1.084)108_4:2.209,(((216_4:0,216_5:0)199_4:1.029,(216_6:1.027,216_7:0.027)202_6:2.002)156_5:0.004,(216_8:2.112,216_9:0.112)162_7:1.921)111_4:2.26)50_2:0.707)I0;
I0,0,0,0,0,0,0,0,0,0,0
50_2,0:0.29/2:0.71,0,0,0,0,0,0,0,0,0
111_4,2,0,0,0:0.01/2:0.99,0,0:0.01/2:0.99,0,0,0,0
162_7,2,0,0,2,0,2,0,0:0.06/2:0.94,0:0.06/1:0.94,0
216_9,2,0,0,2,0,2,0,2,1,0
216_8,2,2,1,2,0,2,0,2,1,0
156_5,2,0,0,0:0.01/2:0.99,0,0:0.01/2:0.99,0,0,0,0
202_6,2,0,0,2,0,2,0,0,0:0.01/1:0.99,0:0.01/2:0.99
216_7,2,0,0,2,0,2,0,0,1,2
216_6,2,0,1,2,0,2,0,0,1,2
199_4,2,0,0,2,0,2,0,0,2,0
216_5,2,0,0,2,0,2,0,0,2,0
216_4,2,0,0,2,0,2,0,0,2,0
108_4,0:0.01/2:0.99,0,0:0.04/1:0.96,0,0:0.04/2:0.96,0,0,0,0,0
202_11,2,0,1,0,2,0,0,2,0,0
216_15,2,0,1,0,2,0,0,2,0,0
216_14,2,0,1,0,2,0,0,2,0,0
162_8,2,0,1,0,2,0,0,0,0,0:0.02/1:0.98
209_10,2,0,1,0,2,0,0,0,0,1
216_11,2,0,1,0,2,0,0,0,0,1
216_10,2,0,1,0,2,0,0,0,0,1
202_10,2,0,1,0,2,0,2,0,0,1
216_13,2,0,1,0,2,0,2,0,0,1
216_12,2,0,1,0,2,0,2,0,0,1
