[&R] (((((216_12:0,216_13:0)202_10:0.081,(216_10:0,216_11:0)209_10:1.081)162_8:3.273,(216_14:0,216_15:0)202_11:4.354)108_4:2.684,(((216_4:1.047,216_5:0.047)199_4:0.994,(216_6:0,216_7:0)202_6:1.041)156_5:0.003,(216_8:1.073,216_9:0.073)162_7:1.971)111_4:3.994)50_2:1.962)I0;
I0,0,0,0,0,0,0,0,0,0,0
50_2,0:0.35/2:0.65,0,0,0,0,0,0,0:0.35/2:0.65,0:0.35/1:0.65,0
111_4,2,0:0.01/1:0.99,0:0.01/2:0.99,0,0:0.01/1:0.99,0,0,2,1,0
162_7,2,1,2,0:0.04/1:0.96,1,0,0:0.04/2:0.96,2,1,0
216_9,2,1,2,1,1,0,2,2,1,0
216_8,2,1,2,1,1,0,2,2,1,1
156_5,2,0:0.01/1:0.99,0:0.01/2:0.99,0,0:0.01/1:0.99,0,0,2,1,0
202_6,2,1,2,0,1,1,0,2,1,0
216_7,2,1,2,0,1,1,0,2,1,0
216_6,2,1,2,0,1,1,0,2,1,0
199_4,2,1,2,0:0.05/1:0.95,1,0,0,2,1,0
216_5,2,1,2,1,1,0,0,2,1,0
216_4,2,1,2,1,1,0,0,2,1,1
108_4,0:0.12/2:0.88,0,0:0.34/1:0.66,0,0:0.34/2:0.66,0:0.34/1:0.66,0,0:0.12/2:0.88,0:0.12/1:0.88,0
202_11,2,2,1,0,2,1,2,2,1,1
216_15,2,2,1,0,2,1,2,2,1,1
216_14,2,2,1,0,2,1,2,2,1,1
162_8,2,0:0.02/1:0.98,0:0.01/1:0.99,0:0.02/1:0.98,0:0.01/2:0.99,0:0.01/1:0.99,0,2,1,0
209_10,2,1,1,1,2,1,0,2,1,2
216_11,2,1,1,1,2,1,0,2,1,2
216_10,2,1,1,1,2,1,0,2,1,2
202_10,2,1,1,1,2,1,0,2,1,0
216_13,2,1,1,1,2,1,0,2,1,0
216_12,2,1,1,1,2,1,0,2,1,0
