[&R] (((((216_12:1.099,216_13:1.099)202_10:0.916,(216_10:0,216_11:0)209_10:0.014)162_8:0.125,(216_14:0,216_15:0)202_11:4.14)108_4:1.122,(((216_4:0.005,216_5:1.005)199_4:0.002,(216_6:0.032,216_7:1.032)202_6:0.975)156_5:1.065,(216_8:0,216_9:0)162_7:0.072)111_4:3.19)50_2:1.738)I0;
I0,0,0,0,0,0,0,0,0,0,0
50_2,0,0,0,0,0,0,0,0,0:0.13/2:0.87,0:0.13/1:0.87
111_4,0:0.02/1:0.98,0,0:0.02/2:0.98,0,0,0:0.02/2:0.98,0,0,2,1
162_7,1,0,2,0,0,2,0,0,2,1
216_9,1,0,2,0,0,2,0,0,2,1
216_8,1,0,2,0,0,2,0,0,2,1
156_5,1,0,2,0,0,2,0:0.01/1:0.99,0,2,1
202_6,1,0,2,0,0:0.03/1:0.97,2,1,0,2,1
216_7,1,0,2,2,1,2,1,0,2,1
216_6,1,0,2,0,1,2,1,0,2,1
199_4,1,0,2,0,0,2,1,0,2,1
216_5,1,0,2,0,0,2,1,2,2,1
216_4,1,0,2,0,0,2,1,0,2,1
108_4,0,0,0,0,0,0,0,0:0.11/2:0.89,0:0.01/2:0.99,0:0.01/1:0.99
202_11,0,0,2,1,0,1,2,2,2,1
216_15,0,0,2,1,0,1,2,2,2,1
216_14,0,0,2,1,0,1,2,2,2,1
162_8,0,0,0,0,0,0,0,0:0.01/2:0.99,2,1
209_10,0,0,0,0,0,0,0,2,2,1
216_11,0,0,0,0,0,0,0,2,2,1
216_10,0,0,0,0,0,0,0,2,2,1
202_10,0,0,0,0,0:0.1/2:0.9,0,0,2,2,1
216_13,0,0,1,0,2,0,0,2,2,1
216_12,0,0,0,2,2,0,0,2,2,1
