[&R] (((((216_7:0,216_8:0)195_4:0.006,(216_5:1.081,216_6:0.081)197_3:0.925)152_2:0,((216_3:0,216_4:0)201_2:1.082,216_2:0.082)156_1:0.924)107_1:0.053,(((216_15:0,216_16:1)198_10:0,(216_13:0,216_14:0)209_13:0)160_6:0,((216_11:1,216_12:0)205_10:0,(216_9:0,216_10:0)206_9:0)166_5:0)115_3:2.059)58_1:6.941)I0;
I0,0,0,0,0,0,0,0,0,0,0
58_1,0:0.01/2:0.99,0,0:0.01/1:0.99,0:0.01/1:0.99,0:0.01/2:0.99,0:0.01/2:0.99,0,0:0.01/1:0.99,0:0.01/1:0.99,0
115_3,2,2,1,1,2,2,0,1,1,1
166_5,2,2,1,1,2,2,0,1,1,1
206_9,2,2,1,1,2,2,0,1,1,1
216_10,2,2,1,1,2,2,0,1,1,1
216_9,2,2,1,1,2,2,0,1,1,1
205_10,2,2,1,1,2,2,0,1,1,1
216_12,2,2,1,1,2,2,0,1,1,1
216_11,2,2,1,1,2,2,1,1,1,1
160_6,2,2,1,1,2,2,0,1,1,1
209_13,2,2,1,1,2,2,0,1,1,1
216_14,2,2,1,1,2,2,0,1,1,1
216_13,2,2,1,1,2,2,0,1,1,1
198_10,2,2,1,1,2,2,0,1,1,1
216_16,2,2,1,1,2,2,2,1,1,1
216_15,2,2,1,1,2,2,0,1,1,1
107_1,2,0,1,1,2,2,0,1,1,0
156_1,2,0:0.08/1:0.92,1,1,2,2,0,1,1,0
216_2,2,1,1,1,2,2,0,1,1,0
201_2,2,1,1,1,2,2,2,1,1,0
216_4,2,1,1,1,2,2,2,1,1,0
216_3,2,1,1,1,2,2,2,1,1,0
152_2,2,0,1,1,2,2,0,1,1,0
197_3,2,0,1,1,2,2,0:0.08/1:0.92,1,1,0
216_6,2,0,1,1,2,2,1,1,1,0
216_5,2,1,1,1,2,2,1,1,1,0
195_4,2,0,1,1,2,2,0,1,1,0
216_8,2,0,1,1,2,2,0,1,1,0
216_7,2,0,1,1,2,2,0,1,1,0
