[&R] (((((216_7:0,216_8:0)195_4:1.065,(216_5:0,216_6:0)197_3:1.065)152_2:0.953,((216_3:0,216_4:0)201_2:1.378,216_2:3.378)156_1:0.64)107_1:0.004,(((216_15:0,216_16:0)198_10:0.036,(216_13:0,216_14:0)209_13:1.035)160_6:2.259,((216_11:0,216_12:0)205_10:0,(216_9:0,216_10:0)206_9:0)166_5:1.294)115_3:2.729)58_1:1.977)I0;
I0,0,0,0,0,0,0,0,0,0,0
58_1,0,0:0.01/1:0.99,0,0,0,0,0,0,0:0.01/2:0.99,0
115_3,0:0.1/1:0.9,1,0,0:0.1/2:0.9,0,0,0,0,2,0:0.1/1:0.9
166_5,1,1,0,2,0,0,0,2,2,1
206_9,1,1,0,2,0,0,0,2,2,1
216_10,1,1,0,2,0,0,0,2,2,1
216_9,1,1,0,2,0,0,0,2,2,1
205_10,1,1,0,2,0,0,0,2,2,1
216_12,1,1,0,2,0,0,0,2,2,1
216_11,1,1,0,2,0,0,0,2,2,1
160_6,1,1,0:0.02/1:0.98,2,0,0:0.02/2:0.98,0,0,2,1
209_13,1,1,1,2,2,2,0,0,2,1
216_14,1,1,1,2,2,2,0,0,2,1
216_13,1,1,1,2,2,2,0,0,2,1
198_10,1,1,1,2,0,2,0,0,2,1
216_16,1,1,1,2,0,2,0,0,2,1
216_15,1,1,1,2,0,2,0,0,2,1
107_1,0,0:0.01/1:0.99,0,0,0,0,0,0,0:0.01/2:0.99,0
156_1,0:0.37/1:0.63,1,0,0,0,0,0,0,2,0
216_2,1,1,0,0,2,0,0,2,2,2
201_2,1,1,0,0,0,0,1,0,2,0
216_4,1,1,0,0,0,0,1,0,2,0
216_3,1,1,0,0,0,0,1,0,2,0
152_2,0,1,0,0,0:0.06/1:0.94,0,0,0,2,0
197_3,1,1,0,0,1,0,0,0,2,0
216_6,1,1,0,0,1,0,0,0,2,0
216_5,1,1,0,0,1,0,0,0,2,0
195_4,0,1,0,0,1,0,0,0,2,2
216_8,0,1,0,0,1,0,0,0,2,2
216_7,0,1,0,0,1,0,0,0,2,2
