[&R] (((((216_7:0,216_8:0)195_4:0.007,(216_5:0,216_6:0)197_3:3.007)152_2:0,((216_3:0.089,216_4:1.089)201_2:2.237,216_2:0.326)156_1:1.682)107_1:0.002,(((216_15:0,216_16:0)198_10:1.048,(216_13:0,216_14:0)209_13:0.048)160_6:1.705,((216_11:0,216_12:0)205_10:1.1,(216_9:0,216_10:0)206_9:0.1)166_5:3.654)115_3:0.256)58_1:4.991)I0;
I0,0,0,0,0,0,0,0,0,0,0
58_1,2,0,0,0,2,2,0,0,2,1
115_3,2,0,0,0,2,2,0:0.75/1:0.25,0,2,1
166_5,2,0:0.03/2:0.97,0,0:0.03/1:0.97,2,2,0:0.02/1:0.98,0:0.03/1:0.97,2,1
206_9,2,2,0,1,2,2,1,1,2,1
216_10,2,2,0,1,2,2,1,1,2,1
216_9,2,2,0,1,2,2,1,1,2,1
205_10,2,2,1,1,2,2,1,1,2,1
216_12,2,2,1,1,2,2,1,1,2,1
216_11,2,2,1,1,2,2,1,1,2,1
160_6,2,0,0,0:0.03/2:0.97,2,2,0:0.02/1:0.98,0,2,1
209_13,2,0,0,2,2,2,1,0,2,1
216_14,2,0,0,2,2,2,1,0,2,1
216_13,2,0,0,2,2,2,1,0,2,1
198_10,2,1,0,2,2,2,1,0,2,1
216_16,2,1,0,2,2,2,1,0,2,1
216_15,2,1,0,2,2,2,1,0,2,1
107_1,2,0,0,0,2,2,0,0,2,1
156_1,2,0:0.16/1:0.84,0,0,2,2,0,0:0.16/1:0.84,2,1
216_2,2,1,0,0,2,2,0,1,2,1
201_2,2,0:0.01/1:0.99,0,0:0.04/1:0.96,2,2,0:0.04/1:0.96,0:0.01/1:0.99,2,1
216_4,2,1,1,1,2,2,1,1,2,1
216_3,2,1,0,1,2,2,1,1,2,1
152_2,2,0,0,0,2,2,0,0,2,1
197_3,2,0,2,0,2,2,1,1,2,1
216_6,2,0,2,0,2,2,1,1,2,1
216_5,2,0,2,0,2,2,1,1,2,1
195_4,2,0,0,0,2,2,0,0,2,1
216_8,2,0,0,0,2,2,0,0,2,1
216_7,2,0,0,0,2,2,0,0,2,1
