[&R] (((((216_7:2.162,216_8:0.162)195_4:0.961,(216_5:0.034,216_6:1.034)197_3:1.09)152_2:0.901,((216_3:1.048,216_4:0.048)201_2:2.285,216_2:1.333)156_1:0.691)107_1:0.005,(((216_15:1,216_16:0)198_10:0,(216_13:0,216_14:0)209_13:0)160_6:0.052,((216_11:0.01,216_12:1.01)205_10:0.003,(216_9:0,216_10:0)206_9:1.014)166_5:1.038)115_3:2.978)58_1:3.97)I0;
I0,0,0,0,0,0,0,0,0,0,0
58_1,0,0,0:0.01/2:0.99,0,0:0.01/2:0.99,0,0,0:0.01/1:0.99,0:0.01/1:0.99,0
115_3,0:0.02/2:0.98,0,2,0,2,0:0.02/2:0.98,0,1,1,0:0.02/2:0.98
166_5,2,0:0.01/1:0.99,2,0,2,2,0,1,1,2
206_9,2,1,2,0,2,2,1,1,1,2
216_10,2,1,2,0,2,2,1,1,1,2
216_9,2,1,2,0,2,2,1,1,1,2
205_10,2,0:0.01/1:0.99,2,0,2,2,0,1,1,2
216_12,2,1,2,0,2,2,1,1,1,2
216_11,2,1,2,0,2,2,0,1,1,2
160_6,2,0,2,0,2,2,0,1,1,2
209_13,2,0,2,0,2,2,0,1,1,2
216_14,2,0,2,0,2,2,0,1,1,2
216_13,2,0,2,0,2,2,0,1,1,2
198_10,2,0,2,0,2,2,0,1,1,2
216_16,2,0,2,0,2,2,0,1,1,2
216_15,2,0,2,0,2,2,2,1,1,2
107_1,0,0,0:0.01/2:0.99,0,0:0.01/2:0.99,0,0,0:0.01/1:0.99,0:0.01/1:0.99,0
156_1,0,0,2,0,2,0:0.33/2:0.67,0,1,1,0
216_2,0,0,2,0,2,2,0,1,1,2
201_2,0,0:0.02/1:0.98,2,0:0.02/2:0.98,2,0:0.01/2:0.99,0,1,1,0
216_4,0,1,2,2,2,2,0,1,1,0
216_3,0,1,2,2,2,2,1,1,1,0
152_2,0,0,2,0:0.12/2:0.88,2,0,0,1,1,0
197_3,0,0:0.03/1:0.97,2,2,2,0,0,1,1,0
216_6,2,1,2,2,2,0,0,1,1,0
216_5,0,1,2,2,2,0,0,1,1,0
195_4,0,0,2,0:0.02/2:0.98,2,0,0:0.14/2:0.86,1,1,0
216_8,0,0,2,2,2,0,2,1,1,0
216_7,0,2,2,2,2,2,2,1,1,0
