cell,r0,r1,r2,r3,r4,r5,r6,r7,r8,r9,r10,r11,r12,r13,r14,r15,r16,r17,r18,r19,r20,r21,r22,r23,r24,r25,r26,r27,r28,r29,r30,r31,r32,r33,r34,r35,r36,r37,r38,r39,r40,r41,r42,r43,r44,r45,r46,r47,r48,r49,r50,r51,r52,r53,r54,r55,r56,r57,r58,r59,r60,r61,r62,r63,r64,r65,r66,r67,r68,r69,r70,r71,r72,r73,r74,r75,r76,r77,r78,r79,r80,r81,r82,r83,r84,r85,r86,r87,r88,r89,r90,r91,r92,r93,r94,r95,r96,r97,r98,r99,r100,r101,r102,r103,r104,r105,r106,r107,r108,r109,r110,r111,r112,r113,r114,r115,r116,r117,r118,r119,r120,r121,r122,r123,r124,r125,r126,r127,r128,r129,r130,r131,r132,r133,r134,r135,r136,r137,r138,r139,r140,r141,r142,r143,r144,r145,r146,r147,r148,r149,r150,r151,r152,r153,r154,r155,r156,r157,r158,r159,r160,r161,r162,r163,r164,r165,r166,r167,r168,r169,r170,r171,r172,r173,r174,r175,r176,r177,r178,r179,r180,r181,r182,r183,r184,r185,r186,r187,r188,r189,r190,r191,r192,r193,r194,r195,r196,r197,r198,r199
I0,1,0,1,2,2,1,0,0,1,0,0,0,0,0,0,0,0,1,2,0,0,0,0,1,0,0,0,2,0,0,0,0,1,1,0,0,0,2,1,0,0,0,0,0,2,0,0,0,0,0,0,0,0,0,0,0,0,0,2,0,0,1,0,2,0,0,0,2,1,0,0,0,0,0,1,0,0,0,0,0,0,0,2,0,0,2,1,0,0,0,0,0,0,2,0,2,0,0,2,0,0,0,2,2,0,1,0,0,1,0,1,2,0,0,2,2,0,0,2,0,2,1,0,2,1,0,0,0,0,1,0,1,1,0,0,1,0,0,0,0,0,1,0,1,0,0,1,0,0,0,0,1,0,0,0,2,0,1,0,1,0,0,0,0,2,0,2,1,0,2,0,0,0,0,1,0,2,0,0,0,1,2,0,2,1,1,2,1,0,0,1,1,0,0,0,1,1,0,0,0
I1,1,0,1,2,2,1,0,0,1,0,0,1,0,0,0,1,0,1,2,0,0,2,0,1,2,2,0,2,0,0,0,0,1,1,1,2,0,2,1,2,0,2,2,0,2,0,2,1,0,2,1,0,0,1,2,0,2,0,2,0,0,1,0,2,0,0,2,2,1,0,0,0,0,0,1,0,0,0,0,0,0,0,2,0,1,2,1,0,1,2,0,0,2,2,2,2,0,2,2,0,0,0,2,2,0,1,0,0,1,2,1,2,0,2,2,2,0,0,2,2,2,1,0,2,1,0,0,2,0,1,0,1,1,0,0,1,0,2,0,0,0,1,0,1,0,0,1,0,0,1,0,1,0,0,1,2,0,1,0,1,0,0,1,0,2,0,2,1,0,2,0,0,0,0,1,0,2,0,0,2,1,2,0,2,1,1,2,1,2,0,1,1,0,0,0,1,1,2,1,2
I2,1,1,1,2,2,1,1,1,1,0,0,1,0,0,0,1,0,1,2,0,0,2,1,1,2,2,0,2,0,0,2,0,1,1,1,2,0,2,1,2,0,2,2,0,2,0,2,1,0,2,1,0,1,1,2,1,2,2,2,0,0,1,1,2,0,0,2,2,1,0,0,0,0,0,1,0,0,2,0,0,1,0,2,0,1,2,1,0,1,2,0,2,2,2,2,2,2,2,2,0,0,0,2,2,0,1,0,0,1,2,1,2,0,2,2,2,0,0,2,2,2,1,0,2,1,0,2,2,0,1,0,1,1,0,1,1,2,2,0,0,0,1,0,1,0,0,1,0,0,1,2,1,0,0,1,2,0,1,0,1,0,0,1,0,2,2,2,1,0,2,0,0,0,0,1,0,2,0,2,2,1,2,0,2,1,1,2,1,2,0,1,1,0,2,0,1,1,2,1,2
I3,1,1,1,2,2,1,1,1,1,2,0,1,0,0,2,1,0,1,2,0,2,2,1,1,2,2,0,2,0,0,2,0,1,1,1,2,0,2,1,2,0,2,2,0,2,0,2,1,1,2,1,0,1,1,2,1,2,2,2,0,0,1,1,2,0,0,2,2,1,2,0,0,0,0,1,0,0,2,0,0,1,0,2,0,1,2,1,0,1,2,0,2,2,2,2,2,2,2,2,0,0,0,2,2,0,1,0,0,1,2,1,2,0,2,2,2,0,0,2,2,2,1,0,2,1,0,2,2,0,1,0,1,1,0,1,1,2,2,0,2,0,1,0,1,2,0,1,0,0,1,2,1,0,0,1,2,0,1,0,1,0,0,1,0,2,2,2,1,1,2,0,0,0,0,1,0,2,0,2,2,1,2,0,2,1,1,2,1,2,0,1,1,2,2,0,1,1,2,1,2
216_10,1,1,1,2,2,1,1,1,1,2,0,1,0,0,2,1,0,1,2,0,2,2,1,1,2,2,0,2,0,0,2,0,1,1,1,2,0,2,1,2,0,2,2,0,2,0,2,1,1,2,1,0,1,1,2,1,2,2,2,0,0,1,1,2,0,0,2,2,1,2,0,0,0,0,1,0,0,2,0,0,1,0,2,0,1,2,1,2,1,2,0,2,2,2,2,2,2,2,2,0,0,0,2,2,0,1,0,0,1,2,1,2,0,2,2,2,0,0,2,2,2,1,0,2,1,0,2,2,0,1,0,1,1,0,1,1,2,2,0,2,0,1,0,1,2,0,1,0,0,1,2,1,0,0,1,2,0,1,0,1,0,0,1,0,2,2,2,1,1,2,0,0,0,0,1,0,2,0,2,2,1,2,0,2,1,1,2,1,2,0,1,1,2,2,0,1,1,2,1,2
216_9,1,1,1,2,2,1,1,1,1,2,0,1,0,1,2,1,0,1,2,0,2,2,1,1,2,2,0,2,0,0,2,0,1,1,1,2,0,2,1,2,0,2,2,0,2,0,2,1,1,2,1,0,1,1,2,1,2,2,2,0,0,1,1,2,0,0,2,2,1,2,0,0,0,0,1,0,0,2,0,0,1,0,2,1,1,2,1,0,1,2,0,2,2,2,2,2,2,2,2,0,0,0,2,2,0,1,0,0,1,2,1,2,0,2,2,2,0,0,2,2,2,1,0,2,1,0,2,2,0,1,0,1,1,0,1,1,2,2,0,2,0,1,0,1,2,0,1,0,0,1,2,1,0,0,1,2,0,1,0,1,0,0,1,0,2,2,2,1,1,2,0,1,0,0,1,0,2,0,2,2,1,2,0,2,1,1,2,1,2,0,1,1,2,2,0,1,1,2,1,2
I4,1,1,1,2,2,1,1,1,1,2,0,1,0,0,0,1,0,1,2,0,0,2,1,1,2,2,0,2,0,0,2,0,1,1,1,2,0,2,1,2,2,2,2,0,2,0,2,1,0,2,1,0,1,1,2,1,2,2,2,2,0,1,1,2,0,0,2,2,1,0,0,0,0,0,1,0,2,2,0,0,1,0,2,0,1,2,1,0,1,2,1,2,2,2,2,2,2,2,2,0,0,0,2,2,0,1,0,0,1,2,1,2,0,2,2,2,0,0,2,2,2,1,0,2,1,2,2,2,0,1,1,1,1,0,1,1,2,2,2,0,0,1,1,1,0,0,1,0,0,1,2,1,0,0,1,2,0,1,0,1,0,0,1,0,2,2,2,1,0,2,0,0,0,0,1,0,2,0,2,2,1,2,0,2,1,1,2,1,2,0,1,1,0,2,0,1,1,2,1,2
216_12,1,1,1,2,2,1,1,1,1,2,0,1,0,0,0,1,0,1,2,0,0,2,1,1,2,2,0,2,0,0,2,0,1,1,1,2,0,2,1,2,2,2,2,0,2,0,2,1,0,2,1,0,1,1,2,1,2,2,2,2,0,1,1,2,0,0,2,2,1,0,0,0,0,0,1,0,2,2,0,0,1,0,2,0,1,2,1,0,1,2,1,2,2,2,2,2,2,2,2,0,0,0,2,2,0,1,0,0,1,2,1,2,0,2,2,2,0,0,2,2,2,1,0,2,1,2,2,2,0,1,1,1,1,0,1,1,2,2,2,0,0,1,1,1,0,0,1,0,0,1,2,1,0,0,1,2,0,1,0,1,2,0,1,0,2,2,2,1,0,2,0,0,0,0,1,0,2,0,2,2,1,2,0,2,1,1,2,1,2,0,1,1,0,2,0,1,1,2,1,2
216_11,1,1,1,2,2,1,1,1,1,2,0,1,0,0,0,1,0,1,2,0,0,2,1,1,2,2,0,2,0,0,2,0,1,1,1,2,0,2,1,2,2,2,2,0,2,0,2,1,0,2,1,0,1,1,2,1,2,2,2,2,0,1,1,2,0,0,2,2,1,0,0,0,0,0,1,0,2,2,0,0,1,0,2,0,1,2,1,0,1,2,1,2,2,2,2,2,2,2,2,0,1,0,2,2,0,1,0,0,1,2,1,2,0,2,2,2,0,0,2,2,2,1,0,2,1,2,2,2,0,1,1,1,1,0,1,1,2,2,2,0,0,1,1,1,0,0,1,0,0,1,2,1,0,0,1,2,0,1,0,1,0,0,1,0,2,2,2,1,2,2,0,0,0,0,1,0,2,0,2,2,1,2,0,2,1,1,2,1,2,0,1,1,0,2,0,1,1,2,1,2
I5,1,1,1,2,2,1,0,0,1,0,0,1,0,1,0,1,0,1,2,0,0,2,0,1,2,2,0,2,0,0,0,0,1,1,1,2,0,2,1,2,0,2,2,2,2,0,2,1,0,2,1,0,0,1,2,0,2,0,2,0,0,1,0,2,0,2,2,2,1,0,0,0,0,1,1,0,0,2,0,0,0,0,2,0,1,2,1,0,1,2,0,0,2,2,2,2,0,2,2,0,0,0,2,2,0,1,0,0,1,2,1,2,0,2,2,2,0,1,2,2,2,1,1,2,1,0,0,2,0,1,0,1,1,1,0,1,0,2,0,0,0,1,0,1,0,0,1,0,0,1,0,1,0,0,1,2,0,1,0,1,0,1,1,0,2,0,2,1,0,2,0,0,2,0,1,0,2,0,0,2,1,2,1,2,1,1,2,1,2,0,1,1,0,0,0,1,1,2,1,2
I6,1,1,1,2,2,1,0,0,1,0,0,1,2,1,0,1,2,1,2,0,0,2,0,1,2,2,0,2,0,0,0,0,1,1,1,2,0,2,1,2,0,2,2,2,2,0,2,1,2,2,1,0,0,1,2,0,2,0,2,2,0,1,0,2,0,2,2,2,1,0,0,0,0,1,1,0,0,2,0,0,0,0,2,0,1,2,1,0,1,2,0,0,2,2,2,2,0,2,2,1,0,0,2,2,0,1,0,0,1,2,1,2,0,2,2,2,0,1,2,2,2,1,1,2,1,0,2,2,0,1,0,1,1,1,0,1,0,2,0,0,0,1,0,1,0,2,1,0,0,1,0,1,0,0,1,2,0,1,0,1,0,1,1,0,2,0,2,1,0,2,0,0,2,2,1,0,2,0,0,2,1,2,1,2,1,1,2,1,2,0,1,1,2,0,0,1,1,2,1,2
216_14,1,1,1,2,2,1,0,0,1,0,0,1,2,1,0,1,2,1,2,0,0,2,0,1,2,2,0,2,0,0,0,0,1,1,1,2,0,2,1,2,0,2,2,2,2,0,2,1,2,2,1,0,0,1,2,0,2,0,2,2,0,1,0,2,0,2,2,2,1,0,0,0,0,1,1,0,0,2,0,0,0,0,2,0,1,2,1,0,1,2,0,0,2,2,2,2,0,2,2,1,0,0,2,2,0,1,0,0,1,2,1,2,0,2,2,2,0,1,2,2,2,1,1,2,1,0,2,2,0,1,0,1,1,1,0,1,0,2,0,0,0,1,0,1,0,2,1,0,0,1,0,1,0,0,1,2,0,1,0,1,0,1,1,0,2,0,2,1,0,2,0,0,2,2,1,0,2,0,0,2,1,2,1,2,1,1,2,1,2,0,1,1,2,0,0,1,1,2,1,2
216_13,1,1,1,2,2,1,0,0,1,0,0,1,2,1,0,1,2,1,2,2,0,2,0,1,2,2,0,2,0,0,0,0,1,1,1,2,0,2,1,2,0,2,2,2,2,0,2,1,2,2,1,0,0,1,2,0,2,0,2,2,0,1,0,2,0,2,2,2,1,0,0,0,0,1,1,0,0,2,0,0,0,0,2,0,1,2,1,0,1,2,0,0,2,2,2,2,0,2,2,1,0,0,2,2,0,1,0,0,1,2,1,2,0,2,2,2,0,1,2,2,2,1,1,2,1,0,2,2,0,1,0,1,1,1,0,1,0,2,0,0,0,1,0,1,0,2,1,0,0,1,0,1,0,0,1,2,0,1,0,1,0,1,1,0,2,0,2,1,0,2,0,0,2,2,1,0,2,0,0,2,1,2,1,2,1,1,2,1,2,0,1,1,2,0,0,1,1,2,1,2
I7,1,1,1,2,2,1,0,0,1,0,0,1,0,1,0,1,0,1,2,0,2,2,0,1,2,2,0,2,0,0,0,0,1,1,1,2,1,2,1,2,0,2,2,2,2,0,2,1,0,2,1,0,0,1,2,0,2,0,2,0,0,1,0,2,0,2,2,2,1,0,0,0,0,1,1,0,1,2,0,0,0,0,2,0,1,2,1,0,1,2,0,0,2,2,2,2,0,2,2,0,0,0,2,2,0,1,0,0,1,2,1,2,0,2,2,2,0,1,2,2,2,1,1,2,1,0,0,2,0,1,1,1,1,1,0,1,0,2,0,0,0,1,0,1,0,0,1,0,0,1,0,1,0,2,1,2,1,1,0,1,0,1,1,0,2,0,2,1,0,2,0,0,2,0,1,0,2,0,0,2,1,2,1,2,1,1,2,1,2,0,1,1,0,0,0,1,1,2,1,2
216_16,1,1,1,2,2,1,0,0,1,0,0,1,0,1,0,1,0,1,2,0,2,2,0,1,2,2,0,2,0,0,0,0,1,1,1,2,1,2,1,2,0,2,2,2,2,0,2,1,0,2,1,0,0,1,2,1,2,0,2,0,2,1,0,2,0,2,2,2,1,0,0,0,0,1,1,0,1,2,0,0,0,0,2,0,1,2,1,0,1,2,0,0,2,2,2,2,0,2,2,0,0,0,2,2,1,1,0,0,1,2,1,2,0,2,2,2,0,1,2,2,2,1,1,2,1,0,0,2,0,1,1,1,1,1,0,1,0,2,0,0,0,1,0,1,0,1,1,0,0,1,0,1,0,2,1,2,1,1,2,1,0,1,1,0,2,0,2,1,0,2,0,0,2,0,1,0,2,0,0,2,1,2,1,2,1,1,2,1,2,0,1,1,0,0,0,1,1,2,1,2
216_15,1,1,1,2,2,1,0,0,1,0,0,1,1,1,0,1,0,1,2,0,2,2,0,1,2,2,0,2,0,0,2,0,1,1,1,2,1,2,1,2,0,2,2,2,2,0,2,1,0,2,1,0,0,1,2,0,2,0,2,0,0,1,0,2,1,2,2,2,1,0,0,0,0,1,1,0,1,2,0,0,0,0,2,0,1,2,1,0,1,2,0,0,2,2,2,2,0,2,2,0,0,0,2,2,0,1,0,0,1,2,1,2,0,2,2,2,0,1,2,2,2,1,1,2,1,0,0,2,0,1,1,1,1,1,0,1,0,2,0,0,0,1,0,1,0,0,1,0,0,1,0,1,0,2,1,2,1,1,0,1,0,1,1,1,2,0,2,1,0,2,0,0,2,0,1,0,2,0,0,2,1,2,1,2,1,1,2,1,2,0,1,1,0,0,0,1,1,2,1,2
I8,1,0,1,2,2,1,0,0,1,0,0,2,0,0,2,0,0,1,2,0,0,0,0,1,0,0,0,2,2,0,0,2,1,1,1,0,0,2,1,0,2,0,0,0,2,0,0,2,2,0,0,0,2,0,0,0,0,0,2,0,0,1,0,2,0,0,2,2,1,0,0,0,0,0,1,0,0,0,0,0,0,0,2,0,0,2,1,0,1,0,0,0,0,2,2,2,0,0,2,1,0,0,2,2,0,1,0,0,1,2,1,2,2,0,2,2,0,2,2,0,2,1,0,2,1,0,0,0,0,1,0,1,1,2,1,1,0,1,0,0,0,1,0,1,0,2,1,1,0,0,0,1,0,0,0,2,0,1,0,1,0,0,0,0,2,0,2,1,2,2,0,2,1,0,1,0,2,0,1,1,1,2,0,2,1,1,2,1,2,0,1,1,0,0,0,1,1,0,0,0
I9,1,0,1,2,2,1,0,0,1,0,0,2,1,0,2,1,0,1,2,0,0,0,1,1,0,0,0,2,2,0,0,2,1,1,1,0,0,2,1,0,2,1,0,0,2,0,2,2,2,0,2,0,2,0,0,0,0,0,2,0,0,1,0,2,0,0,2,2,1,0,1,1,2,2,1,0,0,0,0,0,0,0,2,0,0,2,1,0,1,0,0,0,0,2,2,2,0,1,2,1,0,0,2,2,2,1,0,0,1,2,1,2,2,0,2,2,2,2,2,2,2,1,0,2,1,2,0,0,0,1,0,1,1,2,1,1,0,1,0,0,2,1,2,1,0,2,1,1,0,0,2,1,0,0,0,2,0,1,0,1,0,0,0,0,2,0,2,1,2,2,0,2,1,2,1,2,2,0,1,1,1,2,0,2,1,1,2,1,2,0,1,1,0,0,0,1,1,0,0,0
216_2,1,0,1,2,2,1,0,0,1,0,0,2,1,0,2,1,0,1,2,0,0,0,1,1,0,0,2,2,2,0,0,2,1,1,1,0,0,2,1,0,2,1,0,0,2,0,2,2,2,0,2,0,2,0,0,0,0,0,2,0,0,1,0,2,0,0,2,2,1,0,1,1,2,2,1,0,0,0,2,0,0,1,2,0,0,2,1,0,1,0,0,0,0,2,2,2,2,1,2,1,0,0,2,2,2,1,0,0,1,2,1,2,2,0,2,2,2,2,2,2,2,1,0,2,1,2,0,0,1,1,0,1,1,2,1,1,0,1,0,0,2,1,2,1,2,2,1,1,0,2,2,1,0,0,0,2,0,1,0,1,0,0,0,0,2,0,2,1,2,2,0,2,1,2,1,2,2,0,1,1,1,2,0,2,1,1,2,1,2,0,1,1,0,0,0,1,1,0,0,0
I10,1,0,1,2,2,1,0,0,1,0,1,2,1,0,2,1,0,1,2,0,0,0,1,1,0,0,0,2,2,0,0,2,1,1,1,0,0,2,1,0,2,1,0,0,2,1,2,2,2,0,2,0,2,0,0,0,0,0,2,0,0,1,0,2,0,0,2,2,1,0,1,1,2,2,1,0,0,0,0,0,0,0,2,0,0,2,1,0,1,2,0,0,0,2,2,2,0,1,2,1,0,0,2,2,2,1,0,0,1,2,1,2,2,0,2,2,2,2,2,2,2,1,0,2,1,2,0,0,0,1,0,1,1,2,1,1,0,1,0,0,2,1,2,1,0,2,1,1,0,0,2,1,0,0,0,2,2,1,0,1,0,0,0,0,2,0,2,1,2,2,0,2,1,2,1,2,2,1,1,1,1,2,0,2,1,1,2,1,2,0,1,1,0,0,0,1,1,2,0,0
216_4,1,0,1,2,2,1,0,0,1,0,1,2,1,0,2,1,0,1,2,0,0,0,1,1,0,0,0,2,2,0,0,2,1,1,1,0,0,2,1,0,2,1,0,0,2,1,2,2,2,0,2,0,2,0,0,0,0,0,2,0,0,1,0,2,0,0,2,2,1,0,1,1,2,2,1,0,0,1,0,0,0,0,2,0,0,2,1,0,1,2,0,0,0,2,2,2,0,1,2,1,0,0,2,2,2,1,2,0,1,2,1,2,2,0,2,2,2,2,2,2,2,1,0,2,1,2,0,0,0,1,0,1,1,2,1,1,2,1,0,0,2,1,2,1,0,2,1,1,0,2,2,1,0,0,0,2,2,1,0,1,0,0,0,0,2,2,2,1,2,2,0,2,1,2,1,2,2,1,1,1,1,2,0,2,1,1,2,1,2,0,1,1,0,0,0,1,1,2,0,0
216_3,1,0,1,2,2,1,0,0,1,0,1,2,1,0,2,1,0,1,2,0,0,0,1,1,0,0,0,2,2,0,0,2,1,1,1,0,2,2,1,0,2,1,0,0,2,1,2,2,2,0,2,0,2,0,0,0,0,0,2,0,0,1,0,2,0,0,2,2,1,0,1,1,2,2,1,0,0,0,0,0,0,0,2,0,0,2,1,0,1,2,0,0,0,2,2,2,0,1,2,1,0,0,2,2,2,1,0,0,1,2,1,2,2,0,2,2,2,2,2,2,2,1,0,2,1,2,0,0,0,1,0,1,1,2,1,1,0,1,0,0,2,1,2,1,0,2,1,1,0,0,2,1,0,0,0,2,2,1,0,1,0,0,0,0,2,0,2,1,2,2,0,2,1,2,1,2,2,1,1,1,1,2,0,2,1,1,2,1,2,0,1,1,0,0,1,1,1,2,0,0
I11,1,2,1,2,2,1,2,0,1,2,0,2,0,0,2,0,0,1,2,0,0,0,0,1,0,1,0,2,2,2,0,2,1,1,1,0,0,2,1,0,2,0,0,0,2,0,0,2,2,0,0,2,2,0,0,0,0,2,2,0,2,1,2,2,0,0,2,2,1,2,0,1,0,0,1,0,0,0,0,0,0,2,2,1,0,2,1,0,1,2,0,1,0,2,2,2,0,0,2,1,0,0,2,2,1,1,0,0,1,2,1,2,2,0,2,2,0,2,2,0,2,1,0,2,1,0,0,0,0,1,0,1,1,2,1,1,0,1,0,0,0,1,0,1,0,2,1,1,0,0,0,1,0,0,2,2,0,1,0,1,2,2,2,0,2,0,2,1,2,2,0,2,1,0,1,0,2,1,1,1,1,2,0,2,1,1,2,1,2,0,1,1,0,0,0,1,1,1,0,0
I12,1,2,1,2,2,1,2,0,1,2,0,2,0,1,2,0,1,1,2,0,0,0,0,1,0,1,0,2,2,2,0,2,1,1,1,0,2,2,1,1,2,0,0,0,2,2,0,2,2,0,2,2,2,0,0,0,0,2,2,0,2,1,2,2,1,0,2,2,1,2,0,1,0,0,1,0,0,0,0,0,0,2,2,1,0,2,1,0,1,2,0,1,0,2,2,2,1,0,2,1,0,0,2,2,1,1,0,0,1,2,1,2,2,0,2,2,0,2,2,0,2,1,0,2,1,0,0,0,0,1,0,1,1,2,1,1,0,1,0,0,0,1,0,1,0,2,1,1,2,0,0,1,0,0,2,2,0,1,0,1,2,2,2,0,2,0,2,1,2,2,2,2,1,0,1,0,2,1,1,1,1,2,0,2,1,1,2,1,2,0,1,1,0,0,0,1,1,1,0,0
216_6,1,2,1,2,2,1,2,0,1,2,0,2,0,1,2,0,1,1,2,0,0,0,0,1,0,1,2,2,2,2,0,2,1,1,1,0,2,2,1,1,2,0,0,0,2,2,0,2,2,0,2,2,2,0,0,0,0,2,2,0,2,1,2,2,1,0,2,2,1,2,0,1,0,0,1,0,0,0,0,0,0,2,2,1,0,2,1,0,1,2,0,1,0,2,2,2,1,0,2,1,0,0,2,2,1,1,0,0,1,2,1,2,2,0,2,2,0,2,2,0,2,1,0,2,1,0,0,0,0,1,0,1,1,2,1,1,0,1,0,0,0,1,0,1,0,2,1,1,2,0,0,1,0,0,2,2,0,1,0,1,2,2,2,0,2,0,2,1,2,2,2,2,1,0,1,0,2,1,1,1,1,2,0,2,1,1,2,1,2,0,1,1,0,0,0,1,1,1,0,0
216_5,1,2,1,2,2,1,2,0,1,2,0,2,0,1,2,0,1,1,2,0,0,0,1,1,0,1,0,2,2,2,0,2,1,1,1,0,2,2,1,1,2,0,0,0,2,2,0,2,2,0,2,2,2,0,0,0,0,2,2,0,2,1,2,2,1,0,2,2,1,2,0,1,0,0,1,0,0,0,0,0,0,2,2,1,0,2,1,0,1,2,0,1,0,2,2,2,1,0,2,1,0,0,2,2,1,1,0,0,1,2,1,2,2,0,2,2,0,2,2,0,2,1,1,2,1,0,0,0,0,1,0,1,1,2,1,1,0,1,0,0,0,1,0,1,0,2,1,1,2,0,0,1,0,0,2,2,0,1,0,1,2,2,2,0,2,0,2,1,2,2,2,2,1,0,1,0,2,1,1,1,1,2,0,2,1,1,2,1,2,0,1,1,0,0,0,1,1,1,0,0
I13,1,2,1,2,2,1,2,0,1,2,0,2,0,0,2,0,2,1,2,0,0,0,0,1,0,1,0,2,2,2,0,2,1,1,1,0,0,2,1,0,2,0,0,0,2,0,0,2,2,0,0,2,2,0,0,2,0,2,2,0,2,1,2,2,1,0,2,2,1,2,0,1,0,0,1,2,0,0,0,0,0,2,2,1,0,2,1,0,1,2,0,1,0,2,2,2,0,0,2,1,0,0,2,2,1,1,0,0,1,2,1,2,2,0,2,2,0,2,2,0,2,1,0,2,1,0,0,1,0,1,0,1,1,2,1,1,0,1,1,0,0,1,0,1,2,2,1,1,0,0,0,1,0,2,2,2,0,1,0,1,2,2,2,0,2,0,2,1,2,2,0,2,1,0,1,0,2,1,1,1,1,2,0,2,1,1,2,1,2,0,1,1,0,0,0,1,1,1,0,0
216_8,1,2,1,2,2,1,2,0,1,2,0,2,0,0,2,0,2,1,2,0,0,0,0,1,0,1,0,2,2,2,0,2,1,1,1,0,0,2,1,0,2,0,0,0,2,1,0,2,2,0,0,2,2,0,0,2,0,2,2,0,2,1,2,2,1,0,2,2,1,2,0,1,0,0,1,2,0,0,0,0,0,2,2,1,0,2,1,0,1,2,0,1,0,2,2,2,0,0,2,1,0,0,2,2,1,1,0,0,1,2,1,2,2,0,2,2,0,2,2,0,2,1,0,2,1,0,2,1,0,1,0,1,1,2,1,1,0,1,1,0,0,1,0,1,2,2,1,1,0,0,0,1,0,2,2,2,0,1,0,1,2,2,2,0,2,0,2,1,2,2,0,2,1,0,1,0,2,1,1,1,1,2,0,2,1,1,2,1,2,0,1,1,0,0,0,1,1,1,0,2
216_7,1,2,1,2,2,1,2,0,1,2,0,2,0,0,2,0,2,1,2,0,0,0,0,1,0,1,0,2,2,2,0,2,1,1,1,0,0,2,1,0,2,0,0,0,2,0,0,2,2,0,0,2,2,2,0,2,0,2,2,0,2,1,2,2,1,0,2,2,1,2,0,1,0,0,1,2,0,0,0,0,0,2,2,1,0,2,1,2,1,2,0,1,0,2,2,2,0,0,2,1,0,0,2,2,1,1,0,0,1,2,1,2,2,0,2,2,0,2,2,0,2,1,0,2,1,0,0,1,0,1,0,1,1,2,1,1,0,1,1,0,0,1,0,1,2,2,1,1,0,0,0,1,0,2,2,2,2,1,0,1,2,2,2,0,2,0,2,1,2,2,0,2,1,0,1,0,2,1,1,1,1,2,0,2,1,1,2,1,2,0,1,1,0,0,0,1,1,1,0,0
Evolve tree: [&R] ((((216_7:0.04532749229029334,216_8:0.04532749229029334)I13:0.11845933443851661,(216_5:0.04069564477212541,216_6:0.04069564477212541)I12:0.12309118195668453)I11:0.17266591552482255,((216_3:0.031638362837529375,216_4:0.031638362837529375)I10:0.11944337931459831,216_2:0.15108174215212775)I9:0.1853710001015048)I8:0.26797009284185935,(((216_15:0.03840571657315253,216_16:0.03840571657315253)I7:0.10034745571561374,(216_13:0.014321081231462463,216_14:0.014321081231462463)I6:0.12443209105730381)I5:0.16258366000193133,((216_11:0.02284949311935647,216_12:0.02284949311935647)I4:0.09809247202428396,(216_9:0.020693277709968858,216_10:0.020693277709968858)I3:0.10024868743367157)I2:0.18039486714705716)I1:0.3030860028047943)I0:0.46530758669113925;