[&R] (((((216_11:0,216_12:0)207_8:1.098,(216_9:0,216_10:0)214_9:1.098)156_4:1.085,((216_13:0,216_14:0)214_12:1.029,216_15:0.029)158_7:2.154)89_2:2.263,(((216_21:0.026,216_22:1.026)202_12:1.019,(216_19:0,216_20:0)206_12:0.045)155_7:0.965,((216_17:0,216_18:0)215_17:0.008,216_16:2.008)161_9:0.002)96_5:3.436)virtual:0.554)I0;
I0,0,0,0,0,0,0,0,0,0,0
virtual,0,0,0,0:0.45/1:0.55,0,0,0,0,0,0
96_5,2,0,0,1,2,0,0,0,0,1
161_9,2,0,0,1,2,0,0,0,0,1
216_16,2,0,0,1,2,0,0,1,2,1
215_17,2,0,0,1,2,0,0,0,0,1
216_18,2,0,0,1,2,0,0,0,0,1
216_17,2,0,0,1,2,0,0,0,0,1
155_7,2,0,0,1,2,0,0:0.04/1:0.96,0,0,1
206_12,2,0,0,1,2,0,1,0,0,1
216_20,2,0,0,1,2,0,1,0,0,1
216_19,2,0,0,1,2,0,1,0,0,1
202_12,2,0:0.02/2:0.98,0,1,2,0,1,0,0,1
216_22,2,2,0,1,2,2,1,0,0,1
216_21,2,2,0,1,2,0,1,0,0,1
89_2,0,0,0,0:0.03/1:0.97,0,0,0,0:0.07/1:0.93,0,0:0.07/2:0.93
158_7,0,0,0:0.01/2:0.99,1,0,0:0.01/1:0.99,0,1,0,2
216_15,0,0,2,1,0,1,0,1,0,2
214_12,0,0,2,1,0,1,2,1,0,2
216_14,0,0,2,1,0,1,2,1,0,2
216_13,0,0,2,1,0,1,2,1,0,2
156_4,0:0.08/1:0.92,0,0,1,0,0,0,0:0.01/1:0.99,0,0:0.01/2:0.99
214_9,1,0,0,1,0,0,0,1,2,2
216_10,1,0,0,1,0,0,0,1,2,2
216_9,1,0,0,1,0,0,0,1,2,2
207_8,1,0,1,1,0,0,0,1,0,2
216_12,1,0,1,1,0,0,0,1,0,2
216_11,1,0,1,1,0,0,0,1,0,2
