[&R] (((((216_11:0,216_12:0)207_8:3.601,(216_9:0,216_10:0)214_9:1.601)156_4:0.497,((216_13:0,216_14:0)214_12:2.601,216_15:2.601)158_7:0.496)89_2:3.051,(((216_21:0,216_22:0)202_12:0.055,(216_19:0,216_20:0)206_12:2.054)155_7:2.088,((216_17:0,216_18:0)215_17:2.731,216_16:2.731)161_9:4.411)96_5:0.007)virtual:0.851)I0;
I0,0,0,0,0,0,0,0,0,0,0
virtual,0:0.15/2:0.85,0,0,0,0,0,0,0,0,0
96_5,0:0.14/2:0.86,0,0,0,0,0,0,0,0,0
161_9,0:0.02/2:0.98,0,0:0.14/1:0.86,0,0,0:0.14/1:0.86,0,0:0.14/2:0.86,0:0.14/1:0.86,0:0.14/2:0.86
216_16,2,2,1,0,0,1,1,2,1,2
215_17,2,0,1,2,2,1,0,2,1,2
216_18,2,0,1,2,2,1,0,2,1,2
216_17,2,0,1,2,2,1,0,2,1,2
155_7,2,0,0,0,0:0.03/2:0.97,0:0.03/2:0.97,0,0,0,0
206_12,2,0,0,1,2,2,0,2,0,0
216_20,2,0,0,1,2,2,0,2,0,0
216_19,2,0,0,1,2,2,0,2,0,0
202_12,2,0,0,0,2,2,0,0,0,0
216_22,2,0,0,0,2,2,0,0,0,0
216_21,2,0,0,0,2,2,0,0,0,0
89_2,2,0,0,0,0,0:0.03/1:0.97,0,0:0.03/1:0.97,0,0:0.03/2:0.97
158_7,2,0,0,0,0,0:0.02/1:0.98,0,0:0.02/1:0.98,0:0.55/1:0.45,0:0.02/2:0.98
216_15,2,0,0,2,0,1,1,1,1,2
214_12,2,0,0,1,2,1,0,1,1,2
216_14,2,0,0,1,2,1,0,1,1,2
216_13,2,0,0,1,2,1,0,1,1,2
156_4,2,0,0,0,0:0.55/1:0.45,0:0.02/1:0.98,0,0:0.02/1:0.98,0,0:0.02/2:0.98
214_9,2,0,0,1,1,1,0,1,0,2
216_10,2,0,0,1,1,1,0,1,0,2
216_9,2,0,0,1,1,1,0,1,0,2
207_8,2,2,2,2,1,1,0,1,0,2
216_12,2,2,2,2,1,1,0,1,0,2
216_11,2,2,2,2,1,1,0,1,0,2
