[&R] (((((216_11:0,216_12:0)207_8:1.066,(216_9:0,216_10:0)214_9:0.066)156_4:2.317,((216_13:0,216_14:0)214_12:1.051,216_15:0.051)158_7:1.332)89_2:5.617,(((216_21:2,216_22:0)202_12:0,(216_19:1,216_20:1)206_12:0)155_7:1.576,((216_17:0,216_18:0)215_17:0.045,216_16:1.045)161_9:4.531)96_5:2.424)virtual:0)I0;
I0,0,0,0,0,0,0,0,0,0,0
virtual,0,0,0,0,0,0,0,0,0,0
96_5,0,0,0:0.19/2:0.81,0,0:0.19/2:0.81,0:0.19/1:0.81,0,0,0,0
161_9,0,0:0.01/1:0.99,2,0,2,1,0:0.01/2:0.99,0,0:0.01/2:0.99,0:0.01/1:0.99
216_16,0,1,2,2,2,1,2,0,2,1
215_17,0,1,2,0,2,1,2,0,2,1
216_18,0,1,2,0,2,1,2,0,2,1
216_17,0,1,2,0,2,1,2,0,2,1
155_7,0,0,2,0,2,1,0,2,0,0
206_12,0,0,2,0,2,1,0,2,0,0
216_20,0,0,2,0,2,1,0,2,0,1
216_19,0,2,2,0,2,1,0,2,0,0
202_12,0,0,2,0,2,1,0,2,0,0
216_22,0,0,2,0,2,1,0,2,0,0
216_21,0,0,2,0,2,1,2,2,1,0
89_2,0:0.06/1:0.94,0:0.06/2:0.94,0,0:0.06/2:0.94,0:0.06/1:0.94,0,0,0:0.06/2:0.94,0:0.06/1:0.94,0
158_7,1,2,0,2,1,0,0:0.04/2:0.96,2,1,0
216_15,1,2,0,2,1,0,2,2,1,0
214_12,1,2,2,2,1,0,2,2,1,0
216_14,1,2,2,2,1,0,2,2,1,0
216_13,1,2,2,2,1,0,2,2,1,0
156_4,1,2,0:0.03/2:0.97,2,1,0,0,2,1,0:0.03/2:0.97
214_9,1,2,2,2,1,0,0,2,1,2
216_10,1,2,2,2,1,0,0,2,1,2
216_9,1,2,2,2,1,0,0,2,1,2
207_8,1,2,2,2,1,0,2,2,1,2
216_12,1,2,2,2,1,0,2,2,1,2
216_11,1,2,2,2,1,0,2,2,1,2
