[&R] (((((216_11:0,216_12:0)207_8:1.156,(216_9:0,216_10:0)214_9:1.156)156_4:0.971,((216_13:0,216_14:0)214_12:0.034,216_15:1.034)158_7:1.093)89_2:4.825,(((216_21:0,216_22:0)202_12:0.034,(216_19:0,216_20:0)206_12:1.034)155_7:2.231,((216_17:0,216_18:0)215_17:0,216_16:0)161_9:1.265)96_5:3.687)virtual:0.048)I0;
I0,0,0,0,0,0,0,0,0,0,0
virtual,0,0,0,0,0,0,0,0,0:0.95/2:0.05,0
96_5,0,0:0.07/2:0.93,0,0:0.07/2:0.93,0,0:0.07/1:0.93,0,0,0:0.06/2:0.94,0
161_9,0,2,0,2,2,1,0,0,2,0
216_16,0,2,0,2,2,1,0,0,2,0
215_17,0,2,0,2,2,1,0,0,2,0
216_18,0,2,0,2,2,1,0,0,2,0
216_17,0,2,0,2,2,1,0,0,2,0
155_7,0,2,0,2,0,1,0,0:0.02/1:0.98,2,0:0.02/2:0.98
206_12,1,2,0,2,0,1,0,1,2,2
216_20,1,2,0,2,0,1,0,1,2,2
216_19,1,2,0,2,0,1,0,1,2,2
202_12,0,2,0,2,0,1,0,1,2,2
216_22,0,2,0,2,0,1,0,1,2,2
216_21,0,2,0,2,0,1,0,1,2,2
89_2,0,0,0:0.03/2:0.97,0,0:0.03/2:0.97,0,0:0.03/2:0.97,0:0.03/2:0.97,0:0.02/2:0.98,0
158_7,0:0.03/1:0.97,0,2,0,2,0,2,2,2,0
216_15,1,1,2,0,2,0,2,2,2,0
214_12,1,0,2,0,2,0,2,2,2,0
216_14,1,0,2,0,2,0,2,2,2,0
216_13,1,0,2,0,2,0,2,2,2,0
156_4,0,0:0.14/2:0.86,2,0,2,0,2,2,2,0
214_9,2,2,2,0,2,0,2,2,2,0
216_10,2,2,2,0,2,0,2,2,2,0
216_9,2,2,2,0,2,0,2,2,2,0
207_8,1,2,2,0,2,0,2,2,2,0
216_12,1,2,2,0,2,0,2,2,2,0
216_11,1,2,2,0,2,0,2,2,2,0
