[&R] (((((((216_16:0,216_17:0)205_16:1.049,216_19:2.049)152_6:0.004,((216_14:0,216_15:0)201_12:0,216_13:0)155_5:2.053)106_4:2.011,(((216_5:0,216_6:0)197_3:0,(216_7:0,216_8:1)200_6:0)162_3:0.045,((216_11:0.007,216_12:1.007)203_10:0.003,(216_9:0,216_10:0)207_9:1.009)162_4:1.036)115_3:3.018)70_3:0.005,((216_1:0,216_2:0)198_1:1.112,(216_3:0,216_4:0)200_3:1.112)156_1:1.956)31_1:1.346,(((216_20:0,216_21:0)197_12:0.07,(216_22:0,216_23:0)200_16:1.07)148_7:2.706,((216_24:0,216_25:0)200_17:0,216_26:0)147_9:2.776)34_3:3.638)virtual:1.586)I0;
I0,0,0,0,0,0,0,0,0,0,0
virtual,0:0.21/1:0.79,0,0,0,0,0,0,0,0,0:0.21/2:0.79
34_3,0:0.04/1:0.96,0,0,0,0,0:0.18/2:0.82,0:0.18/2:0.82,0:0.18/2:0.82,0:0.18/2:0.82,0:0.04/2:0.96
147_9,1,2,0,1,0,2,2,2,2,2
216_26,1,2,0,1,0,2,2,2,2,2
200_17,1,2,0,1,0,2,2,2,2,2
216_25,1,2,0,1,0,2,2,2,2,2
216_24,1,2,0,1,0,2,2,2,2,2
148_7,1,0,0:0.03/1:0.97,0,0:0.03/1:0.97,2,2,2,2,2
200_16,1,0,1,1,1,2,2,2,2,2
216_23,1,0,1,1,1,2,2,2,2,2
216_22,1,0,1,1,1,2,2,2,2,2
197_12,1,0,1,0,1,2,2,2,2,2
216_21,1,0,1,0,1,2,2,2,2,2
216_20,1,0,1,0,1,2,2,2,2,2
31_1,0:0.01/1:0.99,0:0.05/2:0.95,0,0,0,0,0,0,0,0:0.01/2:0.99
156_1,1,2,0:0.05/1:0.95,0,0,0,0:0.05/1:0.95,0,0,2
200_3,1,2,1,0,0,2,1,0,0,2
216_4,1,2,1,0,0,2,1,0,0,2
216_3,1,2,1,0,0,2,1,0,0,2
198_1,1,2,1,0,0,0,1,2,0,2
216_2,1,2,1,0,0,0,1,2,0,2
216_1,1,2,1,0,0,0,1,2,0,2
70_3,0:0.01/1:0.99,0:0.04/2:0.96,0,0,0,0,0,0,0,0:0.01/2:0.99
115_3,1,2,0:0.01/1:0.99,0,0:0.01/2:0.99,0,0:0.01/1:0.99,0,0,2
162_4,1,2,1,0,2,0,1,0:0.01/1:0.99,0,2
207_9,1,2,1,0,2,0,1,1,1,2
216_10,1,2,1,0,2,0,1,1,1,2
216_9,1,2,1,0,2,0,1,1,1,2
203_10,1,2,1,0,2,0,1,0:0.01/1:0.99,0,2
216_12,1,2,1,1,2,0,1,1,0,2
216_11,1,2,1,0,2,0,1,1,0,2
162_3,1,2,1,0,2,0,1,0,0,2
200_6,1,2,1,0,2,0,1,0,0,2
216_8,1,2,1,0,2,0,1,0,2,2
216_7,1,2,1,0,2,0,1,0,0,2
197_3,1,2,1,0,2,0,1,0,0,2
216_6,1,2,1,0,2,0,1,0,0,2
216_5,1,2,1,0,2,0,1,0,0,2
106_4,1,2,0:0.03/2:0.97,0:0.03/1:0.97,0,0,0,0,0,2
155_5,1,2,2,1,1,1,0,0,0,2
216_13,1,2,2,1,1,1,0,0,0,2
201_12,1,2,2,1,1,1,0,0,0,2
216_15,1,2,2,1,1,1,0,0,0,2
216_14,1,2,2,1,1,1,0,0,0,2
152_6,1,2,0:0.02/2:0.98,0:0.02/1:0.98,0,0,0,0,0,2
216_19,1,2,2,1,0,1,0,0,1,2
205_16,1,2,2,1,0,0,0,1,0,2
216_17,1,2,2,1,0,0,0,1,0,2
216_16,1,2,2,1,0,0,0,1,0,2
