[&R] (((((((216_16:1.036,216_17:0.036)205_16:0.965,216_19:1)152_6:0,((216_14:0,216_15:0)201_12:0,216_13:2)155_5:0)106_4:0.246,(((216_5:0,216_6:1)197_3:0,(216_7:0,216_8:0)200_6:1)162_3:0,((216_11:0,216_12:0)203_10:0.001,(216_9:0,216_10:0)207_9:1.001)162_4:0)115_3:3.246)70_3:1.119,((216_1:0.059,216_2:1.059)198_1:1.028,(216_3:0,216_4:0)200_3:0.087)156_1:3.279)31_1:2.907,(((216_20:1.001,216_21:0.001)197_12:0,(216_22:1.001,216_23:1.001)200_16:0)148_7:5.235,((216_24:0.049,216_25:1.049)200_17:1.328,216_26:2.378)147_9:4.858)34_3:0.037)virtual:0.727)I0;
I0,0,0,0,0,0,0,0,0,0,0
virtual,0,0,0,0,0:0.27/1:0.73,0,0,0,0,0
34_3,0:0.97/1:0.03,0,0,0,0:0.26/1:0.74,0,0,0,0,0
147_9,0:0.07/1:0.93,0:0.07/1:0.93,0:0.07/1:0.93,0:0.07/2:0.93,0:0.02/1:0.98,0,0,0,0,0:0.07/1:0.93
216_26,1,1,1,2,1,2,0,0,1,1
200_17,1,1,1,2,1,0,0,0,0:0.04/2:0.96,1
216_25,1,1,1,2,1,0,0,2,2,1
216_24,1,1,1,2,1,0,0,0,2,1
148_7,1,2,0,0,1,2,1,0,2,0
200_16,1,2,0,0,1,2,1,0,2,0
216_23,1,2,0,0,1,2,1,0,2,2
216_22,1,2,1,0,1,2,1,0,2,0
197_12,1,2,0,0,1,2,1,0,2,0
216_21,1,2,0,0,1,2,1,0,2,0
216_20,1,2,0,0,1,2,1,0,2,1
31_1,0,0:0.11/1:0.89,0,0,0:0.03/1:0.97,0,0,0:0.11/2:0.89,0,0:0.11/2:0.89
156_1,0,1,0,0,1,0:0.03/2:0.97,0:0.03/2:0.97,2,0:0.03/1:0.97,2
200_3,0,1,0,0,1,2,2,2,1,2
216_4,0,1,0,0,1,2,2,2,1,2
216_3,0,1,0,0,1,2,2,2,1,2
198_1,0,1,0:0.05/1:0.95,0,1,2,2,2,1,2
216_2,0,1,1,1,1,2,2,2,1,2
216_1,0,1,1,0,1,2,2,2,1,2
70_3,0,0:0.02/1:0.98,0,0:0.18/2:0.82,0:0.01/1:0.99,0,0,0:0.02/2:0.98,0,0:0.02/2:0.98
115_3,1,1,1,2,1,0,2,2,0,2
162_4,1,1,1,2,1,0,2,2,0,2
207_9,1,1,1,2,1,2,2,2,0,2
216_10,1,1,1,2,1,2,2,2,0,2
216_9,1,1,1,2,1,2,2,2,0,2
203_10,1,1,1,2,1,0,2,2,0,2
216_12,1,1,1,2,1,0,2,2,0,2
216_11,1,1,1,2,1,0,2,2,0,2
162_3,1,1,1,2,1,0,2,2,0,2
200_6,1,1,1,2,1,0,2,2,2,2
216_8,1,1,1,2,1,0,2,2,2,2
216_7,1,1,1,2,1,0,2,2,2,2
197_3,1,1,1,2,1,0,2,2,0,2
216_6,1,1,1,2,1,0,2,2,2,2
216_5,1,1,1,2,1,0,2,2,0,2
106_4,0,1,0,2,1,0,0,2,0,2
155_5,0,1,0,2,1,0,0,2,0,2
216_13,0,1,1,2,1,0,2,2,0,2
201_12,0,1,0,2,1,0,0,2,0,2
216_15,0,1,0,2,1,0,0,2,0,2
216_14,0,1,0,2,1,0,0,2,0,2
152_6,0,1,0,2,1,0,0,2,0,2
216_19,0,1,0,2,1,0,0,2,2,2
205_16,0,1,0:0.04/2:0.96,2,1,0,0,2,0,2
216_17,0,1,2,2,1,0,0,2,0,2
216_16,0,1,2,2,1,0,0,2,1,2
