[&R] (((((((216_16:1.162,216_17:1.162)205_16:0.838,216_19:1)152_6:0,((216_14:0,216_15:0)201_12:1.395,216_13:2.395)155_5:0.606)106_4:0.001,(((216_5:1.023,216_6:0.023)197_3:0.004,(216_7:0,216_8:0)200_6:2.027)162_3:1.974,((216_11:0,216_12:0)203_10:1.033,(216_9:0,216_10:0)207_9:0.033)162_4:0.968)115_3:0)70_3:3.863,((216_1:0,216_2:0)198_1:1.118,(216_3:0,216_4:0)200_3:1.118)156_1:3.746)31_1:1.136,(((216_20:0,216_21:0)197_12:1.046,(216_22:0,216_23:0)200_16:0.046)148_7:2.271,((216_24:0.001,216_25:1.001)200_17:0.001,216_26:0.001)147_9:1.316)34_3:4.683)virtual:0)I0;
I0,0,0,0,0,0,0,0,0,0,0
virtual,0,0,0,0,0,0,0,0,0,0
34_3,0,0:0.06/1:0.94,0,0:0.06/1:0.94,0:0.06/2:0.94,0,0,0:0.06/2:0.94,0:0.06/1:0.94,0
147_9,0,1,0,1,2,0,1,2,1,0
216_26,0,1,0,1,2,0,1,2,1,0
200_17,0,1,0,1,2,0,1,2,1,0
216_25,0,1,0,1,2,1,1,2,1,0
216_24,0,1,0,1,2,0,1,2,1,0
148_7,0,1,0:0.02/2:0.98,1,2,0:0.02/1:0.98,0,2,1,0
200_16,0,1,2,1,2,1,0,2,1,0
216_23,0,1,2,1,2,1,0,2,1,0
216_22,0,1,2,1,2,1,0,2,1,0
197_12,0,1,2,1,2,1,1,2,1,0
216_21,0,1,2,1,2,1,1,2,1,0
216_20,0,1,2,1,2,1,1,2,1,0
31_1,0,0,0,0:0.43/2:0.57,0,0:0.43/2:0.57,0,0,0,0
156_1,0:0.03/1:0.97,0:0.03/1:0.97,0,0:0.01/2:0.99,0,0:0.01/2:0.99,0,0:0.03/2:0.97,0,0
200_3,1,1,0,2,0,2,0,2,0,1
216_4,1,1,0,2,0,2,0,2,0,1
216_3,1,1,0,2,0,2,0,2,0,1
198_1,1,1,0,2,0,2,1,2,0,0
216_2,1,1,0,2,0,2,1,2,0,0
216_1,1,1,0,2,0,2,1,2,0,0
70_3,0,2,0,2,0,2,1,0,0,1
115_3,0,2,0,2,0,2,1,0,0,1
162_4,0,2,0,2,0,2,1,0:0.03/2:0.97,0,1
207_9,0,2,0,2,0,2,1,2,0,1
216_10,0,2,0,2,0,2,1,2,0,1
216_9,0,2,0,2,0,2,1,2,0,1
203_10,2,2,0,2,0,2,1,2,0,1
216_12,2,2,0,2,0,2,1,2,0,1
216_11,2,2,0,2,0,2,1,2,0,1
162_3,0,2,0:0.01/1:0.99,2,0:0.01/1:0.99,2,1,0,0,1
200_6,1,2,1,2,1,2,1,0,2,1
216_8,1,2,1,2,1,2,1,0,2,1
216_7,1,2,1,2,1,2,1,0,2,1
197_3,0,2,0:0.01/1:0.99,2,0:0.01/1:0.99,2,1,0,0,1
216_6,0,2,1,2,1,2,1,0,0,1
216_5,0,2,1,2,1,2,1,0,2,1
106_4,0,2,0,2,0,2,1,0,0,1
155_5,0,2,0,2,0,2,1,0,0:0.39/1:0.61,1
216_13,0,2,0,2,2,2,1,2,1,1
201_12,1,2,0,2,0,2,1,0,1,1
216_15,1,2,0,2,0,2,1,0,1,1
216_14,1,2,0,2,0,2,1,0,1,1
152_6,0,2,0,2,0,2,1,0,0,1
216_19,0,2,0,2,2,2,1,0,0,1
205_16,0,2,0,2,0,2,1,0:0.16/1:0.84,0,1
216_17,0,2,1,2,0,2,1,1,0,1
216_16,0,2,0,2,2,2,1,1,0,1
