cell,r0,r1,r2,r3,r4,r5,r6,r7,r8,r9,r10,r11,r12,r13,r14,r15,r16,r17,r18,r19,r20,r21,r22,r23,r24,r25,r26,r27,r28,r29,r30,r31,r32,r33,r34,r35,r36,r37,r38,r39,r40,r41,r42,r43,r44,r45,r46,r47,r48,r49,r50,r51,r52,r53,r54,r55,r56,r57,r58,r59,r60,r61,r62,r63,r64,r65,r66,r67,r68,r69,r70,r71,r72,r73,r74,r75,r76,r77,r78,r79,r80,r81,r82,r83,r84,r85,r86,r87,r88,r89,r90,r91,r92,r93,r94,r95,r96,r97,r98,r99,r100,r101,r102,r103,r104,r105,r106,r107,r108,r109,r110,r111,r112,r113,r114,r115,r116,r117,r118,r119,r120,r121,r122,r123,r124,r125,r126,r127,r128,r129,r130,r131,r132,r133,r134,r135,r136,r137,r138,r139,r140,r141,r142,r143,r144,r145,r146,r147,r148,r149,r150,r151,r152,r153,r154,r155,r156,r157,r158,r159,r160,r161,r162,r163,r164,r165,r166,r167,r168,r169,r170,r171,r172,r173,r174,r175,r176,r177,r178,r179,r180,r181,r182,r183,r184,r185,r186,r187,r188,r189,r190,r191,r192,r193,r194,r195,r196,r197,r198,r199
I0,0,0,0,0,0,0,0,0,0,0,0,0,0,0,0,0,0,0,0,0,0,0,0,0,0,0,0,0,0,0,0,0,0,0,0,0,0,0,0,0,0,0,0,0,0,0,0,0,0,0,0,0,0,0,0,0,0,0,0,0,0,0,0,0,0,0,0,0,0,0,0,0,0,0,0,0,0,0,0,0,0,0,0,0,0,0,0,0,0,0,0,0,0,0,0,0,0,0,0,0,0,0,0,0,0,0,0,0,0,0,0,0,0,0,0,0,0,0,0,0,0,0,0,0,0,0,0,0,0,0,0,0,0,0,0,0,0,0,0,0,0,0,0,0,0,0,0,0,0,0,0,0,0,0,0,0,0,0,0,0,0,0,0,0,0,0,0,0,0,0,0,0,0,0,0,0,0,0,0,0,0,0,0,0,0,0,0,0,0,0,0,0,0,0,0,0,0,0,0,0
I1,0,0,0,2,0,2,0,0,0,0,1,1,0,1,1,0,0,0,0,0,0,2,2,0,1,0,0,0,0,0,2,0,0,0,2,0,0,0,1,0,0,0,0,0,0,0,0,1,0,0,0,0,1,0,1,0,0,0,1,0,1,0,0,0,0,0,0,0,0,1,0,0,0,0,0,0,0,0,0,1,0,0,0,0,0,0,0,0,1,2,0,2,2,0,2,0,0,0,0,2,0,0,1,0,0,0,0,0,0,0,2,2,0,0,0,0,0,0,0,2,1,0,0,0,0,1,0,0,0,1,0,2,1,0,0,0,1,0,2,0,2,0,0,0,0,0,0,0,0,0,0,0,0,0,0,0,0,1,0,0,1,0,0,0,0,0,0,0,0,0,1,0,0,0,0,0,0,2,0,2,0,0,0,0,0,0,0,0,0,0,0,0,0,0,0,0,1,0,0,1
I2,0,1,1,2,0,2,0,2,0,1,1,1,0,1,1,0,0,1,0,1,1,2,2,0,1,0,1,0,0,0,2,2,1,0,2,0,0,1,1,1,0,2,0,0,0,2,1,1,1,0,2,2,1,0,1,1,2,0,1,0,1,0,1,0,0,0,0,2,0,1,0,0,0,2,1,0,1,2,2,1,0,1,2,0,1,2,1,0,1,2,0,2,2,1,2,2,0,0,0,2,2,1,1,1,2,0,0,1,0,0,2,2,0,1,0,0,0,2,0,2,1,2,1,1,0,1,0,0,0,1,1,2,1,2,2,0,1,0,2,1,2,0,0,2,2,0,2,1,2,0,0,0,0,1,2,1,2,1,2,0,1,2,2,0,1,2,0,0,2,1,1,2,1,0,0,1,0,2,0,2,0,0,0,0,1,0,1,0,2,2,0,2,0,0,0,0,1,0,0,1
216_26,0,1,1,2,1,2,0,2,0,1,1,1,0,1,1,0,0,1,0,1,1,2,2,0,1,0,1,0,0,0,2,2,1,0,2,0,0,1,1,1,0,2,0,0,0,2,1,1,1,0,2,2,1,0,1,1,2,2,1,0,1,0,1,0,0,0,0,2,0,1,0,0,0,2,1,0,1,2,2,1,0,1,2,0,1,2,1,0,1,2,0,2,2,1,2,2,0,0,0,2,2,1,1,1,2,1,0,1,2,0,2,2,0,1,0,1,0,2,0,2,1,2,1,1,0,1,0,2,0,1,1,2,1,2,2,0,1,0,2,1,2,0,1,2,2,1,2,1,2,0,0,0,2,1,2,1,2,1,2,0,1,2,2,0,1,2,1,0,2,1,1,2,1,2,0,1,0,2,2,2,0,1,0,2,1,0,1,0,2,2,0,2,1,0,0,0,1,0,0,1
I3,0,1,1,2,0,2,0,2,0,1,1,1,0,1,1,0,0,1,0,1,1,2,2,0,1,0,1,0,0,0,2,2,1,0,2,0,1,1,1,1,0,2,0,0,0,2,1,1,1,0,2,2,1,2,1,1,2,0,1,1,1,0,1,0,0,0,0,2,0,1,1,0,0,2,1,0,1,2,2,1,0,1,2,0,1,2,1,0,1,2,0,2,2,1,2,2,1,0,0,2,2,1,1,1,2,2,0,1,0,0,2,2,0,1,0,0,2,2,0,2,1,2,1,1,0,1,0,0,0,1,1,2,1,2,2,0,1,0,2,1,2,0,2,2,2,0,2,1,2,0,0,0,0,1,2,1,2,1,2,0,1,2,2,0,1,2,0,1,2,1,1,2,1,0,1,1,0,2,2,2,0,1,2,0,1,0,1,0,2,2,0,2,0,0,0,0,1,0,0,1
216_25,0,1,1,2,0,2,0,2,0,1,1,1,0,1,1,0,0,1,0,1,1,2,2,0,1,0,1,0,0,0,2,2,1,0,2,0,1,1,1,1,0,2,0,0,0,2,1,1,1,0,2,2,1,2,1,1,2,0,1,1,1,0,1,0,0,0,0,2,0,1,1,0,0,2,1,0,1,2,2,1,0,1,2,0,1,2,1,0,1,2,0,2,2,1,2,2,1,0,0,2,2,1,1,1,2,2,0,1,0,0,2,2,0,1,0,0,2,2,0,2,1,2,1,1,0,1,0,0,0,1,1,2,1,2,2,0,1,0,2,1,2,0,2,2,2,0,2,1,2,0,0,0,0,1,2,1,2,1,2,0,1,2,2,0,1,2,0,1,2,1,1,2,1,0,1,1,0,2,2,2,0,1,2,0,1,0,1,0,2,2,0,2,2,0,0,1,1,0,0,1
216_24,0,1,1,2,0,2,0,2,0,1,1,1,0,1,1,0,0,1,0,1,1,2,2,0,1,0,1,0,0,0,2,2,1,0,2,0,1,1,1,1,0,2,0,0,0,2,1,1,1,0,2,2,1,2,1,1,2,0,1,1,1,0,1,0,0,0,0,2,2,1,1,0,0,2,1,0,1,2,2,1,0,1,2,0,1,2,1,0,1,2,0,2,2,1,2,2,1,0,0,2,2,1,1,1,2,2,0,1,0,0,2,2,0,1,0,0,2,2,0,2,1,2,1,1,0,1,0,0,0,1,1,2,1,2,2,0,1,0,2,1,2,0,2,2,2,0,2,1,2,0,0,0,0,1,2,1,2,1,2,0,1,2,2,0,1,2,0,1,2,1,1,2,1,0,1,1,0,2,2,2,0,1,2,0,1,0,1,0,2,2,0,2,0,0,0,0,1,0,0,1
I4,0,0,0,2,1,2,1,1,2,0,1,1,0,1,1,0,0,2,1,0,2,2,2,0,1,0,0,1,0,0,2,1,0,0,2,1,0,0,1,2,0,0,0,2,0,1,0,1,0,1,2,1,1,0,1,0,1,2,1,1,1,0,0,1,0,1,0,0,0,1,2,1,0,1,1,2,0,0,0,1,0,1,0,2,0,0,0,0,1,2,2,2,2,0,2,0,0,0,0,2,2,0,1,2,0,0,0,2,0,0,2,2,0,0,0,0,0,0,1,2,1,0,0,1,1,1,1,0,1,1,1,2,1,0,2,0,1,2,2,1,2,0,0,1,0,2,2,0,0,0,1,2,0,1,2,0,0,1,2,1,1,2,2,0,2,1,0,0,0,0,1,2,1,0,0,0,0,2,1,2,2,0,0,0,0,1,1,0,0,0,1,0,1,1,2,0,1,0,0,1
I5,1,1,0,2,1,2,1,1,2,0,1,1,0,1,1,0,0,2,1,0,2,2,2,0,1,0,0,1,0,1,2,1,0,0,2,1,1,0,1,2,0,0,0,2,0,1,0,1,0,1,2,1,1,0,1,1,1,2,1,1,1,2,0,1,0,1,0,0,0,1,2,1,0,1,1,2,0,0,0,1,0,1,1,2,0,0,0,0,1,2,2,2,2,0,2,0,0,0,1,2,2,0,1,2,0,0,0,2,0,0,2,2,0,2,0,0,0,0,1,2,1,1,0,1,1,1,1,1,1,1,1,2,1,2,2,0,1,2,2,1,2,0,0,1,0,2,2,1,0,0,1,2,0,1,2,0,1,1,2,1,1,2,2,0,2,1,0,0,0,0,1,2,1,2,0,1,0,2,1,2,2,0,2,2,0,1,1,0,0,0,1,0,1,1,2,0,1,1,0,1
216_23,1,1,0,2,1,2,1,1,2,0,1,1,0,1,1,1,0,2,1,0,2,2,2,0,1,0,0,1,0,1,2,1,0,0,2,1,1,0,1,2,0,0,0,2,0,1,0,1,0,1,2,1,1,0,1,1,1,2,1,1,1,2,0,1,0,1,0,0,0,1,2,1,0,1,1,2,0,0,0,1,0,1,1,2,0,0,0,0,1,2,2,2,2,0,2,0,0,0,1,2,2,0,1,2,0,0,0,2,0,0,2,2,0,2,0,0,0,0,1,2,1,1,0,1,1,1,1,1,1,1,1,2,1,2,2,0,1,2,2,1,2,0,0,1,0,2,2,1,0,0,1,2,0,1,2,0,1,1,2,1,1,2,2,0,2,1,0,0,0,0,1,2,1,2,0,1,0,2,1,2,2,0,2,2,0,1,1,0,2,0,1,0,1,1,2,0,1,1,0,1
216_22,1,1,0,2,1,2,1,1,2,0,1,1,0,1,1,0,0,2,1,0,2,2,2,0,1,0,0,1,0,1,2,1,0,0,2,1,1,0,1,2,0,0,0,2,0,1,0,1,0,1,2,1,1,0,1,1,1,2,1,1,1,2,0,1,0,1,0,0,0,1,2,1,0,1,1,2,0,0,0,1,0,1,1,2,2,0,0,0,1,2,2,2,2,0,2,0,0,0,1,2,2,0,1,2,0,0,0,2,0,0,2,2,0,2,0,0,0,0,1,2,1,1,0,1,1,1,1,1,1,1,1,2,1,2,2,0,1,2,2,1,2,0,0,1,0,2,2,1,0,0,1,2,0,1,2,0,1,1,2,1,1,2,2,0,2,1,0,0,0,0,1,2,1,2,0,1,0,2,1,2,2,0,2,2,0,1,1,0,0,0,1,0,1,1,2,0,1,1,0,1
I6,0,0,0,2,1,2,1,1,2,0,1,1,0,1,1,0,0,2,1,0,2,2,2,0,1,0,0,1,0,0,2,1,0,0,2,1,0,0,1,2,0,0,0,2,0,1,0,1,0,1,2,1,1,1,1,0,1,2,1,1,1,0,0,1,0,1,0,0,0,1,2,1,0,1,1,2,0,2,0,1,0,1,0,2,0,1,0,0,1,2,2,2,2,2,2,0,0,0,0,2,2,0,1,2,0,0,0,2,0,0,2,2,2,0,0,0,0,0,1,2,1,0,0,1,1,1,1,2,1,1,1,2,1,0,2,0,1,2,2,1,2,0,0,1,0,2,2,0,0,2,1,2,0,1,2,0,0,1,2,1,1,2,2,2,2,1,0,0,0,0,1,2,1,0,0,0,1,2,1,2,2,0,0,0,0,1,1,1,1,0,1,0,1,1,2,2,1,0,1,1
216_21,0,0,0,2,1,2,1,1,2,0,1,1,0,1,1,0,0,2,1,0,2,2,2,0,1,0,0,1,0,0,2,1,0,0,2,1,0,0,1,2,0,0,0,2,0,1,0,1,0,1,2,1,1,1,1,0,1,2,1,1,1,0,0,1,0,1,0,0,0,1,2,1,0,1,1,2,0,2,0,1,0,1,0,2,0,1,0,0,1,2,2,2,2,2,2,0,0,0,0,2,2,0,1,2,0,0,0,2,0,0,2,2,2,0,0,0,0,0,1,2,1,0,0,1,1,1,1,2,1,1,1,2,1,0,2,0,1,2,2,1,2,0,0,1,0,2,2,0,0,2,1,2,0,1,2,0,0,1,2,1,1,2,2,2,2,1,0,0,0,0,1,2,1,0,0,0,1,2,1,2,2,0,0,0,0,1,1,1,1,0,1,0,1,1,2,2,1,0,1,1
216_20,0,0,0,2,1,2,1,1,2,0,1,1,0,1,1,0,0,2,1,0,2,2,2,0,1,0,0,1,0,0,2,1,0,0,2,1,0,0,1,2,0,0,0,2,0,1,0,1,0,1,2,1,1,1,1,0,1,2,1,1,1,0,0,1,0,1,0,0,0,1,2,1,0,1,1,2,0,2,0,1,0,1,0,2,0,1,0,0,1,2,2,2,2,2,2,0,0,1,0,2,2,0,1,2,0,0,0,2,0,0,2,2,2,0,0,0,0,0,1,2,1,0,0,1,1,1,1,2,1,1,1,2,1,0,2,0,1,2,2,1,2,0,0,1,0,2,2,0,0,2,1,2,0,1,2,0,0,1,2,1,1,2,2,2,2,1,0,0,0,0,1,2,1,0,0,0,1,2,1,2,2,0,0,0,0,1,1,1,1,0,1,0,1,1,2,2,1,0,1,1
I7,0,1,0,0,1,0,0,2,0,0,0,0,0,0,0,0,1,0,0,1,0,0,0,0,0,0,0,2,2,0,0,0,0,0,1,0,0,0,0,0,1,0,0,0,0,2,0,0,2,0,0,0,0,0,0,2,1,0,0,0,0,0,0,0,1,0,0,0,0,0,0,0,0,0,0,0,0,1,1,0,1,0,0,0,1,0,0,2,0,0,0,0,0,0,0,0,0,1,0,2,1,0,0,0,0,1,0,1,0,1,0,0,0,0,0,0,1,0,0,0,2,0,2,0,2,0,0,1,0,0,1,0,2,2,0,0,0,0,0,1,0,0,1,0,0,0,0,0,0,0,0,0,0,0,0,0,0,0,0,0,0,0,1,1,0,0,0,0,0,1,1,0,1,0,1,1,0,1,0,2,0,0,0,1,0,0,0,0,1,2,0,1,0,0,1,2,0,0,0,0
I8,0,1,1,0,1,2,0,2,2,1,0,0,0,1,0,1,1,0,2,1,1,0,0,1,0,0,1,2,2,2,0,0,2,0,1,0,2,2,2,0,1,1,1,1,0,2,0,0,2,2,1,1,1,0,0,2,1,2,1,0,2,2,1,0,1,0,2,2,1,0,2,2,1,1,0,0,0,1,1,1,1,0,1,0,1,2,1,2,2,0,2,0,2,0,1,0,0,1,2,2,1,0,1,1,0,1,0,1,0,1,2,1,0,0,0,1,1,1,2,0,2,0,2,0,2,1,2,1,2,2,1,0,2,2,0,1,1,0,0,1,1,0,1,1,0,1,0,0,1,2,1,0,0,1,1,0,0,2,0,2,1,0,1,1,0,1,0,1,1,1,1,0,1,0,1,1,0,1,2,2,2,2,0,1,0,0,2,2,1,2,0,1,0,0,1,2,0,2,1,0
I9,1,1,1,0,1,2,0,2,2,1,0,0,0,1,0,1,1,0,2,1,1,0,0,1,0,0,1,2,2,2,0,0,2,0,1,0,2,2,2,0,1,1,1,1,2,2,0,0,2,2,1,1,1,0,0,2,1,2,1,0,2,2,1,1,1,0,2,2,1,0,2,2,1,1,0,0,0,1,1,1,1,0,1,2,1,2,1,2,2,0,2,0,2,0,1,2,0,1,2,2,1,0,1,1,2,1,0,1,0,1,2,1,1,0,0,1,1,1,2,0,2,0,2,0,2,1,2,1,2,2,1,0,2,2,0,1,1,0,0,1,1,1,1,1,0,1,0,0,1,2,1,2,0,1,1,0,2,2,2,2,1,0,1,1,1,1,0,1,1,1,1,0,1,0,1,1,0,1,2,2,2,2,0,1,0,0,2,2,1,2,0,1,2,0,1,2,0,2,1,0
216_4,1,1,1,0,1,2,0,2,2,1,0,0,0,1,0,1,1,0,2,1,1,0,0,1,0,0,1,2,2,2,0,0,2,0,1,0,2,2,2,0,1,1,1,1,2,2,0,2,2,2,1,1,1,0,2,2,1,2,1,1,2,2,1,1,1,0,2,2,1,0,2,2,1,1,0,0,0,1,1,1,1,0,1,2,1,2,1,2,2,0,2,0,2,0,1,2,0,1,2,2,1,0,1,1,2,1,0,1,0,1,2,1,1,0,0,1,1,1,2,0,2,0,2,0,2,1,2,1,2,2,1,0,2,2,0,1,1,0,0,1,1,1,1,1,0,1,0,0,1,2,1,2,2,1,1,0,2,2,2,2,1,0,1,1,1,1,0,1,1,1,1,0,1,0,1,1,2,1,2,2,2,2,0,1,0,0,2,2,1,2,0,1,2,0,1,2,0,2,1,0
216_3,1,1,1,0,1,2,0,2,2,1,0,0,0,1,0,1,1,0,2,1,1,0,0,1,0,0,1,2,2,2,0,0,2,0,1,0,2,2,2,0,1,1,1,1,2,2,0,0,2,2,1,1,1,0,0,2,1,2,1,0,2,2,1,1,1,0,2,2,1,0,2,2,1,1,0,0,0,1,1,1,1,0,1,2,1,2,1,2,2,0,2,0,2,0,1,2,0,1,2,2,1,0,1,1,2,1,0,1,0,1,2,1,1,0,0,1,1,1,2,0,2,0,2,0,2,1,2,1,2,2,1,0,2,2,0,1,1,0,0,1,1,1,1,1,0,1,0,0,1,2,1,2,0,1,1,0,2,2,2,2,1,0,1,1,1,1,0,1,1,1,1,0,1,0,1,1,0,1,2,2,2,2,0,1,0,0,2,2,1,2,0,1,2,0,1,2,2,2,1,0
I10,1,1,1,0,1,2,0,2,2,1,0,0,0,1,0,1,1,2,2,1,1,0,0,1,0,0,1,2,2,2,2,0,2,0,1,0,2,2,2,0,1,1,1,1,1,2,0,2,2,2,1,1,1,0,0,2,1,2,1,0,2,2,1,0,1,0,2,2,1,2,2,2,1,1,0,0,0,1,1,1,1,0,1,0,1,2,1,2,2,0,2,0,2,0,1,0,0,1,2,2,1,0,1,1,0,1,0,1,0,1,2,1,0,0,0,1,1,1,2,0,2,0,2,0,2,1,2,1,2,2,1,0,2,2,0,1,1,0,0,1,1,0,1,1,0,1,0,0,1,2,1,0,0,1,1,1,0,2,0,2,1,0,1,1,1,1,0,1,1,1,1,0,1,0,1,1,0,1,2,2,2,2,0,1,0,2,2,2,1,2,0,1,0,0,1,2,0,2,1,1
216_2,1,1,1,0,1,2,0,2,2,1,0,0,0,1,0,1,1,2,2,1,1,0,0,1,0,2,1,2,2,2,2,0,2,0,1,0,2,2,2,0,1,1,1,1,1,2,0,2,2,2,1,1,1,0,0,2,1,2,1,0,2,2,1,0,1,2,2,2,1,2,2,2,1,1,0,0,0,1,1,1,1,0,1,0,1,2,1,2,2,0,2,0,2,0,1,0,0,1,2,2,1,0,1,1,0,1,0,1,0,1,2,1,0,0,0,1,1,1,2,0,2,0,2,0,2,1,2,1,2,2,1,0,2,2,0,1,1,0,0,1,1,0,1,1,0,1,0,1,1,2,1,0,0,1,1,1,0,2,0,2,1,0,1,1,1,1,0,1,1,1,1,0,1,0,1,1,0,1,2,2,2,2,0,1,0,2,2,2,1,2,0,1,0,0,1,2,0,2,1,1
216_1,1,1,1,0,1,2,0,2,2,1,0,0,0,1,0,1,1,2,2,1,1,0,1,1,0,0,1,2,2,2,2,0,2,0,1,0,2,2,2,0,1,1,1,1,1,2,0,2,2,2,1,1,1,0,0,2,1,2,1,0,2,2,1,0,1,0,2,2,1,2,2,2,1,1,0,0,0,1,1,1,1,0,1,0,1,2,1,2,2,0,2,0,2,0,1,0,0,1,2,2,1,0,1,1,0,1,0,1,0,1,2,1,0,0,0,1,1,1,2,0,2,0,2,0,2,1,2,1,2,2,1,0,2,2,0,1,1,0,0,1,1,0,1,1,0,1,0,0,1,2,1,2,0,1,1,1,0,2,0,2,1,1,1,1,1,1,0,1,1,1,1,0,1,0,1,1,0,1,2,2,2,2,0,1,0,2,2,2,1,2,0,1,0,0,1,2,0,2,1,1
I11,0,1,0,0,1,0,0,2,2,0,0,0,0,1,0,0,1,0,0,1,0,1,0,0,0,0,0,2,2,0,0,0,0,0,1,0,0,2,0,2,1,0,1,2,0,2,1,0,2,0,0,0,0,0,0,2,1,0,1,0,0,0,0,0,1,1,0,0,0,0,0,0,0,1,0,0,0,1,1,2,1,0,0,0,1,0,0,2,0,0,0,0,0,0,2,0,1,1,0,2,1,0,0,0,0,1,0,1,0,1,0,0,0,0,0,2,1,0,0,0,2,1,2,1,2,0,0,1,0,1,1,2,2,2,0,2,0,0,1,1,0,0,1,0,0,0,1,1,2,0,0,0,0,0,0,1,1,0,0,0,0,0,1,1,0,0,0,0,0,1,1,2,1,0,1,1,0,1,0,2,0,0,0,1,0,0,0,0,1,2,0,1,2,2,1,2,0,0,2,0
I12,0,1,0,2,1,0,1,2,2,1,0,0,0,1,0,0,1,0,0,1,0,1,2,0,0,0,0,2,2,0,0,1,0,0,1,0,2,2,0,2,1,0,1,2,0,2,1,0,2,0,0,0,0,0,0,2,1,0,1,0,0,0,0,0,1,1,0,0,0,0,0,0,0,1,0,0,0,1,1,2,1,1,0,0,1,0,0,2,0,0,0,0,0,0,2,0,1,1,1,2,1,0,0,0,0,1,0,1,0,1,0,0,0,0,0,2,1,0,1,0,2,1,2,1,2,1,2,1,0,1,1,2,2,2,0,2,0,0,1,1,0,0,1,0,1,0,1,1,2,0,0,0,0,1,0,1,1,0,0,0,2,1,1,1,0,1,0,1,1,1,1,2,1,2,1,1,2,1,2,2,0,0,1,1,0,0,0,0,1,2,0,1,2,2,1,2,1,0,2,0
I13,0,1,0,2,1,1,1,2,2,1,0,0,0,1,1,0,1,1,2,1,0,1,2,0,0,0,0,2,2,0,1,1,0,0,1,0,2,2,0,2,1,0,1,2,0,2,1,0,2,0,0,0,0,0,0,2,1,0,1,0,0,0,0,0,1,1,0,0,2,0,0,2,0,1,0,0,0,1,1,2,1,1,0,0,1,0,0,2,0,2,0,0,0,0,2,0,1,1,1,2,1,0,0,0,0,1,0,1,0,1,0,1,0,0,0,2,1,0,1,2,2,1,2,1,2,1,2,1,0,1,1,2,2,2,0,2,1,0,1,1,0,0,1,0,1,1,1,1,2,0,0,0,0,1,0,1,1,2,0,0,2,1,1,1,1,1,0,1,1,1,1,2,1,2,1,1,2,1,2,2,0,0,1,1,0,2,0,1,1,2,0,1,2,2,1,2,1,0,2,0
I14,0,1,0,2,1,1,1,2,2,1,0,0,0,1,1,0,1,1,2,1,0,1,2,0,0,0,0,2,2,0,1,1,0,1,1,0,2,2,0,2,1,0,1,2,0,2,1,0,2,1,0,0,0,2,0,2,1,0,1,0,0,0,0,0,1,1,0,0,2,0,0,2,0,1,0,2,2,1,1,2,1,1,0,0,1,1,0,2,0,2,0,0,1,1,2,0,1,1,1,2,1,0,0,0,0,1,0,1,0,1,0,1,0,0,0,2,1,0,1,2,2,1,2,1,2,1,2,1,0,1,1,2,2,2,0,2,1,0,1,1,0,0,1,0,1,1,1,1,2,0,2,0,0,1,2,1,1,2,0,0,2,1,1,1,1,1,0,1,1,1,1,2,1,2,1,1,2,1,2,2,0,2,1,1,0,2,0,1,1,2,0,1,2,2,1,2,1,0,2,0
216_10,0,1,0,2,1,1,1,2,2,1,0,0,0,1,1,0,1,1,2,1,0,1,2,0,0,0,0,2,2,0,1,1,0,1,1,0,2,2,0,2,1,0,1,2,0,2,1,0,2,1,0,0,0,2,0,2,1,0,1,0,0,0,0,0,1,1,0,0,2,0,0,2,0,1,0,2,2,1,1,2,1,1,0,0,1,1,0,2,0,2,0,0,1,1,2,0,1,1,1,2,1,0,0,0,0,1,1,1,0,1,0,1,0,0,0,2,1,0,1,2,2,1,2,1,2,1,2,1,0,1,1,2,2,2,0,2,1,0,1,1,0,0,1,0,1,1,1,1,2,0,2,0,0,1,2,1,1,2,0,0,2,1,1,1,1,1,0,1,1,1,1,2,1,2,1,1,2,1,2,2,0,2,1,1,0,2,0,1,1,2,0,1,2,2,1,2,1,0,2,0
216_9,0,1,0,2,1,1,1,2,2,1,0,0,0,1,1,0,1,1,2,1,0,1,2,0,0,0,0,2,2,0,1,1,0,1,1,0,2,2,0,2,1,0,1,2,0,2,1,0,2,1,0,0,0,2,0,2,1,0,1,0,0,0,0,0,1,1,0,0,2,0,0,2,0,1,2,2,2,1,1,2,1,1,0,0,1,1,0,2,0,2,0,0,1,1,2,0,1,1,1,2,1,0,0,0,0,1,0,1,0,1,0,1,0,0,0,2,1,0,1,2,2,1,2,1,2,1,2,1,0,1,1,2,2,2,0,2,1,0,1,1,0,0,1,0,1,1,1,1,2,0,2,0,0,1,2,1,1,2,0,0,2,1,1,1,1,1,0,1,1,1,1,2,1,2,1,1,2,1,2,2,0,2,1,1,0,2,0,1,1,2,0,1,2,2,1,2,1,0,2,0
I15,0,1,0,2,1,1,1,2,2,1,0,0,0,1,1,0,1,1,2,1,0,1,2,0,0,0,0,2,2,2,1,1,0,0,1,0,2,2,0,2,1,0,1,2,0,2,1,0,2,0,0,0,1,0,0,2,1,0,1,2,0,0,0,0,1,1,0,0,2,1,0,2,0,1,0,0,0,1,1,2,1,1,0,0,1,0,2,2,0,2,0,0,0,0,2,0,1,1,1,2,1,0,0,0,0,1,0,1,0,1,0,1,0,0,0,2,1,0,1,2,2,1,2,1,2,1,2,1,0,1,1,2,2,2,0,2,1,0,1,1,0,0,1,0,1,1,1,1,2,0,0,0,0,1,0,1,1,2,0,0,2,1,1,1,1,1,0,1,1,1,1,2,1,2,1,1,2,1,2,2,0,0,1,1,0,2,0,1,1,2,0,1,2,2,1,2,1,0,2,0
216_12,0,1,0,2,1,1,1,2,2,1,0,0,0,1,1,0,1,1,2,1,0,1,2,0,0,0,0,2,2,2,1,1,0,0,1,0,2,2,0,2,1,0,1,2,0,2,1,0,2,0,0,0,1,0,0,2,1,0,1,2,0,0,0,0,1,1,0,0,2,1,0,2,0,1,0,0,0,1,1,2,1,1,0,0,1,0,2,2,0,2,0,0,0,0,2,0,1,1,1,2,1,0,0,0,0,1,0,1,0,1,0,1,0,0,0,2,1,0,1,2,2,1,2,1,2,1,2,1,0,1,1,2,2,2,0,2,1,0,1,1,0,0,1,0,1,1,1,1,2,0,0,0,0,1,0,1,1,2,0,0,2,1,1,1,1,1,0,1,1,1,1,2,1,2,1,1,2,1,2,2,0,0,1,1,0,2,0,1,1,2,0,1,2,2,1,2,1,0,2,0
216_11,0,1,0,2,1,1,1,2,2,1,0,0,0,1,1,0,1,1,2,1,0,1,2,0,0,0,0,2,2,2,1,1,0,0,1,0,2,2,0,2,1,0,1,2,0,2,1,0,2,0,0,0,1,0,0,2,1,0,1,2,0,0,0,0,1,1,0,0,2,1,0,2,0,1,0,0,0,1,1,2,1,1,0,0,1,0,2,2,0,2,0,0,0,1,2,0,1,1,1,2,1,0,0,0,0,1,0,1,0,1,0,1,1,0,2,2,1,0,1,2,2,1,2,1,2,1,2,1,0,1,1,2,2,2,0,2,1,0,1,1,0,0,1,0,1,1,1,1,2,0,0,0,0,1,0,1,1,2,0,0,2,1,1,1,1,1,0,1,1,1,1,2,1,2,1,1,2,1,2,2,0,0,1,1,0,2,0,1,1,2,0,1,2,2,1,2,1,0,2,0
I16,2,1,0,2,1,0,1,2,2,1,0,0,0,1,0,0,1,0,1,1,0,1,2,1,2,0,0,2,2,0,0,1,0,1,1,0,2,2,0,2,1,0,1,2,0,2,1,2,2,1,0,0,0,0,0,2,1,0,1,0,0,0,1,0,1,1,0,0,0,0,0,0,0,1,0,0,0,1,1,2,1,1,0,0,1,0,2,2,0,1,0,0,0,0,2,0,1,1,1,2,1,0,0,0,1,1,0,1,0,1,0,0,1,0,0,2,1,0,1,1,2,1,2,1,2,1,2,1,0,1,1,2,2,2,0,2,0,0,1,1,0,0,1,0,1,0,1,1,2,0,0,2,0,1,0,1,1,2,1,0,2,1,1,1,0,1,0,1,1,1,1,2,1,2,1,1,2,1,2,2,0,0,1,1,0,0,0,0,1,2,0,1,2,2,1,2,1,0,2,0
I17,2,1,1,2,1,0,1,2,2,1,0,0,0,1,0,0,1,0,1,1,2,1,2,1,2,0,0,2,2,0,0,1,0,1,1,0,2,2,0,2,1,1,1,2,0,2,1,2,2,1,0,0,0,0,0,2,1,0,1,0,0,0,1,0,1,1,0,0,0,0,0,0,0,1,0,0,0,1,1,2,1,1,0,0,1,0,2,2,0,1,0,0,0,0,2,1,1,1,1,2,1,0,0,0,1,1,0,1,0,1,0,0,1,0,0,2,1,0,1,1,2,1,2,1,2,1,2,1,0,1,1,2,2,2,0,2,2,0,1,1,0,0,1,0,1,1,1,1,2,0,0,2,0,1,0,1,1,2,1,0,2,1,1,1,0,1,0,1,1,1,1,2,1,2,1,1,2,1,2,2,0,1,1,1,0,0,0,0,1,2,0,1,2,2,1,2,1,0,2,0
216_8,2,1,1,2,1,0,1,2,2,1,0,0,0,1,0,0,1,0,1,1,2,1,2,1,2,0,0,2,2,0,0,1,0,1,1,0,2,2,0,2,1,1,1,2,0,2,1,2,2,1,0,0,0,0,0,2,1,0,1,0,0,0,1,0,1,1,0,0,0,0,0,0,0,1,0,0,0,1,1,2,1,1,0,0,1,0,2,2,0,1,0,1,0,0,2,1,1,1,1,2,1,0,0,0,1,1,0,1,0,1,0,2,1,0,2,2,1,0,1,1,2,1,2,1,2,1,2,1,0,1,1,2,2,2,0,2,2,0,1,1,0,0,1,0,1,1,1,1,2,0,0,2,0,1,0,1,1,2,1,0,2,1,1,1,0,1,2,1,1,1,1,2,1,2,1,1,2,1,2,2,0,1,1,1,0,0,0,0,1,2,0,1,2,2,1,2,1,0,2,0
216_7,2,1,1,2,1,0,1,2,2,1,0,0,0,1,0,0,1,0,1,1,2,1,2,1,2,0,0,2,2,0,0,1,0,1,1,0,2,2,0,2,1,1,1,2,0,2,1,2,2,1,0,0,0,0,0,2,1,0,1,0,0,0,1,0,1,1,0,0,0,0,0,0,0,1,0,0,0,1,1,2,1,1,0,0,1,0,2,2,0,1,0,0,0,0,2,1,1,1,1,2,1,0,0,0,1,1,0,1,0,1,0,0,1,0,0,2,1,0,1,1,2,1,2,1,2,1,2,1,0,1,1,2,2,2,0,2,2,0,1,1,0,0,1,0,1,1,1,1,2,0,0,2,0,1,0,1,1,2,1,0,2,1,1,1,0,1,0,1,1,1,1,2,1,2,1,1,2,1,2,2,0,1,1,1,0,0,0,0,1,2,0,1,2,2,1,2,1,0,2,0
I18,2,1,0,2,1,0,1,2,2,1,0,2,0,1,0,0,1,0,1,1,0,1,2,1,2,0,0,2,2,0,0,1,0,1,1,0,2,2,1,2,1,0,1,2,0,2,1,2,2,1,0,0,0,0,0,2,1,0,1,0,0,0,1,0,1,1,0,0,1,0,0,0,2,1,0,0,0,1,1,2,1,1,0,0,1,0,2,2,0,1,0,1,0,0,2,0,1,1,1,2,1,0,0,0,1,1,0,1,0,1,1,0,1,0,0,2,1,0,1,1,2,1,2,1,2,1,2,1,0,1,1,2,2,2,0,2,0,0,1,1,0,0,1,0,1,0,1,1,2,0,0,2,0,1,0,1,1,2,1,1,2,1,1,1,0,1,0,1,1,1,1,2,1,2,1,1,2,1,2,2,0,0,1,1,0,0,0,0,1,2,0,1,2,2,1,2,1,0,2,0
216_6,2,1,0,2,1,0,1,2,2,1,0,2,0,1,0,0,1,0,1,1,0,1,2,1,2,0,0,2,2,0,0,1,0,1,1,0,2,2,1,2,1,0,1,2,0,2,1,2,2,1,0,0,0,0,0,2,1,0,1,0,0,0,1,0,1,1,0,0,1,0,0,0,2,1,0,0,0,1,1,2,1,1,0,0,1,0,2,2,0,1,0,1,0,0,2,0,1,1,1,2,1,0,0,0,1,1,0,1,0,1,1,0,1,0,0,2,1,0,1,1,2,1,2,1,2,1,2,1,0,1,1,2,2,2,2,2,0,0,1,1,0,0,1,0,1,0,1,1,2,0,0,2,0,1,0,1,1,2,1,1,2,1,1,1,0,1,0,1,1,1,1,2,1,2,1,1,2,1,2,2,0,0,1,1,0,0,0,0,1,2,0,1,2,2,1,2,1,0,2,2
216_5,2,1,0,2,1,0,1,2,2,1,0,2,0,1,0,0,1,0,1,1,0,1,2,1,2,0,0,2,2,0,0,1,0,1,1,0,2,2,1,2,1,0,1,2,0,2,1,2,2,1,0,0,0,0,0,2,1,0,1,0,0,0,1,0,1,1,0,0,1,0,0,1,2,1,0,0,0,1,1,2,1,1,0,0,1,0,2,2,0,1,0,1,0,0,2,0,1,1,1,2,1,0,0,0,1,1,0,1,0,1,1,0,1,0,0,2,1,0,1,1,2,1,2,1,2,1,2,1,0,1,1,2,2,2,0,2,0,0,1,1,0,0,1,0,1,0,1,1,2,0,0,2,2,1,0,1,1,2,1,1,2,1,1,1,0,1,0,1,1,1,1,2,1,2,1,1,2,1,2,2,0,0,1,1,0,0,0,0,1,2,0,1,2,2,1,2,1,0,2,0
I19,0,1,0,1,1,1,0,2,2,0,0,0,0,1,0,0,1,0,1,1,0,1,0,2,2,0,0,2,2,0,0,0,0,0,1,0,0,2,0,2,1,0,1,2,0,2,1,0,2,0,0,0,0,0,0,2,1,0,1,2,0,0,0,0,1,1,0,0,0,0,0,0,0,1,0,0,0,1,1,2,1,0,0,2,1,0,0,2,0,0,2,0,0,1,2,0,1,1,2,2,1,0,0,0,1,1,1,1,0,1,0,0,0,1,0,2,1,0,1,0,2,1,2,1,2,0,0,1,0,1,1,2,2,2,0,2,0,2,1,1,0,2,1,1,0,0,1,1,2,1,0,0,0,0,0,1,1,0,0,0,0,0,1,1,0,0,2,1,2,1,1,2,1,1,1,1,0,1,0,2,0,0,0,1,1,1,0,0,1,2,0,1,2,2,1,2,0,0,2,0
I20,0,1,0,1,1,1,0,2,2,0,1,0,2,1,0,2,1,2,1,1,0,1,0,2,2,0,2,2,2,0,0,0,0,0,1,0,1,2,2,2,1,1,1,2,0,2,1,0,2,0,0,0,0,0,0,2,1,0,1,2,0,0,0,0,1,1,0,0,0,0,0,0,0,1,0,0,0,1,1,2,1,0,0,2,1,0,2,2,0,1,2,0,0,1,2,0,1,1,2,2,1,0,0,2,1,1,1,1,1,1,2,0,1,1,0,2,1,0,1,0,2,1,2,1,2,0,0,1,0,1,1,2,2,2,0,2,2,2,1,1,0,2,1,1,0,0,1,1,2,1,0,0,0,2,0,1,1,0,0,0,0,0,1,1,0,0,2,1,2,1,1,2,1,1,1,1,0,1,2,2,0,0,0,1,1,1,0,1,1,2,0,1,2,2,1,2,1,0,2,0
216_13,0,1,0,1,1,1,0,2,2,0,1,0,2,1,0,2,1,2,1,1,0,1,0,2,2,0,2,2,2,0,0,0,0,0,1,0,1,2,2,2,1,1,1,2,0,2,1,1,2,1,0,0,0,0,0,2,1,0,1,2,0,0,0,1,1,1,0,0,0,0,0,0,0,1,0,0,0,1,1,2,1,0,2,2,1,0,2,2,0,1,2,0,0,1,2,0,1,1,2,2,1,0,0,2,1,1,1,1,1,1,2,0,1,1,0,2,1,1,1,0,2,1,2,1,2,0,0,1,0,1,1,2,2,2,1,2,2,2,1,1,0,2,1,1,0,1,1,1,2,1,0,0,0,2,0,1,1,0,0,0,0,0,1,1,0,0,2,1,2,1,1,2,1,1,1,1,0,1,2,2,0,0,0,1,1,1,0,1,1,2,0,1,2,2,1,2,1,0,2,0
I21,0,1,0,1,1,1,0,2,2,0,1,0,2,1,0,2,1,2,1,1,0,1,0,2,2,0,2,2,2,0,1,1,0,0,1,2,1,2,2,2,1,1,1,2,0,2,1,0,2,0,0,0,1,0,0,2,1,0,1,2,0,0,0,0,1,1,2,0,0,0,0,0,0,1,0,0,0,1,1,2,1,2,0,2,1,0,2,2,0,1,2,0,0,1,2,2,1,1,2,2,1,0,0,2,1,1,1,1,1,1,2,0,1,1,0,2,1,0,1,0,2,1,2,1,2,2,0,1,0,1,1,2,2,2,0,2,2,2,1,1,0,2,1,1,0,0,1,1,2,1,0,0,0,2,0,1,1,0,0,0,1,2,1,1,0,0,2,1,2,1,1,2,1,1,1,1,0,1,2,2,0,0,0,1,1,1,0,1,1,2,0,1,2,2,1,2,1,0,2,0
216_15,0,1,0,1,1,1,0,2,2,0,1,0,2,1,0,2,1,2,1,1,0,1,0,2,2,1,2,2,2,2,1,1,1,0,1,2,1,2,2,2,1,1,1,2,0,2,1,0,2,2,0,0,1,0,0,2,1,0,1,2,0,0,0,0,1,1,2,0,0,0,0,0,0,1,0,0,0,1,1,2,1,2,0,2,1,0,2,2,0,1,2,0,0,1,2,2,1,1,2,2,1,0,0,2,1,1,1,1,1,1,2,0,1,1,0,2,1,0,1,1,2,1,2,1,2,2,0,1,0,1,1,2,2,2,0,2,2,2,1,1,0,2,1,1,0,0,1,1,2,1,0,0,0,2,0,1,1,0,0,0,1,2,1,1,0,0,2,1,2,1,1,2,1,1,1,1,0,1,2,2,0,0,0,1,1,1,0,1,1,2,0,1,2,2,1,2,1,0,2,0
216_14,0,1,0,1,1,1,0,2,2,0,1,0,2,1,0,2,1,2,1,1,0,1,0,2,2,0,2,2,2,0,1,1,0,0,1,2,1,2,2,2,1,1,1,2,0,2,1,0,2,0,0,0,1,0,0,2,1,0,1,2,0,0,0,0,1,1,2,0,0,0,0,0,0,1,0,0,0,1,1,2,1,2,0,2,1,0,2,2,0,1,2,0,0,1,2,2,1,1,2,2,1,0,0,2,1,1,1,1,1,1,2,0,1,1,0,2,1,0,1,0,2,1,2,1,2,2,0,1,0,1,1,2,2,2,0,2,2,2,1,1,0,2,1,1,0,0,1,1,2,1,0,0,0,2,0,1,1,0,0,0,1,2,1,1,0,0,2,1,2,1,1,2,1,1,1,1,0,1,2,2,0,0,0,1,1,1,0,1,1,2,0,1,2,2,1,2,1,0,2,0
I22,0,1,0,1,1,1,0,2,2,0,0,2,1,1,0,0,1,0,1,1,0,1,2,2,2,0,0,2,2,1,0,0,1,0,1,0,0,2,0,2,1,1,1,2,0,2,1,0,2,0,0,0,0,0,1,2,1,0,1,2,0,0,0,1,1,1,0,0,2,0,0,0,0,1,0,0,0,1,1,2,1,0,0,2,1,0,0,2,0,1,2,0,0,1,2,0,1,1,2,2,1,0,0,0,1,1,1,1,0,1,0,0,2,1,0,2,1,0,1,0,2,1,2,1,2,2,0,1,0,1,1,2,2,2,0,2,0,2,1,1,0,2,1,1,0,0,1,1,2,1,0,0,0,1,0,1,1,0,0,0,0,0,1,1,0,1,2,1,2,1,1,2,1,1,1,1,0,1,0,2,0,0,0,1,1,1,0,0,1,2,0,1,2,2,1,2,0,0,2,2
216_19,0,1,1,1,1,1,0,2,2,0,0,2,1,1,0,2,1,2,1,1,0,1,2,2,2,0,0,2,2,1,0,0,1,0,1,0,1,2,1,2,1,1,1,2,1,2,1,0,2,0,0,0,0,0,1,2,1,0,1,2,0,0,0,1,1,1,0,0,2,0,0,0,0,1,0,0,0,1,1,2,1,0,0,2,1,0,0,2,0,1,2,0,0,1,2,0,1,1,2,2,1,0,0,0,1,1,1,1,0,1,0,0,2,1,0,2,1,0,1,0,2,1,2,1,2,2,0,1,0,1,1,2,2,2,0,2,0,2,1,1,0,2,1,1,0,0,1,1,2,1,0,0,0,1,0,1,1,0,0,0,0,0,1,1,0,1,2,1,2,1,1,2,1,1,1,1,0,1,0,2,0,0,0,1,1,1,0,0,1,2,0,1,2,2,1,2,0,0,2,2
I23,2,1,0,1,1,1,0,2,2,0,0,2,1,1,0,0,1,0,1,1,0,1,2,2,2,0,0,2,2,1,0,0,1,0,1,0,0,2,1,2,1,1,1,2,0,2,1,0,2,0,0,0,0,0,1,2,1,0,1,2,2,0,0,1,1,1,0,0,2,0,0,0,0,1,0,0,0,1,1,2,1,2,2,2,1,0,2,2,0,1,2,0,0,1,2,0,1,1,2,2,1,0,0,0,1,1,1,1,0,1,0,0,2,1,0,2,1,0,1,0,2,1,2,1,2,2,0,1,0,1,1,2,2,2,0,2,0,2,1,1,0,2,1,1,0,0,1,1,2,1,0,0,0,1,0,1,1,0,0,0,0,0,1,1,0,1,2,1,2,1,1,2,1,1,1,1,0,1,0,2,0,0,0,1,1,1,0,0,1,2,0,1,2,2,1,2,0,1,2,2
216_17,2,1,0,1,1,1,0,2,2,0,0,2,1,1,0,0,1,0,1,1,0,1,2,2,2,0,0,2,2,1,0,0,1,0,1,0,0,2,1,2,1,1,1,2,0,2,1,0,2,0,0,0,0,0,1,2,1,0,1,2,2,0,0,1,1,1,0,0,2,0,0,0,0,1,0,0,0,1,1,2,1,2,2,2,1,0,2,2,0,1,2,0,0,1,2,0,1,1,2,2,1,0,0,0,1,1,1,1,0,1,0,0,2,1,0,2,1,0,1,0,2,1,2,1,2,2,0,1,0,1,1,2,2,2,0,2,0,2,1,1,0,2,1,1,0,0,1,1,2,1,0,0,0,1,0,1,1,0,0,0,0,0,1,1,0,1,2,1,2,1,1,2,1,1,1,1,0,1,0,2,0,0,0,1,1,1,0,0,1,2,0,1,2,2,1,2,0,1,2,2
216_16,2,1,0,1,1,1,0,2,2,0,0,2,1,1,0,0,1,0,1,1,0,1,2,2,2,0,0,2,2,1,0,0,1,0,1,0,0,2,1,2,1,1,1,2,0,2,1,0,2,0,0,0,0,0,1,2,1,0,1,2,2,0,0,1,1,1,0,0,2,0,0,0,0,1,0,0,0,1,1,2,1,2,2,2,1,0,2,2,0,1,2,0,0,1,2,0,1,1,2,2,1,2,0,0,1,1,1,1,0,1,0,0,2,1,0,2,1,0,1,0,2,1,2,1,2,2,0,1,0,1,1,2,2,2,0,2,0,2,1,1,0,2,1,1,0,0,1,1,2,1,0,0,0,1,0,1,1,0,0,0,0,0,1,1,0,1,2,1,2,1,1,2,1,1,1,1,0,1,0,2,0,0,1,1,1,1,0,0,1,2,0,1,2,2,1,2,0,1,2,2
Evolve tree: [&R] ((((((216_16:0.02284949311935647,216_17:0.02284949311935647)I23:0.14093733360945349,216_19:0.16378682672881)I22:0.1772058274521326,((216_14:0.031638362837529375,216_15:0.031638362837529375)I21:0.12258390893644257,216_13:0.154222271773972)I20:0.1867703824069706)I19:0.1884080902223923,(((216_5:0.04069564477212541,216_6:0.04069564477212541)I18:0.09203093569461171,(216_7:0.03387720367619631,216_8:0.03387720367619631)I17:0.09884937679054082)I16:0.1686102518239605,((216_11:0.027210879208705078,216_12:0.027210879208705078)I15:0.10551570125803204,(216_9:0.01855321780474515,216_10:0.01855321780474515)I14:0.11417336266199196)I13:0.1686102518239605)I12:0.22806391211263727)I11:0.270753887355639,((216_1:0.03840571657315253,216_2:0.03840571657315253)I10:0.11267602557897514,(216_3:0.03387720367619631,216_4:0.03387720367619631)I9:0.11720453847593137)I8:0.6490728896068462)I7:0.2695757900276572,(((216_20:0.04069564477212541,216_21:0.04069564477212541)I6:0.13618428001182578,(216_22:0.03387720367619631,216_23:0.03387720367619631)I5:0.14300272110775492)I4:0.5995130469069057,((216_24:0.03387720367619631,216_25:0.03387720367619631)I3:0.14633800352409443,216_26:0.18021520720029077)I2:0.5961777644905661)I1:0.293337450095774)I0:0;