[&R] ((((((216_5:0,216_6:0)193_3:0,(216_7:0,216_8:0)195_5:0)153_2:1.141,((216_3:0,216_4:0)198_2:0,(216_1:0,216_2:0)199_1:0)155_1:1.141)108_1:5.135,(((216_9:0,216_10:0)199_8:0,(216_11:0,216_12:0)201_11:0)158_5:0,((216_15:0,216_16:0)205_14:0,(216_13:0,216_14:0)207_13:0)162_7:0)108_2:6.277)59_1:0.723,((((216_29:2.916,216_30:2.916)193_15:3.361,(216_31:1.078,216_32:0.078)197_20:5.199)149_8:1.103,((216_25:0.465,216_26:6.465)194_14:0.01,(216_27:0,216_28:0)200_20:6.474)151_7:1.905)105_4:1.621,(((216_17:2.824,216_18:3.824)201_14:1.904,(216_19:0,216_20:0)202_17:4.728)160_8:2.272,((216_21:0,216_22:0)210_21:7.667,(216_23:0,216_24:0)215_23:8.667)161_10:1.333)112_5:0)60_3:0)13_1:0)I0;
I0,0,0,0,0,0,0,0,0,0,0
13_1,0,0,0,0,0,0,0,0,0,0
60_3,0,0,0,0,0,0,0,0,0,0
112_5,0,0,0,0,0,0,0,0,0,0
161_10,0,0,0,0:0.67/2:0.33,0,0:0.67/1:0.33,0,0,0:0.67/2:0.33,0:0.67/1:0.33
215_23,2,2,1,2,1,1,2,2,2,1
216_24,2,2,1,2,1,1,2,2,2,1
216_23,2,2,1,2,1,1,2,2,2,1
210_21,0,1,2,2,2,1,1,1,2,1
216_22,0,1,2,2,2,1,1,1,2,1
216_21,0,1,2,2,2,1,1,1,2,1
160_8,0,0:0.24/1:0.76,0,0:0.24/1:0.76,0,0,0:0.24/1:0.76,0,0,0
202_17,0,1,1,1,0,0,1,2,2,1
216_20,0,1,1,1,0,0,1,2,2,1
216_19,0,1,1,1,0,0,1,2,2,1
201_14,0:0.3/2:0.7,0:0.07/1:0.93,0,0:0.07/1:0.93,0:0.3/1:0.7,0,0:0.07/1:0.93,0,0,0
216_18,2,1,1,1,1,0,1,2,0,1
216_17,2,1,2,1,1,0,1,1,0,0
105_4,0,0:0.19/1:0.81,0,0,0,0,0:0.19/1:0.81,0,0,0
151_7,0:0.2/2:0.8,0:0.04/1:0.96,0,0,0:0.2/1:0.8,0,0:0.04/1:0.96,0,0,0
200_20,2,1,1,2,1,1,1,2,1,1
216_28,2,1,1,2,1,1,1,2,1,1
216_27,2,1,1,2,1,1,1,2,1,1
194_14,0:0.2/2:0.8,0:0.04/1:0.96,0,0,0:0.2/1:0.8,0,0:0.04/1:0.96,0,0,0
216_26,2,1,1,2,1,1,1,2,1,1
216_25,2,1,0,0,1,0,1,0,0,0
149_8,0,0:0.1/1:0.9,0:0.54/2:0.46,0,0,0,0:0.1/1:0.9,0,0,0:0.54/1:0.46
197_20,0:0.01/1:0.99,1,0:0.01/2:0.99,0:0.01/1:0.99,0,0,1,0:0.01/1:0.99,0:0.01/1:0.99,0:0.01/1:0.99
216_32,1,1,2,1,0,0,1,1,1,1
216_31,1,1,2,1,1,0,1,1,1,1
193_15,0,0:0.02/1:0.98,0:0.11/2:0.89,0:0.21/2:0.79,0:0.21/2:0.79,0:0.21/1:0.79,0:0.02/1:0.98,0,0,0:0.11/1:0.89
216_30,0,1,2,2,2,1,1,1,1,1
216_29,0,1,2,2,2,1,1,2,2,1
59_1,0,0:0.64/1:0.36,0,0,0,0,0:0.64/1:0.36,0,0,0
108_2,0,1,1,2,0,1,1,0,1,2
162_7,0,1,1,2,0,1,1,0,1,2
207_13,0,1,1,2,0,1,1,0,1,2
216_14,0,1,1,2,0,1,1,0,1,2
216_13,0,1,1,2,0,1,1,0,1,2
205_14,0,1,1,2,0,1,1,0,1,2
216_16,0,1,1,2,0,1,1,0,1,2
216_15,0,1,1,2,0,1,1,0,1,2
158_5,0,1,1,2,0,1,1,0,1,2
201_11,0,1,1,2,0,1,1,0,1,2
216_12,0,1,1,2,0,1,1,0,1,2
216_11,0,1,1,2,0,1,1,0,1,2
199_8,0,1,1,2,0,1,1,0,1,2
216_10,0,1,1,2,0,1,1,0,1,2
216_9,0,1,1,2,0,1,1,0,1,2
108_1,0:0.03/2:0.97,0:0.02/1:0.98,0,0,0:0.03/1:0.97,0,0:0.02/1:0.98,0,0:0.03/2:0.97,0:0.03/1:0.97
155_1,2,1,1,0,1,0,1,0,2,1
199_1,2,1,1,0,1,0,1,0,2,1
216_2,2,1,1,0,1,0,1,0,2,1
216_1,2,1,1,0,1,0,1,0,2,1
198_2,2,1,1,0,1,0,1,0,2,1
216_4,2,1,1,0,1,0,1,0,2,1
216_3,2,1,1,0,1,0,1,0,2,1
153_2,2,1,0,0,1,0,1,2,2,1
195_5,2,1,0,0,1,0,1,2,2,1
216_8,2,1,0,0,1,0,1,2,2,1
216_7,2,1,0,0,1,0,1,2,2,1
193_3,2,1,0,0,1,0,1,2,2,1
216_6,2,1,0,0,1,0,1,2,2,1
216_5,2,1,0,0,1,0,1,2,2,1
