[&R] ((((((216_13:0.004,216_14:1.004)184_7:0.001,(216_15:1.004,216_16:1.004)187_10:0.001)144_4:2.069,((216_11:0,216_12:0)193_8:2.054,(216_9:0,216_10:0)199_9:0.054)156_4:0.02)105_2:1.04,(((216_5:0,216_6:0)186_3:0,(216_7:0,216_8:0)189_5:0)150_2:0.182,((216_3:0.002,216_4:1.002)196_2:0.001,(216_1:0,216_2:0)197_1:0.003)158_1:2.179)106_1:0.932)60_1:2.931,(216_17:3.902,216_20:4.902)121_5:3.143)4_1:1.955)I0;
I0,0,0,0,0,0,0,0,0,0,0
4_1,0,0,0:0.35/2:0.65,0,0:0.35/2:0.65,0,0,0,0:0.35/1:0.65,0
121_5,0:0.38/2:0.62,0:0.38/2:0.62,0:0.13/2:0.87,0,0:0.13/2:0.87,0,0,0:0.38/2:0.62,0:0.13/1:0.87,0:0.38/2:0.62
216_20,2,2,2,1,2,1,2,2,1,2
216_17,2,2,2,2,2,2,0,2,1,2
60_1,0,0:0.04/1:0.96,0:0.01/2:0.99,0,0:0.01/2:0.99,0,0,0:0.04/1:0.96,0:0.01/1:0.99,0
106_1,0,0:0.01/1:0.99,2,0,2,0,0:0.16/2:0.84,0:0.01/1:0.99,1,0
158_1,0,1,2,2,2,1,2,1,1,0
197_1,0,1,2,2,2,1,2,1,1,0
216_2,0,1,2,2,2,1,2,1,1,0
216_1,0,1,2,2,2,1,2,1,1,0
196_2,0,1,2,2,2,1,2,1,1,0
216_4,1,1,2,2,2,1,2,1,1,0
216_3,0,1,2,2,2,1,2,1,1,0
150_2,0,1,2,0,2,0,2,1,1,0
189_5,0,1,2,0,2,0,2,1,1,0
216_8,0,1,2,0,2,0,2,1,1,0
216_7,0,1,2,0,2,0,2,1,1,0
186_3,0,1,2,0,2,0,2,1,1,0
216_6,0,1,2,0,2,0,2,1,1,0
216_5,0,1,2,0,2,0,2,1,1,0
105_2,0,1,2,0,2,0,0:0.07/1:0.93,1,1,0
156_4,0,1,2,0,2,0,0:0.05/1:0.95,1,1,0
199_9,0,1,2,0,2,0,1,1,1,0
216_10,0,1,2,0,2,0,1,1,1,0
216_9,0,1,2,0,2,0,1,1,1,0
193_8,0,1,2,2,2,2,1,1,1,0
216_12,0,1,2,2,2,2,1,1,1,0
216_11,0,1,2,2,2,2,1,1,1,0
144_4,0,1,2,1,2,2,1,1,1,0
187_10,0,1,2,1,2,2,1,1,1,0
216_16,0,1,2,1,2,2,1,1,1,1
216_15,2,1,2,1,2,2,1,1,1,0
184_7,0,1,2,1,2,2,1,1,1,0
216_14,2,1,2,1,2,2,1,1,1,0
216_13,0,1,2,1,2,2,1,1,1,0
