[&R] ((((((216_13:1.015,216_14:0.015)184_7:0.003,(216_15:0,216_16:0)187_10:2.018)144_4:0.99,((216_11:0.001,216_12:1.001)193_8:0.006,(216_9:0,216_10:0)199_9:2.007)156_4:0.001)105_2:1.222,(((216_5:0,216_6:0)186_3:1.172,(216_7:0,216_8:0)189_5:1.172)150_2:0.842,((216_3:0,216_4:0)196_2:1.001,(216_1:0.001,216_2:1.001)197_1:0)158_1:0.013)106_1:2.216)60_1:3.729,(216_17:1.035,216_20:0.035)121_5:5.924)4_1:0.04)I0;
I0,0,0,0,0,0,0,0,0,0,0
4_1,0,0,0,0:0.96/1:0.04,0,0,0,0,0,0
121_5,0:0.01/1:0.99,0,0:0.01/2:0.99,0:0.01/1:0.99,0:0.01/2:0.99,0,0:0.01/2:0.99,0,0,0:0.01/1:0.99
216_20,1,0,2,1,2,0,2,0,0,1
216_17,1,0,2,1,2,0,2,1,0,1
60_1,0,0,0,0:0.06/1:0.94,0:0.06/1:0.94,0,0,0:0.06/2:0.94,0:0.06/2:0.94,0
106_1,0:0.01/1:0.99,0,0,1,1,0,0,2,2,0:0.01/2:0.99
158_1,1,0,0,1,1,0,0,2,2,2
197_1,1,0,0,1,1,0,0,2,2,2
216_2,1,0,2,1,1,0,0,2,2,2
216_1,1,0,0,1,1,0,0,2,2,2
196_2,1,0,1,1,1,0,0,2,2,2
216_4,1,0,1,1,1,0,0,2,2,2
216_3,1,0,1,1,1,0,0,2,2,2
150_2,1,0,0:0.17/2:0.83,1,1,0,0,2,2,2
189_5,1,1,2,1,1,0,0,2,2,2
216_8,1,1,2,1,1,0,0,2,2,2
216_7,1,1,2,1,1,0,0,2,2,2
186_3,1,0,2,1,1,1,0,2,2,2
216_6,1,0,2,1,1,1,0,2,2,2
216_5,1,0,2,1,1,1,0,2,2,2
105_2,0,0,0,1,1,0:0.01/2:0.99,0,2,2,0
156_4,0,0,0,1,1,0:0.01/2:0.99,0,2,2,0
199_9,0,1,0,1,1,2,1,2,2,0
216_10,0,1,0,1,1,2,1,2,2,0
216_9,0,1,0,1,1,2,1,2,2,0
193_8,0,0,0,1,1,2,0,2,2,0
216_12,0,0,2,1,1,2,0,2,2,0
216_11,0,0,0,1,1,2,0,2,2,0
144_4,0,0,0:0.02/1:0.98,1,1,2,0,2,2,0
187_10,1,0,1,1,1,2,1,2,2,0
216_16,1,0,1,1,1,2,1,2,2,0
216_15,1,0,1,1,1,2,1,2,2,0
184_7,0,0,0:0.01/1:0.99,1,1,2,0,2,2,0
216_14,0,0,1,1,1,2,0,2,2,0
216_13,1,0,1,1,1,2,0,2,2,0
