[&R] ((((((216_13:2.203,216_14:0.203)184_7:1.861,(216_15:2.029,216_16:0.029)187_10:0.035)144_4:2.521,((216_11:2.016,216_12:0.016)193_8:0.002,(216_9:0,216_10:0)199_9:1.018)156_4:3.567)105_2:0.572,(((216_5:1.021,216_6:1.021)186_3:0.001,(216_7:1.215,216_8:1.215)189_5:0.807)150_2:2.76,((216_3:2.029,216_4:1.029)196_2:0.003,(216_1:0,216_2:0)197_1:0.032)158_1:3.75)106_1:1.375)60_1:1.843,(216_17:1.348,216_20:1.348)121_5:7.652)4_1:0)I0;
I0,0,0,0,0,0,0,0,0,0,0
4_1,0,0,0,0,0,0,0,0,0,0
121_5,0:0.04/2:0.96,0:0.04/2:0.96,0:0.04/1:0.96,0:0.04/2:0.96,0,0:0.04/1:0.96,0:0.04/1:0.96,0:0.04/2:0.96,0,0:0.04/2:0.96
216_20,2,2,1,2,1,1,1,2,0,2
216_17,2,2,1,2,0,1,1,2,2,2
60_1,0:0.08/1:0.92,0,0,0,0,0,0,0,0:0.08/2:0.92,0
106_1,0:0.03/1:0.97,0,0,0:0.36/2:0.64,0,0,0,0:0.36/1:0.64,0:0.03/2:0.97,0
158_1,1,0,0,2,0:0.01/2:0.99,0:0.01/2:0.99,0,1,2,0:0.01/1:0.99
197_1,1,0,0,2,2,2,0,1,2,1
216_2,1,0,0,2,2,2,0,1,2,1
216_1,1,0,0,2,2,2,0,1,2,1
196_2,1,0,0,2,0:0.01/2:0.99,0:0.01/2:0.99,0,1,2,0:0.01/1:0.99
216_4,1,1,0,2,2,2,0,1,2,1
216_3,1,2,0,2,2,2,1,1,2,1
150_2,1,0:0.01/2:0.99,0,2,0:0.01/1:0.99,0,0,1,2,0
189_5,1,2,0,2,1,0,0,1,2,0:0.21/1:0.79
216_8,1,2,0,2,1,0,1,1,2,1
216_7,1,2,0,2,1,2,0,1,2,1
186_3,1,0:0.01/2:0.99,0,2,0:0.01/1:0.99,0,0,1,2,0
216_6,1,2,0,2,1,1,0,1,2,0
216_5,1,2,0,2,1,0,0,1,2,2
105_2,0:0.04/1:0.96,0,0:0.51/1:0.49,0,0,0,0,0,0:0.04/2:0.96,0
156_4,1,0,1,2,0,0,2,1,2,0
199_9,1,0,1,2,0,0,2,1,2,1
216_10,1,0,1,2,0,0,2,1,2,1
216_9,1,0,1,2,0,0,2,1,2,1
193_8,1,0,1,2,0,0,2,1,2,0
216_12,1,0,1,2,0,0,2,1,2,0
216_11,1,0,1,2,0,1,2,1,2,2
144_4,1,0:0.02/2:0.98,0:0.01/1:0.99,0,0,0,0,0,2,0:0.02/1:0.98
187_10,1,0:0.01/2:0.99,0:0.01/1:0.99,0,0,0,0,0,2,0:0.01/1:0.99
216_16,1,2,1,0,0,0,0,0,2,1
216_15,1,2,1,2,0,0,2,0,2,1
184_7,1,2,1,0:0.1/1:0.9,0,0:0.1/2:0.9,0,0,2,1
216_14,1,2,1,1,0,2,0,0,2,1
216_13,1,2,1,1,0,2,2,2,2,1
