cell,r0,r1,r2,r3,r4,r5,r6,r7,r8,r9,r10,r11,r12,r13,r14,r15,r16,r17,r18,r19,r20,r21,r22,r23,r24,r25,r26,r27,r28,r29,r30,r31,r32,r33,r34,r35,r36,r37,r38,r39,r40,r41,r42,r43,r44,r45,r46,r47,r48,r49,r50,r51,r52,r53,r54,r55,r56,r57,r58,r59,r60,r61,r62,r63,r64,r65,r66,r67,r68,r69,r70,r71,r72,r73,r74,r75,r76,r77,r78,r79,r80,r81,r82,r83,r84,r85,r86,r87,r88,r89,r90,r91,r92,r93,r94,r95,r96,r97,r98,r99,r100,r101,r102,r103,r104,r105,r106,r107,r108,r109,r110,r111,r112,r113,r114,r115,r116,r117,r118,r119,r120,r121,r122,r123,r124,r125,r126,r127,r128,r129,r130,r131,r132,r133,r134,r135,r136,r137,r138,r139,r140,r141,r142,r143,r144,r145,r146,r147,r148,r149,r150,r151,r152,r153,r154,r155,r156,r157,r158,r159,r160,r161,r162,r163,r164,r165,r166,r167,r168,r169,r170,r171,r172,r173,r174,r175,r176,r177,r178,r179,r180,r181,r182,r183,r184,r185,r186,r187,r188,r189,r190,r191,r192,r193,r194,r195,r196,r197,r198,r199
I0,0,0,0,0,0,0,0,0,0,0,0,0,0,0,0,0,0,0,0,0,0,0,0,0,0,0,0,0,0,0,0,0,0,0,0,0,0,0,0,0,0,0,0,0,0,0,0,0,0,0,0,1,0,0,0,0,0,0,0,0,0,0,0,0,0,0,0,0,0,0,0,0,0,0,0,0,0,0,0,0,0,0,0,0,0,0,0,0,0,0,0,0,0,1,0,0,0,0,0,0,0,0,0,0,0,0,0,0,0,0,0,0,0,1,0,0,0,0,0,0,0,0,0,0,0,0,0,0,0,0,0,0,0,0,0,0,0,0,0,0,0,0,0,0,0,0,1,0,0,0,2,0,0,0,0,0,0,0,0,0,0,0,0,0,0,0,0,0,0,0,0,0,0,0,0,0,0,0,0,0,0,0,0,0,0,0,0,0,0,0,0,0,0,0,0,0,0,0,0,0
I1,2,1,0,0,0,2,2,2,2,1,0,0,0,1,0,0,2,1,0,1,1,2,0,1,0,0,0,0,2,2,1,0,0,1,2,0,0,2,0,0,2,0,0,2,0,2,1,0,0,0,2,1,2,1,2,2,0,1,0,1,1,1,2,1,0,0,1,2,0,0,1,0,2,2,0,2,1,2,0,1,0,0,0,1,2,0,1,2,1,0,1,0,0,1,0,0,0,2,2,0,0,1,1,2,0,0,0,0,1,0,1,1,1,1,2,0,1,2,0,1,0,0,2,0,1,0,2,0,0,0,0,0,0,1,1,2,2,0,0,2,2,2,2,0,0,0,1,0,2,0,2,2,0,0,2,1,2,0,0,0,0,2,2,1,1,0,0,0,2,1,1,0,0,1,1,0,0,2,1,2,0,2,1,1,0,0,1,2,2,2,0,0,1,1,0,2,1,1,0,2
216_20,2,1,1,0,0,2,2,2,2,1,0,0,0,1,0,0,2,1,0,1,1,2,0,1,0,0,0,0,2,2,1,0,0,1,2,0,0,2,1,1,2,2,0,2,0,2,1,1,0,0,2,1,2,1,2,2,0,1,2,1,1,1,2,1,0,0,1,2,0,0,1,0,2,2,0,2,1,2,0,1,0,0,0,1,2,1,1,2,1,0,1,0,0,1,0,2,0,2,2,0,0,1,1,2,0,0,0,0,1,0,1,1,1,1,2,0,1,2,0,1,1,0,2,0,1,2,2,0,0,0,0,1,2,1,1,2,2,0,2,2,2,2,2,0,2,1,1,0,2,0,2,2,0,0,2,1,2,1,0,0,0,2,2,1,1,0,0,2,2,1,1,0,0,1,1,0,0,2,1,2,0,2,1,1,0,0,1,2,2,2,0,0,1,1,0,2,1,1,0,2
216_17,2,1,0,1,0,2,2,2,2,1,0,2,0,1,0,0,2,1,0,1,1,2,0,1,2,0,0,0,2,2,1,0,0,1,2,0,0,2,0,0,2,0,0,2,0,2,1,0,0,0,2,1,2,1,2,2,0,1,0,1,1,1,2,1,0,0,1,2,1,0,1,0,2,2,0,2,1,2,0,1,0,0,2,1,2,0,1,2,1,0,1,0,0,1,2,0,1,2,2,2,0,1,1,2,0,0,0,0,1,1,1,1,1,1,2,0,1,2,1,1,0,0,2,0,1,0,2,2,0,0,0,0,0,1,1,2,2,0,0,2,2,2,2,0,0,0,1,0,2,0,2,2,0,0,2,1,2,0,2,0,0,2,2,1,1,0,0,0,2,1,1,0,0,1,1,0,0,2,1,2,0,2,1,1,0,0,1,2,2,2,2,0,1,1,0,2,1,1,0,2
I2,0,0,0,0,1,0,0,0,0,0,0,0,0,1,0,0,0,2,2,0,0,0,0,1,0,0,2,1,0,2,1,0,0,0,0,2,1,0,2,2,0,0,2,2,0,0,1,0,0,0,2,1,0,0,1,2,0,0,0,0,0,1,0,2,0,2,0,1,0,1,2,2,0,2,0,1,0,0,0,2,2,1,2,0,2,2,0,2,1,1,0,0,1,1,0,0,2,0,0,0,2,0,2,0,0,0,0,2,0,1,1,2,1,1,0,0,1,0,0,1,0,1,0,0,0,0,0,0,0,0,1,0,1,0,0,0,0,0,2,0,1,0,0,2,2,1,1,0,0,0,2,0,2,2,1,0,0,0,0,0,0,1,2,1,2,1,1,0,2,2,0,1,0,2,0,0,0,0,0,0,0,0,0,0,0,2,2,2,1,2,0,2,0,1,0,0,0,0,0,1
I3,0,0,2,0,1,0,0,0,0,2,0,0,0,1,0,2,0,2,2,0,0,2,0,1,0,0,2,1,1,2,1,1,0,0,0,2,1,2,2,2,0,0,2,2,0,0,1,0,0,0,2,1,0,1,1,2,0,0,0,0,0,1,0,2,0,2,1,1,0,1,2,2,0,2,0,1,2,0,0,2,2,1,2,0,2,2,0,2,1,1,0,0,1,1,0,0,2,0,0,0,2,0,2,0,1,2,1,2,0,1,1,2,1,1,0,0,1,2,0,1,0,1,1,0,0,0,0,0,0,0,1,1,1,0,0,0,0,1,2,2,1,0,0,2,2,1,1,0,1,0,2,2,2,2,1,1,0,0,0,0,0,1,2,1,2,1,1,0,2,2,0,1,0,2,1,1,0,0,1,0,0,2,0,0,2,2,2,2,1,2,0,2,0,1,0,0,0,2,0,1
I4,0,0,2,1,1,2,0,0,1,2,0,0,0,1,0,2,0,2,2,0,0,2,0,1,0,0,2,1,1,2,1,1,1,0,0,2,1,2,2,2,0,0,2,2,0,0,1,0,0,0,2,1,0,1,1,2,2,0,0,2,0,1,0,2,0,2,1,1,0,1,2,2,0,2,0,1,2,0,0,2,2,1,2,1,2,2,0,2,1,1,0,0,1,1,0,0,2,0,2,0,2,0,2,0,1,2,1,2,0,1,1,2,1,1,0,0,1,2,0,1,0,1,1,0,0,0,0,0,0,0,1,1,1,0,0,0,0,1,2,2,1,0,0,2,2,1,1,0,1,0,2,2,2,2,1,1,0,0,0,2,0,1,2,1,2,1,1,0,2,2,0,1,1,2,1,1,0,0,1,0,0,2,2,0,2,2,2,2,1,2,0,2,0,1,0,0,1,2,0,1
I5,0,0,2,1,1,2,0,0,1,2,0,0,0,1,0,2,2,2,2,0,0,2,0,1,0,0,2,1,1,2,1,1,1,0,0,2,1,2,2,2,0,2,2,2,0,0,1,0,0,0,2,1,0,1,1,2,2,0,0,2,0,1,0,2,0,2,1,1,0,1,2,2,0,2,0,1,2,0,0,2,2,1,2,1,2,2,0,2,1,1,0,0,1,1,0,2,2,0,2,0,2,0,2,2,1,2,1,2,0,1,1,2,1,1,0,0,1,2,0,1,0,1,1,1,0,0,0,0,0,0,1,1,1,0,1,1,0,1,2,2,1,0,0,2,2,1,1,0,1,0,2,2,2,2,1,1,0,0,0,2,0,1,2,1,2,1,1,0,2,2,0,1,1,2,1,1,0,0,1,0,0,2,2,1,2,2,2,2,1,2,0,2,0,1,0,0,1,2,0,1
216_2,0,2,2,1,1,2,0,0,1,2,0,0,0,1,0,2,2,2,2,0,0,2,0,1,0,0,2,1,1,2,1,1,1,0,0,2,1,2,2,2,0,2,2,2,0,0,1,0,0,0,2,1,0,1,1,2,2,0,0,2,0,1,2,2,0,2,1,1,0,1,2,2,0,2,0,1,2,0,0,2,2,1,2,1,2,2,0,2,1,1,0,0,1,1,0,2,2,0,2,0,2,0,2,2,1,2,1,2,0,1,1,2,1,1,0,0,1,2,0,1,0,1,1,1,0,0,0,0,0,0,1,1,1,0,1,1,0,1,2,2,1,0,0,2,2,1,1,0,1,0,2,2,2,2,1,1,1,0,0,2,0,1,2,1,2,1,1,0,2,2,0,1,1,2,1,1,0,0,1,0,0,2,2,1,2,2,2,2,1,2,0,2,0,1,0,0,1,2,0,1
216_1,0,0,2,1,1,2,0,0,1,2,0,0,0,1,0,2,2,2,2,0,0,2,0,1,0,0,2,1,1,2,1,1,1,0,0,2,1,2,2,2,0,2,2,2,0,0,1,0,0,0,2,1,0,1,1,2,2,0,0,2,2,1,0,2,0,2,1,1,0,1,2,2,0,2,0,1,2,0,0,2,2,1,2,1,2,2,0,2,1,1,0,0,1,1,0,2,2,0,2,0,2,0,2,2,1,2,1,2,0,1,1,2,1,1,0,0,1,2,0,1,0,1,1,1,0,0,0,0,0,0,1,1,1,2,1,1,0,1,2,2,1,0,0,2,2,1,1,0,1,0,2,2,2,2,1,1,0,0,0,2,0,1,2,1,2,1,1,0,2,2,0,1,1,2,1,1,0,0,1,0,0,2,2,1,2,2,2,2,1,2,0,2,0,1,0,0,1,2,0,1
I6,0,0,2,1,1,2,1,0,1,2,0,0,0,1,0,2,0,2,2,0,0,2,1,1,0,0,2,1,1,2,1,1,1,0,1,2,1,2,2,2,0,0,2,2,0,0,1,2,1,0,2,1,0,1,1,2,2,0,0,2,0,1,0,2,0,2,1,1,0,1,2,2,0,2,0,1,2,0,0,2,2,1,2,1,2,2,0,2,1,1,0,0,1,1,0,0,2,0,2,0,2,0,2,0,1,2,1,2,0,1,1,2,1,1,0,0,1,2,0,1,0,1,1,0,0,0,0,0,0,0,1,1,1,0,0,0,0,1,2,2,1,0,0,2,2,1,1,0,1,0,2,2,2,2,1,1,0,0,0,2,0,1,2,1,2,1,1,0,2,2,0,1,1,2,1,1,0,0,1,0,0,2,2,0,2,2,2,2,1,2,0,2,0,1,0,0,1,2,0,1
216_4,0,0,2,1,1,2,1,0,1,2,0,1,0,1,0,2,0,2,2,0,0,2,1,1,0,0,2,1,1,2,1,1,1,0,1,2,1,2,2,2,0,0,2,2,0,0,1,2,1,0,2,1,0,1,1,2,2,1,0,2,0,1,0,2,2,2,1,1,0,1,2,2,0,2,0,1,2,1,0,2,2,1,2,1,2,2,0,2,1,1,0,0,1,1,0,0,2,0,2,0,2,0,2,0,1,2,1,2,0,1,1,2,1,1,0,0,1,2,0,1,0,1,1,0,0,0,2,0,0,0,1,1,1,0,0,0,0,1,2,2,1,0,0,2,2,1,1,0,1,0,2,2,2,2,1,1,0,0,0,2,0,1,2,1,2,1,1,0,2,2,0,1,1,2,1,1,0,0,1,0,0,2,2,0,2,2,2,2,1,2,0,2,2,1,0,0,1,2,0,1
216_3,0,0,2,1,1,2,1,0,1,2,0,0,0,1,0,2,0,2,2,0,0,2,1,1,0,0,2,1,1,2,1,1,1,0,1,2,1,2,2,2,0,0,2,2,0,0,1,2,1,0,2,1,0,1,1,2,2,0,0,2,0,1,0,2,0,2,1,1,0,1,2,2,0,2,0,1,2,0,0,2,2,1,2,1,2,2,0,2,1,1,0,0,1,1,0,0,2,0,2,0,2,0,2,0,1,2,1,2,0,1,1,2,1,1,0,0,1,2,0,1,0,1,1,0,0,0,0,0,0,0,1,1,1,0,0,0,0,1,2,2,1,0,0,2,2,1,1,0,1,0,2,2,2,2,1,1,0,0,0,2,0,1,2,1,2,1,1,0,2,2,0,1,1,2,1,1,0,0,1,0,0,2,2,0,2,2,2,2,1,2,0,2,0,1,0,0,1,2,0,1
I7,0,0,2,0,1,0,0,0,2,2,1,0,0,1,0,2,0,2,2,0,0,2,0,1,0,0,2,1,1,2,1,1,0,0,2,2,1,2,2,2,2,0,2,2,1,2,1,0,0,0,2,1,0,1,1,2,1,2,1,0,0,1,0,2,0,2,1,1,0,1,2,2,0,2,0,1,2,0,0,2,2,1,2,0,2,2,0,2,1,1,1,0,1,1,0,0,2,0,0,0,2,0,2,0,1,2,1,2,2,1,1,2,1,1,0,0,1,2,0,1,0,1,1,0,2,0,2,0,0,0,1,1,1,2,0,0,2,1,2,2,1,0,0,2,2,1,1,1,1,2,2,2,2,2,1,1,0,0,0,2,0,1,2,1,2,1,1,1,2,2,0,1,0,2,1,1,0,0,1,0,0,2,0,0,2,2,2,2,1,2,0,2,0,1,0,0,0,2,0,1
I8,0,0,2,0,1,0,1,0,2,2,1,0,0,1,0,2,0,2,2,0,0,2,1,1,0,0,2,1,1,2,1,1,0,0,2,2,1,2,2,2,2,0,2,2,1,2,1,0,0,0,2,1,0,1,1,2,1,2,1,0,0,1,0,2,0,2,1,1,0,1,2,2,0,2,0,1,2,0,0,2,2,1,2,2,2,2,0,2,1,1,1,0,1,1,0,0,2,0,2,0,2,0,2,0,1,2,1,2,2,1,1,2,1,1,0,0,1,2,0,1,0,1,1,0,2,0,2,0,0,0,1,1,1,2,0,0,2,1,2,2,1,0,0,2,2,1,1,1,1,2,2,2,2,2,1,1,0,0,0,2,0,1,2,1,2,1,1,1,2,2,0,1,0,2,1,1,0,0,1,0,0,2,0,0,2,2,2,2,1,2,0,2,0,1,0,0,0,2,0,1
216_8,0,0,2,0,1,0,1,1,2,2,1,2,0,1,0,2,0,2,2,0,0,2,1,1,0,0,2,1,1,2,1,1,0,0,2,2,1,2,2,2,2,0,2,2,1,2,1,0,0,0,2,1,0,1,1,2,1,2,1,0,0,1,0,2,0,2,1,1,0,1,2,2,0,2,0,1,2,0,0,2,2,1,2,2,2,2,0,2,1,1,1,0,1,1,0,0,2,0,2,0,2,0,2,0,1,2,1,2,2,1,1,2,1,1,0,0,1,2,0,1,0,1,1,0,2,0,2,0,0,0,1,1,1,2,0,0,2,1,2,2,1,0,0,2,2,1,1,1,1,2,2,2,2,2,1,1,0,0,0,2,0,1,2,1,2,1,1,1,2,2,0,1,0,2,1,1,0,0,1,0,0,2,0,0,2,2,2,2,1,2,0,2,0,1,0,0,1,2,0,1
216_7,0,0,2,0,1,0,1,0,2,2,1,0,0,1,1,2,0,2,2,0,0,2,1,1,0,1,2,1,1,2,1,1,0,0,2,2,1,2,2,2,2,0,2,2,1,2,1,0,0,0,2,1,0,1,1,2,1,2,1,0,0,1,0,2,0,2,1,1,0,1,2,2,0,2,0,1,2,0,0,2,2,1,2,2,2,2,0,2,1,1,1,0,1,1,0,0,2,0,2,0,2,0,2,0,1,2,1,2,2,1,1,2,1,1,0,0,1,2,0,1,0,1,1,0,2,0,2,0,0,0,1,1,1,2,0,0,2,1,2,2,1,0,0,2,2,1,1,1,1,2,2,2,2,2,1,1,0,0,0,2,0,1,2,1,2,1,1,1,2,2,0,1,0,2,1,1,0,0,1,0,0,2,0,0,2,2,2,2,1,2,0,2,0,1,0,0,0,2,0,1
I9,0,0,2,0,1,0,0,0,2,2,1,0,0,1,0,2,1,2,2,0,0,2,0,1,0,0,2,1,1,2,1,1,0,0,2,2,1,2,2,2,2,0,2,2,1,2,1,0,0,0,2,1,0,1,1,2,1,2,1,0,0,1,0,2,0,2,1,1,0,1,2,2,0,2,0,1,2,0,0,2,2,1,2,0,2,2,0,2,1,1,1,0,1,1,0,0,2,0,2,0,2,0,2,0,1,2,1,2,2,1,1,2,1,1,0,0,1,2,0,1,2,1,1,0,2,0,2,0,0,0,1,1,1,2,0,0,2,1,2,2,1,0,0,2,2,1,1,1,1,2,2,2,2,2,1,1,0,2,0,2,0,1,2,1,2,1,1,1,2,2,0,1,0,2,1,1,0,0,1,0,0,2,0,2,2,2,2,2,1,2,0,2,0,1,0,0,2,2,0,1
216_6,0,0,2,0,1,2,0,0,2,2,1,0,0,1,0,2,1,2,2,0,0,2,0,1,0,0,2,1,1,2,1,1,0,0,2,2,1,2,2,2,2,0,2,2,1,2,1,0,0,0,2,1,0,1,1,2,1,2,1,0,0,1,0,2,0,2,1,1,0,1,2,2,0,2,0,1,2,0,0,2,2,1,2,0,2,2,0,2,1,1,1,0,1,1,0,0,2,2,2,0,2,0,2,0,1,2,1,2,2,1,1,2,1,1,0,1,1,2,0,1,2,1,1,0,2,0,2,0,0,0,1,1,1,2,0,0,2,1,2,2,1,0,2,2,2,1,1,1,1,2,2,2,2,2,1,1,0,2,0,2,0,1,2,1,2,1,1,1,2,2,0,1,0,2,1,1,0,0,1,0,0,2,0,2,2,2,2,2,1,2,0,2,0,1,0,0,2,2,0,1
216_5,0,0,2,0,1,0,0,2,2,2,1,0,0,1,0,2,1,2,2,0,0,2,2,1,0,0,2,1,1,2,1,1,0,0,2,2,1,2,2,2,2,2,2,2,1,2,1,0,2,0,2,1,0,1,1,2,1,2,1,0,0,1,0,2,0,2,1,1,0,1,2,2,0,2,0,1,2,0,0,2,2,1,2,0,2,2,0,2,1,1,1,0,1,1,0,2,2,2,2,0,2,0,2,0,1,2,1,2,2,1,1,2,1,1,0,0,1,2,0,1,2,1,1,0,2,0,2,0,0,0,1,1,1,2,0,0,2,1,2,2,1,0,0,2,2,1,1,1,1,2,2,2,2,2,1,1,0,2,0,2,0,1,2,1,2,1,1,1,2,2,0,1,0,2,1,1,0,0,1,0,0,2,0,2,2,2,2,2,1,2,0,2,0,1,1,0,2,2,0,1
I10,0,1,2,2,1,0,0,0,0,1,0,0,0,1,0,2,2,2,2,0,2,0,0,1,0,0,2,1,0,2,1,1,0,0,0,2,1,0,2,2,0,0,2,2,0,0,1,0,0,0,2,1,2,0,1,2,0,0,0,2,1,1,0,2,0,2,0,1,0,1,2,2,0,2,1,1,0,0,0,2,2,1,2,1,2,2,0,2,1,1,0,0,1,1,0,0,2,0,0,2,2,0,2,0,0,0,0,2,0,1,1,2,1,1,0,0,1,0,0,1,0,1,0,0,2,0,1,0,2,0,1,0,1,0,0,0,0,2,2,0,1,0,1,2,2,1,1,0,2,0,2,1,2,2,1,0,2,0,0,0,2,1,2,1,2,1,1,0,2,2,2,1,0,2,0,0,0,0,0,0,0,0,0,0,0,2,2,2,1,2,0,2,0,1,0,0,0,0,0,1
I11,1,1,2,2,1,0,0,0,0,1,0,0,0,1,0,2,2,2,2,0,2,0,0,1,0,0,2,1,0,2,1,1,1,0,0,2,1,0,2,2,0,0,2,2,0,2,1,0,1,2,2,1,2,0,1,2,0,0,0,2,1,1,0,2,0,2,0,1,2,1,2,2,0,2,1,1,0,0,0,2,2,1,2,1,2,2,0,2,1,1,0,0,1,1,2,0,2,0,0,2,2,0,2,0,0,0,0,2,0,1,1,2,1,1,0,0,1,0,0,1,0,1,0,0,2,0,1,0,2,0,1,0,1,0,1,1,0,2,2,0,1,2,1,2,2,1,1,0,2,0,2,1,2,2,1,0,2,0,0,0,2,1,2,1,2,1,1,0,2,2,2,1,0,2,2,0,0,0,2,0,0,0,0,2,0,2,2,2,1,2,0,2,0,1,0,0,0,0,1,1
I12,1,1,2,2,1,0,0,0,0,1,1,0,0,1,0,2,2,2,2,0,2,0,0,1,1,0,2,1,0,2,1,1,1,0,0,2,1,0,2,2,2,0,2,2,0,2,1,0,1,2,2,1,2,0,1,2,0,0,0,2,1,1,0,2,0,2,0,1,2,1,2,2,0,2,1,1,2,0,0,2,2,1,2,1,2,2,0,2,1,1,0,2,1,1,2,0,2,0,0,2,2,0,2,0,0,0,0,2,0,1,1,2,1,1,0,0,1,0,0,1,0,1,2,0,2,0,1,0,2,1,1,0,1,0,1,1,2,2,2,0,1,2,1,2,2,1,1,0,2,0,2,1,2,2,1,0,2,0,0,0,2,1,2,1,2,1,1,0,2,2,2,1,0,2,2,0,0,0,2,0,0,0,0,2,0,2,2,2,1,2,0,2,0,1,0,0,0,0,1,1
216_10,1,1,2,2,1,0,0,0,0,1,1,0,0,1,0,2,2,2,2,0,2,0,0,1,1,0,2,1,0,2,1,1,1,1,0,2,1,0,2,2,2,0,2,2,0,2,1,0,1,2,2,1,2,0,1,2,0,0,0,2,1,1,0,2,0,2,0,1,2,1,2,2,0,2,1,1,2,0,0,2,2,1,2,1,2,2,0,2,1,1,0,2,1,1,2,0,2,0,0,2,2,0,2,0,0,0,0,2,0,1,1,2,1,1,0,0,1,0,0,1,0,1,2,0,2,0,1,0,2,1,1,0,1,0,1,1,2,2,2,0,1,2,1,2,2,1,1,0,2,0,2,1,2,2,1,0,2,0,0,0,2,1,2,1,2,1,1,0,2,2,2,1,0,2,2,0,0,0,2,0,0,0,0,2,0,2,2,2,1,2,0,2,0,1,0,0,0,0,1,1
216_9,1,1,2,2,1,0,0,0,0,1,1,0,0,1,0,2,2,2,2,0,2,0,0,1,1,0,2,1,0,2,1,1,1,0,0,2,1,0,2,2,2,0,2,2,0,2,1,0,1,2,2,1,2,0,1,2,1,0,0,2,1,1,0,2,0,2,0,1,2,1,2,2,0,2,1,1,2,0,0,2,2,1,2,1,2,2,0,2,1,1,0,2,1,1,2,0,2,0,0,2,2,0,2,0,0,2,0,2,0,1,1,2,1,1,0,0,1,0,0,1,0,1,2,0,2,0,1,0,2,1,1,0,1,2,1,1,2,2,2,0,1,2,1,2,2,1,1,0,2,0,2,1,2,2,1,0,2,0,0,0,2,1,2,1,2,1,1,0,2,2,2,1,0,2,2,0,0,0,2,0,0,0,0,2,0,2,2,2,1,2,0,2,0,1,0,0,0,0,1,1
I13,1,1,2,2,1,0,0,0,0,1,0,1,0,1,0,2,2,2,2,0,2,2,0,1,0,0,2,1,0,2,1,1,1,0,0,2,1,0,2,2,0,0,2,2,2,2,1,0,1,2,2,1,2,0,1,2,1,0,0,2,1,1,0,2,0,2,0,1,2,1,2,2,0,2,1,1,0,0,0,2,2,1,2,1,2,2,0,2,1,1,0,0,1,1,2,1,2,0,0,2,2,0,2,2,0,0,0,2,0,1,1,2,1,1,0,0,1,0,0,1,0,1,2,0,2,0,1,1,2,0,1,0,1,0,1,1,2,2,2,0,1,2,1,2,2,1,1,1,2,0,2,1,2,2,1,1,2,0,0,0,2,1,2,1,2,1,1,0,2,2,2,1,0,2,2,2,1,0,2,0,0,0,0,2,0,2,2,2,1,2,0,2,0,1,0,0,0,0,1,1
216_12,1,1,2,2,1,0,0,0,0,1,0,1,0,1,0,2,2,2,2,0,2,2,2,1,0,0,2,1,0,2,1,1,1,0,0,2,1,0,2,2,0,0,2,2,2,2,1,0,1,2,2,1,2,2,1,2,1,0,0,2,1,1,0,2,0,2,0,1,2,1,2,2,0,2,1,1,0,0,0,2,2,1,2,1,2,2,0,2,1,1,0,0,1,1,2,1,2,0,0,2,2,0,2,2,0,0,0,2,0,1,1,2,1,1,0,2,1,0,0,1,0,1,2,0,2,0,1,1,2,0,1,0,1,0,1,1,2,2,2,0,1,2,1,2,2,1,1,1,2,0,2,1,2,2,1,1,2,0,0,0,2,1,2,1,2,1,1,0,2,2,2,1,0,2,2,2,1,0,2,0,0,0,0,2,0,2,2,2,1,2,0,2,0,1,0,0,0,0,1,1
216_11,1,1,2,2,1,1,0,0,0,1,0,1,0,1,0,2,2,2,2,0,2,2,0,1,0,0,2,1,0,2,1,1,1,0,0,2,1,0,2,2,0,0,2,2,2,2,1,0,1,2,2,1,2,0,1,2,1,0,0,2,1,1,0,2,0,2,0,1,2,1,2,2,0,2,1,1,0,0,0,2,2,1,2,1,2,2,0,2,1,1,0,0,1,1,2,1,2,0,0,2,2,0,2,2,0,0,0,2,0,1,1,2,1,1,0,0,1,0,0,1,0,1,2,0,2,0,1,1,2,0,1,0,1,0,1,1,2,2,2,0,1,2,1,2,2,1,1,1,2,0,2,1,2,2,1,1,2,0,0,0,2,1,2,1,2,1,1,0,2,2,2,1,0,2,2,2,1,0,2,0,0,0,0,2,0,2,2,2,1,2,0,2,0,1,0,0,0,0,1,1
I14,0,1,2,2,1,0,0,0,0,1,0,0,0,1,0,2,2,2,2,0,2,0,0,1,0,0,2,1,0,2,1,1,1,0,0,2,1,0,2,2,0,0,2,2,1,0,1,1,0,0,2,1,2,0,1,2,2,0,0,2,1,1,0,2,0,2,0,1,0,1,2,2,0,2,1,1,0,0,0,2,2,1,2,1,2,2,0,2,1,1,0,0,1,1,0,0,2,0,0,2,2,0,2,0,0,0,0,2,0,1,1,2,1,1,0,0,1,0,2,1,0,1,0,0,2,0,1,0,2,0,1,1,1,0,0,0,0,2,2,0,1,0,1,2,2,1,1,0,2,0,2,1,2,2,1,0,2,2,1,0,2,1,2,1,2,1,1,0,2,2,2,1,0,2,0,0,0,0,0,0,0,0,0,0,0,2,2,2,1,2,0,2,0,1,2,0,0,0,0,1
I15,0,1,2,2,1,0,0,0,0,1,0,0,0,1,0,2,2,2,2,1,2,0,0,1,0,0,2,1,0,2,1,1,1,0,1,2,1,0,2,2,0,0,2,2,1,0,1,1,0,0,2,1,2,2,1,2,2,0,0,2,1,1,0,2,0,2,0,1,0,1,2,2,0,2,1,1,0,0,0,2,2,1,2,1,2,2,0,2,1,1,0,0,1,1,0,0,2,0,0,2,2,0,2,0,0,0,0,2,0,1,1,2,1,1,0,0,1,0,2,1,0,1,0,0,2,2,1,0,2,0,1,1,1,2,0,0,0,2,2,0,1,1,1,2,2,1,1,0,2,0,2,1,2,2,1,0,2,2,1,0,2,1,2,1,2,1,1,0,2,2,2,1,0,2,2,0,0,0,2,0,0,0,0,0,0,2,2,2,1,2,0,2,0,1,2,1,0,0,0,1
216_16,0,1,2,2,1,1,0,0,0,1,0,0,0,1,0,2,2,2,2,1,2,1,0,1,0,0,2,1,0,2,1,1,1,0,1,2,1,0,2,2,0,0,2,2,1,0,1,1,0,0,2,1,2,2,1,2,2,0,0,2,1,1,0,2,0,2,0,1,0,1,2,2,0,2,1,1,0,0,0,2,2,1,2,1,2,2,0,2,1,1,0,0,1,1,0,0,2,0,0,2,2,0,2,0,2,0,1,2,0,1,1,2,1,1,1,0,1,0,2,1,0,1,0,0,2,2,1,0,2,0,1,1,1,2,0,0,0,2,2,0,1,1,1,2,2,1,1,0,2,0,2,1,2,2,1,0,2,2,1,0,2,1,2,1,2,1,1,0,2,2,2,1,0,2,2,1,0,0,2,0,0,0,0,0,0,2,2,2,1,2,0,2,0,1,2,1,0,0,0,1
216_15,0,1,2,2,1,0,0,2,0,1,0,0,0,1,0,2,2,2,2,1,2,0,0,1,0,0,2,1,0,2,1,1,1,0,1,2,1,0,2,2,0,0,2,2,1,0,1,1,0,0,2,1,2,2,1,2,2,0,0,2,1,1,0,2,0,2,0,1,0,1,2,2,0,2,1,1,0,0,0,2,2,1,2,1,2,2,2,2,1,1,0,2,1,1,0,0,2,0,0,2,2,0,2,0,0,0,0,2,0,1,1,2,1,1,0,0,1,0,2,1,0,1,0,0,2,2,1,0,2,0,1,1,1,2,0,0,0,2,2,0,1,1,1,2,2,1,1,0,2,0,2,1,2,2,1,0,2,2,1,0,2,1,2,1,2,1,1,1,2,2,2,1,0,2,2,0,0,0,2,0,0,0,0,0,0,2,2,2,1,2,0,2,0,1,2,1,0,0,0,1
I16,0,1,2,2,1,2,0,0,0,1,0,1,0,1,0,2,2,2,2,2,2,0,0,1,0,0,2,1,0,2,1,1,1,0,0,2,1,0,2,2,2,0,2,2,1,0,1,1,0,1,2,1,2,1,1,2,2,2,1,2,1,1,0,2,0,2,1,1,0,1,2,2,0,2,1,1,0,0,0,2,2,1,2,1,2,2,0,2,1,1,0,0,1,1,0,0,2,2,0,2,2,0,2,0,0,0,0,2,0,1,1,2,1,1,2,0,1,0,2,1,0,1,0,0,2,0,1,0,2,0,1,1,1,0,0,0,0,2,2,0,1,0,1,2,2,1,1,0,2,0,2,1,2,2,1,0,2,2,1,0,2,1,2,1,2,1,1,0,2,2,2,1,0,2,0,0,0,0,0,0,0,0,2,0,0,2,2,2,1,2,0,2,0,1,2,0,0,0,0,1
216_14,0,1,2,2,1,2,0,0,0,1,0,1,0,1,0,2,2,2,2,2,2,0,0,1,0,1,2,1,0,2,1,1,1,1,0,2,1,0,2,2,2,0,2,2,1,0,1,1,0,1,2,1,2,1,1,2,2,2,1,2,1,1,0,2,0,2,1,1,0,1,2,2,0,2,1,1,0,0,0,2,2,1,2,1,2,2,0,2,1,1,0,0,1,1,0,0,2,2,0,2,2,0,2,0,0,0,0,2,2,1,1,2,1,1,2,0,1,0,2,1,1,1,0,0,2,0,1,0,2,0,1,1,1,0,0,0,0,2,2,0,1,0,1,2,2,1,1,0,2,0,2,1,2,2,1,0,2,2,1,0,2,1,2,1,2,1,1,0,2,2,2,1,0,2,0,0,0,0,0,0,0,0,2,0,0,2,2,2,1,2,0,2,0,1,2,0,0,0,0,1
216_13,0,1,2,2,1,2,0,0,0,1,0,1,0,1,0,2,2,2,2,2,2,0,0,1,0,0,2,1,0,2,1,1,1,0,1,2,1,0,2,2,2,1,2,2,1,0,1,1,0,1,2,1,2,1,1,2,2,2,1,2,1,1,0,2,2,2,1,1,0,1,2,2,0,2,1,1,0,2,0,2,2,1,2,1,2,2,0,2,1,1,0,0,1,1,0,0,2,2,0,2,2,0,2,0,0,0,0,2,0,1,1,2,1,1,2,0,1,0,2,1,0,1,0,0,2,0,1,0,2,0,1,1,1,0,0,2,0,2,2,0,1,0,1,2,2,1,1,0,2,0,2,1,2,2,1,0,2,2,1,0,2,1,2,1,2,1,1,0,2,2,2,1,2,2,0,0,0,0,0,0,0,0,2,0,0,2,2,2,1,2,0,2,0,1,2,0,0,0,0,1
Evolve tree: [&R] (((((216_13:0.07208632009293092,216_14:0.07208632009293092)I16:0.11828656616222277,(216_15:0.06456756588627624,216_16:0.06456756588627624)I15:0.12580532036887745)I14:0.15519395205541736,((216_11:0.05002953623636411,216_12:0.05002953623636411)I13:0.10105220591576358,(216_9:0.03613294572515325,216_10:0.03613294572515325)I12:0.11494879642697443)I11:0.19448509615844337)I10:0.24587746081122708,(((216_5:0.06705499223213832,216_6:0.06705499223213832)I9:0.10322914957304546,(216_7:0.05964848488953681,216_8:0.05964848488953681)I8:0.11063565691564699)I7:0.17070851237575874,((216_3:0.04300285984445322,216_4:0.04300285984445322)I6:0.10186823827867222,(216_1:0.04069564477212541,216_2:0.04069564477212541)I5:0.10417545335100002)I4:0.1961215560578171)I3:0.2504516449408556)I2:0.4485103371227909,(216_17:0.2763521961906265,216_20:0.2763521961906265)I1:0.7636024400539623)I0:0.02977578554204205;