[&R] (((((216_9:0,216_10:0)202_8:0,216_8:1)164_4:0.017,((216_11:0,216_12:0)209_11:1.099,216_13:1.099)164_5:1.918)124_4:0.003,(((216_17:0,216_18:0)205_15:0,216_15:0)165_8:2.187,((216_21:0,216_22:0)201_15:2.257,(216_19:0,216_20:0)203_16:1.257)165_9:0.93)125_6:1.833)83_3:1.98)I0;
I0,0,0,0,0,0,0,0,0,0,0
83_3,0,0:0.01/2:0.99,0:0.01/2:0.99,0,0,0,0,0,0,0
125_6,0,2,2,0,0,0:0.09/2:0.91,0:0.09/1:0.91,0,0,0
165_9,0,2,2,0,0,0:0.02/2:0.98,0:0.02/1:0.98,0:0.22/1:0.78,0,0
203_16,0,2,2,0,2,2,1,1,0,0
216_20,0,2,2,0,2,2,1,1,0,0
216_19,0,2,2,0,2,2,1,1,0,0
201_15,0,2,2,0,0,2,1,1,2,2
216_22,0,2,2,0,0,2,1,1,2,2
216_21,0,2,2,0,0,2,1,1,2,2
165_8,0,2,2,2,0,2,1,0,1,0
216_15,0,2,2,2,0,2,1,0,1,0
205_15,0,2,2,2,0,2,1,0,1,0
216_18,0,2,2,2,0,2,1,0,1,0
216_17,0,2,2,2,0,2,1,0,1,0
124_4,0,0:0.01/2:0.99,0:0.01/2:0.99,0,0,0,0,0,0,0
164_5,0:0.05/1:0.95,2,2,0,0,0,0,0:0.05/2:0.95,0,0
216_13,1,2,2,0,0,2,0,2,0,0
209_11,1,2,2,0,0,0,0,2,0,2
216_12,1,2,2,0,0,0,0,2,0,2
216_11,1,2,2,0,0,0,0,2,0,2
164_4,0,2,2,0,0,0,0,0,0,0
216_8,0,2,2,2,0,0,0,0,0,0
202_8,0,2,2,0,0,0,0,0,0,0
216_10,0,2,2,0,0,0,0,0,0,0
216_9,0,2,2,0,0,0,0,0,0,0
