[&R] (((((216_9:0,216_10:0)202_8:1,216_8:1)164_4:0,((216_11:0,216_12:0)209_11:0,216_13:1)164_5:0)124_4:0.098,(((216_17:0,216_18:0)205_15:0,216_15:0)165_8:1.107,((216_21:0,216_22:0)201_15:1.029,(216_19:0,216_20:0)203_16:0.029)165_9:1.078)125_6:1.991)83_3:2.902)I0;
I0,0,0,0,0,0,0,0,0,0,0
83_3,0,0:0.03/1:0.97,0:0.03/1:0.97,0,0:0.03/1:0.97,0,0,0,0,0
125_6,0,1,1,0,1,0:0.05/2:0.95,0:0.05/2:0.95,0,0,0
165_9,0,1,1,0,1,2,2,0,0,0:0.03/2:0.97
203_16,0,1,1,0,1,2,2,0,0,2
216_20,0,1,1,0,1,2,2,0,0,2
216_19,0,1,1,0,1,2,2,0,0,2
201_15,0,1,1,2,1,2,2,0,0,2
216_22,0,1,1,2,1,2,2,0,0,2
216_21,0,1,1,2,1,2,2,0,0,2
165_8,0,1,1,0,1,2,2,0,0,1
216_15,0,1,1,0,1,2,2,0,0,1
205_15,0,1,1,0,1,2,2,0,0,1
216_18,0,1,1,0,1,2,2,0,0,1
216_17,0,1,1,0,1,2,2,0,0,1
124_4,0,1,1,0,1,0,0,0,0,0
164_5,0,1,1,0,1,0,0,0,0,0
216_13,0,1,1,1,1,0,0,0,0,0
209_11,0,1,1,0,1,0,0,0,0,0
216_12,0,1,1,0,1,0,0,0,0,0
216_11,0,1,1,0,1,0,0,0,0,0
164_4,0,1,1,0,1,0,0,0,0,0
216_8,1,1,1,0,1,0,0,0,0,0
202_8,0,1,1,0,1,0,2,0,0,0
216_10,0,1,1,0,1,0,2,0,0,0
216_9,0,1,1,0,1,0,2,0,0,0
