[&R] (((((216_9:3.043,216_10:1.043)202_8:15.547,216_8:12.589)164_4:16.379,((216_11:0.002,216_12:1.002)209_11:6.576,216_13:10.578)164_5:16.39)124_4:24.571,(((216_17:0.002,216_18:1.002)205_15:14.176,216_15:22.178)165_8:10.052,((216_21:4.082,216_22:2.082)201_15:10.425,(216_19:3.174,216_20:6.174)203_16:6.332)165_9:16.723)125_6:18.309)83_3:96.461)I0;
I0,0,0,0,0,0,0,0,0,0,0,0,0,0,0,0,0,0,0,0,0,0,0,0,0,0,0,0,0,0,0,0,0,0,0,0,0,0,0,0,0,0,0,0,0,0,0,0,0,0,0,0,0,0,0,0,0,0,0,0,0,0,0,0,0,0,0,0,0,0,0,0,0,0,0,0,0,0,0,0,0,0,0,0,0,0,0,0,0,0,0,0,0,0,0,0,0,0,0,0,0,0,0,0,0,0,0,0,0,0,0,0,0,0,0,0,0,0,0,0,0,0,0,0,0,0,0,0,0,0,0,0,0,0,0,0,0,0,0,0,0,0,0,0,0,0,0,0,0,0,0,0,0,0,0,0,0,0,0,0,0,0,0,0,0,0,0,0,0,0,0,0,0,0,0,0,0,0,0,0,0,0,0,0,0,0,0,0,0,0,0,0,0,0,0,0,0,0,0,0,0
83_3,0:0.03/1:0.97,0,0:0.03/1:0.97,0,0:0.03/1:0.97,0,0,0,0:0.03/2:0.97,0:0.03/2:0.97,0:0.03/1:0.97,0,0:0.03/2:0.97,0,0,0,0,0:0.03/1:0.97,0,0,0:0.03/1:0.97,0:0.03/1:0.97,0:0.03/1:0.97,0:0.03/2:0.97,0:0.03/2:0.97,0:0.03/2:0.97,0,0,0,0,0,0:0.03/1:0.97,0,0:0.03/1:0.97,0,0:0.03/2:0.97,0,0,0:0.03/2:0.97,0,0:0.03/2:0.97,0,0,0,0,0,0:0.03/1:0.97,0,0:0.03/1:0.97,0,0,0,0:0.03/1:0.97,0,0,0:0.03/1:0.97,0,0:0.03/2:0.97,0:0.03/2:0.97,0:0.03/2:0.97,0,0:0.03/1:0.97,0,0:0.03/1:0.97,0,0:0.03/1:0.97,0,0,0,0,0,0:0.03/2:0.97,0:0.03/1:0.97,0,0:0.03/2:0.97,0,0,0:0.03/1:0.97,0:0.03/2:0.97,0,0,0,0:0.03/2:0.97,0:0.03/2:0.97,0,0,0,0,0,0,0,0:0.03/2:0.97,0,0,0:0.03/2:0.97,0,0,0:0.03/2:0.97,0,0,0:0.03/2:0.97,0,0:0.03/2:0.97,0,0:0.03/1:0.97,0:0.03/1:0.97,0,0,0,0,0:0.03/2:0.97,0:0.03/1:0.97,0:0.03/1:0.97,0,0,0,0,0,0,0:0.03/2:0.97,0:0.03/1:0.97,0:0.03/2:0.97,0:0.03/1:0.97,0:0.03/1:0.97,0:0.03/2:0.97,0:0.03/1:0.97,0:0.03/1:0.97,0:0.03/1:0.97,0,0:0.03/2:0.97,0:0.03/2:0.97,0:0.03/2:0.97,0,0,0:0.03/1:0.97,0:0.03/2:0.97,0:0.03/1:0.97,0:0.03/1:0.97,0:0.03/2:0.97,0:0.03/2:0.97,0:0.03/2:0.97,0:0.03/1:0.97,0,0:0.03/1:0.97,0,0,0:0.03/1:0.97,0:0.03/1:0.97,0:0.03/1:0.97,0,0,0:0.03/2:0.97,0:0.03/1:0.97,0,0:0.03/2:0.97,0,0,0:0.03/1:0.97,0,0:0.03/2:0.97,0:0.03/1:0.97,0,0,0:0.03/2:0.97,0:0.03/2:0.97,0:0.03/2:0.97,0:0.03/1:0.97,0,0:0.03/2:0.97,0:0.03/1:0.97,0:0.03/2:0.97,0,0:0.03/2:0.97,0,0:0.03/2:0.97,0,0:0.03/2:0.97,0,0:0.03/1:0.97,0:0.03/2:0.97,0:0.03/1:0.97,0,0,0:0.03/2:0.97,0:0.03/1:0.97,0:0.03/2:0.97,0:0.03/2:0.97,0:0.03/1:0.97,0,0,0,0:0.03/1:0.97,0,0:0.03/2:0.97,0:0.03/2:0.97,0,0:0.03/2:0.97,0,0:0.03/1:0.97,0
125_6,1,0,1,0,1,0,0,0,2,2,1,0:0.06/1:0.94,2,0,0,0,0,1,0,0,1,1,1,2,2,2,0:0.06/2:0.94,0,0,0,0:0.06/2:0.94,1,0,1,0,2,0:0.06/1:0.94,0,2,0,2,0,0,0,0,0:0.06/1:0.94,1,0,1,0:0.06/2:0.94,0,0,1,0,0,1,0,2,2,2,0,1,0,1,0,1,0,0:0.06/2:0.94,0:0.06/1:0.94,0,0,2,1,0,2,0:0.06/2:0.94,0,1,2,0,0:0.06/1:0.94,0,2,2,0:0.06/1:0.94,0,0,0:0.06/2:0.94,0:0.06/1:0.94,0,0,2,0,0,2,0,0,2,0,0,2,0,2,0,1,1,0,0:0.06/2:0.94,0,0,2,1,1,0,0,0,0,0,0,2,1,2,1,1,2,1,1,1,0,2,2,2,0:0.06/1:0.94,0,1,2,1,1,2,2,2,1,0,1,0,0,1,1,1,0,0,2,1,0,2,0,0,1,0,2,1,0:0.06/1:0.94,0,2,2,2,1,0,2,1,2,0,2,0,2,0,2,0,1,2,1,0,0,2,1,2,2,1,0,0,0,1,0,2,2,0:0.06/2:0.94,2,0,1,0
165_9,1,0,1,0:0.03/2:0.97,1,0:0.03/1:0.97,0:0.03/1:0.97,0,2,2,1,1,2,0,0,0,0,1,0,0,1,1,1,2,2,2,2,0:0.03/2:0.97,0,0,2,1,0:0.03/2:0.97,1,0,2,1,0,2,0,2,0,0,0,0,1,1,0,1,2,0,0,1,0,0,1,0:0.03/1:0.97,2,2,2,0,1,0,1,0,1,0,2,1,0,0,2,1,0,2,2,0,1,2,0,1,0,2,2,1,0,0:0.03/2:0.97,2,1,0,0,2,0,0,2,0,0,2,0,0:0.03/1:0.97,2,0:0.03/2:0.97,2,0,1,1,0,2,0,0,2,1,1,0,0,0,0,0,0,2,1,2,1,1,2,1,1,1,0,2,2,2,1,0:0.03/2:0.97,1,2,1,1,2,2,2,1,0,1,0,0,1,1,1,0,0,2,1,0,2,0,0:0.03/2:0.97,1,0,2,1,1,0,2,2,2,1,0:0.03/2:0.97,2,1,2,0:0.03/1:0.97,2,0:0.03/1:0.97,2,0,2,0:0.03/1:0.97,1,2,1,0,0,2,1,2,2,1,0,0,0,1,0,2,2,2,2,0,1,0:0.03/2:0.97
203_16,1,0,1,2,1,1,1,0,2,2,1,1,2,0,0,0,0,1,0,0,1,1,1,2,2,2,2,2,0,0,2,1,2,1,0,2,1,0,2,0,2,0,0,0,0,1,1,0,1,2,0,0,1,0:0.03/2:0.97,0,1,1,2,2,2,0,1,0,1,0,1,0,2,1,0,0,2,1,0,2,2,0,1,2,0,1,0,2,2,1,0,2,2,1,0,0:0.03/1:0.97,2,0,0,2,0,0:0.03/1:0.97,2,0,1,2,2,2,0,1,1,0,2,0,0,2,1,1,0,0,0,0,0,0,2,1,2,1,1,2,1,1,1,0,2,2,2,1,2,1,2,1,1,2,2,2,1,0:0.03/2:0.97,1,0,0,1,1,1,0,0,2,1,0,2,0,2,1,0:0.03/1:0.97,2,1,1,0,2,2,2,1,2,2,1,2,1,2,1,2,0,2,1,1,2,1,0,0,2,1,2,2,1,0,0,0,1,0,2,2,2,2,0:0.03/2:0.97,1,2
216_20,1,0,1,2,1,1,1,1,2,2,1,1,2,0,0,0,0,1,1,0,1,1,1,2,2,2,2,2,0,0,2,1,2,1,0,2,1,0,2,0,2,0,0,0,0,1,1,0,1,2,0,0,1,2,0,1,1,2,2,2,0,1,0,1,0,1,2,2,1,0,0,2,1,0,2,2,0,1,2,0,1,0,2,2,1,0,2,2,1,0,1,2,0,0,2,0,1,2,0,1,2,2,2,0,1,1,0,2,0,2,2,1,1,0,0,0,0,0,0,2,1,2,1,1,2,1,1,1,0,2,2,2,1,2,1,2,1,1,2,2,2,1,2,1,0,0,1,1,1,0,0,2,1,0,2,0,2,1,1,2,1,1,2,2,2,2,1,2,2,1,2,1,2,1,2,0,2,1,1,2,1,0,0,2,1,2,2,1,2,0,0,1,0,2,2,2,2,2,1,2
216_19,1,0,1,2,1,1,1,0,2,2,1,1,2,0,0,0,0,1,2,0,1,1,1,2,2,2,2,2,0,0,2,1,2,1,0,2,1,0,2,0,2,0,0,1,0,1,1,0,1,2,0,0,1,2,0,1,1,2,2,2,0,1,0,1,0,1,0,2,1,0,2,2,1,0,2,2,0,1,2,0,1,0,2,2,1,0,2,2,1,0,1,2,0,0,2,0,1,2,0,1,2,2,2,0,1,1,0,2,0,0,2,1,1,0,0,0,0,0,0,2,1,2,1,1,2,1,1,1,0,2,2,2,1,2,1,2,1,1,2,2,2,1,2,1,0,0,1,1,1,0,0,2,1,0,2,0,2,1,1,2,1,1,0,2,2,2,1,2,2,1,2,1,2,1,2,0,2,1,1,2,1,0,0,2,1,2,2,1,0,0,0,1,0,2,2,2,2,2,1,2
201_15,1,0,1,2,1,1,1,0,2,2,1,1,2,0:0.01/1:0.99,0,0,0,1,0,0,1,1,1,2,2,2,2,2,0:0.01/1:0.99,0,2,1,2,1,0,2,1,0,2,0:0.01/2:0.99,2,0,0,0:0.01/2:0.99,0,1,1,0,1,2,0,0:0.01/2:0.99,1,0,0,1,1,2,2,2,0,1,0,1,0,1,0,2,1,0,0,2,1,0,2,2,0,1,2,0,1,0,2,2,1,0,2,2,1,0,0,2,0:0.01/1:0.99,0:0.01/2:0.99,2,0,0,2,0,1,2,2,2,0:0.01/2:0.99,1,1,0:0.01/2:0.99,2,0,0,2,1,1,0,0,0,0,0,0,2,1,2,1,1,2,1,1,1,0,2,2,2,1,2,1,2,1,1,2,2,2,1,0,1,0,0,1,1,1,0,0,2,1,0,2,0,2,1,0,2,1,1,0,2,2,2,1,2,2,1,2,1,2,1,2,0,2,1,1,2,1,0,0,2,1,2,2,1,0,0,0:0.01/1:0.99,1,0,2,2,2,2,0,1,2
216_22,1,0,1,2,1,1,1,0,2,2,1,1,2,1,2,0,0,1,0,0,1,1,1,2,2,2,2,2,1,0,2,1,2,1,0,2,1,0,2,2,2,0,0,2,0,1,1,0,1,2,0,2,1,0,0,1,1,2,2,2,0,1,0,1,0,1,0,2,1,0,0,2,1,0,2,2,0,1,2,0,1,1,2,2,1,0,2,2,1,0,0,2,1,2,2,0,0,2,0,1,2,2,2,2,1,1,2,2,0,0,2,1,1,0,0,0,0,0,0,2,1,2,1,1,2,1,1,1,0,2,2,2,1,2,1,2,1,1,2,2,2,1,0,1,0,0,1,1,1,0,0,2,1,0,2,0,2,1,0,2,1,1,0,2,2,2,1,2,2,1,2,1,2,1,2,0,2,1,1,2,1,0,0,2,1,2,2,1,0,0,1,1,0,2,2,2,2,0,1,2
216_21,1,0,1,2,1,1,1,2,2,2,1,1,2,1,0,0,1,1,0,0,1,1,1,2,2,2,2,2,1,0,2,1,2,1,0,2,1,0,2,2,2,0,0,2,0,1,1,0,1,2,0,2,1,0,0,1,1,2,2,2,0,1,0,1,0,1,0,2,1,0,0,2,1,0,2,2,0,1,2,0,1,0,2,2,1,0,2,2,1,0,0,2,1,2,2,0,0,2,0,1,2,2,2,2,1,1,2,2,0,0,2,1,1,0,0,0,0,0,0,2,1,2,1,1,2,1,1,1,0,2,2,2,1,2,1,2,1,1,2,2,2,1,0,1,0,0,1,1,1,0,0,2,1,0,2,0,2,1,0,2,1,1,1,2,2,2,1,2,2,1,2,1,2,1,2,0,2,1,1,2,1,0,0,2,1,2,2,1,0,0,1,1,0,2,2,2,2,1,1,2
165_8,1,0,1,0,1,0:0.18/2:0.82,0,0,2,2,1,0:0.01/1:0.99,2,0,0,0,0,1,0,0,1,1,1,2,2,2,0:0.01/2:0.99,0,0,0,0:0.01/2:0.99,1,0:0.18/1:0.82,1,0,2,0:0.01/1:0.99,0:0.18/2:0.82,2,0,2,0,0,0,0,0:0.01/1:0.99,1,0,1,0:0.01/2:0.99,0,0,1,0,0,1,0,2,2,2,0:0.18/2:0.82,1,0,1,0,1,0,0:0.01/2:0.99,0:0.01/1:0.99,0,0:0.18/2:0.82,2,1,0,2,0:0.01/2:0.99,0,1,2,0,0:0.01/1:0.99,0,2,2,0:0.01/1:0.99,0,0,0:0.01/2:0.99,0:0.01/1:0.99,0,0,2,0,0,2,0:0.18/1:0.82,0,2,0,0,2,0,2,0,1,1,0,0:0.01/2:0.99,0,0,2,1,1,0,0,0,0:0.18/2:0.82,0,0,2,1,2,1,1,2,1,1,1,0,2,2,2,0:0.01/1:0.99,0,1,2,1,1,2,2,2,1,0,1,0,0,1,1,1,0,0,2,1,0,2,0:0.18/2:0.82,0,1,0,2,1,0:0.01/1:0.99,0:0.18/2:0.82,2,2,2,1,0,2,1,2,0,2,0:0.18/2:0.82,2,0,2,0,1,2,1,0,0,2,1,2,2,1,0:0.18/2:0.82,0,0,1,0,2,2,0:0.01/2:0.99,2,0,1,0
216_15,1,0,1,0,1,2,2,2,2,2,1,1,2,0,2,0,0,1,0,0,1,1,1,2,2,2,2,0,0,2,2,1,1,1,0,2,1,2,2,0,2,0,0,0,0,1,1,0,1,2,0,0,1,2,0,1,1,2,2,2,2,1,2,1,0,1,0,2,1,0,2,2,1,2,2,2,0,1,2,0,1,1,2,2,1,1,0,2,1,1,1,2,0,0,2,1,1,2,0,2,2,0,2,0,1,1,0,2,0,1,2,1,1,0,0,0,2,1,2,2,1,2,1,1,2,1,1,1,0,2,2,2,1,0,1,2,1,1,2,2,2,1,2,1,0,0,1,1,1,1,0,2,1,2,2,2,0,1,0,2,1,1,2,2,2,2,1,0,2,1,2,0,2,2,2,0,2,0,1,2,1,0,0,2,1,2,2,1,2,0,0,1,0,2,2,2,2,0,1,0
205_15,1,0,1,0,1,2,0,0,2,2,1,1,2,0,0,0,0,1,0,0,1,1,1,2,2,2,2,0,1,1,2,1,1,1,0,2,1,2,2,0,2,0,0,0,2,1,1,0,1,2,0,2,1,0,0,1,0,2,2,2,2,1,0,1,2,1,0,2,1,0,2,2,1,0,2,2,0,1,2,0,1,0,2,2,1,0,1,2,1,0,0,2,0,0,2,1,0,2,0,0,2,0,2,0,1,1,1,2,0,0,2,1,1,0,0,0,2,2,0,2,1,2,1,1,2,1,1,1,0,2,2,2,1,0,1,2,1,1,2,2,2,1,0,1,0,2,1,1,1,0,0,2,1,0,2,2,0,1,0,2,1,1,2,2,2,2,1,0,2,1,2,1,2,2,2,0,2,0,1,2,1,1,2,2,1,2,2,1,2,0,0,1,0,2,2,2,2,0,1,0
216_18,1,0,1,0,1,2,0,0,2,2,1,1,2,0,0,0,0,1,0,0,1,1,1,2,2,2,2,0,1,1,2,1,1,1,0,2,1,2,2,0,2,0,0,0,2,1,1,0,1,2,0,2,1,0,0,1,0,2,2,2,2,1,0,1,2,1,0,2,1,0,2,2,1,0,2,2,0,1,2,0,1,2,2,2,1,0,1,2,1,0,0,2,0,0,2,1,0,2,0,0,2,0,2,0,1,1,1,2,0,0,2,1,1,0,0,0,2,2,0,2,1,2,1,1,2,1,1,1,0,2,2,2,1,0,1,2,1,1,2,2,2,1,0,1,0,2,1,1,1,0,0,2,1,0,2,2,0,1,0,2,1,1,2,2,2,2,1,0,2,1,2,1,2,2,2,0,2,0,1,2,1,1,2,2,1,2,2,1,2,0,0,1,0,2,2,2,2,0,1,0
216_17,1,0,1,0,1,2,0,0,2,2,1,1,2,0,0,0,0,1,0,0,1,1,1,2,2,2,2,0,1,1,2,1,1,1,0,2,1,2,2,0,2,0,0,0,2,1,1,0,1,2,0,2,1,0,0,1,0,2,2,2,2,1,0,1,2,1,0,2,1,0,2,2,1,0,2,2,0,1,2,0,1,0,2,2,1,0,1,2,1,0,0,2,0,0,2,1,0,2,0,0,2,0,2,0,1,1,1,2,0,0,2,1,1,0,0,0,2,2,0,2,1,2,1,1,2,1,1,1,0,2,2,2,1,0,1,2,1,1,2,2,2,1,0,1,0,2,1,1,1,0,0,2,1,0,2,2,0,1,0,2,1,1,2,2,2,2,1,0,2,1,2,1,2,2,2,0,2,0,1,2,1,1,2,2,1,2,2,1,2,0,0,1,0,2,2,2,2,0,1,0
124_4,1,0,1,0,1,0,0,0:0.07/1:0.93,2,2,1,0,2,0:0.07/2:0.93,0,0,0,1,0,0,1,1,1,2,2,2,0:0.07/1:0.93,0,0:0.07/1:0.93,0,0:0.07/1:0.93,1,0,1,0,2,0,0,2,0:0.07/1:0.93,2,0,0:0.07/1:0.93,0:0.07/1:0.93,0,0,1,0,1,0,0,0,1,0,0,1,0,2,2,2,0,1,0,1,0,1,0,0,0:0.07/2:0.93,0:0.07/2:0.93,0:0.07/2:0.93,2,1,0:0.07/1:0.93,2,0,0,1,2,0,0,0,2,2,0,0,0,0,0,0,0,2,0,0:0.07/2:0.93,2,0:0.07/2:0.93,0,2,0,0:0.07/1:0.93,2,0:0.07/1:0.93,2,0,1,1,0:0.07/1:0.93,0,0,0,2,1,1,0,0,0,0,0,0,2,1,2,1,1,2,1,1,1,0,2,2,2,0:0.07/2:0.93,0:0.07/1:0.93,1,2,1,1,2,2,2,1,0,1,0:0.07/1:0.93,0,1,1,1,0:0.07/2:0.93,0,2,1,0:0.07/2:0.93,2,0:0.07/2:0.93,0,1,0,2,1,0,0,2,2,2,1,0,2,1,2,0,2,0,2,0,2,0:0.07/2:0.93,1,2,1,0,0,2,1,2,2,1,0,0,0,1,0,2,2,0,2,0,1,0
164_5,1,0,1,0,1,0,0,1,2,2,1,0,2,2,0,0,0,1,0,0:0.03/1:0.97,1,1,1,2,2,2,1,0:0.03/1:0.97,1,0:0.03/1:0.97,1,1,0,1,0:0.03/1:0.97,2,0,0,2,1,2,0,1,1,0:0.03/2:0.97,0,1,0,1,0,0,0,1,0,0,1,0,2,2,2,0,1,0,1,0:0.03/2:0.97,1,0,0,2,2,2,2,1,1,2,0,0,1,2,0:0.03/2:0.97,0,0,2,2,0,0,0:0.03/2:0.97,0,0:0.03/1:0.97,0,0,2,0,2,2,2,0,2,0,1,2,1,2,0,1,1,1,0:0.03/2:0.97,0,0,2,1,1,0:0.03/2:0.97,0,0,0,0,0,2,1,2,1,1,2,1,1,1,0,2,2,2,2,1,1,2,1,1,2,2,2,1,0,1,1,0,1,1,1,2,0,2,1,2,2,2,0,1,0,2,1,0,0:0.03/1:0.97,2,2,2,1,0,2,1,2,0:0.03/2:0.97,2,0,2,0,2,2,1,2,1,0:0.03/2:0.97,0,2,1,2,2,1,0,0,0,1,0,2,2,0,2,0,1,0:0.03/1:0.97
216_13,1,0,1,0,1,1,0,1,2,2,1,0,2,2,0,0,0,1,1,1,1,1,1,2,2,2,1,1,1,1,1,1,1,1,1,2,2,1,2,1,2,0,1,1,2,0,1,0,1,0,0,0,1,0,0,1,0,2,2,2,0,1,0,1,2,1,0,0,2,2,2,2,1,1,2,0,0,1,2,2,0,0,2,2,2,0,2,0,1,0,0,2,0,2,2,2,0,2,0,1,2,1,2,0,1,1,1,2,0,2,2,1,1,2,0,0,0,0,0,2,1,2,1,1,2,1,1,1,0,2,2,2,2,1,1,2,1,1,2,2,2,1,1,1,1,0,1,1,1,2,0,2,1,2,2,2,2,1,0,2,1,0,1,2,2,2,1,0,2,1,2,2,2,0,2,0,2,2,1,2,1,2,0,2,1,2,2,1,0,0,0,1,2,2,2,0,2,0,1,1
209_11,1,0,1,2,1,0,0,1,2,2,1,0,2,2,0,0,0,1,0,1,1,1,1,2,2,2,1,1,1,1,1,1,0,1,1,2,0,0,2,1,2,0,1,1,2,0,1,0,1,0,0,0,1,0,0,1,0,2,2,2,0,1,0,1,2,1,0,0,2,2,2,2,1,1,2,0,0,1,2,2,1,0,2,2,0,0,2,0,1,0,0,2,0,2,2,2,1,2,0,1,2,1,2,2,1,1,1,2,0,0,2,1,1,2,0,1,0,0,0,2,1,2,1,1,2,1,1,1,0,2,2,2,2,1,1,2,1,1,2,2,2,1,0,1,1,0,1,1,1,2,0,2,1,2,2,2,0,1,0,2,1,0,1,2,2,2,1,2,2,1,2,2,2,0,2,0,2,2,1,2,1,2,0,2,1,2,2,1,0,0,0,1,0,2,2,0,2,0,1,1
216_12,1,0,1,2,1,0,0,1,2,2,1,0,2,2,0,0,0,1,0,1,1,1,1,2,2,2,1,1,1,1,1,1,0,1,1,2,0,0,2,1,2,0,1,1,2,2,1,0,1,0,0,0,1,0,0,1,0,2,2,2,0,1,0,1,2,1,0,0,2,2,2,2,1,1,2,0,0,1,2,2,1,0,2,2,0,0,2,0,1,0,0,2,0,2,2,2,1,2,0,1,2,1,2,2,1,1,1,2,0,0,2,1,1,2,0,1,0,0,0,2,1,2,1,1,2,1,1,1,0,2,2,2,2,1,1,2,1,1,2,2,2,1,0,1,1,0,1,1,1,2,0,2,1,2,2,2,0,1,0,2,1,0,1,2,2,2,1,2,2,1,2,2,2,0,2,0,2,2,1,2,1,2,0,2,1,2,2,1,0,0,0,1,0,2,2,0,2,0,1,1
216_11,1,0,1,2,1,0,0,1,2,2,1,0,2,2,0,0,0,1,0,1,1,1,1,2,2,2,1,1,1,1,1,1,0,1,1,2,0,0,2,1,2,0,1,1,2,0,1,0,1,0,0,0,1,0,0,1,0,2,2,2,0,1,0,1,2,1,0,0,2,2,2,2,1,1,2,0,0,1,2,2,1,0,2,2,0,0,2,0,1,0,0,2,0,2,2,2,1,2,0,1,2,1,2,2,1,1,1,2,0,0,2,1,1,2,0,1,0,0,0,2,1,2,1,1,2,1,1,1,0,2,2,2,2,1,1,2,1,1,2,2,2,1,0,1,1,0,1,1,1,2,0,2,1,2,2,2,0,1,0,2,1,0,1,2,2,2,1,2,2,1,2,2,2,0,2,0,2,2,1,2,1,2,0,2,1,2,2,1,0,0,0,1,0,2,2,0,2,0,1,1
164_4,1,0,1,0,1,0,0,0:0.01/1:0.99,2,2,1,0,2,0:0.01/2:0.99,0,0,0,1,0,0,1,1,1,2,2,2,0:0.01/1:0.99,0,0:0.01/1:0.99,0,0:0.01/1:0.99,1,0,1,0:0.09/2:0.91,2,0,0,2,0:0.01/1:0.99,2,0,0:0.01/1:0.99,0:0.01/1:0.99,0,0,1,0,1,0,0:0.09/2:0.91,0:0.09/1:0.91,1,0:0.09/1:0.91,0,1,0,2,2,2,0,1,0,1,0,1,0,0:0.09/1:0.91,0:0.01/2:0.99,0:0.01/2:0.99,0:0.01/2:0.99,2,1,0:0.01/1:0.99,2,0:0.09/1:0.91,0,1,2,0,0:0.09/1:0.91,0,2,2,0:0.09/2:0.91,0,0,0,0,0,0,2,0,0:0.01/2:0.99,2,0:0.01/2:0.99,0,2,0:0.09/1:0.91,0:0.01/1:0.99,2,0:0.01/1:0.99,2,0,1,1,0:0.01/1:0.99,0,0,0,2,1,1,0,0:0.09/2:0.91,0:0.09/2:0.91,0,0,0:0.09/1:0.91,2,1,2,1,1,2,1,1,1,0,2,2,2,0:0.01/2:0.99,0:0.01/1:0.99,1,2,1,1,2,2,2,1,0,1,0:0.01/1:0.99,0,1,1,1,0:0.01/2:0.99,0,2,1,0:0.01/2:0.99,2,0:0.01/2:0.99,0,1,0,2,1,0,0,2,2,2,1,0:0.09/2:0.91,2,1,2,0:0.09/1:0.91,2,0:0.09/2:0.91,2,0,2,0:0.01/2:0.99,1,2,1,0,0,2,1,2,2,1,0,0:0.09/1:0.91,0,1,0,2,2,0,2,0,1,0
216_8,1,0,1,0,1,0,0,1,2,2,1,1,2,2,2,2,0,1,0,0,1,1,1,2,2,2,1,0,1,0,1,1,0,1,2,2,0,0,2,1,2,2,1,1,0,0,1,0,1,0,2,1,1,1,0,1,0,2,2,2,0,1,0,1,2,1,1,1,2,2,2,2,1,1,2,1,0,1,2,0,1,0,2,2,2,2,0,0,0,0,0,2,1,2,2,2,0,2,1,1,2,1,2,0,1,1,1,0,0,0,2,1,1,0,2,2,0,1,1,2,1,2,1,1,2,1,1,1,0,2,2,2,2,1,1,2,1,1,2,2,2,1,0,1,1,0,1,1,1,2,0,2,1,2,2,2,0,1,0,2,1,0,2,2,2,2,1,2,2,1,2,1,2,2,2,0,2,2,1,2,1,0,0,2,1,2,2,1,0,1,0,1,1,2,2,0,2,0,1,0
202_8,1,0,1,0,1,0,1,1,2,2,1,0,2,2,0,0,0,1,2,0,1,1,1,2,2,2,1,0,1,1,1,1,0,1,2,2,0,2,2,1,2,0,1,1,0,0,1,0,1,2,2,1,1,1,0,1,0,2,2,2,0,1,0,1,1,1,0,1,2,2,2,2,1,1,2,1,0,1,2,2,1,0,2,2,2,0,0,0,0,0,0,2,0,2,2,2,0,2,1,1,2,1,2,1,1,1,1,0,1,0,2,1,1,0,2,2,2,0,1,2,1,2,1,1,2,1,1,1,0,2,2,2,2,1,1,2,1,1,2,2,2,1,0,1,1,1,1,1,1,2,0,2,1,2,2,2,2,1,0,2,1,0,0,2,2,2,1,2,2,1,2,1,2,2,2,2,2,2,1,2,1,0,0,2,1,2,2,1,0,1,2,1,0,2,2,0,2,0,1,0
216_10,1,0,1,0,1,0,1,1,2,2,1,0,2,2,0,0,0,1,2,0,1,1,1,2,2,2,1,0,1,1,1,1,0,1,2,2,0,2,2,1,2,0,1,1,0,0,1,0,1,2,2,1,1,1,0,1,0,2,2,2,0,1,0,1,1,1,0,1,2,2,2,2,1,1,2,1,0,1,2,2,1,0,2,2,2,0,0,0,0,0,0,2,0,2,2,2,0,2,1,1,2,1,2,1,1,1,1,0,1,0,2,1,1,0,2,2,2,0,1,2,1,2,1,1,2,1,1,1,0,2,2,2,2,1,1,2,1,1,2,2,2,1,0,1,1,1,1,1,1,2,0,2,1,2,2,2,2,1,0,2,1,1,0,2,2,2,1,2,2,1,2,1,2,2,2,2,2,2,1,2,1,0,0,2,1,2,2,1,0,1,2,1,0,2,2,0,2,0,1,0
216_9,1,0,1,0,1,0,1,1,2,2,1,0,2,2,0,0,0,1,2,0,1,1,1,2,2,2,1,0,1,1,1,1,0,1,2,2,0,2,2,1,2,0,1,1,0,0,1,0,1,2,2,1,1,1,0,1,0,2,2,2,0,1,0,1,1,1,0,1,2,2,2,2,1,1,2,1,0,1,2,2,1,0,2,2,2,0,0,0,0,0,0,2,0,2,2,2,0,2,1,1,2,1,2,1,1,1,1,0,1,2,2,1,1,0,2,2,2,0,1,2,1,2,1,1,2,1,1,1,0,2,2,2,2,1,1,2,1,1,2,2,2,1,0,1,1,1,1,1,1,2,0,2,1,2,2,2,2,1,2,2,1,0,0,2,2,2,1,2,2,1,2,1,2,2,2,2,2,2,1,2,1,0,1,2,1,2,2,1,0,1,2,1,0,2,2,0,2,0,1,0
