[&R] (((((216_5:0,216_6:0)192_7:2.378,(216_7:0,216_8:0)193_9:2.378)134_4:0.76,((216_9:0,216_10:0)193_10:1.003,(216_11:0.002,216_12:1.002)198_13:0.001)137_6:2.135)68_2:1.861,((216_1:0,216_2:0)180_1:2.366,(216_3:0,216_4:0)185_3:1.366)132_1:5.634)23_1:0)I0;
I0,0,0,0,0,0,0,0,0,0,0
23_1,0,0,0,0,0,0,0,0,0,0
132_1,0:0.06/1:0.94,0,0:0.06/1:0.94,0:0.06/1:0.94,0:0.06/2:0.94,0,0,0:0.06/2:0.94,0:0.06/2:0.94,0
185_3,1,1,1,1,2,0,0,2,2,0
216_4,1,1,1,1,2,0,0,2,2,0
216_3,1,1,1,1,2,0,0,2,2,0
180_1,1,2,1,1,2,0,1,2,2,0
216_2,1,2,1,1,2,0,1,2,2,0
216_1,1,2,1,1,2,0,1,2,2,0
68_2,0,0,0,0,0,0:0.07/2:0.93,0:0.07/1:0.93,0,0,0
137_6,2,0,1,0,0,2,1,0,0,0
198_13,2,0,1,0,0,2,1,0,0,0
216_12,2,0,1,0,0,2,1,1,0,0
216_11,2,0,1,0,0,2,1,0,0,0
193_10,2,0,1,0,1,2,1,0,0,0
216_10,2,0,1,0,1,2,1,0,0,0
216_9,2,0,1,0,1,2,1,0,0,0
134_4,0,0,0,0,0,0:0.02/2:0.98,0:0.02/1:0.98,0,0:0.33/1:0.67,0
193_9,2,0,0,2,0,2,1,0,1,0
216_8,2,0,0,2,0,2,1,0,1,0
216_7,2,0,0,2,0,2,1,0,1,0
192_7,1,2,0,0,0,2,1,0,1,0
216_6,1,2,0,0,0,2,1,0,1,0
216_5,1,2,0,0,0,2,1,0,1,0
