[&R] (((((216_5:0,216_6:0)192_7:2.831,(216_7:1.046,216_8:0.046)193_9:3.786)134_4:1.185,((216_9:2.121,216_10:0.121)193_10:2.801,(216_11:0,216_12:0)198_13:4.921)137_6:0.095)68_2:0.006,((216_1:0.024,216_2:1.024)180_1:1.24,(216_3:0.155,216_4:2.155)185_3:2.109)132_1:1.757)23_1:1.978)I0;
I0,0,0,0,0,0,0,0,0,0,0
23_1,0:0.01/1:0.99,0,0,0,0,0,0:0.01/2:0.99,0,0,0
132_1,1,0,0:0.13/2:0.87,0,0,0,2,0:0.13/2:0.87,0,0
185_3,1,0,0:0.01/2:0.99,0,0,0:0.07/1:0.93,2,0:0.01/2:0.99,0,0:0.07/1:0.93
216_4,1,0,2,1,2,1,2,2,0,1
216_3,1,0,2,0,0,1,2,2,0,1
180_1,1,0:0.02/1:0.98,2,0,0,0,2,2,0,0
216_2,1,1,2,1,0,0,2,2,0,0
216_1,1,1,2,0,0,0,2,2,0,0
68_2,0:0.01/1:0.99,0,0,0,0,0,0:0.01/2:0.99,0,0,0
137_6,0:0.01/1:0.99,0,0:0.91/1:0.09,0,0,0,0:0.01/2:0.99,0,0,0
198_13,1,1,1,0,2,1,2,0,0,2
216_12,1,1,1,0,2,1,2,0,0,2
216_11,1,1,1,0,2,1,2,0,0,2
193_10,1,0,0:0.04/1:0.96,0,0,0:0.04/2:0.96,2,0:0.04/1:0.96,0,0
216_10,1,0,1,0,0,2,2,1,0,0
216_9,1,0,1,0,2,2,2,1,0,2
134_4,1,0,0,0,0,0:0.41/1:0.59,2,0,0,0:0.41/1:0.59
193_9,1,0,0,0:0.01/2:0.99,0:0.01/2:0.99,1,2,0:0.01/2:0.99,0,1
216_8,1,0,0,2,2,1,2,2,0,1
216_7,1,0,2,2,2,1,2,2,0,1
192_7,1,1,0,0,1,1,2,0,0,1
216_6,1,1,0,0,1,1,2,0,0,1
216_5,1,1,0,0,1,1,2,0,0,1
