[&R] (((((216_5:0,216_6:0)192_7:0,(216_7:0,216_8:0)193_9:0)134_4:1.02,((216_9:0,216_10:0)193_10:0.018,(216_11:0,216_12:0)198_13:1.018)137_6:0.002)68_2:6.957,((216_1:1.049,216_2:0.049)180_1:0.969,(216_3:2.016,216_4:0.016)185_3:0.001)132_1:4.959)23_1:1.023)I0;
I0,0,0,0,0,0,0,0,0,0,0
23_1,0:0.66/2:0.34,0:0.66/2:0.34,0,0,0,0,0,0,0:0.66/1:0.34,0
132_1,2,2,0,2,1,0,1,0,1,0
185_3,2,2,0,2,1,0,1,0,1,0
216_4,2,2,0,2,1,0,1,0,1,0
216_3,2,2,2,2,1,0,1,1,1,0
180_1,2,2,0,2,1,0,1,0,1,0:0.05/2:0.95
216_2,2,2,0,2,1,0,1,0,1,2
216_1,2,2,0,2,1,2,1,0,1,2
68_2,2,2,1,0,2,2,0,1,1,2
137_6,2,2,1,0,2,2,0,1,1,2
198_13,2,2,1,2,2,2,0,1,1,2
216_12,2,2,1,2,2,2,0,1,1,2
216_11,2,2,1,2,2,2,0,1,1,2
193_10,2,2,1,0,2,2,0,1,1,2
216_10,2,2,1,0,2,2,0,1,1,2
216_9,2,2,1,0,2,2,0,1,1,2
134_4,2,2,1,1,2,2,0,1,1,2
193_9,2,2,1,1,2,2,0,1,1,2
216_8,2,2,1,1,2,2,0,1,1,2
216_7,2,2,1,1,2,2,0,1,1,2
192_7,2,2,1,1,2,2,0,1,1,2
216_6,2,2,1,1,2,2,0,1,1,2
216_5,2,2,1,1,2,2,0,1,1,2
