[&R] (((((216_5:2.049,216_6:3.049)192_7:15.407,(216_7:1.031,216_8:3.031)193_9:15.425)134_4:36.281,((216_9:2.029,216_10:2.029)193_10:12.817,(216_11:3.028,216_12:1.028)198_13:10.818)137_6:34.892)68_2:52.115,((216_1:7.135,216_2:2.135)180_1:12.353,(216_3:0.012,216_4:3.012)185_3:5.476)132_1:80.365)23_1:30.147)I0;
I0,0,0,0,0,0,0,0,0,0,0,0,0,0,0,0,0,0,0,0,0,0,0,0,0,0,0,0,0,0,0,0,0,0,0,0,0,0,0,0,0,0,0,0,0,0,0,0,0,0,0,0,0,0,0,0,0,0,0,0,0,0,0,0,0,0,0,0,0,0,0,0,0,0,0,0,0,0,0,0,0,0,0,0,0,0,0,0,0,0,0,0,0,0,0,0,0,0,0,0,0,0,0,0,0,0,0,0,0,0,0,0,0,0,0,0,0,0,0,0,0,0,0,0,0,0,0,0,0,0,0,0,0,0,0,0,0,0,0,0,0,0,0,0,0,0,0,0,0,0,0,0,0,0,0,0,0,0,0,0,0,0,0,0,0,0,0,0,0,0,0,0,0,0,0,0,0,0,0,0,0,0,0,0,0,0,0,0,0,0,0,0,0,0,0,0,0,0,0,0,0
23_1,0,0,0:0.31/2:0.69,0,0,0,0,0,0,0,0,0,0,0,0,0,0,0,0,0,0,0:0.31/2:0.69,0:0.31/1:0.69,0:0.31/2:0.69,0,0,0,0,0,0,0,0,0,0,0,0,0,0,0,0,0:0.31/1:0.69,0:0.31/1:0.69,0,0,0,0,0:0.31/2:0.69,0,0,0,0,0,0:0.31/2:0.69,0,0,0,0,0:0.31/1:0.69,0,0,0:0.31/1:0.69,0,0:0.31/2:0.69,0,0,0:0.31/1:0.69,0,0:0.31/2:0.69,0,0:0.31/2:0.69,0:0.31/1:0.69,0,0,0,0,0:0.31/2:0.69,0,0,0,0,0,0,0,0,0,0,0,0,0,0:0.31/2:0.69,0,0,0,0,0:0.31/2:0.69,0,0,0:0.31/2:0.69,0:0.31/2:0.69,0,0,0:0.31/2:0.69,0:0.31/1:0.69,0,0,0,0,0,0,0,0,0,0,0,0,0,0,0,0:0.31/2:0.69,0,0,0:0.31/2:0.69,0,0,0,0:0.31/1:0.69,0,0,0:0.31/2:0.69,0,0:0.31/2:0.69,0,0,0,0:0.31/2:0.69,0:0.31/1:0.69,0,0:0.31/1:0.69,0,0,0,0:0.31/2:0.69,0:0.31/2:0.69,0,0,0:0.31/2:0.69,0,0:0.31/2:0.69,0,0,0:0.31/1:0.69,0,0,0,0:0.31/2:0.69,0,0,0,0:0.31/2:0.69,0,0,0,0,0,0:0.31/2:0.69,0:0.31/2:0.69,0:0.31/1:0.69,0,0:0.31/1:0.69,0:0.31/1:0.69,0,0:0.31/2:0.69,0,0,0,0,0,0,0,0,0,0,0,0:0.31/2:0.69,0,0,0,0,0,0,0,0,0,0,0,0,0,0,0,0
132_1,0:0.01/1:0.99,0:0.01/1:0.99,2,0,0,0,0,0,0,0,0:0.01/2:0.99,0,0,0,0,0:0.01/2:0.99,0:0.01/2:0.99,0,0:0.01/1:0.99,0,0,2,1,2,0:0.01/1:0.99,0,0,0:0.01/2:0.99,0,0,0,0:0.01/1:0.99,0,0:0.01/1:0.99,0,0,0,0:0.01/1:0.99,0,0:0.01/1:0.99,1,1,0,0:0.01/2:0.99,0,0:0.01/1:0.99,2,0:0.01/1:0.99,0:0.01/1:0.99,0:0.01/1:0.99,0,0,2,0:0.01/2:0.99,0,0,0,1,0,0,1,0,2,0:0.01/2:0.99,0,1,0,2,0:0.01/1:0.99,2,1,0:0.01/1:0.99,0,0,0,2,0,0:0.01/2:0.99,0:0.01/2:0.99,0:0.01/2:0.99,0,0:0.01/1:0.99,0,0:0.01/1:0.99,0,0:0.01/2:0.99,0,0:0.01/2:0.99,0,2,0:0.01/1:0.99,0,0:0.01/1:0.99,0,2,0,0:0.01/1:0.99,2,2,0,0:0.01/2:0.99,2,1,0:0.01/2:0.99,0,0,0,0:0.01/2:0.99,0,0,0,0:0.01/2:0.99,0:0.01/2:0.99,0:0.01/1:0.99,0:0.01/1:0.99,0:0.01/1:0.99,0,0,2,0:0.01/2:0.99,0:0.01/2:0.99,2,0,0,0:0.01/2:0.99,1,0:0.01/2:0.99,0,2,0:0.01/1:0.99,2,0:0.01/2:0.99,0,0,2,1,0,1,0:0.01/2:0.99,0,0,2,2,0:0.01/2:0.99,0:0.01/2:0.99,2,0,2,0,0,1,0:0.01/1:0.99,0,0:0.01/1:0.99,2,0:0.01/1:0.99,0,0,2,0:0.01/2:0.99,0:0.01/1:0.99,0,0,0:0.01/1:0.99,2,2,1,0:0.01/1:0.99,1,1,0,2,0,0,0:0.01/2:0.99,0:0.01/1:0.99,0,0,0:0.01/2:0.99,0,0,0:0.01/2:0.99,0,2,0:0.01/2:0.99,0,0:0.01/1:0.99,0,0,0,0:0.01/2:0.99,0,0:0.01/1:0.99,0:0.01/2:0.99,0:0.01/2:0.99,0,0:0.01/1:0.99,0,0:0.01/2:0.99,0
185_3,1,1,2,0,0,0,0,0,0,0,2,0,0,0,0,2,2,0,1,0,0,2,1,2,1,0,0,2,0,0,1,1,0,1,0,0,0,1,0,1,1,1,0,2,0,1,2,1,1,1,0,2,2,2,0,0,0,1,0,0,1,0,2,2,0,1,0,2,1,2,1,1,0,0,0,2,0,2,2,2,0,1,0,1,0,2,0,2,0,2,1,0,1,1,2,0,1,2,2,0,2,2,1,2,1,0,0,2,0,0,0,2,2,1,1,1,0,0,2,2,2,2,0,0,2,1,2,0,2,1,2,2,0,0,2,1,0,1,2,0,0,2,2,2,2,2,0,2,0,0,1,1,0,1,2,1,0,0,2,2,1,0,0,1,2,2,1,1,1,1,0,2,0,0,2,1,1,0,2,0,0,2,0,2,2,0,1,0,0,0,2,0,1,2,2,0,1,0,2,0
216_4,1,1,2,0,2,0,0,0,0,0,2,0,0,0,0,2,2,0,1,2,0,2,1,2,1,0,0,2,0,0,1,1,0,1,0,0,0,1,0,1,1,1,0,2,0,1,2,1,1,1,0,2,2,2,0,0,0,1,0,0,1,0,2,2,0,1,0,2,1,2,1,1,0,0,0,2,0,2,2,2,0,1,0,1,0,2,0,2,0,2,1,0,1,1,2,0,1,2,2,0,2,2,1,2,1,0,0,2,0,0,0,2,2,1,1,1,0,0,2,2,2,2,0,0,2,1,2,0,2,1,2,2,0,0,2,1,0,1,2,0,0,2,2,2,2,2,0,2,0,0,1,1,0,1,2,1,0,0,2,2,1,0,0,1,2,2,1,1,1,1,0,2,0,0,2,1,1,0,2,2,0,2,0,2,2,0,1,0,0,0,2,0,1,2,2,0,1,0,2,0
216_3,1,1,2,0,0,0,0,0,0,0,2,0,0,0,0,2,2,0,1,0,0,2,1,2,1,0,0,2,0,0,1,1,0,1,0,0,0,1,0,1,1,1,0,2,0,1,2,1,1,1,0,2,2,2,0,0,0,1,0,0,1,0,2,2,0,1,0,2,1,2,1,1,0,0,0,2,0,2,2,2,0,1,0,1,0,2,0,2,0,2,1,0,1,1,2,0,1,2,2,0,2,2,1,2,1,0,0,2,0,0,0,2,2,1,1,1,0,0,2,2,2,2,0,0,2,1,2,0,2,1,2,2,0,0,2,1,0,1,2,0,0,2,2,2,2,2,0,2,0,0,1,1,0,1,2,1,0,0,2,2,1,0,0,1,2,2,1,1,1,1,0,2,0,0,2,1,1,0,2,0,0,2,0,2,2,0,1,0,0,0,2,0,1,2,2,0,1,0,2,0
180_1,1,1,2,0,0:0.01/2:0.99,0,0:0.01/2:0.99,0,0,0:0.01/1:0.99,2,0,0,0,0,2,2,0:0.01/1:0.99,1,0,0,2,1,2,1,0,0,2,0,0,0,1,0,1,0,0,0:0.01/2:0.99,1,0,1,1,1,0:0.01/2:0.99,2,0,1,2,1,1,1,0,0,2,2,0,0,0,1,0:0.01/1:0.99,0,1,0,2,2,0:0.01/2:0.99,1,0,2,1,2,1,1,0,0,0,2,0,2,2,2,0,1,0,1,0,2,0,2,0,2,1,0:0.01/1:0.99,1,0,2,0,1,2,2,0,2,2,1,2,0,0,0,2,0:0.01/1:0.99,0,0,2,2,1,1,1,0,0,2,2,2,2,0,0,2,1,2,0,2,1,2,2,0,0,2,1,0,1,2,0,0,2,2,2,2,2,0,2,0,0,1,1,0,1,2,1,0,0,2,2,1,0,0:0.01/1:0.99,1,2,2,1,1,1,1,0,2,0,0,2,1,0,0,2,0,0,2,0,2,2,0,1,0,0,0:0.01/2:0.99,2,0,1,2,2,0,1,0,2,0
216_2,1,1,2,0,2,0,2,0,0,1,2,0,0,0,0,2,2,1,1,0,0,2,1,2,1,0,1,2,0,0,0,1,0,1,0,0,2,1,0,1,1,1,2,2,0,1,2,1,1,1,0,0,2,2,0,0,0,1,1,0,1,0,2,2,2,1,0,2,1,2,1,1,0,0,0,2,0,2,2,2,0,1,0,1,0,2,1,2,0,2,1,1,1,0,2,0,1,2,2,0,2,2,1,2,0,0,0,2,1,0,0,2,2,1,1,1,0,0,2,2,2,2,0,0,2,1,2,0,2,1,2,2,0,0,2,1,0,1,2,0,0,2,2,2,2,2,0,2,0,0,1,1,0,1,2,1,0,0,2,2,1,0,1,1,2,2,1,1,1,1,0,2,0,0,2,1,0,0,2,0,0,2,0,2,2,0,1,0,0,2,2,0,1,2,2,0,1,0,2,0
216_1,1,1,2,0,2,0,2,0,0,1,2,0,0,1,0,2,2,1,1,0,0,2,1,2,1,0,0,2,1,0,0,1,0,1,1,0,2,1,0,1,1,1,2,2,0,1,2,1,1,1,0,2,2,2,0,0,0,1,1,0,1,0,2,2,2,1,0,2,1,2,1,1,0,0,0,2,0,2,2,2,0,1,0,1,0,2,0,2,0,2,1,1,1,0,2,0,1,2,2,0,2,2,1,2,0,1,0,2,1,0,0,2,2,1,1,1,1,0,2,2,2,2,0,0,2,1,2,0,2,1,2,2,0,0,2,1,0,1,2,0,0,2,2,2,2,2,0,2,2,0,1,1,0,1,2,1,0,0,2,2,1,0,1,1,2,2,1,1,1,1,0,2,0,0,2,1,0,0,2,0,0,2,0,2,2,0,1,0,0,2,2,0,1,2,2,0,1,0,2,0
68_2,0,0,0:0.03/2:0.97,0,0,0,0,0,0,0:0.1/2:0.9,0,0,0,0,0,0:0.1/1:0.9,0,0,0,0:0.1/1:0.9,0,0:0.03/2:0.97,0:0.03/1:0.97,0:0.03/2:0.97,0,0,0:0.1/2:0.9,0:0.1/1:0.9,0,0:0.1/1:0.9,0,0:0.1/2:0.9,0,0,0,0,0:0.1/1:0.9,0,0,0,0:0.03/1:0.97,0:0.03/1:0.97,0,0,0:0.1/1:0.9,0,0:0.03/2:0.97,0,0:0.1/2:0.9,0,0,0:0.1/1:0.9,0:0.03/2:0.97,0,0:0.1/2:0.9,0:0.1/2:0.9,0:0.1/2:0.9,0:0.03/1:0.97,0:0.1/2:0.9,0,0:0.03/1:0.97,0:0.1/2:0.9,0:0.03/2:0.97,0:0.1/1:0.9,0:0.1/2:0.9,0:0.03/1:0.97,0,0:0.03/2:0.97,0,0:0.03/2:0.97,0:0.03/1:0.97,0,0,0,0,0:0.03/2:0.97,0,0:0.1/1:0.9,0,0,0,0,0,0,0,0:0.1/1:0.9,0,0:0.1/1:0.9,0,0:0.03/2:0.97,0,0:0.1/2:0.9,0:0.1/2:0.9,0:0.1/1:0.9,0:0.03/2:0.97,0,0,0:0.03/2:0.97,0:0.03/2:0.97,0,0,0:0.03/2:0.97,0:0.03/1:0.97,0,0,0:0.1/1:0.9,0,0,0,0,0,0,0,0,0,0,0:0.1/2:0.9,0:0.1/2:0.9,0:0.03/2:0.97,0:0.1/1:0.9,0,0:0.03/2:0.97,0,0,0,0:0.03/1:0.97,0:0.1/1:0.9,0:0.1/1:0.9,0:0.03/2:0.97,0,0:0.03/2:0.97,0,0,0:0.1/1:0.9,0:0.03/2:0.97,0:0.03/1:0.97,0,0:0.03/1:0.97,0,0,0,0:0.03/2:0.97,0:0.03/2:0.97,0,0,0:0.03/2:0.97,0,0:0.03/2:0.97,0:0.1/1:0.9,0,0:0.03/1:0.97,0,0,0,0:0.03/2:0.97,0,0:0.1/2:0.9,0:0.1/1:0.9,0:0.03/2:0.97,0,0:0.1/2:0.9,0:0.1/1:0.9,0,0,0:0.03/2:0.97,0:0.03/2:0.97,0:0.03/1:0.97,0,0:0.03/1:0.97,0:0.03/1:0.97,0,0:0.03/2:0.97,0:0.1/1:0.9,0,0,0,0,0:0.1/1:0.9,0,0:0.1/2:0.9,0:0.1/1:0.9,0,0,0:0.03/2:0.97,0,0,0:0.1/2:0.9,0,0:0.1/2:0.9,0,0,0,0,0,0,0:0.1/1:0.9,0,0:0.1/1:0.9,0,0
137_6,0:0.02/2:0.98,0:0.02/2:0.98,2,0:0.02/2:0.98,0,0:0.02/2:0.98,0:0.02/2:0.98,0,0,2,0,0,0,0,0:0.02/2:0.98,1,0:0.02/2:0.98,0,0,1,0,2,1,2,0,0,2,1,0,1,0,2,0,0:0.02/1:0.98,0:0.02/1:0.98,0,1,0:0.02/1:0.98,0,0,1,1,0,0:0.02/1:0.98,1,0,2,0,2,0,0,1,2,0,2,2,2,1,2,0,1,2,2,1,2,1,0:0.02/1:0.98,2,0:0.02/2:0.98,2,1,0,0:0.02/2:0.98,0,0:0.02/2:0.98,2,0,1,0,0,0,0,0,0,0,1,0,1,0,2,0,2,2,1,2,0,0,2,2,0:0.02/1:0.98,0,2,1,0,0,1,0,0,0,0,0:0.02/2:0.98,0,0,0,0,0,2,2,2,1,0,2,0,0,0:0.02/1:0.98,1,1,1,2,0,2,0,0,1,2,1,0,1,0,0:0.02/1:0.98,0,2,2,0:0.02/1:0.98,0,2,0,2,1,0:0.02/1:0.98,1,0,0:0.02/1:0.98,0:0.02/2:0.98,2,0,2,1,2,0,2,1,0,0,2,2,1,0:0.02/2:0.98,1,1,0,2,1,0,0,0:0.02/1:0.98,0,1,0,2,1,0,0,2,0,0,2,0,2,0:0.02/1:0.98,0:0.02/1:0.98,0,0,0:0.02/2:0.98,0:0.02/1:0.98,1,0,1,0:0.02/1:0.98,0
198_13,2,2,2,2,0,2,2,0,0,2,0,0,1,0,2,1,2,1,0,1,0,2,1,2,0,0,2,1,0,1,0,2,0,1,1,0,1,1,0,0,1,1,0,1,1,0,2,0,2,0,0,1,2,0,2,2,2,1,2,0,1,2,2,1,2,1,1,2,2,2,1,0,2,0,2,2,0,1,0,0,1,0,0,0,2,1,0,1,0,2,0,2,2,1,2,0,0,2,2,1,0,2,1,1,0,1,0,0,0,0,2,0,0,0,0,0,2,2,2,1,0,2,1,0,1,1,1,1,2,0,2,1,0,1,2,1,0,1,0,1,0,2,2,1,2,2,0,2,1,1,1,2,1,2,2,0,2,1,2,0,2,1,0,0,2,2,1,2,1,1,0,2,1,0,0,1,0,1,0,2,1,0,0,2,0,0,2,0,2,1,1,0,1,2,1,1,0,1,1,0
216_12,2,2,2,2,0,2,2,0,0,2,0,0,1,0,2,1,2,1,0,1,0,2,1,2,0,0,2,1,0,1,0,2,0,1,1,0,1,1,0,0,1,1,0,1,1,2,2,0,2,0,0,1,2,0,2,2,2,1,2,0,1,2,2,1,2,1,1,2,2,2,1,0,2,0,2,2,0,1,0,0,1,0,0,0,2,1,0,1,0,2,0,2,2,1,2,0,0,2,2,1,0,2,1,1,0,1,0,0,0,0,2,0,0,0,0,0,2,2,2,1,0,2,1,0,1,1,1,1,2,0,2,1,0,1,2,1,0,1,0,1,0,2,2,1,2,2,0,2,1,1,1,2,1,2,2,0,2,1,2,0,2,1,0,0,2,2,1,2,1,1,0,2,1,0,0,1,0,1,0,2,1,0,0,2,0,0,2,0,2,1,1,0,1,2,1,1,0,1,1,0
216_11,2,2,2,2,0,2,2,0,0,2,0,0,1,0,2,1,2,1,0,1,0,2,1,2,0,0,2,1,0,1,0,2,0,1,1,0,1,1,0,0,1,1,0,1,1,0,2,0,2,0,2,1,2,0,2,2,2,1,2,0,1,2,2,1,2,1,1,2,2,2,1,0,2,0,2,2,0,1,0,0,1,1,0,0,2,1,0,1,0,2,0,2,2,1,2,0,0,2,2,1,0,2,1,1,0,1,0,0,0,0,2,0,0,0,0,0,2,2,2,1,0,2,1,0,1,1,1,1,2,0,2,1,0,1,2,1,0,1,0,1,0,2,2,1,2,2,0,2,1,1,1,2,1,2,2,0,2,1,2,0,2,1,0,0,2,2,1,2,1,1,0,2,1,0,0,1,0,1,0,2,1,0,1,2,0,0,2,0,2,1,1,0,1,2,1,1,0,1,1,0
193_10,2,2,2,2,1,2,2,0,0,2,2,0,0,0,2,1,2,0,2,1,0,2,1,2,0,0,2,1,0,1,0,2,0,1,1,0,1,1,0,2,1,1,0,1,1,2,2,0,2,1,0,1,2,0,2,2,2,1,2,0,1,2,2,1,2,1,1,2,2,2,1,0,2,0,2,2,0,1,0,0,0,0,0,0,0,1,1,1,0,2,0,2,2,1,2,0,2,2,2,1,0,2,1,0,0,1,0,0,0,0,2,0,0,0,2,0,2,2,2,1,0,2,0,0,1,1,1,1,2,0,2,0,0,1,2,1,0,1,0,1,0,2,2,1,0,2,2,2,1,1,1,0,1,2,2,0,2,1,2,0,2,1,0,1,2,2,1,2,1,1,0,2,1,0,0,1,2,1,0,2,1,0,0,2,0,0,2,0,2,1,1,0,0,2,1,1,0,1,1,0
216_10,2,2,2,2,1,2,2,0,0,2,2,0,0,0,2,1,2,0,2,1,0,2,1,2,0,0,2,1,2,1,0,2,0,1,1,0,1,1,0,2,1,1,0,1,1,2,2,0,2,1,0,1,2,0,2,2,2,1,2,0,1,2,2,1,2,1,1,2,2,2,1,0,2,0,2,2,0,1,0,0,0,0,0,0,0,1,1,1,0,2,0,2,2,1,2,0,2,2,2,1,0,2,1,0,0,1,0,0,0,0,2,0,0,0,2,0,2,2,2,1,0,2,0,0,1,1,1,1,2,0,2,0,0,1,2,1,0,1,0,1,0,2,2,1,0,2,2,2,1,1,1,0,1,2,2,0,2,1,2,0,2,1,0,1,2,2,1,2,1,1,0,2,1,0,0,1,2,1,0,2,1,0,0,2,0,0,2,0,2,1,1,1,0,2,1,1,0,1,1,0
216_9,2,2,2,2,1,2,2,0,0,2,2,0,0,0,2,1,2,0,2,1,0,2,1,2,0,0,2,1,0,1,0,2,0,1,1,0,1,1,0,2,1,1,0,1,1,2,2,0,2,1,0,1,2,0,2,2,2,1,2,0,1,2,2,1,2,1,1,2,2,2,1,0,2,0,2,2,0,1,0,1,0,0,0,0,0,1,1,1,0,2,0,2,2,1,2,0,2,2,2,1,0,2,1,0,0,1,1,0,0,0,2,0,0,0,2,0,2,2,2,1,0,2,0,0,1,1,1,1,2,0,2,0,0,1,2,1,0,1,0,1,0,2,2,1,0,2,2,2,1,1,1,0,1,2,2,0,2,1,2,0,2,1,0,1,2,2,1,2,1,1,0,2,1,0,0,1,2,1,0,2,1,0,0,2,0,0,2,0,2,1,1,0,0,2,1,1,0,1,1,0
134_4,0:0.04/1:0.96,0,2,0,0,0,0,0,0,2,0:0.04/1:0.96,0,0,0:0.04/2:0.96,0:0.04/1:0.96,1,0:0.04/1:0.96,0,0:0.04/1:0.96,1,0:0.04/1:0.96,2,1,2,0:0.04/2:0.96,0,2,1,0,1,0,2,0,0,0,0,1,0,0,0,1,1,0,0,1,0:0.04/2:0.96,2,0,2,0,0,1,2,0:0.04/1:0.96,2,2,2,1,2,0:0.04/1:0.96,1,2,2,1,2,1,0:0.04/2:0.96,2,0,2,1,0:0.04/1:0.96,0,0,0,2,0,1,0,0,0,0:0.04/1:0.96,0:0.04/1:0.96,0,0:0.04/2:0.96,1,0,1,0:0.04/1:0.96,2,0:0.04/1:0.96,2,2,1,2,0,0,2,2,0,0,2,1,0,0:0.04/2:0.96,1,0,0,0,0,0,0:0.04/2:0.96,0,0:0.04/1:0.96,0,0,2,2,2,1,0,2,0:0.04/1:0.96,0,0,1,1,1,2,0,2,0:0.04/1:0.96,0,1,2,1,0,1,0,0,0,2,2,0,0:0.04/1:0.96,2,0:0.04/1:0.96,2,1,0,1,0,0:0.04/2:0.96,0,2,0,2,1,2,0,2,1,0,0,2,2,1,0,1,1,0,2,1,0,0:0.04/2:0.96,0,0:0.04/1:0.96,1,0:0.04/2:0.96,2,1,0,0,2,0:0.04/1:0.96,0,2,0,2,0,0,0,0:0.04/1:0.96,0,0,1,0,1,0:0.04/2:0.96,0
193_9,1,0,2,1,0,0,0,0,0,2,1,0,0,2,1,1,1,0,1,1,1,2,1,2,2,0,2,1,0,1,1,2,0,0,0,0,1,0,0,0,1,1,0,0,1,2,2,0,2,1,0,1,2,1,2,2,2,1,2,1,1,2,2,1,2,1,2,2,0,2,1,1,0,0,2,2,0,1,2,0,0,1,1,0,2,1,0,1,1,2,1,2,2,1,2,0,0,2,2,0,0,2,1,0,2,1,1,0,0,0,0,2,1,1,0,0,2,2,2,1,2,2,1,0,0,1,1,1,2,0,2,1,0,1,2,1,2,1,0,0,0,2,2,0,1,2,1,2,1,0,1,0,2,0,2,0,2,1,2,0,2,1,1,0,2,2,1,0,1,1,0,2,1,2,2,0,1,1,2,2,1,1,2,2,1,0,2,0,2,0,0,0,1,0,0,1,0,1,2,1
216_8,1,0,2,1,0,0,0,0,0,2,1,0,0,2,1,1,1,0,1,1,1,2,1,2,2,0,2,1,0,1,1,2,0,0,0,0,1,0,0,0,1,1,1,0,1,2,2,0,2,1,0,1,2,1,2,2,2,1,2,1,1,2,2,1,2,1,2,2,0,2,1,1,0,0,2,2,0,1,2,0,0,1,1,0,2,1,0,1,1,2,1,2,2,1,2,0,0,2,2,0,0,2,1,0,2,1,1,0,0,0,0,2,1,1,0,0,2,2,2,1,2,2,1,0,2,1,1,1,2,0,2,1,0,1,2,1,2,1,0,0,0,2,2,0,1,2,1,2,1,0,1,0,2,0,2,0,2,1,2,0,2,1,1,0,2,2,1,0,1,1,1,2,1,2,2,0,1,1,2,2,1,1,2,2,1,0,2,0,2,0,0,0,1,0,0,1,0,1,2,1
216_7,1,0,2,1,0,0,0,0,0,2,1,0,0,2,1,1,1,0,1,1,1,2,1,2,2,0,2,1,0,1,1,2,0,0,0,0,1,1,0,0,1,1,0,0,1,2,2,0,2,1,0,1,2,1,2,2,2,1,2,1,1,2,2,1,2,1,2,2,0,2,1,1,0,0,2,2,0,1,2,0,0,1,1,0,2,1,0,1,1,2,1,2,2,1,2,0,0,2,2,0,0,2,1,0,2,1,1,0,0,0,0,2,1,1,0,0,2,2,2,1,2,2,1,0,0,1,1,1,2,0,2,1,0,1,2,1,2,1,0,0,0,2,2,0,1,2,1,2,1,0,1,0,2,0,2,0,2,1,2,0,2,1,1,0,2,2,1,0,1,1,0,2,1,2,2,0,1,1,2,2,1,1,2,2,1,0,2,0,2,0,0,0,1,0,0,1,0,1,2,1
192_7,1,0,2,2,0,0,0,0,0,2,1,0,2,2,1,1,1,2,1,1,1,2,1,2,2,0,2,1,0,1,0,2,0,0,0,1,1,0,2,0,1,1,0,1,1,2,2,0,2,0,0,1,2,1,2,2,2,1,2,1,1,2,2,1,2,1,2,2,0,2,1,1,2,0,0,2,0,1,0,0,0,1,1,0,2,1,0,1,1,2,1,2,2,1,2,0,0,2,2,0,0,2,1,0,2,1,2,0,0,0,0,2,0,1,0,0,2,2,2,1,1,2,1,0,0,1,1,1,2,0,2,1,0,1,2,1,0,1,0,0,1,2,2,0,1,2,1,2,1,0,1,0,2,0,2,0,2,1,2,0,2,1,0,0,2,2,1,2,1,1,0,2,1,0,2,0,1,1,2,2,1,0,0,2,1,0,2,0,2,0,0,0,1,2,2,1,2,1,2,0
216_6,1,0,2,2,0,0,2,0,0,2,1,0,2,2,1,1,1,2,1,1,1,2,1,2,2,0,2,1,0,1,0,2,0,0,0,1,1,0,2,0,1,1,0,1,1,2,2,0,2,0,1,1,2,1,2,2,2,1,2,1,1,2,2,1,2,1,2,2,0,2,1,1,2,0,0,2,0,1,0,0,0,1,1,0,2,1,0,1,1,2,1,2,2,1,2,0,0,2,2,0,0,2,1,1,2,1,2,0,0,0,0,2,0,1,0,0,2,2,2,1,1,2,1,0,0,1,1,1,2,0,2,1,0,1,2,1,0,1,0,0,1,2,2,0,1,2,1,2,1,0,1,0,2,0,2,0,2,1,2,0,2,1,0,0,2,2,1,2,1,1,0,2,1,0,2,0,1,1,2,2,1,0,0,2,1,0,2,0,2,0,0,0,1,2,2,1,2,1,2,0
216_5,1,0,2,2,0,0,0,0,0,2,1,0,2,2,1,1,1,2,1,1,1,2,1,2,2,0,2,1,0,1,0,2,0,0,0,1,1,0,2,0,1,1,0,1,1,2,2,0,2,2,0,1,2,1,2,2,2,1,2,1,1,2,2,1,2,1,2,2,0,2,1,1,2,0,0,2,0,1,0,0,0,1,1,0,2,1,0,1,1,2,1,2,2,1,2,0,0,2,2,0,0,2,1,0,2,1,2,0,0,0,0,2,0,1,0,0,2,2,2,1,1,2,1,0,0,1,1,1,2,0,2,1,0,1,2,1,0,1,0,0,1,2,2,0,1,2,1,2,1,0,1,0,2,0,2,0,2,1,2,0,2,1,0,0,2,2,1,2,1,1,2,2,1,0,2,0,1,1,2,2,1,0,0,2,1,0,2,0,2,0,0,0,1,2,2,1,2,1,2,0
