[&R] ((((((216_5:0,216_6:0)181_5:3.14,(216_3:1.134,216_4:1.134)182_4:0.006)137_3:2.429,(216_1:0,216_2:0)176_2:2.569)87_1:0.696,(((216_9:0,216_10:0)177_7:2.52,(216_7:0,216_8:0)178_6:1.52)133_3:1.028,((216_11:0,216_12:0)180_10:1.108,(216_13:1.102,216_14:1.102)180_11:0.006)134_6:3.44)88_3:1.717)42_1:2.176,((216_24:0,216_17:0)83_4:0.145,(216_15:0,216_16:0)196_16:3.145)42_2:2.296)virtual:1.559)I0;
I0,0,0,0,0,0,0,0,0,0,0
virtual,0,0:0.22/1:0.78,0,0,0,0,0:0.22/1:0.78,0,0,0
42_2,0:0.06/2:0.94,0:0.01/1:0.99,0,0,0:0.06/1:0.94,0,0:0.01/1:0.99,0,0,0
196_16,2,1,1,0,1,0,1,0,2,1
216_16,2,1,1,0,1,0,1,0,2,1
216_15,2,1,1,0,1,0,1,0,2,1
83_4,2,1,0,0,1,0,1,0,0,0
216_17,2,1,0,0,1,0,1,0,0,0
216_24,2,1,0,0,1,0,1,0,0,0
42_1,0,0:0.02/1:0.98,0,0,0,0,0:0.02/1:0.98,0:0.11/2:0.89,0,0:0.11/1:0.89
88_3,0,0:0.01/1:0.99,0:0.24/1:0.76,0,0:0.24/1:0.76,0,0:0.01/1:0.99,0:0.03/2:0.97,0,0:0.03/1:0.97
134_6,0,1,0:0.01/1:0.99,0:0.03/2:0.97,0:0.01/1:0.99,0:0.03/1:0.97,1,2,0:0.03/2:0.97,1
180_11,0,1,0:0.01/1:0.99,0:0.03/2:0.97,0:0.01/1:0.99,0:0.03/1:0.97,1,2,0:0.03/2:0.97,1
216_14,2,1,1,2,1,1,1,2,2,1
216_13,1,1,1,2,1,1,1,2,2,1
180_10,2,1,1,2,1,1,1,2,2,1
216_12,2,1,1,2,1,1,1,2,2,1
216_11,2,1,1,2,1,1,1,2,2,1
133_3,0:0.34/2:0.66,1,0:0.08/1:0.92,0,0:0.08/1:0.92,0,1,0:0.01/2:0.99,0,0:0.01/1:0.99
178_6,2,1,1,1,1,0,1,2,0,1
216_8,2,1,1,1,1,0,1,2,0,1
216_7,2,1,1,1,1,0,1,2,0,1
177_7,2,1,1,2,1,1,1,2,0,1
216_10,2,1,1,2,1,1,1,2,0,1
216_9,2,1,1,2,1,1,1,2,0,1
87_1,0,0:0.01/1:0.99,0,0,0,0,0:0.01/1:0.99,0:0.05/2:0.95,0:0.45/2:0.55,0:0.05/1:0.95
176_2,1,1,1,0,0,0,1,2,2,1
216_2,1,1,1,0,0,0,1,2,2,1
216_1,1,1,1,0,0,0,1,2,2,1
137_3,0:0.05/2:0.95,1,0,0,0:0.05/1:0.95,0,1,2,0:0.02/2:0.98,1
182_4,0:0.05/2:0.95,1,0,0,0:0.05/1:0.95,0,1,2,0:0.02/2:0.98,1
216_4,2,1,2,0,1,0,1,2,2,1
216_3,2,1,1,0,1,0,1,2,2,1
181_5,2,1,1,2,1,1,1,2,2,1
216_6,2,1,1,2,1,1,1,2,2,1
216_5,2,1,1,2,1,1,1,2,2,1
