[&R] ((((((216_13:1.058,216_14:0.058)184_7:2.283,(216_15:0,216_16:0)187_10:1.341)144_4:0.667,((216_11:1.003,216_12:1.003)193_8:0.004,(216_9:0.046,216_10:1.046)199_9:1.961)156_4:0.001)105_2:4.326,(((216_5:3.243,216_6:1.243)186_3:0.009,(216_7:0,216_8:0)189_5:4.252)150_2:0.795,((216_3:0,216_4:0)196_2:2.045,(216_1:0,216_2:0)197_1:1.045)158_1:0.001)106_1:4.287)60_1:0.011,(216_17:1.663,216_20:2.663)121_5:6.683)4_1:0.654)I0;
I0,0,0,0,0,0,0,0,0,0,0
4_1,0,0:0.35/1:0.65,0,0,0,0,0,0,0,0
121_5,0,0:0.03/1:0.97,0:0.09/1:0.91,0:0.09/1:0.91,0:0.09/1:0.91,0:0.09/1:0.91,0:0.09/1:0.91,0,0:0.09/1:0.91,0:0.09/1:0.91
216_20,1,1,1,1,1,1,1,1,1,1
216_17,2,1,1,1,1,1,1,0,1,1
60_1,0,0:0.33/1:0.67,0,0,0,0,0,0,0,0
106_1,0:0.01/2:0.99,1,0,0,0,0,0,0:0.01/2:0.99,0:0.01/2:0.99,0:0.01/1:0.99
158_1,0:0.01/2:0.99,1,0,0,0,0,0,0:0.01/2:0.99,0:0.01/2:0.99,0:0.01/1:0.99
197_1,2,1,2,0,0,0,0,2,2,1
216_2,2,1,2,0,0,0,0,2,2,1
216_1,2,1,2,0,0,0,0,2,2,1
196_2,2,1,0,2,0,0,2,2,2,1
216_4,2,1,0,2,0,0,2,2,2,1
216_3,2,1,0,2,0,0,2,2,2,1
150_2,2,1,0:0.24/1:0.76,0,0,0,0,2,2,1
189_5,2,1,1,2,2,1,1,2,2,1
216_8,2,1,1,2,2,1,1,2,2,1
216_7,2,1,1,2,2,1,1,2,2,1
186_3,2,1,0:0.23/1:0.77,0,0,0,0,2,2,1
216_6,2,1,1,0,0,0,1,2,2,1
216_5,2,1,1,2,2,1,0,2,2,1
105_2,0,1,2,2,2,1,0,0,0,0
156_4,0,1,2,2,2,1,0,0,0,0
199_9,0,1,2,2,2,1,0,0:0.02/2:0.98,0,0:0.02/1:0.98
216_10,0,1,2,2,2,1,1,2,0,1
216_9,0,1,2,2,2,1,0,2,0,1
193_8,0,1,2,2,2,1,0,0,0,0
216_12,0,1,2,2,2,1,2,0,0,0
216_11,0,1,2,2,2,1,1,0,0,0
144_4,0,1,2,2,2,1,0,0:0.34/2:0.66,0,0
187_10,0,1,2,2,2,1,1,2,0,0
216_16,0,1,2,2,2,1,1,2,0,0
216_15,0,1,2,2,2,1,1,2,0,0
184_7,0,1,2,2,2,1,0,0:0.01/2:0.99,0:0.02/2:0.98,0:0.02/1:0.98
216_14,0,1,2,2,2,1,0,2,2,1
216_13,0,1,2,2,2,1,2,2,2,1
