[&R] (((((216_9:0.74,216_11:5.74)166_4:0.523,((216_5:1.284,216_6:3.284)204_5:0.009,(216_7:0,216_8:0)213_7:4.293)168_3:1.969)118_2:0.848,((216_1:4.022,216_2:4.022)178_1:0.256,216_3:2.278)124_1:0.832)66_1:2.044,(((216_17:3.159,216_18:0.159)193_11:1.426,216_19:5.585)131_6:1.058,((216_15:0,216_16:0)215_15:2.63,216_13:1.63)134_5:6.013)72_3:0.512)8_1:0.845)I0;
I0,0,0,0,0,0,0,0,0,0,0
8_1,0,0:0.15/1:0.85,0,0,0,0,0,0,0,0
72_3,0,0:0.09/1:0.91,0,0,0,0:0.56/1:0.44,0,0,0,0
134_5,0:0.09/1:0.91,0:0.01/1:0.99,0:0.09/1:0.91,0,0:0.09/1:0.91,0:0.05/1:0.95,0:0.09/1:0.91,0:0.09/2:0.91,0,0:0.09/1:0.91
216_13,1,1,1,0,1,1,1,2,2,1
215_15,1,1,1,1,1,1,1,2,1,1
216_16,1,1,1,1,1,1,1,2,1,1
216_15,1,1,1,1,1,1,1,2,1,1
131_6,0,0:0.03/1:0.97,0,0,0:0.36/2:0.64,0:0.2/1:0.8,0,0,0,0
216_19,0,1,1,0,2,1,1,2,2,1
193_11,0,1,0,0,0:0.04/2:0.96,0:0.02/1:0.98,0:0.1/2:0.9,0,0,0
216_18,0,1,0,0,2,1,2,0,0,0
216_17,0,1,0,0,2,1,2,2,2,1
66_1,0,0:0.01/1:0.99,0,0:0.05/1:0.95,0,0,0,0,0,0:0.05/1:0.95
124_1,0,1,0,0:0.01/1:0.99,0,0:0.25/1:0.75,0,0,0,0:0.01/1:0.99
216_3,0,1,0,1,2,1,0,0,2,1
178_1,0,1,0:0.8/1:0.2,0:0.01/1:0.99,0,0:0.2/1:0.8,0,0,0,0:0.01/1:0.99
216_2,1,1,1,1,0,1,1,1,0,1
216_1,2,1,1,1,1,1,2,0,0,1
118_2,0:0.24/1:0.76,1,0,0:0.01/1:0.99,0,0,0,0,0,0:0.01/1:0.99
168_3,0:0.03/1:0.97,1,0:0.13/1:0.87,1,0:0.13/1:0.87,0,0,0,0,1
213_7,1,1,1,1,1,1,1,1,1,1
216_8,1,1,1,1,1,1,1,1,1,1
216_7,1,1,1,1,1,1,1,1,1,1
204_5,0:0.03/1:0.97,1,0:0.13/1:0.87,1,0:0.13/1:0.87,0,0,0,0,1
216_6,1,1,1,1,1,1,0,1,2,1
216_5,1,1,1,1,1,0,2,0,0,1
166_4,0:0.14/1:0.86,1,0,0:0.01/1:0.99,0,0,0,0,0:0.59/1:0.41,0:0.01/1:0.99
216_11,1,1,1,1,1,1,1,1,1,1
216_9,1,1,0,1,0,0,0,0,1,1
