[&R] ((((((216_31:1.019,216_32:0.019)201_18:1.115,(216_29:0,216_30:0)202_17:2.134)162_8:0.869,((216_25:1.306,216_26:2.306)197_13:2.105,(216_27:0,216_28:0)204_18:2.411)163_7:0.591)122_4:0.001,(((216_17:0,216_18:0)203_9:0.152,216_20:2.152)166_5:1.908,((216_23:1.024,216_24:0.024)200_12:1.032,216_21:3.055)167_7:0.004)123_3:1.943)75_2:0.004,((((216_1:0,216_2:0)204_1:1.069,(216_3:0,216_4:0)205_3:0.07)170_1:1.131,((216_7:0,216_8:0)211_6:0,(216_5:0,216_6:0)212_5:0)171_3:1.201)124_1:2.811,(((216_11:0,216_12:0)206_8:4.005,(216_9:0,216_10:0)208_7:1.005)170_3:0,((216_13:0,216_14:0)210_11:2.004,216_16:0.004)173_7:0.001)127_3:0.006)77_1:2.996)32_1:1.993)I0;
I0,0,0,0,0,0,0,0,0,0,0
32_1,0,0,2,1,0,0,0,0,0,0
77_1,0,0,2,1,1,0,1,1,0,0
127_3,0,0,2,1,1,0,1,1,0,0
173_7,0,0,2,1,1,0,1,1,0,0
216_16,0,0,2,1,1,0,1,1,0,0
210_11,0,1,2,1,1,0,1,1,1,0
216_14,0,1,2,1,1,0,1,1,1,0
216_13,0,1,2,1,1,0,1,1,1,0
170_3,0,0,2,1,1,0,1,1,0,0
208_7,0,2,2,1,1,0,1,1,0,0
216_10,0,2,2,1,1,0,1,1,0,0
216_9,0,2,2,1,1,0,1,1,0,0
206_8,1,1,2,1,1,0,1,1,2,2
216_12,1,1,2,1,1,0,1,1,2,2
216_11,1,1,2,1,1,0,1,1,2,2
124_1,0,0:0.07/2:0.93,2,1,1,0:0.07/1:0.93,1,1,0:0.07/2:0.93,0
171_3,1,2,2,1,1,1,1,1,2,0
212_5,1,2,2,1,1,1,1,1,2,0
216_6,1,2,2,1,1,1,1,1,2,0
216_5,1,2,2,1,1,1,1,1,2,0
211_6,1,2,2,1,1,1,1,1,2,0
216_8,1,2,2,1,1,1,1,1,2,0
216_7,1,2,2,1,1,1,1,1,2,0
170_1,0:0.06/2:0.94,2,2,1,1,1,1,1,2,0
205_3,2,2,2,1,1,1,1,1,2,0
216_4,2,2,2,1,1,1,1,1,2,0
216_3,2,2,2,1,1,1,1,1,2,0
204_1,2,2,2,1,1,1,1,1,2,2
216_2,2,2,2,1,1,1,1,1,2,2
216_1,2,2,2,1,1,1,1,1,2,2
75_2,0,0,2,1,0,0,0,0,0,0
123_3,0,0,2,1,0,0:0.03/1:0.97,0,0:0.03/2:0.97,0,0
167_7,0,0,2,1,0,0:0.03/1:0.97,0,0:0.03/2:0.97,0,0
216_21,0,0,2,1,1,1,2,2,0,1
200_12,0,0,2,1,0,1,0:0.02/1:0.98,2,0,0
216_24,0,0,2,1,0,1,1,2,0,0
216_23,0,0,2,1,0,1,1,2,2,0
166_5,0:0.07/2:0.93,0,2,1,0,1,0,2,0:0.07/2:0.93,0
216_20,2,1,2,1,0,1,1,2,2,0
203_9,2,0,2,1,0,1,0,2,2,0
216_18,2,0,2,1,0,1,0,2,2,0
216_17,2,0,2,1,0,1,0,2,2,0
122_4,0,0,2,1,0,0,0,0,0,0
163_7,0,0,2,1,0,0:0.41/2:0.59,0,0,0,0
204_18,0,2,2,1,0,2,0,0,2,0
216_28,0,2,2,1,0,2,0,0,2,0
216_27,0,2,2,1,0,2,0,0,2,0
197_13,0:0.13/2:0.87,0,2,1,0,0:0.05/2:0.95,0,0:0.13/1:0.87,0,0
216_26,2,0,2,1,0,2,1,1,2,0
216_25,2,2,2,1,0,2,0,1,0,0
162_8,0,0,2,1,0,0,0,0,0,0:0.13/2:0.87
202_17,0,1,2,1,2,0,0,0,0,2
216_30,0,1,2,1,2,0,0,0,0,2
216_29,0,1,2,1,2,0,0,0,0,2
201_18,0:0.02/2:0.98,0,2,1,0,0,0,0,0,2
216_32,2,0,2,1,0,0,0,0,0,2
216_31,2,0,2,1,0,0,0,0,1,2
