[&R] ((((((216_31:0,216_32:0)201_18:0,(216_29:0,216_30:0)202_17:0)162_8:1.002,((216_25:0,216_26:0)197_13:1.002,(216_27:0,216_28:0)204_18:0.002)163_7:0)122_4:0.002,(((216_17:0,216_18:0)203_9:1.002,216_20:0.002)166_5:0.001,((216_23:0,216_24:0)200_12:0,216_21:0)167_7:0.003)123_3:1)75_2:1.162,((((216_1:0,216_2:0)204_1:0,(216_3:0,216_4:0)205_3:0)170_1:0,((216_7:0,216_8:0)211_6:0,(216_5:0,216_6:0)212_5:0)171_3:1)124_1:0,(((216_11:0,216_12:0)206_8:1,(216_9:0,216_10:0)208_7:0)170_3:0,((216_13:0,216_14:0)210_11:0,216_16:0)173_7:1)127_3:0)77_1:1.165)32_1:5.835)I0;
I0,0,0,0,0,0,0,0,0,0,0
32_1,0:0.03/2:0.97,0,0:0.03/2:0.97,0,0,0:0.03/2:0.97,0:0.03/1:0.97,0,0:0.03/2:0.97,0:0.03/1:0.97
77_1,2,0,2,1,0,2,1,0,2,1
127_3,2,0,2,1,0,2,1,0,2,1
173_7,2,1,2,1,0,2,1,0,2,1
216_16,2,1,2,1,0,2,1,0,2,1
210_11,2,1,2,1,0,2,1,0,2,1
216_14,2,1,2,1,0,2,1,0,2,1
216_13,2,1,2,1,0,2,1,0,2,1
170_3,2,0,2,1,0,2,1,0,2,1
208_7,2,0,2,1,0,2,1,0,2,1
216_10,2,0,2,1,0,2,1,0,2,1
216_9,2,0,2,1,0,2,1,0,2,1
206_8,2,0,2,1,2,2,1,0,2,1
216_12,2,0,2,1,2,2,1,0,2,1
216_11,2,0,2,1,2,2,1,0,2,1
124_1,2,0,2,1,0,2,1,0,2,1
171_3,2,1,2,1,0,2,1,0,2,1
212_5,2,1,2,1,0,2,1,0,2,1
216_6,2,1,2,1,0,2,1,0,2,1
216_5,2,1,2,1,0,2,1,0,2,1
211_6,2,1,2,1,0,2,1,0,2,1
216_8,2,1,2,1,0,2,1,0,2,1
216_7,2,1,2,1,0,2,1,0,2,1
170_1,2,0,2,1,0,2,1,0,2,1
205_3,2,0,2,1,0,2,1,0,2,1
216_4,2,0,2,1,0,2,1,0,2,1
216_3,2,0,2,1,0,2,1,0,2,1
204_1,2,0,2,1,0,2,1,0,2,1
216_2,2,0,2,1,0,2,1,0,2,1
216_1,2,0,2,1,0,2,1,0,2,1
75_2,2,1,2,0,0,2,1,0,2,1
123_3,2,1,2,0,0,2,1,2,2,1
167_7,2,1,2,0,0,2,1,2,2,1
216_21,2,1,2,0,0,2,1,2,2,1
200_12,2,1,2,0,0,2,1,2,2,1
216_24,2,1,2,0,0,2,1,2,2,1
216_23,2,1,2,0,0,2,1,2,2,1
166_5,2,1,2,0,0,2,1,2,2,1
216_20,2,1,2,0,0,2,1,2,2,1
203_9,2,1,2,2,0,2,1,2,2,1
216_18,2,1,2,2,0,2,1,2,2,1
216_17,2,1,2,2,0,2,1,2,2,1
122_4,2,1,2,0,0,2,1,0,2,1
163_7,2,1,2,0,0,2,1,0,2,1
204_18,2,1,2,0,0,2,1,0,2,1
216_28,2,1,2,0,0,2,1,0,2,1
216_27,2,1,2,0,0,2,1,0,2,1
197_13,2,1,2,1,0,2,1,0,2,1
216_26,2,1,2,1,0,2,1,0,2,1
216_25,2,1,2,1,0,2,1,0,2,1
162_8,2,1,2,2,0,2,1,0,2,1
202_17,2,1,2,2,0,2,1,0,2,1
216_30,2,1,2,2,0,2,1,0,2,1
216_29,2,1,2,2,0,2,1,0,2,1
201_18,2,1,2,2,0,2,1,0,2,1
216_32,2,1,2,2,0,2,1,0,2,1
216_31,2,1,2,2,0,2,1,0,2,1
