[&R] ((((((216_31:0.04,216_32:1.04)201_18:0.968,(216_29:0.007,216_30:1.007)202_17:0.002)162_8:2.24,((216_25:0.003,216_26:1.003)197_13:0.001,(216_27:0,216_28:0)204_18:1.003)163_7:1.245)122_4:2.286,(((216_17:0.008,216_18:1.008)203_9:0.002,216_20:1.01)166_5:2.306,((216_23:0,216_24:0)200_12:0.033,216_21:1.033)167_7:1.283)123_3:3.218)75_2:1.466,((((216_1:0,216_2:0)204_1:1.017,(216_3:0,216_4:0)205_3:1.017)170_1:0.002,((216_7:0,216_8:0)211_6:0.047,(216_5:0,216_6:0)212_5:1.047)171_3:0.973)124_1:2.034,(((216_11:0.008,216_12:1.008)206_8:0.002,(216_9:0,216_10:0)208_7:1.01)170_3:3.038,((216_13:0,216_14:0)210_11:2.294,216_16:1.294)173_7:0.754)127_3:0.005)77_1:3.946)32_1:0)I0;
I0,0,0,0,0,0,0,0,0,0,0
32_1,0,0,0,0,0,0,0,0,0,0
77_1,0,0:0.01/2:0.99,0,0:0.01/2:0.99,0,0,0,0:0.01/2:0.99,0,0:0.01/2:0.99
127_3,0,0:0.01/2:0.99,0,0:0.01/2:0.99,0,0,0,0:0.01/2:0.99,0,0:0.01/2:0.99
173_7,0:0.28/1:0.72,2,0,2,0,0,0,2,0,2
216_16,1,2,0,2,0,0,0,2,2,2
210_11,1,2,0,2,1,0,2,2,0,2
216_14,1,2,0,2,1,0,2,2,0,2
216_13,1,2,0,2,1,0,2,2,0,2
170_3,0,2,1,2,2,2,0,2,0,2
208_7,0,2,1,2,2,2,0,2,2,2
216_10,0,2,1,2,2,2,0,2,2,2
216_9,0,2,1,2,2,2,0,2,2,2
206_8,0,2,1,2,2,2,0,2,0,2
216_12,2,2,1,2,2,2,0,2,0,2
216_11,0,2,1,2,2,2,0,2,0,2
124_1,0,2,0:0.01/2:0.99,2,0:0.01/2:0.99,0,0,2,0,2
171_3,0,2,2,2,2,0:0.05/2:0.95,0,2,0,2
212_5,0,2,2,2,2,2,2,2,0,2
216_6,0,2,2,2,2,2,2,2,0,2
216_5,0,2,2,2,2,2,2,2,0,2
211_6,0,2,2,2,2,2,0,2,0,2
216_8,0,2,2,2,2,2,0,2,0,2
216_7,0,2,2,2,2,2,0,2,0,2
170_1,0,2,0:0.01/2:0.99,2,0:0.01/2:0.99,0,0,2,0,2
205_3,2,2,2,2,2,0,0,2,0,2
216_4,2,2,2,2,2,0,0,2,0,2
216_3,2,2,2,2,2,0,0,2,0,2
204_1,0,2,2,2,2,2,0,2,0,2
216_2,0,2,2,2,2,2,0,2,0,2
216_1,0,2,2,2,2,2,0,2,0,2
75_2,0,0,0:0.27/1:0.73,0,0,0:0.27/1:0.73,0,0,0,0
123_3,0:0.09/2:0.91,0,0:0.02/1:0.98,0,0,0:0.02/1:0.98,0:0.09/1:0.91,0,0,0:0.09/1:0.91
167_7,2,0:0.02/2:0.98,1,0,0,1,1,0,0,1
216_21,2,2,1,0,2,1,1,0,0,1
200_12,2,2,1,0,0,1,1,0,0,1
216_24,2,2,1,0,0,1,1,0,0,1
216_23,2,2,1,0,0,1,1,0,0,1
166_5,2,0,1,2,0,1,1,0,2,1
216_20,2,1,1,2,0,1,1,0,2,1
203_9,2,0,1,2,0,1,1,0,2,1
216_18,2,0,1,2,1,1,1,0,2,1
216_17,2,0,1,2,0,1,1,0,2,1
122_4,0,0,0:0.03/1:0.97,0,0:0.1/1:0.9,0:0.03/1:0.97,0:0.1/2:0.9,0,0,0
163_7,0,0,1,0,1,1,2,0,2,0
204_18,0,0,1,0,1,1,2,0,2,1
216_28,0,0,1,0,1,1,2,0,2,1
216_27,0,0,1,0,1,1,2,0,2,1
197_13,0,0,1,0,1,1,2,0,2,0
216_26,0,0,1,0,1,1,2,0,2,1
216_25,0,0,1,0,1,1,2,0,2,0
162_8,0,1,1,0,1,1,2,0,0,1
202_17,0,1,1,0,1,1,2,0,0,1
216_30,2,1,1,0,1,1,2,0,0,1
216_29,0,1,1,0,1,1,2,0,0,1
201_18,0,1,1,0,1,1,2,0:0.04/2:0.96,0,1
216_32,2,1,1,0,1,1,2,2,0,1
216_31,0,1,1,0,1,1,2,2,0,1
