[&R] ((((((216_6:0,216_7:0)194_5:0.005,(216_4:2.005,216_5:1.005)196_5:0)155_5:0.002,((216_8:0,216_9:0)198_9:1.075,(216_10:0,216_11:0)206_11:0.075)160_6:0.932)112_3:2.976,(((216_17:0,216_18:0)202_15:1.058,(216_15:0,216_16:0)207_16:1.058)161_8:0.004,(216_13:0,216_14:0)204_13:1.062)116_5:3.921)67_2:3.339,216_2:5.323)10_1:0.677)I0;
I0,0,0,0,0,0,0,0,0,0,0
10_1,0,0,0:0.66/2:0.34,0,0,0,0,0:0.66/1:0.34,0,0
216_2,1,2,2,0,0,1,1,1,0,0
67_2,0:0.23/2:0.77,0,0:0.15/2:0.85,0,0,0,0:0.23/2:0.77,0:0.15/1:0.85,0:0.23/2:0.77,0
116_5,2,0:0.02/2:0.98,2,0:0.02/2:0.98,0,0,2,1,2,0:0.02/2:0.98
204_13,2,2,2,2,0,2,2,1,2,2
216_14,2,2,2,2,0,2,2,1,2,2
216_13,2,2,2,2,0,2,2,1,2,2
161_8,2,0:0.01/2:0.99,2,0:0.01/2:0.99,0,0,2,1,2,0:0.01/2:0.99
207_16,2,2,2,2,0,2,2,1,2,2
216_16,2,2,2,2,0,2,2,1,2,2
216_15,2,2,2,2,0,2,2,1,2,2
202_15,2,2,2,2,1,0,2,1,2,2
216_18,2,2,2,2,1,0,2,1,2,2
216_17,2,2,2,2,1,0,2,1,2,2
112_3,2,0,2,0,0,2,2,1,2,1
160_6,2,0,2,0,0:0.07/1:0.93,2,2,1,2,1
206_11,2,0,2,0,1,2,2,1,2,1
216_11,2,0,2,0,1,2,2,1,2,1
216_10,2,0,2,0,1,2,2,1,2,1
198_9,2,0,2,2,1,2,2,1,2,1
216_9,2,0,2,2,1,2,2,1,2,1
216_8,2,0,2,2,1,2,2,1,2,1
155_5,2,0,2,0,0,2,2,1,2,1
196_5,2,0,2,0,0,2,2,1,2,1
216_5,2,0,2,0,2,2,2,1,2,1
216_4,2,1,2,1,0,2,2,1,2,1
194_5,2,0,2,0,0,2,2,1,2,1
216_7,2,0,2,0,0,2,2,1,2,1
216_6,2,0,2,0,0,2,2,1,2,1
