[&R] (((((216_15:0,216_16:0)204_14:2.23,216_13:0.23)78_3:4.714,(((216_23:0,216_24:0)193_16:0.034,(216_21:0,216_22:0)203_17:1.033)139_10:1.09,((216_19:0,216_20:0)203_16:1.162,(216_17:0,216_18:0)211_16:1.162)141_9:0.961)83_6:2.82)32_2:2.056,(((216_1:1.156,216_2:1.156)180_1:0.875,(216_3:1.029,216_4:0.029)191_3:1.002)136_1:0.003,((216_7:0,216_8:0)194_6:0.505,(216_5:0,216_6:0)198_5:3.504)138_3:1.529)82_1:4.966)virtual:0)I0;
I0,0,0,0,0,0,0,0,0,0,0
virtual,0,0,0,0,0,0,0,0,0,0
82_1,0,0,0,0:0.01/1:0.99,0,0:0.01/1:0.99,0:0.01/1:0.99,0:0.01/2:0.99,0,0:0.01/2:0.99
138_3,0:0.25/1:0.75,0,0,1,0:0.25/1:0.75,1,1,2,0,2
198_5,1,2,2,1,1,1,1,2,2,2
216_6,1,2,2,1,1,1,1,2,2,2
216_5,1,2,2,1,1,1,1,2,2,2
194_6,1,0,0,1,1,1,1,2,0,2
216_8,1,0,0,1,1,1,1,2,0,2
216_7,1,0,0,1,1,1,1,2,0,2
136_1,0,0,0,0:0.01/1:0.99,0,0:0.01/1:0.99,0:0.01/1:0.99,0:0.01/2:0.99,0,0:0.01/2:0.99
191_3,0,0:0.03/2:0.97,0,1,0,1,1,2,0,2
216_4,0,2,0,1,0,1,1,2,0,2
216_3,0,2,1,1,0,1,1,2,0,2
180_1,0,0,0,1,0:0.15/1:0.85,1,1,2,0,2
216_2,0,0,1,1,1,1,1,2,0,2
216_1,1,0,0,1,1,1,1,2,0,2
32_2,0:0.31/1:0.69,0,0,0,0,0,0:0.31/2:0.69,0,0:0.31/1:0.69,0
83_6,0:0.01/1:0.99,0:0.04/1:0.96,0,0:0.04/2:0.96,0,0,0:0.01/2:0.99,0,0:0.01/1:0.99,0
141_9,1,0:0.01/1:0.99,0,0:0.01/2:0.99,0:0.14/2:0.86,0,2,0,1,0
211_16,1,1,0,2,2,0,2,1,1,0
216_18,1,1,0,2,2,0,2,1,1,0
216_17,1,1,0,2,2,0,2,1,1,0
203_16,1,1,0,2,2,0,2,0,1,2
216_20,1,1,0,2,2,0,2,0,1,2
216_19,1,1,0,2,2,0,2,0,1,2
139_10,1,1,0,2,0,0,2,0:0.03/2:0.97,1,0
203_17,1,1,0,2,0,1,2,2,1,0
216_22,1,1,0,2,0,1,2,2,1,0
216_21,1,1,0,2,0,1,2,2,1,0
193_16,1,1,0,2,0,0,2,2,1,0
216_24,1,1,0,2,0,0,2,2,1,0
216_23,1,1,0,2,0,0,2,2,1,0
78_3,0:0.01/1:0.99,0:0.05/2:0.95,0:0.05/1:0.95,0,0,0:0.05/1:0.95,0:0.01/2:0.99,0,0:0.01/1:0.99,0:0.05/1:0.95
216_13,1,2,1,0,0,1,2,0,1,1
204_14,1,2,1,1,0,1,2,2,1,1
216_16,1,2,1,1,0,1,2,2,1,1
216_15,1,2,1,1,0,1,2,2,1,1
