[&R] (((((216_15:0,216_16:0)204_14:4.968,216_13:2.968)78_3:1.475,(((216_23:1.035,216_24:0.035)193_16:0.976,(216_21:0.01,216_22:2.01)203_17:0.001)139_10:1.385,((216_19:0.001,216_20:1.001)203_16:0.001,(216_17:0,216_18:0)211_16:0.002)141_9:3.395)83_6:3.046)32_2:0.557,(((216_1:1.049,216_2:0.049)180_1:0.991,(216_3:0,216_4:0)191_3:1.04)136_1:0.004,((216_7:0,216_8:0)194_6:0.061,(216_5:0,216_6:0)198_5:1.061)138_3:1.984)82_1:5.955)virtual:0)I0;
I0,0,0,0,0,0,0,0,0,0,0
virtual,0,0,0,0,0,0,0,0,0,0
82_1,0:0.01/1:0.99,0,0,0:0.01/2:0.99,0,0:0.01/1:0.99,0,0:0.01/2:0.99,0:0.01/1:0.99,0:0.01/1:0.99
138_3,1,0,0:0.03/2:0.97,2,0,1,0:0.03/2:0.97,2,1,1
198_5,1,1,2,2,0,1,2,2,1,1
216_6,1,1,2,2,0,1,2,2,1,1
216_5,1,1,2,2,0,1,2,2,1,1
194_6,1,0,2,2,0,1,2,2,1,1
216_8,1,0,2,2,0,1,2,2,1,1
216_7,1,0,2,2,0,1,2,2,1,1
136_1,0:0.01/1:0.99,0,0,0:0.01/2:0.99,0,0:0.01/1:0.99,0,0:0.01/2:0.99,0:0.01/1:0.99,0:0.01/1:0.99
191_3,1,0,0,2,0,1,1,2,1,1
216_4,1,0,0,2,0,1,1,2,1,1
216_3,1,0,0,2,0,1,1,2,1,1
180_1,1,0,0:0.05/2:0.95,2,0,1,0,2,1,1
216_2,1,0,2,2,0,1,0,2,1,1
216_1,1,0,2,2,2,1,0,2,1,1
32_2,0,0,0,0,0,0,0,0:0.44/1:0.56,0,0
83_6,0,0,0,0,0,0:0.12/2:0.88,0,0:0.05/1:0.95,0:0.12/2:0.88,0:0.12/2:0.88
141_9,2,0,0,0,2,2,2,1,2,2
211_16,2,0,0,0,2,2,2,1,2,2
216_18,2,0,0,0,2,2,2,1,2,2
216_17,2,0,0,0,2,2,2,1,2,2
203_16,2,0,0,0,2,2,2,1,2,2
216_20,2,0,1,0,2,2,2,1,2,2
216_19,2,0,0,0,2,2,2,1,2,2
139_10,0,0:0.01/1:0.99,0,0,0,2,0,1,2,2
203_17,0,0:0.01/1:0.99,0,0,0,2,0,1,2,2
216_22,2,1,1,0,0,2,0,1,2,2
216_21,0,1,0,0,0,2,0,1,2,2
193_16,0,1,0,0:0.03/1:0.97,0,2,0,1,2,2
216_24,0,1,0,1,0,2,0,1,2,2
216_23,0,1,1,1,0,2,0,1,2,2
78_3,0,0:0.4/1:0.6,0,0,0:0.4/1:0.6,0,0,0:0.18/1:0.82,0,0
216_13,0,1,0,2,1,0,2,1,0,0
204_14,2,1,0,0,1,1,0,1,2,2
216_16,2,1,0,0,1,1,0,1,2,2
216_15,2,1,0,0,1,1,0,1,2,2
