[&R] (((((216_15:0,216_16:0)204_14:2.1,216_13:0.1)78_3:2.753,(((216_23:1.119,216_24:0.119)193_16:1.206,(216_21:0,216_22:0)203_17:1.326)139_10:2.411,((216_19:0,216_20:0)203_16:1.078,(216_17:0,216_18:0)211_16:0.078)141_9:2.659)83_6:3.117)32_2:1.802,(((216_1:0,216_2:0)180_1:0.01,(216_3:1.035,216_4:0.035)191_3:0.974)136_1:0.091,((216_7:1.053,216_8:0.053)194_6:0.959,(216_5:1.011,216_6:0.011)198_5:0.002)138_3:2.088)82_1:4.554)virtual:0.345)I0;
I0,0,0,0,0,0,0,0,0,0,0
virtual,0,0,0,0,0:0.66/2:0.34,0,0,0,0,0
82_1,0:0.02/2:0.98,0,0:0.02/2:0.98,0:0.02/1:0.98,0:0.01/2:0.99,0:0.02/2:0.98,0,0,0,0
138_3,2,0,2,1,2,2,0:0.01/2:0.99,0:0.01/2:0.99,0,0
198_5,2,0,2,1,2,2,0:0.01/2:0.99,0:0.01/2:0.99,0,0
216_6,2,0,2,1,2,2,2,2,0,0
216_5,2,2,2,1,2,2,2,2,0,0
194_6,2,0:0.05/2:0.95,2,1,2,2,2,2,0,0
216_8,2,2,2,1,2,2,2,2,0,0
216_7,2,2,2,1,2,2,2,2,0,1
136_1,2,0,2,1,2,2,0,0,0,0
191_3,2,0,2,1,2,2,0:0.04/2:0.96,0,0,0
216_4,2,0,2,1,2,2,2,0,0,0
216_3,2,0,2,1,2,2,2,0,0,2
180_1,2,0,2,1,2,2,0,0,0,0
216_2,2,0,2,1,2,2,0,0,0,0
216_1,2,0,2,1,2,2,0,0,0,0
32_2,0,0:0.32/2:0.68,0,0,0:0.21/2:0.79,0,0,0,0,0:0.32/1:0.68
83_6,0,0:0.06/2:0.94,0,0:0.19/1:0.81,0:0.04/2:0.96,0,0:0.19/2:0.81,0,0:0.19/2:0.81,0:0.06/1:0.94
141_9,0:0.03/2:0.97,2,0:0.03/1:0.97,0:0.01/1:0.99,2,0,0:0.01/2:0.99,0,0:0.01/2:0.99,1
211_16,2,2,1,1,2,0,2,0,2,1
216_18,2,2,1,1,2,0,2,0,2,1
216_17,2,2,1,1,2,0,2,0,2,1
203_16,2,2,1,1,2,0,2,2,2,1
216_20,2,2,1,1,2,0,2,2,2,1
216_19,2,2,1,1,2,0,2,2,2,1
139_10,0,0:0.01/2:0.99,0,0:0.02/1:0.98,2,0:0.12/1:0.88,0:0.02/2:0.98,0:0.12/1:0.88,0:0.02/2:0.98,0:0.01/1:0.99
203_17,2,2,0,1,2,1,2,1,2,1
216_22,2,2,0,1,2,1,2,1,2,1
216_21,2,2,0,1,2,1,2,1,2,1
193_16,0:0.09/1:0.91,2,0,1,2,0:0.01/1:0.99,2,0:0.01/1:0.99,2,1
216_24,1,2,0,1,2,1,2,1,2,1
216_23,1,2,1,1,2,1,2,1,2,1
78_3,0,0:0.01/2:0.99,0:0.03/1:0.97,0,0:0.01/2:0.99,0,0,0:0.03/1:0.97,0,0:0.01/1:0.99
216_13,0,2,1,0,2,0,0,1,0,1
204_14,2,2,1,1,2,0,0,1,0,1
216_16,2,2,1,1,2,0,0,1,0,1
216_15,2,2,1,1,2,0,0,1,0,1
