[&R] (((((216_15:0,216_16:0)204_14:0,216_13:0)78_3:2.15,(((216_23:0,216_24:0)193_16:0.003,(216_21:1.002,216_22:0.002)203_17:0.001)139_10:2.141,((216_19:0,216_20:0)203_16:0,(216_17:0,216_18:0)211_16:0)141_9:2.144)83_6:0.006)32_2:5.817,(((216_1:0.075,216_2:1.075)180_1:2.338,(216_3:0.047,216_4:1.047)191_3:1.366)136_1:0.866,((216_7:0,216_8:0)194_6:0.048,(216_5:0,216_6:0)198_5:1.048)138_3:2.231)82_1:4.688)virtual:0.032)I0;
I0,0,0,0,0,0,0,0,0,0,0
virtual,0,0,0:0.97/2:0.03,0,0,0,0,0,0,0
82_1,0,0,0:0.05/2:0.95,0:0.06/2:0.94,0,0:0.06/1:0.94,0,0:0.06/2:0.94,0,0:0.06/1:0.94
138_3,0:0.02/2:0.98,0,2,2,0,1,0:0.02/1:0.98,2,0,1
198_5,2,0,2,2,0,1,1,2,2,1
216_6,2,0,2,2,0,1,1,2,2,1
216_5,2,0,2,2,0,1,1,2,2,1
194_6,2,0,2,2,0,1,1,2,0,1
216_8,2,0,2,2,0,1,1,2,0,1
216_7,2,0,2,2,0,1,1,2,0,1
136_1,0,0:0.32/2:0.68,0:0.02/2:0.98,0:0.02/2:0.98,0,0:0.02/1:0.98,0,0:0.02/2:0.98,0,0:0.02/1:0.98
191_3,0,0:0.01/2:0.99,2,2,0:0.03/1:0.97,1,0,2,0,1
216_4,1,2,2,2,1,1,0,2,0,1
216_3,0,2,2,2,1,1,0,2,0,1
180_1,0,0:0.01/2:0.99,2,2,0,1,0:0.03/1:0.97,2,0:0.03/2:0.97,1
216_2,0,2,2,2,2,1,1,2,2,1
216_1,0,2,2,2,0,1,1,2,2,1
32_2,0,0:0.03/2:0.97,0:0.02/2:0.98,0,0,0,0:0.03/2:0.97,0:0.03/1:0.97,0:0.03/2:0.97,0:0.03/2:0.97
83_6,0,0:0.02/2:0.98,0:0.02/2:0.98,0,0,0,0:0.02/2:0.98,0:0.02/1:0.98,0:0.02/2:0.98,0:0.02/2:0.98
141_9,2,2,2,2,0,0,2,1,2,2
211_16,2,2,2,2,0,0,2,1,2,2
216_18,2,2,2,2,0,0,2,1,2,2
216_17,2,2,2,2,0,0,2,1,2,2
203_16,2,2,2,2,0,0,2,1,2,2
216_20,2,2,2,2,0,0,2,1,2,2
216_19,2,2,2,2,0,0,2,1,2,2
139_10,1,2,2,0,0,2,2,1,2,2
203_17,1,2,2,0,0,2,2,1,2,2
216_22,1,2,2,0,0,2,2,1,2,2
216_21,1,2,2,2,0,2,2,1,2,2
193_16,1,2,2,0,0,2,2,1,2,2
216_24,1,2,2,0,0,2,2,1,2,2
216_23,1,2,2,0,0,2,2,1,2,2
78_3,0,2,2,2,1,0,2,1,2,2
216_13,0,2,2,2,1,0,2,1,2,2
204_14,0,2,2,2,1,0,2,1,2,2
216_16,0,2,2,2,1,0,2,1,2,2
216_15,0,2,2,2,1,0,2,1,2,2
