[&R] (((((216_15:1.018,216_16:2.018)204_14:42.141,216_13:41.159)78_3:45.133,(((216_23:5.101,216_24:3.101)193_16:6.668,(216_21:1.002,216_22:0.002)203_17:17.767)139_10:27.685,((216_19:1.002,216_20:0.002)203_16:17.335,(216_17:0.001,216_18:0.001)211_16:23.336)141_9:25.117)83_6:37.838)32_2:47.781,(((216_1:7.239,216_2:5.239)180_1:13.95,(216_3:4.04,216_4:1.04)191_3:16.148)136_1:20.834,((216_7:3.049,216_8:2.049)194_6:24.206,(216_5:1.007,216_6:1.007)198_5:15.248)138_3:28.768)82_1:83.05)virtual:0.927)I0;
I0,0,0,0,0,0,0,0,0,0,0,0,0,0,0,0,0,0,0,0,0,0,0,0,0,0,0,0,0,0,0,0,0,0,0,0,0,0,0,0,0,0,0,0,0,0,0,0,0,0,0,0,0,0,0,0,0,0,0,0,0,0,0,0,0,0,0,0,0,0,0,0,0,0,0,0,0,0,0,0,0,0,0,0,0,0,0,0,0,0,0,0,0,0,0,0,0,0,0,0,0,0,0,0,0,0,0,0,0,0,0,0,0,0,0,0,0,0,0,0,0,0,0,0,0,0,0,0,0,0,0,0,0,0,0,0,0,0,0,0,0,0,0,0,0,0,0,0,0,0,0,0,0,0,0,0,0,0,0,0,0,0,0,0,0,0,0,0,0,0,0,0,0,0,0,0,0,0,0,0,0,0,0,0,0,0,0,0,0,0,0,0,0,0,0,0,0,0,0,0,0
virtual,0,0,0,0,0:0.92/1:0.08,0,0,0,0,0,0,0,0,0,0:0.92/1:0.08,0,0,0,0,0,0,0,0,0,0,0,0,0,0,0,0,0,0,0,0,0,0,0,0,0,0,0,0,0,0,0,0,0,0,0,0,0,0,0,0,0,0,0,0,0,0,0,0,0,0,0,0,0,0,0,0,0,0,0,0,0,0:0.92/1:0.08,0,0,0,0,0,0,0,0,0,0,0,0,0,0,0,0,0,0,0,0,0:0.92/2:0.08,0,0,0,0,0,0,0,0,0:0.92/1:0.08,0,0,0,0,0,0,0,0,0,0,0,0,0,0:0.92/2:0.08,0,0,0,0,0,0,0,0,0:0.92/2:0.08,0,0,0,0,0,0,0,0,0,0,0,0,0,0,0,0,0,0,0:0.92/1:0.08,0,0,0,0,0,0,0,0,0:0.92/2:0.08,0,0,0,0,0,0:0.92/2:0.08,0,0,0:0.92/2:0.08,0,0,0:0.92/2:0.08,0,0,0,0,0,0,0,0,0,0,0,0,0,0,0,0,0,0,0,0,0,0,0,0,0,0,0,0,0,0
82_1,0,0,0,0:0.04/1:0.96,0:0.03/1:0.97,0,0:0.04/2:0.96,0,0:0.04/1:0.96,0:0.04/1:0.96,0,0:0.04/1:0.96,0:0.04/1:0.96,0:0.04/1:0.96,0:0.03/1:0.97,0:0.04/1:0.96,0:0.04/1:0.96,0:0.04/1:0.96,0,0,0,0,0:0.04/2:0.96,0:0.04/2:0.96,0,0:0.04/2:0.96,0:0.04/1:0.96,0:0.04/1:0.96,0,0:0.04/1:0.96,0,0:0.04/1:0.96,0,0:0.04/2:0.96,0,0,0,0,0:0.04/1:0.96,0,0,0,0,0:0.04/2:0.96,0,0,0,0,0,0,0,0,0,0,0:0.04/1:0.96,0,0:0.04/1:0.96,0,0:0.04/1:0.96,0:0.04/2:0.96,0:0.04/2:0.96,0:0.04/2:0.96,0,0,0:0.04/1:0.96,0:0.04/2:0.96,0:0.04/1:0.96,0:0.04/1:0.96,0,0:0.04/1:0.96,0:0.04/2:0.96,0:0.04/1:0.96,0,0:0.04/2:0.96,0,0:0.04/2:0.96,0:0.03/1:0.97,0:0.04/2:0.96,0,0,0,0,0,0,0:0.04/2:0.96,0:0.04/2:0.96,0:0.04/2:0.96,0:0.04/1:0.96,0,0:0.04/2:0.96,0,0,0,0:0.04/1:0.96,0,0,0,0:0.03/2:0.97,0,0,0,0,0,0,0,0:0.04/2:0.96,0:0.03/1:0.97,0,0,0,0,0:0.04/1:0.96,0,0:0.04/1:0.96,0,0:0.04/2:0.96,0,0,0,0:0.04/2:0.96,0:0.03/2:0.97,0,0,0,0:0.04/2:0.96,0,0:0.04/2:0.96,0,0,0:0.03/2:0.97,0,0,0,0,0,0:0.04/2:0.96,0,0:0.04/2:0.96,0,0,0:0.04/2:0.96,0,0,0:0.04/2:0.96,0:0.04/1:0.96,0:0.04/1:0.96,0:0.04/2:0.96,0,0:0.03/1:0.97,0:0.04/2:0.96,0,0,0:0.04/1:0.96,0,0,0,0:0.04/1:0.96,0:0.03/2:0.97,0,0,0:0.04/1:0.96,0,0,0:0.03/2:0.97,0,0,0:0.03/2:0.97,0,0:0.04/1:0.96,0:0.03/2:0.97,0:0.04/1:0.96,0:0.04/2:0.96,0,0,0:0.04/1:0.96,0:0.04/1:0.96,0,0,0,0,0,0:0.04/1:0.96,0:0.04/2:0.96,0,0,0,0:0.04/2:0.96,0:0.04/2:0.96,0:0.04/1:0.96,0,0,0:0.04/1:0.96,0,0:0.04/1:0.96,0:0.04/1:0.96,0,0:0.04/1:0.96,0:0.04/1:0.96,0,0
138_3,0,0,0,1,1,0,2,0:0.07/1:0.93,1,1,0,1,1,1,1,1,1,1,0,0,0,0,2,2,0,2,1,1,0,1,0,1,0,2,0,0:0.07/2:0.93,0:0.07/1:0.93,0:0.07/1:0.93,1,0,0,0:0.07/2:0.93,0,2,0,0,0,0,0,0,0,0,0,0,1,0,1,0,1,2,2,2,0:0.07/1:0.93,0,1,2,1,1,0,1,2,1,0:0.07/1:0.93,2,0,2,1,2,0,0,0,0,0:0.07/1:0.93,0:0.07/1:0.93,2,2,2,1,0,2,0,0,0:0.07/2:0.93,1,0,0,0:0.07/1:0.93,2,0:0.07/2:0.93,0:0.07/1:0.93,0:0.07/2:0.93,0,0,0,0:0.07/1:0.93,2,1,0:0.07/2:0.93,0,0,0,1,0:0.07/2:0.93,1,0,2,0,0,0,2,2,0,0,0:0.07/2:0.93,2,0,2,0,0,2,0:0.07/2:0.93,0,0,0,0,2,0,2,0,0:0.07/2:0.93,2,0,0,2,1,1,2,0,1,2,0,0:0.07/2:0.93,1,0,0:0.07/1:0.93,0,1,2,0,0,1,0,0:0.07/1:0.93,2,0,0,2,0,1,2,1,2,0:0.07/2:0.93,0:0.07/1:0.93,1,1,0,0,0,0:0.07/1:0.93,0:0.07/1:0.93,1,2,0,0,0,2,2,1,0,0,1,0,1,1,0,1,1,0,0:0.07/2:0.93
198_5,0,0,1,1,1,0,2,1,1,1,0,1,1,1,1,1,1,1,0,0,1,0,2,2,0,2,1,1,0,1,0,1,0,2,0,2,1,1,1,0,0,2,0,2,0,0,0,0,0,0,0,0,0,0,1,2,1,0,1,2,2,2,1,1,1,2,1,1,0,1,2,1,1,2,0,2,1,2,0,0,0,0,1,1,2,2,2,1,0,2,0,1,2,1,0,2,1,2,2,1,2,0,0,0,1,2,1,2,0,0,0,1,2,1,2,2,0,2,0,2,2,0,0,2,2,0,2,0,1,2,2,0,0,0,0,2,0,2,0,2,2,0,0,2,1,1,2,1,1,2,0,2,1,0,1,0,1,2,0,2,1,0,1,2,0,0,2,0,1,2,1,2,2,1,1,1,0,0,0,1,1,1,2,1,0,0,2,2,1,2,0,1,0,1,1,0,1,1,0,2
216_6,0,0,1,1,1,0,2,1,1,1,0,1,1,1,1,1,1,1,0,0,1,0,2,2,0,2,1,1,0,1,0,1,0,2,0,2,1,1,1,0,0,2,0,2,0,0,0,0,0,0,0,0,0,0,1,2,1,0,1,2,2,2,1,1,1,2,1,1,0,1,2,1,1,2,0,2,1,2,0,0,0,0,1,1,2,2,2,1,0,2,0,1,2,1,0,2,1,2,2,1,2,0,0,0,1,2,1,2,0,0,0,1,2,1,2,2,0,2,0,2,2,0,1,2,2,0,2,0,1,2,2,0,0,0,0,2,0,2,0,2,2,0,0,2,1,1,2,1,1,2,0,2,1,0,1,0,1,2,0,2,1,0,1,2,0,0,2,0,1,2,1,2,2,1,1,1,0,0,0,1,1,1,2,1,0,0,2,2,1,2,0,1,0,1,1,0,1,1,0,2
216_5,0,0,1,1,1,0,2,1,1,1,0,1,1,1,1,1,1,1,0,0,1,0,2,2,0,2,1,1,0,1,0,1,0,2,0,2,1,1,1,0,0,2,0,2,0,0,0,0,0,0,0,0,0,0,1,2,1,0,1,2,2,2,1,1,1,2,1,1,0,1,2,1,1,2,0,2,1,2,0,0,0,0,1,1,2,2,2,1,0,2,0,1,2,1,0,2,1,2,2,1,2,0,0,0,1,2,1,2,0,1,0,1,2,1,2,2,0,2,0,2,2,0,0,2,2,0,2,0,1,2,2,0,0,0,0,2,0,2,0,2,2,0,0,2,1,1,2,1,1,2,0,2,1,0,1,0,1,2,0,2,1,0,1,2,0,0,2,0,1,2,1,2,2,1,1,1,0,0,0,1,1,1,2,1,0,0,2,2,1,2,0,1,0,1,1,0,1,1,0,2
194_6,0,0,0,1,1,0,2,1,1,1,0,1,1,1,1,1,1,1,0,2,2,0,2,2,2,2,1,1,0,1,0,1,0,2,0,2,1,1,1,0,0,2,0,2,1,0,0,0,0,1,1,0,0,2,1,0,1,0,1,2,2,2,1,0,1,2,1,1,1,1,2,1,1,2,2,2,1,2,0,0,0,2,1,1,2,2,2,1,0,2,0,0,2,1,0,0,1,2,2,1,2,0,2,1,1,2,1,2,0,1,2,1,2,1,0,2,0,0,0,2,2,1,0,2,2,0,2,2,0,2,2,2,0,0,0,2,0,2,2,2,2,0,0,2,1,1,2,0,1,2,0,2,1,0,1,0,1,2,0,0,1,0,1,2,0,0,2,0,1,2,1,2,2,1,1,1,0,0,1,1,1,1,2,2,0,2,2,2,1,0,1,1,0,1,1,0,1,1,0,2
216_8,0,0,0,1,1,0,2,1,1,1,0,1,1,1,1,1,1,1,0,2,2,0,2,2,2,2,1,1,0,1,0,1,0,2,0,2,1,1,1,0,0,2,0,2,1,0,0,0,0,1,1,0,0,2,1,0,1,0,1,2,2,2,1,0,1,2,1,1,1,1,2,1,1,2,2,2,1,2,0,0,0,2,1,1,2,2,2,1,0,2,0,0,2,1,0,0,1,2,2,1,2,0,2,1,1,2,1,2,0,1,2,1,2,1,0,2,2,0,0,2,2,1,0,2,2,0,2,2,0,2,2,2,0,0,0,2,2,2,2,2,2,0,0,2,1,1,2,0,1,2,0,2,1,0,1,0,1,2,0,0,1,0,1,2,0,0,2,0,1,2,1,2,2,1,1,1,0,0,1,1,1,1,2,2,0,2,2,2,1,0,1,1,0,1,1,0,1,1,0,2
216_7,0,0,0,1,1,0,2,1,1,1,0,1,1,1,1,1,1,1,0,2,2,0,2,2,2,2,1,1,2,1,0,1,2,2,0,2,1,1,1,0,0,2,0,2,1,0,0,0,0,1,1,0,0,2,1,0,1,0,1,2,2,2,1,0,1,2,1,1,1,1,2,1,1,2,2,2,1,2,0,0,0,2,1,1,2,2,2,1,0,2,0,1,2,1,0,0,1,2,2,1,2,0,2,1,1,2,1,2,0,1,2,1,2,1,0,2,0,0,0,2,2,1,0,2,2,0,2,2,0,2,2,2,0,0,0,2,0,2,2,2,2,0,0,2,1,1,2,0,1,2,0,2,1,0,1,0,1,2,0,0,1,0,1,2,0,0,2,0,1,2,1,2,2,1,1,1,0,0,1,1,1,1,2,2,0,2,2,2,1,0,1,1,0,1,1,0,1,1,0,2
136_1,0:0.05/1:0.95,0,0:0.05/2:0.95,1,1,0,2,0,1,1,0,1,1,1,1,1,1,1,0,0,0,0,2,2,0,2,1,1,0:0.05/2:0.95,1,0,1,0,2,0,0,0,0,1,0,0,0,0,2,0:0.05/1:0.95,0,0,0:0.05/1:0.95,0,0,0,0,0:0.05/2:0.95,0,1,0,1,0,1,2,2,2,0,0,1,2,1,1,0,1,2,1,0,2,0,2,1,2,0:0.05/2:0.95,0,0,0,0,0,2,2,2,1,0,2,0,0,0,1,0,0,0,2,0,0,0:0.05/1:0.95,0,0,0,0,2,1,0,0:0.05/1:0.95,0,0,1,0,1,0,2,0,0,0,2,2,0:0.05/1:0.95,0,0,2,0:0.05/2:0.95,2,0:0.05/2:0.95,0,2,0,0:0.05/1:0.95,0,0,0,2,0,2,0,0,2,0,0,2,1,1,2,0,1,2,0,0,1,0,0:0.05/2:0.95,0,1,2,0,0,1,0,0:0.05/2:0.95,2,0:0.05/1:0.95,0:0.05/1:0.95,2,0,1,2,1,2,0,0,1,1,0,0,0:0.05/2:0.95,0,0,1,2,0,0,0,2,2,1,0,0,1,0,1,1,0,1,1,0:0.05/1:0.95,0
191_3,1,0,2,1,1,0,2,0,1,1,0,1,1,1,1,1,1,1,0,0,1,0,2,2,0,2,1,1,2,1,0,1,1,2,0,1,0,0,1,0,0,0,0,2,1,0,0,1,0,0,0,1,2,0,1,0,1,0,1,2,2,2,0,0,1,2,1,1,0,1,2,1,0,2,2,2,1,2,2,0,0,0,0,2,2,2,2,1,2,2,0,0,0,1,0,0,0,2,0,0,1,0,0,0,0,2,1,0,1,0,0,1,0,1,0,2,0,0,0,2,2,1,0,2,2,2,2,2,0,2,2,1,0,0,1,2,0,2,0,0,2,0,2,2,1,1,2,0,1,2,0,0,1,0,2,0,1,2,0,0,1,0,2,2,1,1,2,1,1,2,1,2,0,0,1,1,1,0,2,0,0,1,2,0,0,1,2,2,1,0,0,1,1,1,1,0,1,1,1,0
216_4,1,0,2,1,1,0,2,0,1,1,0,1,1,1,1,1,1,1,0,0,1,0,2,2,0,2,1,1,2,1,0,1,1,2,0,1,0,0,1,0,0,0,0,2,1,0,0,1,0,0,0,1,2,0,1,0,1,0,1,2,2,2,0,1,1,2,1,1,0,1,2,1,0,2,2,2,1,2,2,0,0,0,0,2,2,2,2,1,2,2,0,0,0,1,0,0,0,2,0,0,1,0,0,0,0,2,1,0,1,0,0,1,0,1,0,2,0,0,0,2,2,1,0,2,2,2,2,2,0,2,2,1,0,0,1,2,0,2,0,0,2,0,2,2,1,1,2,0,1,2,0,0,1,0,2,0,1,2,0,0,1,0,2,2,1,1,2,1,1,2,1,2,0,0,1,1,1,0,2,0,0,1,2,0,0,1,2,2,1,0,0,1,1,1,1,0,1,1,1,0
216_3,1,0,2,1,1,0,2,0,1,1,0,1,1,1,1,1,1,1,0,1,1,0,2,2,0,2,1,1,2,1,0,1,1,2,0,1,0,0,1,0,0,0,0,2,1,0,0,1,0,0,0,1,2,0,1,0,1,0,1,2,2,2,0,0,1,2,1,1,0,1,2,1,0,2,2,2,1,2,2,0,0,0,0,2,2,2,2,1,2,2,0,0,0,1,0,0,0,2,0,0,1,0,0,0,0,2,1,0,1,0,0,1,0,1,0,2,0,0,0,2,2,1,0,2,2,2,2,2,0,2,2,1,0,0,1,2,0,2,0,0,2,0,2,2,1,1,2,0,1,2,0,0,1,0,2,0,1,2,2,0,1,0,2,2,1,1,2,1,1,2,1,2,1,0,1,1,1,0,2,0,2,1,2,0,0,1,2,2,1,0,0,1,1,1,1,0,1,1,1,0
180_1,1,0,2,1,1,0:0.02/2:0.98,2,0,1,1,0,1,1,1,1,1,1,1,0,0,0,0,2,2,0,2,1,1,2,1,0,1,0,2,0,0,0,0,1,0,0,0:0.02/2:0.98,0:0.02/2:0.98,2,1,0,0,1,0,0,0:0.02/2:0.98,0:0.02/2:0.98,2,0,1,0,1,0,1,2,2,2,0,0,1,2,1,1,0,1,2,1,0,2,0,2,1,2,2,0,0,0:0.02/2:0.98,0,0,2,2,2,1,0,2,0,0:0.02/1:0.98,0:0.02/2:0.98,1,0,0,0,2,0:0.02/1:0.98,0,1,0,0,0,0,2,1,0,1,0,0,1,0,1,0,2,0,0,0,2,2,1,0,0,2,2,2,2,0,2,0,1,0,0,0,2,0:0.02/2:0.98,2,0:0.02/1:0.98,0,2,0,0,2,1,1,2,0,1,2,0,0,1,0:0.02/1:0.98,2,0,1,2,0:0.02/1:0.98,0,1,0,2,2,1,1,2,0,1,2,1,2,0,0,1,1,0,0,2,0,0,1,2,0,0,0,2,2,1,0,0,1,0,1,1,0,1,1,1,0
216_2,1,0,2,1,1,2,2,0,1,1,0,1,1,1,1,1,1,1,0,0,0,0,2,2,0,2,1,1,2,1,0,1,0,2,0,0,0,0,1,0,0,2,2,2,1,0,0,1,0,0,2,2,2,0,1,2,1,0,1,2,2,2,0,0,1,2,1,1,0,1,2,1,0,2,0,2,1,2,2,0,0,2,0,0,2,2,2,1,0,2,0,1,2,1,0,0,0,2,1,0,1,1,0,0,0,2,1,0,1,0,0,1,0,1,0,2,0,0,0,2,2,1,0,2,2,2,2,2,0,2,0,1,0,0,0,2,2,2,1,0,2,0,0,2,1,1,2,0,1,2,0,0,1,1,2,0,1,2,1,0,1,0,2,2,1,1,2,0,1,2,1,2,0,0,1,1,0,0,2,0,0,1,2,1,0,0,2,2,1,1,0,1,0,1,1,0,1,1,1,0
216_1,1,0,2,1,1,2,2,0,1,1,1,1,1,1,1,1,1,1,0,0,0,0,2,2,0,2,1,1,2,1,0,1,0,2,0,0,0,0,1,0,0,2,2,2,1,1,0,1,0,0,2,2,2,0,1,0,1,0,1,2,2,2,0,0,1,2,1,1,0,1,2,1,0,2,0,2,1,2,2,0,2,2,0,0,2,2,2,1,0,2,0,1,2,1,0,0,0,2,1,0,1,0,0,1,0,2,1,0,1,0,0,1,0,1,0,2,0,0,0,2,2,1,0,0,2,2,2,2,0,2,0,1,0,0,0,2,2,2,1,0,2,0,0,2,1,1,2,0,1,2,0,0,1,1,2,1,1,2,1,2,1,0,2,2,1,1,2,0,1,2,1,2,0,0,1,1,0,0,2,0,0,1,2,0,0,0,2,2,1,0,0,1,2,1,1,0,1,1,1,0
32_2,0,0,0,0,0:0.12/1:0.88,0,0,0,0,0,0,0:0.13/2:0.87,0,0,0:0.12/1:0.88,0,0,0,0,0:0.13/2:0.87,0,0,0:0.13/1:0.87,0,0,0,0,0,0,0,0,0,0,0,0:0.13/1:0.87,0,0,0,0,0,0,0,0:0.13/2:0.87,0:0.13/1:0.87,0,0:0.13/1:0.87,0,0,0:0.13/2:0.87,0,0,0:0.13/2:0.87,0,0,0,0,0,0,0,0,0:0.13/1:0.87,0,0:0.13/2:0.87,0,0,0:0.13/1:0.87,0,0,0,0,0,0,0,0,0,0,0:0.12/1:0.88,0,0,0,0,0:0.13/1:0.87,0,0:0.13/2:0.87,0,0,0:0.13/1:0.87,0:0.13/2:0.87,0,0:0.13/1:0.87,0,0,0,0,0:0.13/1:0.87,0,0:0.13/1:0.87,0:0.12/2:0.88,0,0,0,0:0.13/1:0.87,0,0,0,0,0:0.12/1:0.88,0,0,0,0,0:0.13/2:0.87,0,0,0,0,0,0:0.13/1:0.87,0:0.13/2:0.87,0,0:0.12/2:0.88,0,0,0:0.13/2:0.87,0,0,0,0,0:0.13/1:0.87,0:0.12/2:0.88,0,0,0:0.13/2:0.87,0,0,0,0,0,0,0:0.13/2:0.87,0,0:0.13/2:0.87,0,0,0,0:0.13/2:0.87,0,0,0:0.12/1:0.88,0,0,0,0:0.13/2:0.87,0,0:0.13/2:0.87,0,0,0:0.12/2:0.88,0,0,0:0.13/2:0.87,0:0.13/2:0.87,0,0:0.12/2:0.88,0,0:0.13/2:0.87,0:0.12/2:0.88,0:0.13/1:0.87,0,0:0.12/2:0.88,0,0:0.13/1:0.87,0,0,0,0,0:0.13/2:0.87,0,0:0.13/1:0.87,0,0,0,0:0.13/1:0.87,0,0,0:0.13/1:0.87,0:0.13/1:0.87,0,0,0,0,0,0:0.13/2:0.87,0,0,0,0,0,0:0.13/1:0.87,0:0.13/2:0.87
83_6,0,0,0,0,0:0.01/1:0.99,0,0:0.08/2:0.92,0,0,0,0,0:0.01/2:0.99,0,0:0.08/2:0.92,0:0.01/1:0.99,0,0,0,0,0:0.01/2:0.99,0,0:0.08/1:0.92,0:0.01/1:0.99,0,0,0,0,0,0,0,0,0:0.08/2:0.92,0,0,0:0.01/1:0.99,0,0:0.08/2:0.92,0,0:0.08/2:0.92,0,0,0:0.08/1:0.92,0:0.01/2:0.99,0:0.01/1:0.99,0,0:0.01/1:0.99,0:0.08/2:0.92,0,0:0.01/2:0.99,0,0,0:0.01/2:0.99,0,0,0,0,0,0,0,0,0:0.01/1:0.99,0,0:0.01/2:0.99,0,0:0.08/2:0.92,0:0.01/1:0.99,0,0,0,0,0,0,0:0.08/1:0.92,0:0.08/2:0.92,0,0,0:0.01/1:0.99,0,0,0,0:0.08/2:0.92,0:0.01/1:0.99,0,0:0.01/2:0.99,0,0:0.08/1:0.92,0:0.01/1:0.99,0:0.01/2:0.99,0,0:0.01/1:0.99,0,0,0,0:0.08/1:0.92,0:0.01/1:0.99,0,0:0.01/1:0.99,0:0.01/2:0.99,0,0:0.08/2:0.92,0,0:0.01/1:0.99,0:0.08/2:0.92,0:0.08/1:0.92,0,0,0:0.01/1:0.99,0,0,0,0,0:0.01/2:0.99,0,0,0:0.08/2:0.92,0,0,0:0.01/1:0.99,0:0.01/2:0.99,0,0:0.01/2:0.99,0:0.08/1:0.92,0,0:0.01/2:0.99,0,0,0,0:0.08/2:0.92,0:0.01/1:0.99,0:0.01/2:0.99,0:0.08/1:0.92,0,0:0.01/2:0.99,0,0,0,0,0,0,0:0.01/2:0.99,0,0:0.01/2:0.99,0,0,0,0:0.01/2:0.99,0,0,0:0.01/1:0.99,0,0,0,0:0.01/2:0.99,0,0:0.01/2:0.99,0:0.08/2:0.92,0,0:0.01/2:0.99,0:0.08/2:0.92,0:0.08/1:0.92,0:0.01/2:0.99,0:0.01/2:0.99,0,0:0.01/2:0.99,0,0:0.01/2:0.99,0:0.01/2:0.99,0:0.01/1:0.99,0:0.08/1:0.92,0:0.01/2:0.99,0,0:0.01/1:0.99,0:0.08/2:0.92,0,0,0,0:0.01/2:0.99,0,0:0.01/1:0.99,0:0.08/2:0.92,0,0:0.08/1:0.92,0:0.01/1:0.99,0,0:0.08/1:0.92,0:0.01/1:0.99,0:0.01/1:0.99,0,0,0:0.08/1:0.92,0:0.08/1:0.92,0,0:0.01/2:0.99,0:0.08/2:0.92,0,0:0.08/1:0.92,0:0.08/1:0.92,0,0:0.01/1:0.99,0:0.01/2:0.99
141_9,0,0:0.09/1:0.91,0:0.09/1:0.91,0,1,0,0:0.01/2:0.99,0,0,0:0.09/1:0.91,0,2,0,0:0.01/2:0.99,1,0:0.09/1:0.91,0,0:0.09/2:0.91,0,2,0,0:0.01/1:0.99,1,0,0,0,0,0:0.09/1:0.91,0:0.09/2:0.91,0:0.09/2:0.91,0,0:0.01/2:0.99,0,0,1,0,0:0.01/2:0.99,0,0:0.01/2:0.99,0,0,0:0.01/1:0.99,2,1,0,1,0:0.01/2:0.99,0,2,0:0.09/1:0.91,0,2,0,0,0,0,0,0,0:0.09/1:0.91,0:0.09/1:0.91,1,0:0.09/2:0.91,2,0,0:0.01/2:0.99,1,0,0,0,0:0.09/1:0.91,0,0,0:0.01/1:0.99,0:0.01/2:0.99,0,0:0.09/1:0.91,1,0,0:0.09/1:0.91,0,0:0.01/2:0.99,1,0,2,0:0.09/1:0.91,0:0.01/1:0.99,1,2,0,1,0,0:0.09/1:0.91,0,0:0.01/1:0.99,1,0:0.09/2:0.91,1,2,0,0:0.01/2:0.99,0,1,0:0.01/2:0.99,0:0.01/1:0.99,0:0.09/2:0.91,0,1,0,0:0.09/1:0.91,0,0,2,0,0,0:0.01/2:0.99,0,0:0.09/2:0.91,1,2,0,2,0:0.01/1:0.99,0,2,0,0,0,0:0.01/2:0.99,1,2,0:0.01/1:0.99,0,2,0,0,0,0,0,0,2,0,2,0,0,0,2,0,0,1,0:0.09/2:0.91,0,0,2,0:0.09/2:0.91,2,0:0.01/2:0.99,0,2,0:0.01/2:0.99,0:0.01/1:0.99,2,2,0,2,0,2,2,1,0:0.01/1:0.99,2,0,1,0:0.01/2:0.99,0,0,0,2,0,1,0:0.01/2:0.99,0,0:0.01/1:0.99,1,0:0.09/1:0.91,0:0.01/1:0.99,1,1,0,0,0:0.01/1:0.99,0:0.01/1:0.99,0,2,0:0.01/2:0.99,0,0:0.01/1:0.99,0:0.01/1:0.99,0,1,2
211_16,0,1,1,0,1,0,2,2,0,1,2,2,0,2,1,1,0,2,0,2,0,1,1,2,0,0,0,1,2,2,0,2,0,0,1,0,2,0,2,1,1,1,2,1,0,1,2,2,2,1,2,2,1,0,2,0,0,1,1,1,1,2,2,0,2,1,0,0,0,1,0,0,1,2,2,1,1,0,1,0,2,1,0,2,1,1,1,2,0,1,0,1,0,1,1,2,1,2,0,2,0,1,2,1,2,0,1,0,1,0,0,2,0,0,2,0,2,1,2,2,2,1,0,2,0,1,0,2,1,2,1,0,2,0,2,0,2,0,1,2,0,2,0,2,0,2,0,0,1,2,2,0,2,2,2,2,1,2,2,1,2,2,0,2,1,2,2,1,1,2,0,1,2,0,0,0,2,0,1,2,0,1,1,1,1,1,1,0,0,1,1,0,2,2,1,1,1,0,1,2
216_18,0,1,1,0,1,0,2,2,0,1,2,2,0,2,1,1,0,2,0,2,0,1,1,2,0,0,0,1,2,2,0,2,0,0,1,0,2,0,2,1,1,1,2,1,0,1,2,2,2,1,2,2,1,0,2,0,0,1,1,1,1,2,2,0,2,1,0,0,0,1,0,0,1,2,2,1,1,0,1,0,2,1,0,2,1,1,1,2,0,1,0,1,0,1,1,2,1,2,0,2,0,1,2,1,2,0,1,0,1,0,0,2,0,0,2,0,2,1,2,2,2,1,0,2,0,1,0,2,1,2,1,0,2,0,2,0,2,0,1,2,0,2,0,2,0,2,0,0,1,2,2,0,2,2,2,2,1,2,2,1,2,2,0,2,1,2,2,1,1,2,0,1,2,0,0,0,2,0,1,2,0,1,1,1,1,1,1,0,0,1,1,0,2,2,1,1,1,0,1,2
216_17,0,1,1,0,1,0,2,2,0,1,2,2,0,2,1,1,0,2,0,2,0,1,1,2,0,0,0,1,2,2,0,2,0,0,1,0,2,0,2,1,1,1,2,1,0,1,2,2,2,1,2,2,1,0,2,0,0,1,1,1,1,2,2,0,2,1,0,0,0,1,0,0,1,2,2,1,1,0,1,0,2,1,0,2,1,1,1,2,0,1,0,1,0,1,1,2,1,2,0,2,0,1,2,1,2,0,1,0,1,0,0,2,0,0,2,0,2,1,2,2,2,1,0,2,0,1,0,2,1,2,1,0,2,0,2,0,2,0,1,2,0,2,0,2,0,2,0,0,1,2,2,0,2,2,2,2,1,2,2,1,2,2,0,2,1,2,2,1,1,2,0,1,2,0,0,0,2,0,1,2,0,1,1,1,1,1,1,0,0,1,1,0,2,2,1,1,1,0,1,2
203_16,0,1,1,0,1,0,2,1,0,1,0,2,0,2,1,1,1,2,1,2,0,1,1,0,1,0,0,1,2,2,2,2,0,0,1,0,2,0,2,0,2,1,2,1,0,1,2,0,2,1,0,2,0,2,0,0,0,0,1,1,1,2,2,1,2,1,0,0,0,1,0,0,1,2,1,1,1,0,1,0,2,1,0,2,1,1,1,2,0,1,0,1,0,1,1,2,1,2,0,2,0,1,2,1,2,0,1,0,1,0,0,2,0,0,2,0,2,1,2,0,2,1,0,2,0,2,0,2,1,2,1,0,2,0,0,0,1,0,0,2,0,2,0,0,0,2,0,0,1,2,1,0,2,2,2,2,2,2,2,1,2,2,0,2,0,2,2,1,1,2,0,1,2,0,0,0,2,1,1,2,0,1,1,1,1,1,1,0,0,1,1,2,2,2,0,1,1,0,1,2
216_20,0,1,1,0,1,0,2,1,0,1,0,2,0,2,1,1,1,2,1,2,0,1,1,0,1,0,0,1,2,2,2,2,0,0,1,0,2,0,2,0,2,1,2,1,0,1,2,0,2,1,0,2,0,2,0,0,0,0,1,1,1,2,2,1,2,1,0,0,0,1,0,0,1,2,1,1,1,0,1,0,2,1,0,2,1,1,1,2,0,1,0,1,0,1,1,2,1,2,0,2,0,1,2,1,2,0,1,0,1,0,0,2,0,0,2,0,2,1,2,0,2,1,0,2,0,2,0,2,1,2,1,0,2,0,0,0,1,0,0,2,0,2,0,0,0,2,0,0,1,2,1,0,2,2,2,2,2,2,2,1,2,2,0,2,0,2,2,1,1,2,0,1,2,0,0,0,2,1,1,2,0,1,1,1,1,1,1,0,0,1,1,2,2,2,0,1,1,0,1,2
216_19,0,1,1,0,1,0,2,1,0,1,0,2,0,2,1,1,1,2,1,2,0,1,1,0,1,0,0,1,2,2,2,2,0,0,1,0,2,0,2,0,2,1,2,1,0,1,2,0,2,1,0,2,0,2,0,0,0,0,1,1,1,2,2,1,2,1,0,0,0,1,0,0,1,2,1,1,1,0,1,0,2,1,0,2,1,1,1,2,0,1,0,1,0,1,1,2,1,2,0,2,0,1,2,1,2,0,1,0,1,0,0,2,0,0,2,0,2,1,2,0,2,1,0,2,0,2,0,2,1,2,1,0,2,0,0,0,1,0,0,2,0,2,0,0,1,2,0,0,1,2,1,0,2,2,2,2,2,2,2,1,2,2,0,2,0,2,2,1,1,2,0,1,2,0,0,0,2,1,1,2,0,1,1,1,1,1,1,0,0,1,1,2,2,2,0,1,1,0,1,2
139_10,0,0,0,0,1,0:0.03/2:0.97,2,0,0,0,0,2,0,2,1,0,0,0,0,2,0,1,1,0,0,0,0:0.03/2:0.97,0,0,0,0,2,0,0,1,0,2,0,2,0,0:0.03/2:0.97,1,2,1,0:0.03/1:0.97,1,2,0:0.03/1:0.97,2,0:0.03/2:0.97,0,2,0:0.03/2:0.97,0,0,0:0.03/1:0.97,0,0,0,0,1,0,2,0,2,1,0,0,0,0:0.03/2:0.97,0,0,1,2,0,0,1,0,0,0,2,1,0,2,0,1,1,2,0,1,0,0:0.03/2:0.97,0:0.03/2:0.97,1,1,0,1,2,0,2,0,1,2,1,0,0,1,0,0,0,0,2,0:0.03/1:0.97,0,2,0:0.03/2:0.97,0,1,2,0,2,1,0,2,0:0.03/2:0.97,0,0,2,1,2,1,0,2,0,0:0.03/2:0.97,0,0,0:0.03/1:0.97,0,2,0,2,0,0,0,2,0:0.03/2:0.97,0:0.03/1:0.97,1,0:0.03/1:0.97,0,0,2,0:0.03/1:0.97,2,2,0:0.03/1:0.97,2,2,1,2,2,0,2,0,2,2,1,1,2,0,1,2,0:0.03/2:0.97,0,0:0.03/1:0.97,2,0,1,2,0,1,1,0,1,1,1,0,0,1,1,0:0.03/2:0.97,2,2,0,1,1,0:0.03/1:0.97,1,2
203_17,0,0,2,0,1,2,2,1,0,0,0,2,0,2,1,0,0,0,0,2,0,1,1,0,0,0,2,0,0,0,2,2,0,0,1,0,2,2,2,0,2,1,2,1,1,1,2,1,2,2,2,2,2,0,2,1,0,0,0,0,1,0,2,0,2,1,2,0,0,2,0,0,1,2,0,0,1,0,0,0,2,1,2,2,0,1,1,2,0,1,0,2,2,1,1,0,1,2,0,2,2,1,2,1,0,0,1,0,0,0,0,2,1,0,2,2,1,1,2,0,2,1,0,2,2,0,0,2,1,2,1,0,2,2,2,0,0,1,0,2,2,2,0,0,1,2,2,1,1,1,0,0,2,1,2,2,1,2,2,1,2,2,0,2,2,2,2,1,1,2,0,1,2,2,0,1,2,2,1,2,0,1,1,1,1,1,1,0,0,1,1,2,2,2,2,1,1,1,1,2
216_22,0,0,2,0,1,2,2,1,0,0,0,2,0,2,1,0,0,0,0,2,0,1,1,0,0,0,2,0,0,0,2,2,0,0,1,0,2,2,2,0,2,1,2,1,1,1,2,1,2,2,2,2,2,0,2,1,0,0,0,0,1,0,2,0,2,1,2,0,0,2,0,0,1,2,0,0,1,0,0,0,2,1,2,2,0,1,1,2,0,1,0,2,2,1,1,0,1,2,0,2,2,1,2,1,0,0,1,0,0,0,0,2,1,0,2,2,1,1,2,0,2,1,0,2,2,0,0,2,1,2,1,0,2,2,2,0,0,1,0,2,2,2,0,0,1,2,2,1,1,1,0,0,2,1,2,2,1,2,2,1,2,2,0,2,2,2,2,1,1,2,0,1,2,2,0,1,2,2,1,2,0,1,1,1,1,1,1,0,0,1,1,2,2,2,2,1,1,1,1,2
216_21,0,0,2,0,1,2,2,1,0,0,0,2,0,2,1,0,0,0,0,2,0,1,1,1,0,0,2,0,0,0,2,2,0,0,1,0,2,2,2,0,2,1,2,1,1,1,2,1,2,2,2,2,2,0,2,1,0,0,0,0,1,0,2,0,2,1,2,0,0,2,0,0,1,2,0,0,1,0,0,0,2,1,2,2,0,1,1,2,0,1,0,2,2,1,1,0,1,2,0,2,2,1,2,1,0,0,1,0,0,0,0,2,1,0,2,2,1,1,2,0,2,1,0,2,2,0,0,2,1,2,1,0,2,2,2,0,0,1,0,2,2,2,0,0,1,2,2,1,1,1,0,0,2,1,2,2,1,2,2,1,2,2,0,2,2,2,2,1,1,2,0,1,2,2,0,1,2,2,1,2,0,1,1,1,1,1,1,0,0,1,1,2,2,2,2,1,1,1,1,2
193_16,0,0,0,0,1,2,2,0,0,0,0:0.01/1:0.99,2,0,2,1,0,0,0,0,2,0,1,1,0:0.01/2:0.99,0,0,2,0,0,0,0,2,0,0,1,0:0.01/1:0.99,2,0,2,0,2,1,2,1,1,1,2,1,2,2,0,2,2,0,0,1,0,0,0,0,1,0,2,0,2,1,0,0,0,2,0,0,1,2,0,0,1,0,0,0,2,1,0,2,0,1,1,2,0,1,0,2,2,1,1,0,1,2,0,2,0:0.01/1:0.99,1,2,1,0,0,1,0,0,0,0,2,1,0,2,2,0,1,2,0,2,1,0,2,2,0,0,2,1,2,1,0:0.01/1:0.99,2,0,2,0:0.01/2:0.99,0,1,0,2,0,2,0,0,0,2,2,1,1,1,0,0,2,1,2,2,1,2,2,1,2,2,0,2,0,2,2,1,1,2,0,1,2,2,0,1,2,0,1,2,0,1,1,0,1,1,1,0,0,1,1,2,2,2,0,1,1,1,1,2
216_24,0,0,2,0,1,2,2,0,0,0,1,2,0,2,1,0,0,0,0,2,0,1,1,2,0,0,2,0,0,0,0,2,0,0,1,1,2,0,2,0,2,1,2,1,1,1,2,1,2,2,0,2,2,0,2,1,0,0,0,0,1,0,2,0,2,1,0,0,0,2,0,0,1,2,0,0,1,0,0,0,2,1,0,2,0,1,1,2,0,1,0,2,2,1,1,0,1,2,0,2,1,1,2,1,0,0,1,0,0,0,0,2,1,0,2,2,0,1,2,0,2,1,0,2,2,0,0,2,1,2,1,1,2,0,2,2,0,1,0,2,0,2,0,0,0,2,2,1,1,1,0,0,2,1,2,2,1,2,2,1,2,2,0,2,0,2,2,1,1,2,0,1,2,2,2,1,2,0,1,2,0,1,1,0,1,1,1,0,0,1,1,2,2,2,0,1,1,1,1,2
216_23,0,0,0,0,1,2,2,0,0,0,1,2,0,2,1,0,0,0,0,2,0,1,1,2,0,0,2,0,0,0,0,2,2,0,1,1,2,0,2,0,2,1,2,1,1,1,2,1,2,2,0,2,2,0,0,1,0,0,0,0,1,2,2,0,2,1,0,0,0,2,0,1,1,2,0,0,1,0,0,0,2,1,0,2,0,1,1,2,0,1,0,2,2,1,1,0,1,2,0,2,1,1,2,1,0,0,1,0,0,0,0,2,1,0,2,2,0,1,2,0,2,1,0,2,2,0,0,2,1,2,1,1,2,0,2,2,0,1,2,2,0,2,0,0,0,2,2,1,1,1,0,0,2,1,2,2,1,2,2,1,2,2,0,2,0,2,2,1,1,2,0,1,2,2,0,1,2,0,1,2,0,1,1,1,1,1,1,0,0,1,1,2,2,2,0,1,1,1,1,2
78_3,0,0,0,0,0:0.02/1:0.98,0,0,0,0,0:0.15/1:0.85,0,0:0.02/2:0.98,0,0,0:0.02/1:0.98,0,0:0.15/2:0.85,0:0.15/2:0.85,0,0:0.02/2:0.98,0,0:0.15/2:0.85,0:0.02/1:0.98,0,0:0.15/1:0.85,0,0:0.15/2:0.85,0,0,0,0:0.15/2:0.85,0,0:0.15/2:0.85,0,0:0.02/1:0.98,0,0,0,0:0.15/1:0.85,0:0.15/1:0.85,0,0,0:0.02/2:0.98,0:0.02/1:0.98,0:0.15/2:0.85,0:0.02/1:0.98,0,0:0.15/2:0.85,0:0.02/2:0.98,0,0,0:0.02/2:0.98,0,0,0,0,0,0,0:0.15/2:0.85,0:0.15/1:0.85,0:0.02/1:0.98,0:0.15/1:0.85,0:0.02/2:0.98,0,0,0:0.02/1:0.98,0,0:0.15/2:0.85,0,0,0,0,0,0,0,0:0.15/2:0.85,0:0.02/1:0.98,0:0.15/2:0.85,0:0.15/1:0.85,0,0,0:0.02/1:0.98,0:0.15/2:0.85,0:0.02/2:0.98,0,0:0.15/2:0.85,0:0.02/1:0.98,0:0.02/2:0.98,0,0:0.02/1:0.98,0,0,0,0,0:0.02/1:0.98,0,0:0.02/1:0.98,0:0.02/2:0.98,0,0,0,0:0.02/1:0.98,0:0.15/1:0.85,0,0,0:0.15/1:0.85,0:0.02/1:0.98,0,0,0,0:0.15/2:0.85,0:0.02/2:0.98,0:0.15/2:0.85,0,0:0.15/1:0.85,0,0:0.15/2:0.85,0:0.02/1:0.98,0:0.02/2:0.98,0,0:0.02/2:0.98,0:0.15/2:0.85,0:0.15/2:0.85,0:0.02/2:0.98,0:0.15/1:0.85,0,0:0.15/2:0.85,0,0:0.02/1:0.98,0:0.02/2:0.98,0,0,0:0.02/2:0.98,0,0,0:0.15/2:0.85,0:0.15/1:0.85,0,0:0.15/2:0.85,0:0.02/2:0.98,0,0:0.02/2:0.98,0:0.15/1:0.85,0,0,0:0.02/2:0.98,0,0,0:0.02/1:0.98,0,0,0,0:0.02/2:0.98,0,0:0.02/2:0.98,0,0:0.15/2:0.85,0:0.02/2:0.98,0,0,0:0.02/2:0.98,0:0.02/2:0.98,0:0.15/2:0.85,0:0.02/2:0.98,0,0:0.02/2:0.98,0:0.02/2:0.98,0:0.02/1:0.98,0,0:0.02/2:0.98,0,0:0.02/1:0.98,0,0,0:0.15/1:0.85,0:0.15/2:0.85,0:0.02/2:0.98,0,0:0.02/1:0.98,0:0.15/1:0.85,0,0:0.15/2:0.85,0:0.02/1:0.98,0,0:0.15/2:0.85,0:0.02/1:0.98,0:0.02/1:0.98,0,0:0.15/1:0.85,0:0.15/2:0.85,0,0,0:0.02/2:0.98,0,0,0:0.15/2:0.85,0,0:0.15/1:0.85,0:0.02/1:0.98,0:0.02/2:0.98
216_13,0,0,0,0,1,0,0,0,2,1,0,2,2,0,1,0,2,2,0,2,0,2,1,0,1,0,2,0,0,0,2,1,2,0,1,0,0,0,1,1,2,2,2,1,2,1,0,2,2,1,2,2,0,2,2,0,2,2,2,1,1,1,2,1,0,1,1,2,0,0,2,1,0,0,0,2,1,2,1,0,0,1,2,2,0,2,1,2,0,1,1,0,0,2,1,1,1,2,2,2,0,1,1,2,0,1,1,0,1,1,2,2,2,0,1,1,2,1,2,1,2,2,2,2,1,0,2,0,1,2,0,1,2,0,0,2,1,0,2,2,0,2,1,0,0,2,2,1,1,0,0,1,2,1,2,0,2,2,0,0,2,2,2,2,0,2,2,1,0,2,2,1,1,0,1,2,2,0,1,1,0,2,1,0,2,1,1,1,1,2,0,0,2,0,0,2,0,1,1,2
204_14,1,2,0,1,1,0,0,0,0,1,2,2,0,0,1,2,2,2,0,2,1,2,1,1,1,2,2,0,0,0,2,2,2,0,1,0,2,2,1,1,0,0,2,1,2,1,0,2,2,0,1,2,0,1,0,0,1,0,2,1,1,1,2,2,2,1,0,2,0,0,0,0,0,0,1,2,1,2,1,0,0,1,2,2,2,2,1,2,0,1,2,1,1,1,1,0,1,2,0,0,0,1,1,0,0,1,1,0,0,2,2,2,2,2,1,0,2,1,2,0,2,2,2,2,1,0,2,0,1,2,1,0,2,0,0,2,1,2,2,2,0,2,1,1,2,2,0,0,1,0,0,2,2,0,2,0,2,2,0,0,2,2,2,2,2,2,2,1,0,2,0,1,0,1,1,2,2,1,1,1,2,2,1,0,2,1,1,0,1,2,0,0,2,0,0,2,2,1,1,2
216_16,1,2,0,1,1,0,0,0,0,1,2,2,0,0,1,2,2,2,0,2,1,2,1,1,1,2,2,0,0,0,2,2,2,0,1,0,2,2,1,1,0,0,2,1,2,1,0,2,2,0,1,2,0,1,0,0,1,0,2,1,1,1,2,2,2,1,0,2,0,0,0,0,0,1,1,2,1,2,1,0,0,1,2,2,2,2,1,2,0,1,2,1,1,1,1,0,1,2,0,0,0,1,1,0,0,1,1,0,0,2,2,2,2,2,1,0,2,1,2,0,2,2,2,2,1,0,2,0,1,2,1,0,2,0,0,2,1,2,2,2,0,2,1,1,2,2,0,0,1,0,0,2,2,0,2,0,2,2,0,0,2,2,2,2,2,2,2,1,0,2,0,1,0,1,1,2,2,1,1,1,2,2,1,1,2,1,1,0,1,2,0,0,2,0,0,2,2,1,1,2
216_15,1,2,0,1,1,0,0,0,0,1,2,2,0,0,1,2,2,2,0,2,1,2,1,1,1,2,2,0,0,0,2,2,2,0,1,0,2,2,1,1,0,0,2,1,2,1,0,2,2,0,1,2,0,1,0,0,1,0,2,1,1,1,2,2,2,1,0,2,0,0,0,0,0,0,1,2,1,2,1,0,0,1,2,2,2,2,1,2,0,1,2,1,1,1,1,0,1,2,0,0,0,1,1,0,0,1,1,0,0,2,2,2,2,2,1,0,2,1,2,0,2,2,2,2,1,0,2,0,1,2,1,0,2,0,0,2,1,2,2,2,0,2,1,1,2,2,0,0,1,0,0,2,2,0,2,0,2,2,0,0,2,2,2,2,2,2,2,1,0,2,0,1,0,1,1,2,2,1,1,1,2,2,1,0,2,1,1,0,1,2,0,0,2,0,1,2,2,1,1,2
