cell,r0,r1,r2,r3,r4,r5,r6,r7,r8,r9,r10,r11,r12,r13,r14,r15,r16,r17,r18,r19,r20,r21,r22,r23,r24,r25,r26,r27,r28,r29,r30,r31,r32,r33,r34,r35,r36,r37,r38,r39,r40,r41,r42,r43,r44,r45,r46,r47,r48,r49,r50,r51,r52,r53,r54,r55,r56,r57,r58,r59,r60,r61,r62,r63,r64,r65,r66,r67,r68,r69,r70,r71,r72,r73,r74,r75,r76,r77,r78,r79,r80,r81,r82,r83,r84,r85,r86,r87,r88,r89,r90,r91,r92,r93,r94,r95,r96,r97,r98,r99,r100,r101,r102,r103,r104,r105,r106,r107,r108,r109,r110,r111,r112,r113,r114,r115,r116,r117,r118,r119,r120,r121,r122,r123,r124,r125,r126,r127,r128,r129,r130,r131,r132,r133,r134,r135,r136,r137,r138,r139,r140,r141,r142,r143,r144,r145,r146,r147,r148,r149,r150,r151,r152,r153,r154,r155,r156,r157,r158,r159,r160,r161,r162,r163,r164,r165,r166,r167,r168,r169,r170,r171,r172,r173,r174,r175,r176,r177,r178,r179,r180,r181,r182,r183,r184,r185,r186,r187,r188,r189,r190,r191,r192,r193,r194,r195,r196,r197,r198,r199
I0,0,0,0,0,0,0,0,0,0,0,0,0,0,0,0,0,0,0,0,0,0,0,0,0,0,0,0,0,0,0,0,0,0,0,0,0,0,0,0,0,0,0,0,0,0,0,0,0,0,0,0,0,0,0,0,0,0,0,0,0,0,0,0,0,0,0,0,0,0,0,0,0,0,0,0,0,0,0,0,0,0,0,0,0,0,0,0,0,0,0,0,0,0,0,0,0,0,0,0,0,0,0,0,0,0,0,0,0,0,0,0,0,0,0,0,0,0,0,0,0,0,0,0,0,0,0,0,0,0,0,0,0,0,0,0,0,0,0,0,0,0,0,0,0,0,0,0,0,0,0,0,0,0,0,0,0,0,0,0,0,0,0,0,0,0,0,0,0,0,0,0,0,0,0,0,0,0,0,0,0,0,0,0,0,0,0,0,0,0,0,0,0,0,0,0,0,0,0,0,0
I1,0,0,0,1,1,0,2,0,1,1,0,1,1,1,1,1,1,1,0,0,0,0,2,2,0,2,1,1,0,1,0,1,0,2,0,0,0,0,1,0,0,0,0,2,0,0,0,0,0,0,0,0,0,0,1,0,1,0,1,2,2,2,0,0,1,2,1,1,0,1,2,1,0,0,0,2,1,2,0,0,0,0,0,0,2,2,2,1,0,2,0,0,0,1,0,0,0,2,0,0,0,0,0,0,0,2,1,0,0,0,0,1,0,0,0,2,0,0,0,2,2,0,0,0,2,0,2,0,0,0,0,0,0,0,0,2,0,2,0,0,2,0,0,2,1,1,2,0,1,2,0,0,1,0,0,0,1,2,0,0,1,0,0,2,0,0,2,0,0,2,1,2,0,0,1,1,0,0,0,0,0,1,2,0,0,0,2,2,1,0,0,1,0,1,1,0,1,1,0,0
I2,0,0,0,1,1,0,2,1,1,1,0,1,1,1,1,1,1,1,0,0,0,0,2,2,0,2,1,1,0,1,0,1,0,2,0,2,1,1,1,0,0,2,0,2,0,0,0,0,0,0,0,0,0,0,1,0,1,0,1,2,2,2,1,0,1,2,1,1,0,1,2,1,1,2,0,2,1,2,0,0,0,0,1,1,2,2,2,1,0,2,0,0,2,1,0,0,1,2,2,1,2,0,0,0,1,2,1,2,0,0,0,1,2,1,0,2,0,0,0,2,2,0,0,2,2,0,2,0,0,2,2,0,0,0,0,2,0,2,0,2,2,0,0,2,1,1,2,0,1,2,0,2,1,0,1,0,1,2,0,0,1,0,1,2,0,0,2,0,1,2,1,2,2,1,1,1,0,0,0,1,1,1,2,0,0,0,2,2,1,0,0,1,0,1,1,0,1,1,0,2
I3,0,0,1,1,1,0,2,1,1,1,0,1,1,1,1,1,1,1,0,0,1,0,2,2,0,2,1,1,0,1,0,1,0,2,0,2,1,1,1,0,0,2,0,2,0,0,0,0,0,0,0,0,0,0,1,2,1,0,1,2,2,2,1,1,1,2,1,1,0,1,2,1,1,2,0,2,1,2,0,0,0,0,1,1,2,2,2,1,0,2,0,1,2,1,0,2,1,2,2,1,2,0,0,0,1,2,1,2,0,0,0,1,2,1,2,2,0,2,0,2,2,0,0,2,2,0,2,0,0,2,2,0,0,0,0,2,0,2,0,2,2,0,0,2,1,1,2,1,1,2,0,2,1,0,1,0,1,2,0,2,1,0,1,2,0,0,2,0,1,2,1,2,2,1,1,1,0,0,0,1,1,1,2,1,0,0,2,2,1,2,0,1,0,1,1,0,1,1,0,2
216_6,0,0,1,1,1,0,2,1,1,1,0,1,1,1,1,1,1,1,0,0,1,0,2,2,0,2,1,1,0,1,0,1,0,2,0,2,1,1,1,0,0,2,0,2,0,0,0,0,0,0,0,0,0,0,1,2,1,0,1,2,2,2,1,1,1,2,1,1,0,1,2,1,1,2,0,2,1,2,0,0,0,0,1,1,2,2,2,1,0,2,0,1,2,1,0,2,1,2,2,1,2,0,0,0,1,2,1,2,0,0,0,1,2,1,2,2,0,2,0,2,2,0,1,2,2,0,2,0,1,2,2,0,0,0,0,2,0,2,0,2,2,0,0,2,1,1,2,1,1,2,0,2,1,0,1,0,1,2,0,2,1,0,1,2,0,0,2,0,1,2,1,2,2,1,1,1,0,0,0,1,1,1,2,1,0,0,2,2,1,2,0,1,0,1,1,0,1,1,0,2
216_5,0,0,1,1,1,0,2,1,1,1,0,1,1,1,1,1,1,1,0,0,1,0,2,2,0,2,1,1,0,1,0,1,0,2,0,2,1,1,1,0,0,2,0,2,0,0,0,0,0,0,0,0,0,0,1,2,1,0,1,2,2,2,1,1,1,2,1,1,0,1,2,1,1,2,0,2,1,2,0,0,0,0,1,1,2,2,2,1,0,2,0,1,2,1,0,2,1,2,2,1,2,0,0,0,1,2,1,2,0,1,0,1,2,1,2,2,0,2,0,2,2,0,0,2,2,0,2,0,1,2,2,0,0,0,0,2,0,2,0,2,2,0,0,2,1,1,2,1,1,2,0,2,1,0,1,0,1,2,0,2,1,0,1,2,0,0,2,0,1,2,1,2,2,1,1,1,0,0,0,1,1,1,2,1,0,0,2,2,1,2,0,1,0,1,1,0,1,1,0,2
I4,0,0,0,1,1,0,2,1,1,1,0,1,1,1,1,1,1,1,0,2,2,0,2,2,2,2,1,1,0,1,0,1,0,2,0,2,1,1,1,0,0,2,0,2,1,0,0,0,0,1,1,0,0,2,1,0,1,0,1,2,2,2,1,0,1,2,1,1,1,1,2,1,1,2,2,2,1,2,0,0,0,2,1,1,2,2,2,1,0,2,0,0,2,1,0,0,1,2,2,1,2,0,2,1,1,2,1,2,0,1,2,1,2,1,0,2,0,0,0,2,2,1,0,2,2,0,2,2,0,2,2,2,0,0,0,2,0,2,2,2,2,0,0,2,1,1,2,0,1,2,0,2,1,0,1,0,1,2,0,0,1,0,1,2,0,0,2,0,1,2,1,2,2,1,1,1,0,0,1,1,1,1,2,2,0,2,2,2,1,0,1,1,0,1,1,0,1,1,0,2
216_8,0,0,0,1,1,0,2,1,1,1,0,1,1,1,1,1,1,1,0,2,2,0,2,2,2,2,1,1,0,1,0,1,0,2,0,2,1,1,1,0,0,2,0,2,1,0,0,0,0,1,1,0,0,2,1,0,1,0,1,2,2,2,1,0,1,2,1,1,1,1,2,1,1,2,2,2,1,2,0,0,0,2,1,1,2,2,2,1,0,2,0,0,2,1,0,0,1,2,2,1,2,0,2,1,1,2,1,2,0,1,2,1,2,1,0,2,2,0,0,2,2,1,0,2,2,0,2,2,0,2,2,2,0,0,0,2,2,2,2,2,2,0,0,2,1,1,2,0,1,2,0,2,1,0,1,0,1,2,0,0,1,0,1,2,0,0,2,0,1,2,1,2,2,1,1,1,0,0,1,1,1,1,2,2,0,2,2,2,1,0,1,1,0,1,1,0,1,1,0,2
216_7,0,0,0,1,1,0,2,1,1,1,0,1,1,1,1,1,1,1,0,2,2,0,2,2,2,2,1,1,2,1,0,1,2,2,0,2,1,1,1,0,0,2,0,2,1,0,0,0,0,1,1,0,0,2,1,0,1,0,1,2,2,2,1,0,1,2,1,1,1,1,2,1,1,2,2,2,1,2,0,0,0,2,1,1,2,2,2,1,0,2,0,1,2,1,0,0,1,2,2,1,2,0,2,1,1,2,1,2,0,1,2,1,2,1,0,2,0,0,0,2,2,1,0,2,2,0,2,2,0,2,2,2,0,0,0,2,0,2,2,2,2,0,0,2,1,1,2,0,1,2,0,2,1,0,1,0,1,2,0,0,1,0,1,2,0,0,2,0,1,2,1,2,2,1,1,1,0,0,1,1,1,1,2,2,0,2,2,2,1,0,1,1,0,1,1,0,1,1,0,2
I5,1,0,2,1,1,0,2,0,1,1,0,1,1,1,1,1,1,1,0,0,0,0,2,2,0,2,1,1,2,1,0,1,0,2,0,0,0,0,1,0,0,0,0,2,1,0,0,1,0,0,0,0,2,0,1,0,1,0,1,2,2,2,0,0,1,2,1,1,0,1,2,1,0,2,0,2,1,2,2,0,0,0,0,0,2,2,2,1,0,2,0,0,0,1,0,0,0,2,0,0,1,0,0,0,0,2,1,0,1,0,0,1,0,1,0,2,0,0,0,2,2,1,0,0,2,2,2,2,0,2,0,1,0,0,0,2,0,2,0,0,2,0,0,2,1,1,2,0,1,2,0,0,1,0,2,0,1,2,0,0,1,0,2,2,1,1,2,0,1,2,1,2,0,0,1,1,0,0,2,0,0,1,2,0,0,0,2,2,1,0,0,1,0,1,1,0,1,1,1,0
I6,1,0,2,1,1,0,2,0,1,1,0,1,1,1,1,1,1,1,0,0,1,0,2,2,0,2,1,1,2,1,0,1,1,2,0,1,0,0,1,0,0,0,0,2,1,0,0,1,0,0,0,1,2,0,1,0,1,0,1,2,2,2,0,0,1,2,1,1,0,1,2,1,0,2,2,2,1,2,2,0,0,0,0,2,2,2,2,1,2,2,0,0,0,1,0,0,0,2,0,0,1,0,0,0,0,2,1,0,1,0,0,1,0,1,0,2,0,0,0,2,2,1,0,2,2,2,2,2,0,2,2,1,0,0,1,2,0,2,0,0,2,0,2,2,1,1,2,0,1,2,0,0,1,0,2,0,1,2,0,0,1,0,2,2,1,1,2,1,1,2,1,2,0,0,1,1,1,0,2,0,0,1,2,0,0,1,2,2,1,0,0,1,1,1,1,0,1,1,1,0
216_4,1,0,2,1,1,0,2,0,1,1,0,1,1,1,1,1,1,1,0,0,1,0,2,2,0,2,1,1,2,1,0,1,1,2,0,1,0,0,1,0,0,0,0,2,1,0,0,1,0,0,0,1,2,0,1,0,1,0,1,2,2,2,0,1,1,2,1,1,0,1,2,1,0,2,2,2,1,2,2,0,0,0,0,2,2,2,2,1,2,2,0,0,0,1,0,0,0,2,0,0,1,0,0,0,0,2,1,0,1,0,0,1,0,1,0,2,0,0,0,2,2,1,0,2,2,2,2,2,0,2,2,1,0,0,1,2,0,2,0,0,2,0,2,2,1,1,2,0,1,2,0,0,1,0,2,0,1,2,0,0,1,0,2,2,1,1,2,1,1,2,1,2,0,0,1,1,1,0,2,0,0,1,2,0,0,1,2,2,1,0,0,1,1,1,1,0,1,1,1,0
216_3,1,0,2,1,1,0,2,0,1,1,0,1,1,1,1,1,1,1,0,1,1,0,2,2,0,2,1,1,2,1,0,1,1,2,0,1,0,0,1,0,0,0,0,2,1,0,0,1,0,0,0,1,2,0,1,0,1,0,1,2,2,2,0,0,1,2,1,1,0,1,2,1,0,2,2,2,1,2,2,0,0,0,0,2,2,2,2,1,2,2,0,0,0,1,0,0,0,2,0,0,1,0,0,0,0,2,1,0,1,0,0,1,0,1,0,2,0,0,0,2,2,1,0,2,2,2,2,2,0,2,2,1,0,0,1,2,0,2,0,0,2,0,2,2,1,1,2,0,1,2,0,0,1,0,2,0,1,2,2,0,1,0,2,2,1,1,2,1,1,2,1,2,1,0,1,1,1,0,2,0,2,1,2,0,0,1,2,2,1,0,0,1,1,1,1,0,1,1,1,0
I7,1,0,2,1,1,2,2,0,1,1,0,1,1,1,1,1,1,1,0,0,0,0,2,2,0,2,1,1,2,1,0,1,0,2,0,0,0,0,1,0,0,2,2,2,1,0,0,1,0,0,2,2,2,0,1,0,1,0,1,2,2,2,0,0,1,2,1,1,0,1,2,1,0,2,0,2,1,2,2,0,0,2,0,0,2,2,2,1,0,2,0,1,2,1,0,0,0,2,1,0,1,0,0,0,0,2,1,0,1,0,0,1,0,1,0,2,0,0,0,2,2,1,0,0,2,2,2,2,0,2,0,1,0,0,0,2,2,2,1,0,2,0,0,2,1,1,2,0,1,2,0,0,1,1,2,0,1,2,1,0,1,0,2,2,1,1,2,0,1,2,1,2,0,0,1,1,0,0,2,0,0,1,2,0,0,0,2,2,1,0,0,1,0,1,1,0,1,1,1,0
216_2,1,0,2,1,1,2,2,0,1,1,0,1,1,1,1,1,1,1,0,0,0,0,2,2,0,2,1,1,2,1,0,1,0,2,0,0,0,0,1,0,0,2,2,2,1,0,0,1,0,0,2,2,2,0,1,2,1,0,1,2,2,2,0,0,1,2,1,1,0,1,2,1,0,2,0,2,1,2,2,0,0,2,0,0,2,2,2,1,0,2,0,1,2,1,0,0,0,2,1,0,1,1,0,0,0,2,1,0,1,0,0,1,0,1,0,2,0,0,0,2,2,1,0,2,2,2,2,2,0,2,0,1,0,0,0,2,2,2,1,0,2,0,0,2,1,1,2,0,1,2,0,0,1,1,2,0,1,2,1,0,1,0,2,2,1,1,2,0,1,2,1,2,0,0,1,1,0,0,2,0,0,1,2,1,0,0,2,2,1,1,0,1,0,1,1,0,1,1,1,0
216_1,1,0,2,1,1,2,2,0,1,1,1,1,1,1,1,1,1,1,0,0,0,0,2,2,0,2,1,1,2,1,0,1,0,2,0,0,0,0,1,0,0,2,2,2,1,1,0,1,0,0,2,2,2,0,1,0,1,0,1,2,2,2,0,0,1,2,1,1,0,1,2,1,0,2,0,2,1,2,2,0,2,2,0,0,2,2,2,1,0,2,0,1,2,1,0,0,0,2,1,0,1,0,0,1,0,2,1,0,1,0,0,1,0,1,0,2,0,0,0,2,2,1,0,0,2,2,2,2,0,2,0,1,0,0,0,2,2,2,1,0,2,0,0,2,1,1,2,0,1,2,0,0,1,1,2,1,1,2,1,2,1,0,2,2,1,1,2,0,1,2,1,2,0,0,1,1,0,0,2,0,0,1,2,0,0,0,2,2,1,0,0,1,2,1,1,0,1,1,1,0
I8,0,0,0,0,1,0,0,0,0,0,0,2,0,0,1,0,0,0,0,2,0,0,1,0,0,0,0,0,0,0,0,0,0,0,1,0,0,0,0,0,0,0,0,1,0,1,0,0,2,0,0,2,0,0,0,0,0,0,0,0,0,0,2,0,0,1,0,0,0,0,0,0,0,0,0,0,1,0,0,0,0,1,0,0,0,0,1,2,0,0,0,0,0,0,0,0,1,2,0,0,0,1,0,0,0,0,0,0,0,0,0,2,0,0,0,0,0,0,2,0,2,0,0,2,0,0,0,0,1,2,0,0,2,0,0,0,0,0,0,2,0,2,0,0,0,2,0,0,1,0,0,0,2,0,0,0,0,0,0,0,2,2,0,2,0,2,2,1,0,2,0,1,0,0,0,0,2,0,1,0,0,0,1,0,0,0,0,0,0,0,0,0,2,0,0,0,0,0,1,2
I9,0,0,0,0,1,0,2,0,0,0,0,2,0,2,1,0,0,0,0,2,0,1,1,0,0,0,0,0,0,0,0,0,0,0,1,0,2,0,2,0,0,1,2,1,0,1,2,0,2,0,0,2,0,0,0,0,0,0,0,0,1,0,2,0,2,1,0,0,0,0,0,0,1,2,0,0,1,0,0,0,2,1,0,2,0,1,1,2,0,1,0,0,0,1,1,0,1,2,0,2,0,1,2,1,0,0,1,0,0,0,0,2,0,0,0,0,0,1,2,0,2,1,0,2,0,0,0,2,1,2,1,0,2,0,0,0,0,0,0,2,0,2,0,0,0,2,0,0,1,0,0,0,2,0,2,2,0,2,2,1,2,2,0,2,0,2,2,1,1,2,0,1,2,0,0,0,2,0,1,2,0,1,1,0,1,1,1,0,0,1,1,0,2,2,0,1,1,0,1,2
I10,0,1,1,0,1,0,2,0,0,1,0,2,0,2,1,1,0,2,0,2,0,1,1,0,0,0,0,1,2,2,0,2,0,0,1,0,2,0,2,0,0,1,2,1,0,1,2,0,2,0,0,2,0,0,0,0,0,0,1,1,1,2,2,0,2,1,0,0,0,1,0,0,1,2,0,1,1,0,1,0,2,1,0,2,1,1,1,2,0,1,0,1,0,1,1,2,1,2,0,2,0,1,2,1,2,0,1,0,1,0,0,2,0,0,2,0,2,1,2,0,2,1,0,2,0,0,0,2,1,2,1,0,2,0,0,0,0,0,0,2,0,2,0,0,0,2,0,0,1,2,0,0,2,2,2,2,0,2,2,1,2,2,0,2,0,2,2,1,1,2,0,1,2,0,0,0,2,0,1,2,0,1,1,1,1,1,1,0,0,1,1,0,2,2,0,1,1,0,1,2
I11,0,1,1,0,1,0,2,2,0,1,2,2,0,2,1,1,0,2,0,2,0,1,1,2,0,0,0,1,2,2,0,2,0,0,1,0,2,0,2,1,1,1,2,1,0,1,2,2,2,1,2,2,1,0,2,0,0,1,1,1,1,2,2,0,2,1,0,0,0,1,0,0,1,2,2,1,1,0,1,0,2,1,0,2,1,1,1,2,0,1,0,1,0,1,1,2,1,2,0,2,0,1,2,1,2,0,1,0,1,0,0,2,0,0,2,0,2,1,2,2,2,1,0,2,0,1,0,2,1,2,1,0,2,0,2,0,2,0,1,2,0,2,0,2,0,2,0,0,1,2,2,0,2,2,2,2,1,2,2,1,2,2,0,2,1,2,2,1,1,2,0,1,2,0,0,0,2,0,1,2,0,1,1,1,1,1,1,0,0,1,1,0,2,2,1,1,1,0,1,2
216_18,0,1,1,0,1,0,2,2,0,1,2,2,0,2,1,1,0,2,0,2,0,1,1,2,0,0,0,1,2,2,0,2,0,0,1,0,2,0,2,1,1,1,2,1,0,1,2,2,2,1,2,2,1,0,2,0,0,1,1,1,1,2,2,0,2,1,0,0,0,1,0,0,1,2,2,1,1,0,1,0,2,1,0,2,1,1,1,2,0,1,0,1,0,1,1,2,1,2,0,2,0,1,2,1,2,0,1,0,1,0,0,2,0,0,2,0,2,1,2,2,2,1,0,2,0,1,0,2,1,2,1,0,2,0,2,0,2,0,1,2,0,2,0,2,0,2,0,0,1,2,2,0,2,2,2,2,1,2,2,1,2,2,0,2,1,2,2,1,1,2,0,1,2,0,0,0,2,0,1,2,0,1,1,1,1,1,1,0,0,1,1,0,2,2,1,1,1,0,1,2
216_17,0,1,1,0,1,0,2,2,0,1,2,2,0,2,1,1,0,2,0,2,0,1,1,2,0,0,0,1,2,2,0,2,0,0,1,0,2,0,2,1,1,1,2,1,0,1,2,2,2,1,2,2,1,0,2,0,0,1,1,1,1,2,2,0,2,1,0,0,0,1,0,0,1,2,2,1,1,0,1,0,2,1,0,2,1,1,1,2,0,1,0,1,0,1,1,2,1,2,0,2,0,1,2,1,2,0,1,0,1,0,0,2,0,0,2,0,2,1,2,2,2,1,0,2,0,1,0,2,1,2,1,0,2,0,2,0,2,0,1,2,0,2,0,2,0,2,0,0,1,2,2,0,2,2,2,2,1,2,2,1,2,2,0,2,1,2,2,1,1,2,0,1,2,0,0,0,2,0,1,2,0,1,1,1,1,1,1,0,0,1,1,0,2,2,1,1,1,0,1,2
I12,0,1,1,0,1,0,2,1,0,1,0,2,0,2,1,1,1,2,1,2,0,1,1,0,1,0,0,1,2,2,2,2,0,0,1,0,2,0,2,0,2,1,2,1,0,1,2,0,2,1,0,2,0,2,0,0,0,0,1,1,1,2,2,1,2,1,0,0,0,1,0,0,1,2,1,1,1,0,1,0,2,1,0,2,1,1,1,2,0,1,0,1,0,1,1,2,1,2,0,2,0,1,2,1,2,0,1,0,1,0,0,2,0,0,2,0,2,1,2,0,2,1,0,2,0,2,0,2,1,2,1,0,2,0,0,0,1,0,0,2,0,2,0,0,0,2,0,0,1,2,1,0,2,2,2,2,2,2,2,1,2,2,0,2,0,2,2,1,1,2,0,1,2,0,0,0,2,1,1,2,0,1,1,1,1,1,1,0,0,1,1,2,2,2,0,1,1,0,1,2
216_20,0,1,1,0,1,0,2,1,0,1,0,2,0,2,1,1,1,2,1,2,0,1,1,0,1,0,0,1,2,2,2,2,0,0,1,0,2,0,2,0,2,1,2,1,0,1,2,0,2,1,0,2,0,2,0,0,0,0,1,1,1,2,2,1,2,1,0,0,0,1,0,0,1,2,1,1,1,0,1,0,2,1,0,2,1,1,1,2,0,1,0,1,0,1,1,2,1,2,0,2,0,1,2,1,2,0,1,0,1,0,0,2,0,0,2,0,2,1,2,0,2,1,0,2,0,2,0,2,1,2,1,0,2,0,0,0,1,0,0,2,0,2,0,0,0,2,0,0,1,2,1,0,2,2,2,2,2,2,2,1,2,2,0,2,0,2,2,1,1,2,0,1,2,0,0,0,2,1,1,2,0,1,1,1,1,1,1,0,0,1,1,2,2,2,0,1,1,0,1,2
216_19,0,1,1,0,1,0,2,1,0,1,0,2,0,2,1,1,1,2,1,2,0,1,1,0,1,0,0,1,2,2,2,2,0,0,1,0,2,0,2,0,2,1,2,1,0,1,2,0,2,1,0,2,0,2,0,0,0,0,1,1,1,2,2,1,2,1,0,0,0,1,0,0,1,2,1,1,1,0,1,0,2,1,0,2,1,1,1,2,0,1,0,1,0,1,1,2,1,2,0,2,0,1,2,1,2,0,1,0,1,0,0,2,0,0,2,0,2,1,2,0,2,1,0,2,0,2,0,2,1,2,1,0,2,0,0,0,1,0,0,2,0,2,0,0,1,2,0,0,1,2,1,0,2,2,2,2,2,2,2,1,2,2,0,2,0,2,2,1,1,2,0,1,2,0,0,0,2,1,1,2,0,1,1,1,1,1,1,0,0,1,1,2,2,2,0,1,1,0,1,2
I13,0,0,0,0,1,2,2,0,0,0,0,2,0,2,1,0,0,0,0,2,0,1,1,0,0,0,2,0,0,0,0,2,0,0,1,0,2,0,2,0,2,1,2,1,1,1,2,1,2,2,0,2,2,0,0,1,0,0,0,0,1,0,2,0,2,1,0,0,0,2,0,0,1,2,0,0,1,0,0,0,2,1,0,2,0,1,1,2,0,1,0,2,2,1,1,0,1,2,0,2,0,1,2,1,0,0,1,0,0,0,0,2,1,0,2,2,0,1,2,0,2,1,0,2,2,0,0,2,1,2,1,0,2,0,2,0,0,1,0,2,0,2,0,0,0,2,2,1,1,0,0,0,2,1,2,2,1,2,2,1,2,2,0,2,0,2,2,1,1,2,0,1,2,2,0,1,2,0,1,2,0,1,1,0,1,1,1,0,0,1,1,2,2,2,0,1,1,1,1,2
I14,0,0,2,0,1,2,2,1,0,0,0,2,0,2,1,0,0,0,0,2,0,1,1,0,0,0,2,0,0,0,2,2,0,0,1,0,2,2,2,0,2,1,2,1,1,1,2,1,2,2,2,2,2,0,2,1,0,0,0,0,1,0,2,0,2,1,2,0,0,2,0,0,1,2,0,0,1,0,0,0,2,1,2,2,0,1,1,2,0,1,0,2,2,1,1,0,1,2,0,2,2,1,2,1,0,0,1,0,0,0,0,2,1,0,2,2,1,1,2,0,2,1,0,2,2,0,0,2,1,2,1,0,2,2,2,0,0,1,0,2,2,2,0,0,1,2,2,1,1,1,0,0,2,1,2,2,1,2,2,1,2,2,0,2,2,2,2,1,1,2,0,1,2,2,0,1,2,2,1,2,0,1,1,1,1,1,1,0,0,1,1,2,2,2,2,1,1,1,1,2
216_22,0,0,2,0,1,2,2,1,0,0,0,2,0,2,1,0,0,0,0,2,0,1,1,0,0,0,2,0,0,0,2,2,0,0,1,0,2,2,2,0,2,1,2,1,1,1,2,1,2,2,2,2,2,0,2,1,0,0,0,0,1,0,2,0,2,1,2,0,0,2,0,0,1,2,0,0,1,0,0,0,2,1,2,2,0,1,1,2,0,1,0,2,2,1,1,0,1,2,0,2,2,1,2,1,0,0,1,0,0,0,0,2,1,0,2,2,1,1,2,0,2,1,0,2,2,0,0,2,1,2,1,0,2,2,2,0,0,1,0,2,2,2,0,0,1,2,2,1,1,1,0,0,2,1,2,2,1,2,2,1,2,2,0,2,2,2,2,1,1,2,0,1,2,2,0,1,2,2,1,2,0,1,1,1,1,1,1,0,0,1,1,2,2,2,2,1,1,1,1,2
216_21,0,0,2,0,1,2,2,1,0,0,0,2,0,2,1,0,0,0,0,2,0,1,1,1,0,0,2,0,0,0,2,2,0,0,1,0,2,2,2,0,2,1,2,1,1,1,2,1,2,2,2,2,2,0,2,1,0,0,0,0,1,0,2,0,2,1,2,0,0,2,0,0,1,2,0,0,1,0,0,0,2,1,2,2,0,1,1,2,0,1,0,2,2,1,1,0,1,2,0,2,2,1,2,1,0,0,1,0,0,0,0,2,1,0,2,2,1,1,2,0,2,1,0,2,2,0,0,2,1,2,1,0,2,2,2,0,0,1,0,2,2,2,0,0,1,2,2,1,1,1,0,0,2,1,2,2,1,2,2,1,2,2,0,2,2,2,2,1,1,2,0,1,2,2,0,1,2,2,1,2,0,1,1,1,1,1,1,0,0,1,1,2,2,2,2,1,1,1,1,2
I15,0,0,0,0,1,2,2,0,0,0,1,2,0,2,1,0,0,0,0,2,0,1,1,2,0,0,2,0,0,0,0,2,0,0,1,1,2,0,2,0,2,1,2,1,1,1,2,1,2,2,0,2,2,0,0,1,0,0,0,0,1,0,2,0,2,1,0,0,0,2,0,0,1,2,0,0,1,0,0,0,2,1,0,2,0,1,1,2,0,1,0,2,2,1,1,0,1,2,0,2,1,1,2,1,0,0,1,0,0,0,0,2,1,0,2,2,0,1,2,0,2,1,0,2,2,0,0,2,1,2,1,1,2,0,2,2,0,1,0,2,0,2,0,0,0,2,2,1,1,1,0,0,2,1,2,2,1,2,2,1,2,2,0,2,0,2,2,1,1,2,0,1,2,2,0,1,2,0,1,2,0,1,1,0,1,1,1,0,0,1,1,2,2,2,0,1,1,1,1,2
216_24,0,0,2,0,1,2,2,0,0,0,1,2,0,2,1,0,0,0,0,2,0,1,1,2,0,0,2,0,0,0,0,2,0,0,1,1,2,0,2,0,2,1,2,1,1,1,2,1,2,2,0,2,2,0,2,1,0,0,0,0,1,0,2,0,2,1,0,0,0,2,0,0,1,2,0,0,1,0,0,0,2,1,0,2,0,1,1,2,0,1,0,2,2,1,1,0,1,2,0,2,1,1,2,1,0,0,1,0,0,0,0,2,1,0,2,2,0,1,2,0,2,1,0,2,2,0,0,2,1,2,1,1,2,0,2,2,0,1,0,2,0,2,0,0,0,2,2,1,1,1,0,0,2,1,2,2,1,2,2,1,2,2,0,2,0,2,2,1,1,2,0,1,2,2,2,1,2,0,1,2,0,1,1,0,1,1,1,0,0,1,1,2,2,2,0,1,1,1,1,2
216_23,0,0,0,0,1,2,2,0,0,0,1,2,0,2,1,0,0,0,0,2,0,1,1,2,0,0,2,0,0,0,0,2,2,0,1,1,2,0,2,0,2,1,2,1,1,1,2,1,2,2,0,2,2,0,0,1,0,0,0,0,1,2,2,0,2,1,0,0,0,2,0,1,1,2,0,0,1,0,0,0,2,1,0,2,0,1,1,2,0,1,0,2,2,1,1,0,1,2,0,2,1,1,2,1,0,0,1,0,0,0,0,2,1,0,2,2,0,1,2,0,2,1,0,2,2,0,0,2,1,2,1,1,2,0,2,2,0,1,2,2,0,2,0,0,0,2,2,1,1,1,0,0,2,1,2,2,1,2,2,1,2,2,0,2,0,2,2,1,1,2,0,1,2,2,0,1,2,0,1,2,0,1,1,1,1,1,1,0,0,1,1,2,2,2,0,1,1,1,1,2
I16,0,0,0,0,1,0,0,0,0,0,0,2,0,0,1,0,2,2,0,2,0,2,1,0,1,0,2,0,0,0,2,0,2,0,1,0,0,0,1,0,0,0,2,1,0,1,0,2,2,0,0,2,0,0,0,0,0,0,2,1,1,1,2,0,0,1,0,2,0,0,0,0,0,0,0,2,1,2,0,0,0,1,0,2,0,2,1,2,0,0,0,0,0,0,1,0,1,2,0,0,0,1,1,0,0,1,0,0,0,0,2,2,2,0,1,0,0,1,2,0,2,2,0,2,1,0,2,0,1,2,0,0,2,0,0,2,0,0,2,2,0,2,1,0,0,2,0,0,1,0,0,0,2,0,2,0,2,0,0,0,2,2,2,2,0,2,2,1,0,2,0,1,0,0,1,2,2,0,1,1,0,2,1,0,2,1,1,0,0,2,0,0,2,0,0,2,0,1,1,2
216_13,0,0,0,0,1,0,0,0,2,1,0,2,2,0,1,0,2,2,0,2,0,2,1,0,1,0,2,0,0,0,2,1,2,0,1,0,0,0,1,1,2,2,2,1,2,1,0,2,2,1,2,2,0,2,2,0,2,2,2,1,1,1,2,1,0,1,1,2,0,0,2,1,0,0,0,2,1,2,1,0,0,1,2,2,0,2,1,2,0,1,1,0,0,2,1,1,1,2,2,2,0,1,1,2,0,1,1,0,1,1,2,2,2,0,1,1,2,1,2,1,2,2,2,2,1,0,2,0,1,2,0,1,2,0,0,2,1,0,2,2,0,2,1,0,0,2,2,1,1,0,0,1,2,1,2,0,2,2,0,0,2,2,2,2,0,2,2,1,0,2,2,1,1,0,1,2,2,0,1,1,0,2,1,0,2,1,1,1,1,2,0,0,2,0,0,2,0,1,1,2
I17,1,2,0,1,1,0,0,0,0,1,2,2,0,0,1,2,2,2,0,2,1,2,1,1,1,2,2,0,0,0,2,2,2,0,1,0,2,2,1,1,0,0,2,1,2,1,0,2,2,0,1,2,0,1,0,0,1,0,2,1,1,1,2,2,2,1,0,2,0,0,0,0,0,0,1,2,1,2,1,0,0,1,2,2,2,2,1,2,0,1,2,1,1,1,1,0,1,2,0,0,0,1,1,0,0,1,1,0,0,2,2,2,2,2,1,0,2,1,2,0,2,2,2,2,1,0,2,0,1,2,1,0,2,0,0,2,1,2,2,2,0,2,1,1,2,2,0,0,1,0,0,2,2,0,2,0,2,2,0,0,2,2,2,2,2,2,2,1,0,2,0,1,0,1,1,2,2,1,1,1,2,2,1,0,2,1,1,0,1,2,0,0,2,0,0,2,2,1,1,2
216_16,1,2,0,1,1,0,0,0,0,1,2,2,0,0,1,2,2,2,0,2,1,2,1,1,1,2,2,0,0,0,2,2,2,0,1,0,2,2,1,1,0,0,2,1,2,1,0,2,2,0,1,2,0,1,0,0,1,0,2,1,1,1,2,2,2,1,0,2,0,0,0,0,0,1,1,2,1,2,1,0,0,1,2,2,2,2,1,2,0,1,2,1,1,1,1,0,1,2,0,0,0,1,1,0,0,1,1,0,0,2,2,2,2,2,1,0,2,1,2,0,2,2,2,2,1,0,2,0,1,2,1,0,2,0,0,2,1,2,2,2,0,2,1,1,2,2,0,0,1,0,0,2,2,0,2,0,2,2,0,0,2,2,2,2,2,2,2,1,0,2,0,1,0,1,1,2,2,1,1,1,2,2,1,1,2,1,1,0,1,2,0,0,2,0,0,2,2,1,1,2
216_15,1,2,0,1,1,0,0,0,0,1,2,2,0,0,1,2,2,2,0,2,1,2,1,1,1,2,2,0,0,0,2,2,2,0,1,0,2,2,1,1,0,0,2,1,2,1,0,2,2,0,1,2,0,1,0,0,1,0,2,1,1,1,2,2,2,1,0,2,0,0,0,0,0,0,1,2,1,2,1,0,0,1,2,2,2,2,1,2,0,1,2,1,1,1,1,0,1,2,0,0,0,1,1,0,0,1,1,0,0,2,2,2,2,2,1,0,2,1,2,0,2,2,2,2,1,0,2,0,1,2,1,0,2,0,0,2,1,2,2,2,0,2,1,1,2,2,0,0,1,0,0,2,2,0,2,0,2,2,0,0,2,2,2,2,2,2,2,1,0,2,0,1,0,1,1,2,2,1,1,1,2,2,1,0,2,1,1,0,1,2,0,0,2,0,1,2,2,1,1,2
Evolve tree: [&R] ((((216_15:0.025021985992257887,216_16:0.025021985992257887)I17:0.4579962875036051,216_13:0.48301827349586307)I16:0.3091561623973909,(((216_23:0.05002953623636411,216_24:0.05002953623636411)I15:0.15779049910292656,(216_21:0.027210879208705078,216_22:0.027210879208705078)I14:0.18060915613058565)I13:0.24759477417416847,((216_19:0.027210879208705078,216_20:0.027210879208705078)I12:0.17355147078237765,(216_17:0.010152125877506683,216_18:0.010152125877506683)I11:0.19061022411357606)I10:0.2546524595223765)I9:0.33675962637979473)I8:0.27755598589337716,(((216_1:0.08237888326446041,216_2:0.08237888326446041)I7:0.13622873647042336,(216_3:0.05480284044900492,216_4:0.05480284044900492)I6:0.16380477928587883)I5:0.24224515702119304,((216_7:0.04766967359496056,216_8:0.04766967359496056)I4:0.1637192138302328,(216_5:0.03840571657315253,216_6:0.03840571657315253)I3:0.17298317085204085)I2:0.2494638893308834)I1:0.6088776450305543)I0:0;