[&R] (((((216_5:0.002,216_6:1.002)211_5:6.3,(216_7:1.002,216_8:0.002)211_6:8.3)173_4:9.776,(216_9:4.349,216_10:10.349)176_6:18.729)124_2:34.689,((216_3:5.354,216_4:9.354)171_2:12.422,(216_1:10.456,216_2:6.456)176_1:10.32)126_1:40.992)57_1:70.232)I0;
I0,0,0,0,0,0,0,0,0,0,0,0,0,0,0,0,0,0,0,0,0,0,0,0,0,0,0,0,0,0,0,0,0,0,0,0,0,0,0,0,0,0,0,0,0,0,0,0,0,0,0,0,0,0,0,0,0,0,0,0,0,0,0,0,0,0,0,0,0,0,0,0,0,0,0,0,0,0,0,0,0,0,0,0,0,0,0,0,0,0,0,0,0,0,0,0,0,0,0,0,0,0,0,0,0,0,0,0,0,0,0,0,0,0,0,0,0,0,0,0,0,0,0,0,0,0,0,0,0,0,0,0,0,0,0,0,0,0,0,0,0,0,0,0,0,0,0,0,0,0,0,0,0,0,0,0,0,0,0,0,0,0,0,0,0,0,0,0,0,0,0,0,0,0,0,0,0,0,0,0,0,0,0,0,0,0,0,0,0,0,0,0,0,0,0,0,0,0,0,0,0
57_1,0,0:0.08/2:0.92,0:0.08/2:0.92,0:0.08/2:0.92,0:0.08/1:0.92,0,0,0,0,0:0.08/2:0.92,0,0:0.08/1:0.92,0,0:0.08/2:0.92,0:0.08/1:0.92,0,0:0.08/1:0.92,0:0.08/2:0.92,0,0:0.08/1:0.92,0,0:0.08/1:0.92,0,0:0.08/1:0.92,0,0:0.08/2:0.92,0:0.08/2:0.92,0,0,0,0:0.08/2:0.92,0,0,0:0.08/2:0.92,0,0,0:0.08/2:0.92,0:0.08/1:0.92,0:0.08/1:0.92,0,0,0,0:0.08/1:0.92,0,0:0.08/2:0.92,0,0,0:0.08/1:0.92,0,0,0,0:0.08/2:0.92,0,0:0.08/2:0.92,0,0,0,0:0.08/1:0.92,0,0:0.08/2:0.92,0,0,0:0.08/1:0.92,0,0:0.08/1:0.92,0:0.08/2:0.92,0:0.08/2:0.92,0,0,0:0.08/1:0.92,0:0.08/2:0.92,0,0,0:0.08/1:0.92,0:0.08/1:0.92,0,0:0.08/1:0.92,0:0.08/2:0.92,0,0,0,0:0.08/2:0.92,0,0,0:0.08/2:0.92,0,0,0:0.08/2:0.92,0,0,0:0.08/1:0.92,0,0:0.08/2:0.92,0,0:0.08/2:0.92,0,0,0,0,0,0:0.08/1:0.92,0:0.08/2:0.92,0:0.08/1:0.92,0,0:0.08/1:0.92,0:0.08/2:0.92,0,0,0,0,0:0.08/2:0.92,0,0,0,0,0:0.08/2:0.92,0,0:0.08/2:0.92,0,0,0,0,0,0,0,0:0.08/2:0.92,0,0,0,0,0:0.08/1:0.92,0,0:0.08/1:0.92,0:0.08/1:0.92,0,0,0,0,0,0,0:0.08/1:0.92,0:0.08/1:0.92,0,0:0.08/2:0.92,0:0.08/1:0.92,0:0.08/2:0.92,0,0:0.08/2:0.92,0,0,0,0,0:0.08/2:0.92,0,0,0,0:0.08/1:0.92,0:0.08/1:0.92,0:0.08/1:0.92,0,0,0,0,0,0,0:0.08/1:0.92,0:0.08/2:0.92,0,0,0:0.08/1:0.92,0,0,0,0,0:0.08/1:0.92,0:0.08/2:0.92,0:0.08/1:0.92,0,0,0,0,0:0.08/1:0.92,0:0.08/1:0.92,0,0,0,0,0,0,0,0,0,0,0,0,0,0,0:0.08/2:0.92,0:0.08/1:0.92,0:0.08/1:0.92
126_1,0,2,2,2,1,0,0,0:0.02/1:0.98,0,2,0:0.02/1:0.98,1,0:0.02/2:0.98,2,1,0,1,2,0,1,0:0.02/2:0.98,1,0:0.02/2:0.98,1,0,2,2,0:0.02/2:0.98,0,0,2,0,0:0.02/2:0.98,2,0,0,2,1,1,0,0,0,1,0,2,0,0,1,0,0,0,2,0:0.02/2:0.98,2,0,0:0.02/2:0.98,0,1,0,2,0,0:0.02/2:0.98,1,0,1,2,2,0,0,1,2,0,0,1,1,0,1,2,0,0,0,2,0,0,2,0,0,2,0,0,1,0,2,0:0.02/2:0.98,2,0,0:0.02/1:0.98,0,0,0,1,2,1,0,1,2,0:0.02/2:0.98,0:0.02/2:0.98,0,0,2,0,0,0,0,2,0,2,0,0:0.02/2:0.98,0:0.02/2:0.98,0,0:0.02/2:0.98,0:0.02/1:0.98,0:0.02/1:0.98,2,0,0,0,0:0.02/2:0.98,1,0,1,1,0:0.02/2:0.98,0:0.02/1:0.98,0,0:0.02/2:0.98,0:0.02/1:0.98,0,1,1,0,2,1,2,0,2,0,0,0,0:0.02/2:0.98,2,0:0.02/2:0.98,0,0,1,1,1,0,0:0.02/2:0.98,0,0:0.02/2:0.98,0:0.02/1:0.98,0,1,2,0,0:0.02/1:0.98,1,0,0,0,0:0.02/2:0.98,1,2,1,0,0,0,0:0.02/1:0.98,1,1,0,0:0.02/1:0.98,0,0,0:0.02/1:0.98,0,0,0,0:0.02/1:0.98,0,0:0.02/1:0.98,0,0,0,2,1,1
176_1,0,2,2,2,1,0,0:0.04/1:0.96,1,0,2,1,1,2,2,1,0,1,2,0,1,2,1,2,1,0,2,2,2,0,0,2,0,2,2,0,0,2,1,1,0,0,0,1,0,2,0:0.04/2:0.96,0,1,0,0,0,2,2,2,0,2,0,1,0,2,0,2,1,0,1,2,2,0,0:0.04/1:0.96,1,2,0,0,1,1,0,1,2,0,0,0,2,0,0,2,0,0,2,0,0,1,0:0.04/1:0.96,2,2,2,0,1,0:0.04/1:0.96,0,0,1,2,1,0:0.04/1:0.96,1,2,2,2,0,0,2,0,0,0,0,2,0,2,0,2,2,0,2,1,1,2,0,0,0,2,1,0,1,1,2,1,0:0.04/2:0.96,2,1,0,1,1,0,2,1,2,0,2,0,0,0,2,2,2,0,0,1,1,1,0:0.04/1:0.96,2,0,2,1,0,1,2,0,1,1,0,0,0,2,1,2,1,0,0,0,1,1,1,0,1,0:0.04/1:0.96,0,1,0,0,0,1,0,1,0:0.04/1:0.96,0,0,2,1,1
216_2,0,2,2,2,1,0,1,1,0,2,1,1,2,2,1,0,1,2,0,1,2,1,2,1,0,2,2,2,0,0,2,0,2,2,0,0,2,1,1,0,0,0,1,0,2,2,0,1,0,0,0,2,2,2,0,2,0,1,0,2,0,2,1,0,1,2,2,0,1,1,2,0,0,1,1,0,1,2,0,0,0,2,2,0,2,0,1,2,0,0,1,1,2,2,2,0,1,1,0,0,1,2,1,1,1,2,2,2,0,0,2,0,0,0,0,2,0,2,0,2,2,0,2,1,1,2,0,0,2,2,1,0,1,1,2,1,2,2,1,0,1,1,0,2,1,2,0,2,0,0,0,2,2,2,0,2,1,1,1,1,2,0,2,1,0,1,2,0,1,1,2,0,0,2,1,2,1,0,0,0,1,1,1,0,1,1,0,1,0,0,0,1,2,1,1,0,0,2,1,1
216_1,0,2,2,2,1,0,1,1,1,2,1,1,2,2,1,0,1,2,0,1,2,1,2,1,0,2,2,2,0,0,2,0,2,2,0,0,2,1,1,0,1,0,1,0,2,2,0,1,2,0,0,2,2,2,2,2,0,1,0,2,0,2,1,2,1,2,2,0,1,1,2,0,0,1,1,0,1,2,0,0,0,2,0,0,2,1,0,2,0,0,1,1,2,2,2,0,1,1,0,2,1,2,1,1,1,2,2,2,0,0,2,0,0,2,0,2,0,2,0,2,2,0,2,1,1,2,0,0,0,2,1,0,1,1,2,1,2,2,1,0,1,1,0,2,1,2,0,2,0,0,0,2,2,2,0,0,1,1,1,1,2,0,2,1,0,1,2,0,1,1,0,0,0,2,1,2,1,0,0,0,1,1,1,0,1,1,0,1,0,1,2,1,0,1,1,0,0,2,1,1
171_2,0,2,2,2,1,0,0,1,0,2,1,1,2,2,1,0,1,2,0:0.03/2:0.97,1,2,1,2,1,0,2,2,2,0,0,2,0,2,2,0,0,2,1,1,0,0,0,1,0,2,0,0:0.03/2:0.97,1,0:0.03/1:0.97,0,0,2,2,2,0,2,0,1,0,2,0,2,1,0,1,2,2,0:0.03/2:0.97,0,1,2,0,0:0.03/2:0.97,1,1,0,1,2,0:0.03/1:0.97,0,0,2,0,0:0.03/2:0.97,2,0,0,2,0,0,1,0,2,2,2,0,1,0,0:0.03/2:0.97,0,1,2,1,0,1,2,2,2,0,0,2,0,0,0,0,2,0,2,0:0.03/1:0.97,2,2,0,2,1,1,2,0,0,0,2,1,0,1,1,2,1,0,2,1,0,1,1,0,2,1,2,0,2,0:0.03/1:0.97,0,0:0.03/2:0.97,2,2,2,0,0,1,1,1,0,2,0,2,1,0,1,2,0,1,1,0,0,0,2,1,2,1,0,0,0:0.03/1:0.97,1,1,1,0,1,0,0,1,0,0,0,1,0,1,0,0,0,2,1,1
216_4,0,2,2,2,1,0,0,1,1,2,1,1,2,2,1,0,1,2,2,1,2,1,2,1,0,2,2,2,0,0,2,0,2,2,0,0,2,1,1,0,0,2,1,0,2,0,2,1,1,0,0,2,2,2,1,2,0,1,0,2,0,2,1,0,1,2,2,2,0,1,2,0,2,1,1,0,1,2,1,0,0,2,0,2,2,0,0,2,0,0,1,0,2,2,2,0,1,1,2,0,1,2,1,0,1,2,2,2,0,0,2,0,1,2,0,2,0,2,1,2,2,2,2,1,1,2,0,0,0,2,1,0,1,1,2,1,0,2,1,0,1,1,0,2,1,2,0,2,1,0,2,2,2,2,0,2,1,1,1,0,2,0,2,1,0,1,2,0,1,1,0,0,0,2,1,2,1,0,0,1,1,1,1,0,1,0,0,1,0,0,0,1,0,1,0,0,1,2,1,1
216_3,0,2,2,2,1,2,0,1,0,2,1,1,2,2,1,0,1,2,2,1,2,1,2,1,0,2,2,2,0,0,2,0,2,2,0,0,2,1,1,0,0,0,1,0,2,0,2,1,1,0,0,2,2,2,0,2,0,1,0,2,0,2,1,0,1,2,2,2,0,1,2,0,2,1,1,0,1,2,1,0,0,2,2,2,2,0,2,2,0,0,1,0,2,2,2,0,1,0,2,0,1,2,1,0,1,2,2,2,0,0,2,0,0,1,0,2,0,2,1,2,2,0,2,1,1,2,0,0,0,2,1,0,1,1,2,1,0,2,1,0,1,1,0,2,1,2,0,2,1,0,2,2,2,2,0,0,1,1,1,0,2,0,2,1,0,1,2,0,1,1,0,0,0,2,1,2,1,0,2,1,1,1,1,0,1,0,0,1,0,0,0,1,0,1,0,0,0,2,1,1
124_2,0,2,2,2,1,0,0,0,0:0.03/2:0.97,2,0,1,0,2,1,0,1,2,0,1,0:0.03/1:0.97,1,0,1,0:0.03/1:0.97,2,2,0,0,0,2,0:0.03/1:0.97,0,2,0,0,2,1,1,0,0,0,1,0,2,0,0:0.03/2:0.97,1,0,0,0,2,0,2,0,0:0.03/1:0.97,0,1,0:0.03/1:0.97,2,0,0,1,0,1,2,2,0,0,1,2,0,0:0.03/2:0.97,1,1,0,1,2,0,0,0,2,0,0:0.03/1:0.97,2,0,0,2,0,0,1,0:0.03/2:0.97,2,0,2,0,0,0,0:0.03/1:0.97,0,1,2,1,0:0.03/1:0.97,1,2,0,0,0,0,2,0,0,0,0,2,0:0.03/1:0.97,2,0,0,0,0,0,0:0.03/2:0.97,0,2,0:0.03/2:0.97,0:0.03/1:0.97,0:0.03/2:0.97,0,1,0,1,1,0,0,0,0,0,0:0.03/2:0.97,1,1,0:0.03/1:0.97,2,1,2,0:0.03/1:0.97,2,0:0.03/1:0.97,0:0.03/2:0.97,0,0,2,0,0,0,1,1,1,0:0.03/2:0.97,0,0:0.03/1:0.97,0,0,0,1,2,0:0.03/2:0.97,0,1,0,0,0,0,1,2,1,0:0.03/1:0.97,0,0,0,1,1,0:0.03/1:0.97,0,0,0,0:0.03/2:0.97,0,0,0,0,0:0.03/1:0.97,0,0,0,0:0.03/1:0.97,2,1,1
176_6,0,2,2,2,1,0:0.02/1:0.98,0,0,2,2,0,1,0,2,1,0,1,2,0,1,1,1,0,1,1,2,2,0,0,0,2,1,0:0.02/1:0.98,2,0,0,2,1,1,0,0,0,1,0,2,0,2,1,0:0.02/1:0.98,0:0.02/2:0.98,0,2,0:0.02/1:0.98,2,0,1,0:0.02/1:0.98,1,1,2,0:0.02/2:0.98,0,1,0,1,2,2,0,0:0.02/2:0.98,1,2,0,2,1,1,0,1,2,0,0,0:0.02/2:0.98,2,0,1,2,0,0,2,0,0,1,2,2,0,2,0,0,0,1,0,1,2,1,1,1,2,0:0.02/1:0.98,0,0,0,2,0:0.02/2:0.98,0,0,0,2,1,2,0,0,0,0,0,2,0,2,2,1,2,0,1,0,1,1,0,0,0,0,0:0.02/2:0.98,2,1,1,1,2,1,2,1,2,1,2,0,0,2,0,0,0,1,1,1,2,0:0.02/1:0.98,1,0,0:0.02/1:0.98,0,1,2,2,0,1,0,0,0,0:0.02/2:0.98,1,2,1,1,0:0.02/2:0.98,0:0.02/2:0.98,0,1,1,1,0,0,0,2,0,0,0:0.02/2:0.98,0,1,0,0,0,1,2,1,1
216_10,0,2,2,2,1,1,2,0,2,2,0,1,0,2,1,0,1,2,0,1,1,1,0,1,1,2,2,1,0,0,2,1,1,2,0,0,2,1,1,2,2,2,1,0,2,0,2,1,1,2,0,2,1,2,0,1,1,1,1,2,2,0,1,0,1,2,2,0,2,1,2,0,2,1,1,0,1,2,0,2,2,2,0,1,2,0,0,2,0,0,1,2,2,2,2,0,0,0,1,0,1,2,1,1,1,2,1,0,0,0,2,2,0,0,0,2,1,2,0,0,0,0,0,2,0,2,2,1,2,0,1,0,1,1,1,0,0,0,2,2,1,1,1,2,1,2,1,2,1,2,0,0,2,0,0,0,1,1,1,2,1,1,0,1,0,1,2,2,0,1,0,0,0,2,1,2,1,1,2,2,0,1,1,1,0,2,0,2,0,0,2,0,1,0,1,0,1,2,1,1
216_9,0,2,2,2,1,1,0,0,2,2,0,1,0,2,1,0,1,2,0,1,1,1,0,1,1,2,2,0,0,0,2,1,1,2,0,0,2,1,1,0,0,0,1,0,2,0,2,1,1,2,0,2,1,2,0,1,1,1,1,2,2,0,1,0,1,2,2,0,2,1,2,0,2,1,1,0,1,2,0,0,2,2,0,1,2,0,0,2,0,0,1,2,2,0,2,0,0,0,1,0,1,2,1,1,1,2,1,0,0,0,2,2,0,2,0,2,1,2,0,0,1,0,0,2,0,2,2,1,2,0,1,0,1,1,0,1,0,0,2,2,1,1,1,2,1,2,1,2,1,2,0,0,2,0,0,0,1,1,1,2,1,1,0,1,1,1,2,2,0,1,0,0,0,2,1,2,1,1,2,2,0,1,1,1,0,0,0,2,0,0,2,0,1,0,0,0,1,2,1,1
173_4,0,2,2,2,1,0,0,0,2,2,0,1,0,2,1,0,1,2,0,1,1,1,0,1,1,2,2,0,0,0:0.03/2:0.97,2,1,0,2,0,0,2,1,1,0,0,0,1,0,2,0,2,1,0,0,0,2,0,2,0,1,0,1,1,2,0,0,1,0,1,2,2,0,0,1,2,0:0.03/1:0.97,2,1,1,0,1,2,0,0,0,2,0,1,2,0,0,2,0,0,1,2,2,0,2,0,0,0,1,0,1,2,1,1,1,2,0,0,0,0,2,0,0,0,0,2,1,2,0,0,0:0.03/2:0.97,0,0,2,0,2,2,1,2,0,1,0,1,1,0,0:0.03/1:0.97,0,0,0,2,1,1,1,2,1,2,1,2,1,2,0:0.03/1:0.97,0,2,0,0,0,1,1,1,2,0:0.03/2:0.97,1,0,0,0,1,2,2,0,1,0,0,0,0,1,2,1,1,0:0.03/1:0.97,0,0,1,1,1,0:0.03/2:0.97,0,0,2,0,0,0,0,1,0:0.03/1:0.97,0,0,1,2,1,1
211_6,0,2,2,2,1,0,0,0,2,2,0,1,0,2,1,0,1,2,0,1,1,1,0,1,1,2,2,0,1,2,2,1,0,2,0,0,2,1,1,0,0,2,1,0,2,0,2,1,0,0,0,2,1,2,0,1,0,1,1,2,0,0,1,0,1,2,2,0,0,1,2,1,2,1,1,0,1,2,0,0,0,2,0,1,2,0,0,2,0,2,1,2,2,0,2,0,0,0,1,0,1,2,1,1,1,2,0,0,0,0,2,0,0,0,0,2,1,2,0,1,2,0,0,2,0,2,2,1,2,0,1,0,1,1,0,1,0,0,0,2,1,1,1,2,1,2,1,2,1,2,1,0,2,0,1,0,1,1,1,2,2,1,1,0,0,1,2,2,0,1,0,0,0,0,1,2,1,1,1,0,0,1,1,1,2,2,0,2,0,0,0,0,1,1,0,0,1,2,1,1
216_8,0,2,2,2,1,0,0,0,2,2,0,1,0,2,1,0,1,2,0,1,1,1,0,1,1,2,2,0,1,2,2,1,0,2,0,0,2,1,1,0,0,2,1,0,2,0,2,1,0,0,0,2,1,2,0,1,0,1,1,2,0,0,1,0,1,2,2,0,0,1,2,1,2,1,1,0,1,2,0,0,0,2,0,1,2,0,0,2,0,2,1,2,2,0,2,0,0,0,1,0,1,2,1,1,1,2,0,0,0,0,2,0,0,0,0,2,1,2,0,1,2,0,0,2,0,2,2,1,2,0,1,0,1,1,0,1,0,0,0,2,1,1,1,2,1,2,1,2,1,2,1,0,2,0,1,0,1,1,1,2,2,1,1,0,0,1,2,2,0,1,0,0,0,0,1,2,1,1,1,0,0,1,1,1,2,2,0,2,0,0,0,0,1,1,0,0,1,2,1,1
216_7,0,2,2,2,1,0,0,0,2,2,0,1,0,2,1,0,1,2,0,1,1,1,0,1,1,2,2,0,1,2,2,1,0,2,0,0,2,1,1,0,0,2,1,0,2,0,2,1,0,0,0,2,1,2,0,1,0,1,1,2,0,0,1,0,1,2,2,0,0,1,2,1,2,1,1,0,1,2,0,0,0,2,0,1,2,0,0,2,0,2,1,2,2,0,2,0,1,0,1,0,1,2,1,1,1,2,0,0,0,0,2,0,0,0,0,2,1,2,0,1,2,0,0,2,0,2,2,1,2,0,1,0,1,1,0,1,0,0,0,2,1,1,1,2,1,2,1,2,1,2,1,0,2,0,1,0,1,1,1,2,2,1,1,0,0,1,2,2,0,1,0,0,0,0,1,2,1,1,1,0,0,1,1,1,2,2,0,2,0,0,0,0,1,1,0,0,1,2,1,1
211_5,0,2,2,2,1,2,0,0,2,2,0,1,0,2,1,0,1,2,0,1,1,1,0,1,1,2,2,0,0,2,2,1,0,2,0,0,2,1,1,0,0,0,1,0,2,0,2,1,0,0,0,2,2,2,0,1,0,1,1,2,0,0,1,0,1,2,2,2,0,1,2,1,2,1,1,0,1,2,0,0,0,2,0,1,2,0,0,2,0,0,1,2,2,0,2,0,0,1,1,0,1,2,1,1,1,2,0,0,0,0,2,0,0,0,0,2,1,2,0,0,2,0,1,2,0,2,2,1,2,0,1,0,1,1,0,1,0,0,0,2,1,1,1,2,1,2,1,2,1,2,1,0,2,0,0,0,1,1,1,2,2,1,0,1,0,1,2,2,0,1,0,0,0,0,1,2,1,1,1,0,0,1,1,1,2,0,0,2,0,0,0,0,1,1,0,0,1,2,1,1
216_6,0,2,2,2,1,2,0,0,2,2,0,1,0,2,1,0,1,2,0,1,1,1,0,1,1,2,2,0,0,2,2,1,0,2,0,0,2,1,1,0,0,0,1,0,2,0,2,1,0,0,0,2,2,2,0,1,0,1,1,2,0,0,1,0,1,2,2,2,0,1,2,1,2,1,1,0,1,2,0,0,0,2,0,1,2,0,0,2,0,0,1,2,2,0,2,0,0,1,1,0,1,2,1,1,1,2,0,0,0,0,2,0,0,0,0,2,1,2,0,0,2,0,1,2,0,2,2,1,2,0,1,0,1,1,0,1,0,0,0,2,1,1,1,2,1,2,1,2,1,2,1,0,2,0,0,0,1,1,1,2,2,1,0,1,0,1,2,2,0,1,0,1,0,0,1,2,1,1,1,0,0,1,1,1,2,0,0,2,0,0,0,0,1,1,0,0,1,2,1,1
216_5,0,2,2,2,1,2,0,0,2,2,0,1,0,2,1,0,1,2,0,1,1,1,0,1,1,2,2,0,0,2,2,1,0,2,0,0,2,1,1,0,0,0,1,0,2,0,2,1,0,0,0,2,2,2,0,1,0,1,1,2,0,0,1,0,1,2,2,2,0,1,2,1,2,1,1,0,1,2,0,0,0,2,0,1,2,0,0,2,0,0,1,2,2,0,2,0,0,1,1,0,1,2,1,1,1,2,0,0,0,0,2,0,0,0,0,2,1,2,0,0,2,0,1,2,0,2,2,1,2,0,1,0,1,1,0,1,0,0,0,2,1,1,1,2,1,2,1,2,1,2,1,0,2,0,0,0,1,1,1,2,2,1,0,1,0,1,2,2,0,1,0,0,0,0,1,2,1,1,1,0,0,1,1,1,2,0,0,2,0,0,0,0,1,1,0,0,1,2,1,1
