[&R] (((((216_5:2.047,216_6:3.047)192_7:0.028,(216_7:0,216_8:0)193_9:7.075)134_4:0.004,((216_9:0,216_10:0)193_10:0,(216_11:0,216_12:0)198_13:0)137_6:8.08)68_2:0.013,((216_1:0,216_2:0)180_1:0,(216_3:0,216_4:0)185_3:0)132_1:6.092)23_1:1.908)I0;
I0,0,0,0,0,0,0,0,0,0,0
23_1,0,0:0.05/1:0.95,0,0,0,0,0,0,0,0:0.05/1:0.95
132_1,1,1,1,2,2,1,2,0,0,1
185_3,1,1,1,2,2,1,2,0,0,1
216_4,1,1,1,2,2,1,2,0,0,1
216_3,1,1,1,2,2,1,2,0,0,1
180_1,1,1,1,2,2,1,2,0,0,1
216_2,1,1,1,2,2,1,2,0,0,1
216_1,1,1,1,2,2,1,2,0,0,1
68_2,0,0:0.04/1:0.96,0,0,0,0,0,0,0,0:0.04/1:0.96
137_6,1,1,1,1,1,1,1,1,2,1
198_13,1,1,1,1,1,1,1,1,2,1
216_12,1,1,1,1,1,1,1,1,2,1
216_11,1,1,1,1,1,1,1,1,2,1
193_10,1,1,1,1,1,1,1,1,2,1
216_10,1,1,1,1,1,1,1,1,2,1
216_9,1,1,1,1,1,1,1,1,2,1
134_4,0,0:0.04/1:0.96,0,0,0,0,0,0,0,0:0.04/1:0.96
193_9,1,1,1,1,1,1,1,0,2,1
216_8,1,1,1,1,1,1,1,0,2,1
216_7,1,1,1,1,1,1,1,0,2,1
192_7,0,0:0.02/1:0.98,0,0,0,0,0,0,0,0:0.02/1:0.98
216_6,2,1,0,0,0,1,2,0,0,1
216_5,1,1,0,2,0,0,0,0,0,1
