[&R] ((((((216_3:0.001,216_4:1.001)193_2:0.001,(216_1:0,216_2:0)206_1:0.002)142_1:1.749,(216_5:0,216_6:0)191_4:3.751)106_1:3.273,(((216_9:0,216_10:0)190_6:0.048,(216_7:0,216_8:0)196_8:1.048)152_5:0.96,((216_11:0.001,216_12:1.001)194_10:0.005,216_13:2.007)155_7:0.002)108_3:4.016)60_1:1.821,((216_19:1.049,216_20:0.049)186_11:1.12,(216_15:0,216_16:0)190_9:1.169)109_6:5.676)5_1:0.155)I0;
I0,0,0,0,0,0,0,0,0,0,0
5_1,0,0,0:0.85/1:0.15,0,0,0,0,0,0,0
109_6,0:0.03/2:0.97,0:0.03/2:0.97,0:0.02/1:0.98,0,0,0:0.03/2:0.97,0,0,0:0.03/2:0.97,0:0.03/2:0.97
190_9,2,2,1,1,0,2,0,0,2,2
216_16,2,2,1,1,0,2,0,0,2,2
216_15,2,2,1,1,0,2,0,0,2,2
186_11,2,2,1,0:0.04/2:0.96,0,2,0,0,2,2
216_20,2,2,1,2,0,2,0,0,2,2
216_19,2,2,1,2,1,2,0,0,2,2
60_1,0,0,0:0.3/1:0.7,0,0:0.36/2:0.64,0,0,0,0,0:0.36/1:0.64
108_3,0,0,1,2,2,0,2,2,0,1
155_7,0,0,1,2,2,0,2,2,0,1
216_13,0,1,1,2,2,2,2,2,0,1
194_10,0,0,1,2,2,0,2,2,0,1
216_12,0,0,1,2,2,0,2,2,1,1
216_11,0,0,1,2,2,0,2,2,0,1
152_5,0:0.05/2:0.95,0,1,2,2,0,2,2,0,1
196_8,2,0,1,2,2,2,2,2,0,1
216_8,2,0,1,2,2,2,2,2,0,1
216_7,2,0,1,2,2,2,2,2,0,1
190_6,2,0,1,2,2,0,2,2,0,1
216_10,2,0,1,2,2,0,2,2,0,1
216_9,2,0,1,2,2,0,2,2,0,1
106_1,0,0,0:0.06/1:0.94,0,0:0.07/2:0.93,0:0.19/1:0.81,0:0.19/1:0.81,0:0.19/1:0.81,0,0:0.07/1:0.93
191_4,0,2,1,2,2,1,1,1,2,1
216_6,0,2,1,2,2,1,1,1,2,1
216_5,0,2,1,2,2,1,1,1,2,1
142_1,2,0,1,0,2,1,1,1,0,1
206_1,2,0,1,0,2,1,1,1,0,1
216_2,2,0,1,0,2,1,1,1,0,1
216_1,2,0,1,0,2,1,1,1,0,1
193_2,2,0,1,0,2,1,1,1,0,1
216_4,2,0,1,2,2,1,1,1,0,1
216_3,2,0,1,0,2,1,1,1,0,1
