[&R] (((((216_12:0,216_13:0)202_10:6.045,(216_10:3.043,216_11:6.043)209_10:0.003)162_8:0.013,(216_14:0,216_15:0)202_11:0.059)108_4:1.941,(((216_4:0,216_5:0)199_4:0,(216_6:0,216_7:0)202_6:0)156_5:4,(216_8:0,216_9:0)162_7:4)111_4:0)50_2:0)I0;
I0,0,0,0,0,0,0,0,0,0,0
50_2,0,0,0,0,0,0,0,0,0,0
111_4,0,0,0,0,0,0,0,0,0,0
162_7,0,1,0,0,0,0,1,0,1,2
216_9,0,1,0,0,0,0,1,0,1,2
216_8,0,1,0,0,0,0,1,0,1,2
156_5,0,2,0,1,0,0,0,0,2,1
202_6,0,2,0,1,0,0,0,0,2,1
216_7,0,2,0,1,0,0,0,0,2,1
216_6,0,2,0,1,0,0,0,0,2,1
199_4,0,2,0,1,0,0,0,0,2,1
216_5,0,2,0,1,0,0,0,0,2,1
216_4,0,2,0,1,0,0,0,0,2,1
108_4,0,0:0.03/1:0.97,0,0,0,0,0:0.03/1:0.97,0,0,0
202_11,0,1,0,0,0,0,1,0,0,0
216_15,0,1,0,0,0,0,1,0,0,0
216_14,0,1,0,0,0,0,1,0,0,0
162_8,0,0:0.02/1:0.98,0,0,0,0,0:0.02/1:0.98,0,0,0
209_10,0,0:0.02/1:0.98,0,0,0,0,0:0.02/1:0.98,0,0,0
216_11,0,1,2,1,2,0,1,1,2,1
216_10,0,1,0,2,1,1,1,0,0,0
202_10,0,1,2,1,2,0,1,1,2,1
216_13,0,1,2,1,2,0,1,1,2,1
216_12,0,1,2,1,2,0,1,1,2,1
