[&R] (((((216_5:1.003,216_6:0.003)192_7:1.121,(216_7:0.003,216_8:1.003)193_9:1.121)134_4:0.976,((216_9:0.002,216_10:1.002)193_10:1,(216_11:0,216_12:0)198_13:0.002)137_6:1.097)68_2:2.422,((216_1:0.002,216_2:1.002)180_1:1.121,(216_3:0.002,216_4:1.002)185_3:1.121)132_1:3.398)23_1:1.479)I0;
I0,0,0,0,0,0,0,0,0,0,0
23_1,0,0,0:0.26/2:0.74,0,0,0:0.26/1:0.74,0,0,0,0
132_1,0,0:0.03/1:0.97,0:0.01/2:0.99,0,0:0.03/1:0.97,0:0.01/1:0.99,0,0:0.03/2:0.97,0,0
185_3,2,1,2,0,1,1,0,2,0,0
216_4,2,1,2,0,1,1,1,2,0,0
216_3,2,1,2,0,1,1,0,2,0,0
180_1,0,1,2,0,1,1,0,2,0,1
216_2,1,1,2,0,1,1,0,2,0,1
216_1,0,1,2,0,1,1,0,2,0,1
68_2,0,0,0:0.01/2:0.99,0,0:0.04/2:0.96,0:0.01/1:0.99,0,0,0,0:0.04/2:0.96
137_6,1,0,2,0,2,1,0,0,0,2
198_13,1,0,2,0,2,1,0,0,0,2
216_12,1,0,2,0,2,1,0,0,0,2
216_11,1,0,2,0,2,1,0,0,0,2
193_10,1,2,2,0,2,1,0,0,0,2
216_10,1,2,2,0,2,1,2,0,0,2
216_9,1,2,2,0,2,1,0,0,0,2
134_4,0,0,2,0,2,1,0,0,0:0.11/2:0.89,2
193_9,2,0,2,0,2,1,0,0,2,2
216_8,2,2,2,0,2,1,0,0,2,2
216_7,2,0,2,0,2,1,0,0,2,2
192_7,0,0,2,0,2,1,2,0,2,2
216_6,0,0,2,0,2,1,2,0,2,2
216_5,0,2,2,0,2,1,2,0,2,2
