[&R] (((((((216_13:0,216_14:0)200_9:0,(216_15:0,216_16:0)203_13:0)163_4:1.001,((216_11:1.001,216_12:1.001)200_8:0,(216_9:0,216_10:0)202_7:1.001)166_4:0)120_2:0.128,(((216_1:0,216_2:0)195_1:0.087,(216_3:0,216_4:0)197_3:1.087)163_1:1.16,((216_5:0,216_6:0)207_5:0,(216_7:0,216_8:0)211_7:0)166_3:1.247)122_1:1.883)77_1:3.257,(((216_17:0,216_19:0)161_5:2.012,((216_21:1.041,216_22:0.041)201_17:2.126,216_23:0.167)164_9:0.844)125_5:0.001,((216_26:3.024,216_28:0.024)174_13:0.003,(216_31:0,216_32:0)200_21:1.027)132_7:0.986)80_3:1.373)38_1:0.968,(216_33:1.413,216_34:2.413)175_17:3.941)virtual:1.645)I0;
I0,0,0,0,0,0,0,0,0,0,0
virtual,0,0:0.18/2:0.82,0,0:0.18/2:0.82,0,0,0,0,0,0
175_17,0:0.09/2:0.91,0:0.02/2:0.98,0,0:0.02/2:0.98,0,0,0:0.09/1:0.91,0:0.09/2:0.91,0:0.09/1:0.91,0
216_34,2,2,0,2,1,1,1,2,1,0
216_33,2,2,0,2,2,0,1,2,1,0
38_1,0,0:0.05/2:0.95,0,0:0.05/2:0.95,0,0,0,0,0:0.29/2:0.71,0
80_3,0,2,0,2,0,0,0,0,2,0:0.01/2:0.99
132_7,0,2,0,2,0,0,0:0.03/1:0.97,0,2,2
200_21,0,2,2,2,0,0,1,0,2,2
216_32,0,2,2,2,0,0,1,0,2,2
216_31,0,2,2,2,0,0,1,0,2,2
174_13,0,2,0,2,0,0,0:0.02/1:0.98,0,2,2
216_28,0,2,0,2,0,0,1,0,2,2
216_26,2,2,0,2,2,0,1,1,2,2
125_5,0,2,0,2,0,0,0,0,2,0:0.01/2:0.99
164_9,0,2,0,2,0,0,0:0.17/2:0.83,0,2,2
216_23,0,2,0,2,0,0,2,0,2,2
201_17,0:0.02/2:0.98,2,0,2,0,0,2,0:0.02/2:0.98,2,2
216_22,2,2,0,2,0,0,2,2,2,2
216_21,2,2,1,2,0,0,2,2,2,2
161_5,0,2,0,2,2,0,0,1,2,2
216_19,0,2,0,2,2,0,0,1,2,2
216_17,0,2,0,2,2,0,0,1,2,2
77_1,0,2,0,2,0,0:0.04/1:0.96,0:0.04/1:0.96,0,0:0.01/2:0.99,0:0.04/1:0.96
122_1,0:0.12/2:0.88,2,0,2,0:0.12/2:0.88,1,1,0,2,1
166_3,2,2,2,2,2,1,1,0,2,1
211_7,2,2,2,2,2,1,1,0,2,1
216_8,2,2,2,2,2,1,1,0,2,1
216_7,2,2,2,2,2,1,1,0,2,1
207_5,2,2,2,2,2,1,1,0,2,1
216_6,2,2,2,2,2,1,1,0,2,1
216_5,2,2,2,2,2,1,1,0,2,1
163_1,0:0.01/2:0.99,2,0,2,0:0.01/2:0.99,1,1,0:0.07/2:0.93,2,1
197_3,2,2,2,2,2,1,1,2,2,1
216_4,2,2,2,2,2,1,1,2,2,1
216_3,2,2,2,2,2,1,1,2,2,1
195_1,2,2,0,2,2,1,1,2,2,1
216_2,2,2,0,2,2,1,1,2,2,1
216_1,2,2,0,2,2,1,1,2,2,1
120_2,0,2,0,2,0,1,1,0,2,1
166_4,0,2,0,2,0,1,1,0,2,1
202_7,0,2,0,2,0,1,1,1,2,1
216_10,0,2,0,2,0,1,1,1,2,1
216_9,0,2,0,2,0,1,1,1,2,1
200_8,0,2,0,2,0,1,1,0,2,1
216_12,0,2,0,2,0,1,1,1,2,1
216_11,0,2,1,2,0,1,1,0,2,1
163_4,2,2,0,2,0,1,1,0,2,1
203_13,2,2,0,2,0,1,1,0,2,1
216_16,2,2,0,2,0,1,1,0,2,1
216_15,2,2,0,2,0,1,1,0,2,1
200_9,2,2,0,2,0,1,1,0,2,1
216_14,2,2,0,2,0,1,1,0,2,1
216_13,2,2,0,2,0,1,1,0,2,1
