[&R] (((((((216_13:0,216_14:0)200_9:0,(216_15:0,216_16:0)203_13:0)163_4:1.21,((216_11:0,216_12:0)200_8:1.064,(216_9:0,216_10:0)202_7:0.064)166_4:1.146)120_2:0.801,(((216_1:0,216_2:0)195_1:0,(216_3:0,216_4:0)197_3:0)163_1:3.009,((216_5:0,216_6:0)207_5:1.008,(216_7:0,216_8:0)211_7:1.008)166_3:0.001)122_1:0.003)77_1:2.071,(((216_17:0,216_19:2)161_5:0,((216_21:0.035,216_22:1.035)201_17:1.445,216_23:3.481)164_9:0.52)125_5:0,((216_26:0,216_28:1)174_13:0,(216_31:0,216_32:1)200_21:0)132_7:1.001)80_3:0.082)38_1:3.887,(216_33:0,216_34:0)175_17:7.97)virtual:0.03)I0;
I0,0,0,0,0,0,0,0,0,0,0
virtual,0,0,0,0,0:0.97/1:0.03,0,0,0,0,0
175_17,2,2,0,2,1,2,1,1,0,1
216_34,2,2,0,2,1,2,1,1,0,1
216_33,2,2,0,2,1,2,1,1,0,1
38_1,0,0,0:0.02/2:0.98,0,0:0.02/1:0.98,0:0.02/1:0.98,0:0.02/2:0.98,0,0,0
80_3,0,0,2,0,1,1,2,0,0,0
132_7,0,0,2,0,1,1,2,0,0,1
200_21,0,0,2,0,1,1,2,0,0,1
216_32,0,0,2,0,1,1,2,1,0,1
216_31,0,0,2,0,1,1,2,0,0,1
174_13,0,0,2,0,1,1,2,0,0,1
216_28,1,0,2,0,1,1,2,0,0,1
216_26,0,0,2,0,1,1,2,0,0,1
125_5,0,0,2,0,1,1,2,0,0,0
164_9,0,0,2,0,1,1,2,0,0,0:0.48/2:0.52
216_23,1,0,2,1,1,1,2,0,1,2
201_17,0,0:0.02/2:0.98,2,0,1,1,2,0,0,0:0.01/2:0.99
216_22,0,2,2,0,1,1,2,2,0,2
216_21,0,2,2,0,1,1,2,0,0,2
161_5,0,0,2,0,1,1,2,0,0,0
216_19,0,1,2,1,1,1,2,0,0,0
216_17,0,0,2,0,1,1,2,0,0,0
77_1,0,0:0.01/1:0.99,2,0,1,1,2,0,0:0.01/1:0.99,0
122_1,0,1,2,0,1,1,2,0,1,0
166_3,0,1,2,0,1,1,2,0,1,0
211_7,2,1,2,0,1,1,2,0,1,0
216_8,2,1,2,0,1,1,2,0,1,0
216_7,2,1,2,0,1,1,2,0,1,0
207_5,0,1,2,0,1,1,2,0,1,2
216_6,0,1,2,0,1,1,2,0,1,2
216_5,0,1,2,0,1,1,2,0,1,2
163_1,2,1,2,0,1,1,2,2,1,1
197_3,2,1,2,0,1,1,2,2,1,1
216_4,2,1,2,0,1,1,2,2,1,1
216_3,2,1,2,0,1,1,2,2,1,1
195_1,2,1,2,0,1,1,2,2,1,1
216_2,2,1,2,0,1,1,2,2,1,1
216_1,2,1,2,0,1,1,2,2,1,1
120_2,0,1,2,0,1,1,2,0:0.21/1:0.79,1,0
166_4,0,1,2,0:0.05/2:0.95,1,1,2,0:0.01/1:0.99,1,0
202_7,0,1,2,2,1,1,2,1,1,0
216_10,0,1,2,2,1,1,2,1,1,0
216_9,0,1,2,2,1,1,2,1,1,0
200_8,0,1,2,2,1,1,2,1,1,2
216_12,0,1,2,2,1,1,2,1,1,2
216_11,0,1,2,2,1,1,2,1,1,2
163_4,0,1,2,0,1,1,2,1,1,2
203_13,0,1,2,0,1,1,2,1,1,2
216_16,0,1,2,0,1,1,2,1,1,2
216_15,0,1,2,0,1,1,2,1,1,2
200_9,0,1,2,0,1,1,2,1,1,2
216_14,0,1,2,0,1,1,2,1,1,2
216_13,0,1,2,0,1,1,2,1,1,2
