[&R] (((((((216_13:0.001,216_14:1.001)200_9:0,(216_15:0,216_16:0)203_13:1.001)163_4:0.003,((216_11:0,216_12:0)200_8:0,(216_9:0,216_10:0)202_7:0)166_4:1.004)120_2:0.997,(((216_1:0,216_2:0)195_1:0,(216_3:0,216_4:1)197_3:0)163_1:0.002,((216_5:0,216_6:0)207_5:0,(216_7:0,216_8:0)211_7:0)166_3:2.001)122_1:0)77_1:0.003,(((216_17:0,216_19:0)161_5:1.012,((216_21:0,216_22:0)201_17:1.008,216_23:0.009)164_9:0.004)125_5:1.086,((216_26:0,216_28:0)174_13:0,(216_31:0,216_32:0)200_21:0)132_7:0.098)80_3:0.906)38_1:4.74,(216_33:1.012,216_34:0.012)175_17:1.733)virtual:1.256)I0;
I0,0,0,0,0,0,0,0,0,0,0
virtual,0,0:0.37/2:0.63,0:0.37/2:0.63,0,0,0,0,0,0,0
175_17,0,2,2,0,0,0,0,0,0,0:0.01/1:0.99
216_34,0,2,2,0,0,0,0,0,0,1
216_33,0,2,2,2,0,0,0,0,0,1
38_1,0,2,2,2,1,1,2,0,0,0
80_3,0,2,2,2,1,1,2,0,0,0:0.1/1:0.9
132_7,0,2,2,2,1,1,2,0,0,1
200_21,0,2,2,2,1,1,2,0,0,1
216_32,0,2,2,2,1,1,2,0,0,1
216_31,0,2,2,2,1,1,2,0,0,1
174_13,0,2,2,2,1,1,2,0,0,1
216_28,0,2,2,2,1,1,2,0,0,1
216_26,0,2,2,2,1,1,2,0,0,1
125_5,0,2,2,2,1,1,2,0,0:0.01/2:0.99,1
164_9,0,2,2,2,1,1,2,0,0:0.01/2:0.99,1
216_23,0,2,2,2,1,1,2,0,2,1
201_17,1,2,2,2,1,1,2,0,2,1
216_22,1,2,2,2,1,1,2,0,2,1
216_21,1,2,2,2,1,1,2,0,2,1
161_5,1,2,2,2,1,1,2,0,2,1
216_19,1,2,2,2,1,1,2,0,2,1
216_17,1,2,2,2,1,1,2,0,2,1
77_1,0,2,2,2,1,1,2,0,0,0
122_1,0,2,2,2,1,1,2,0,0,0
166_3,0,2,2,2,1,1,2,0,2,1
211_7,0,2,2,2,1,1,2,0,2,1
216_8,0,2,2,2,1,1,2,0,2,1
216_7,0,2,2,2,1,1,2,0,2,1
207_5,0,2,2,2,1,1,2,0,2,1
216_6,0,2,2,2,1,1,2,0,2,1
216_5,0,2,2,2,1,1,2,0,2,1
163_1,0,2,2,2,1,1,2,0,0,0
197_3,0,2,2,2,1,1,2,0,0,0
216_4,0,2,2,2,1,1,2,1,0,0
216_3,0,2,2,2,1,1,2,0,0,0
195_1,0,2,2,2,1,1,2,0,0,0
216_2,0,2,2,2,1,1,2,0,0,0
216_1,0,2,2,2,1,1,2,0,0,0
120_2,0,2,2,2,1,1,2,0,0,2
166_4,0,2,2,2,1,1,2,0,2,2
202_7,0,2,2,2,1,1,2,0,2,2
216_10,0,2,2,2,1,1,2,0,2,2
216_9,0,2,2,2,1,1,2,0,2,2
200_8,0,2,2,2,1,1,2,0,2,2
216_12,0,2,2,2,1,1,2,0,2,2
216_11,0,2,2,2,1,1,2,0,2,2
163_4,0,2,2,2,1,1,2,0,0,2
203_13,0,2,2,2,1,1,2,2,0,2
216_16,0,2,2,2,1,1,2,2,0,2
216_15,0,2,2,2,1,1,2,2,0,2
200_9,0,2,2,2,1,1,2,0,0,2
216_14,0,2,2,2,1,1,2,1,0,2
216_13,0,2,2,2,1,1,2,0,0,2
