[&R] (((((((216_13:0,216_14:1)200_9:0,(216_15:1,216_16:0)203_13:0)163_4:2.007,((216_11:1.161,216_12:1.161)200_8:1.846,(216_9:0,216_10:0)202_7:1.007)166_4:0.001)120_2:0.003,(((216_1:0,216_2:0)195_1:0,(216_3:0,216_4:0)197_3:0)163_1:2.041,((216_5:0,216_6:0)207_5:1.037,(216_7:0,216_8:0)211_7:1.037)166_3:0.004)122_1:1.969)77_1:3.064,(((216_17:1.035,216_19:0.035)161_5:2.025,((216_21:0.035,216_22:1.035)201_17:2.021,216_23:2.057)164_9:0.004)125_5:2.732,((216_26:1.077,216_28:2.077)174_13:0.005,(216_31:0,216_32:0)200_21:2.083)132_7:4.71)80_3:0.282)38_1:0.014,(216_33:0.068,216_34:1.068)175_17:7.02)virtual:0.912)I0;
I0,0,0,0,0,0,0,0,0,0,0
virtual,0,0,0,0,0,0,0:0.09/2:0.91,0,0,0
175_17,0:0.01/1:0.99,0:0.01/2:0.99,0:0.01/2:0.99,0:0.01/1:0.99,0:0.01/2:0.99,0:0.01/1:0.99,2,0,0:0.01/2:0.99,0
216_34,1,2,2,1,2,1,2,2,2,0
216_33,1,2,2,1,2,1,2,0,2,0
38_1,0,0,0,0,0,0,0:0.07/2:0.93,0,0,0
80_3,0,0,0,0,0,0,0:0.05/2:0.95,0,0:0.74/1:0.26,0
132_7,0:0.02/1:0.98,0,0:0.02/1:0.98,0:0.02/1:0.98,0,0,2,0:0.02/1:0.98,0:0.01/1:0.99,0
200_21,1,1,1,1,0,2,2,1,1,0
216_32,1,1,1,1,0,2,2,1,1,0
216_31,1,1,1,1,0,2,2,1,1,0
174_13,0:0.02/1:0.98,0,0:0.02/1:0.98,0:0.02/1:0.98,0,0,2,0:0.02/1:0.98,0:0.01/1:0.99,0
216_28,1,1,1,1,2,0,2,1,1,0
216_26,1,0,1,1,0,0,2,1,1,1
125_5,0,0:0.02/1:0.98,0:0.02/2:0.98,0,0,0,2,0,0:0.02/1:0.98,0
164_9,0,0:0.02/1:0.98,0:0.02/2:0.98,0,0,0,2,0,0:0.01/1:0.99,0
216_23,0,1,2,0,0,0,2,1,1,2
201_17,0,1,2,0:0.02/2:0.98,0:0.02/2:0.98,0,2,0,1,0
216_22,1,1,2,2,2,0,2,0,1,0
216_21,0,1,2,2,2,0,2,0,1,0
161_5,0:0.02/2:0.98,1,2,0:0.02/1:0.98,0,0,2,0,1,0
216_19,2,1,2,1,0,0,2,0,1,0
216_17,2,1,2,1,0,0,2,0,1,1
77_1,0,1,0,0,0,2,2,1,0,0
122_1,0,1,0,0,0:0.02/1:0.98,2,2,1,0,0:0.02/2:0.98
166_3,0,1,0,0,0:0.02/1:0.98,2,2,1,0,0:0.02/2:0.98
211_7,0,1,0,0,1,2,2,1,2,2
216_8,0,1,0,0,1,2,2,1,2,2
216_7,0,1,0,0,1,2,2,1,2,2
207_5,2,1,0,0,1,2,2,1,0,2
216_6,2,1,0,0,1,2,2,1,0,2
216_5,2,1,0,0,1,2,2,1,0,2
163_1,0,1,1,0,1,2,2,1,1,2
197_3,0,1,1,0,1,2,2,1,1,2
216_4,0,1,1,0,1,2,2,1,1,2
216_3,0,1,1,0,1,2,2,1,1,2
195_1,0,1,1,0,1,2,2,1,1,2
216_2,0,1,1,0,1,2,2,1,1,2
216_1,0,1,1,0,1,2,2,1,1,2
120_2,0,1,0,0,0,2,2,1,0,0
166_4,0,1,0,0,0,2,2,1,0,0
202_7,0,1,0,0,2,2,2,1,0,0
216_10,0,1,0,0,2,2,2,1,0,0
216_9,0,1,0,0,2,2,2,1,0,0
200_8,0,1,0:0.08/1:0.92,0,0,2,2,1,0,0:0.08/2:0.92
216_12,0,1,1,2,0,2,2,1,0,2
216_11,0,1,1,0,2,2,2,1,0,2
163_4,0,1,0,2,2,2,2,1,0,0
203_13,0,1,0,2,2,2,2,1,0,0
216_16,0,1,0,2,2,2,2,1,0,0
216_15,1,1,0,2,2,2,2,1,0,0
200_9,0,1,0,2,2,2,2,1,0,0
216_14,2,1,0,2,2,2,2,1,0,0
216_13,0,1,0,2,2,2,2,1,0,0
