[&R] (((((216_1:1.154,216_2:2.154)182_1:1.228,(216_3:3.92,216_4:2.92)187_3:2.461)133_1:0.675,(216_7:0,216_8:0)184_5:4.056)82_1:0.008,(((216_9:1.008,216_10:0.008)180_5:0.002,(216_11:0.045,216_12:1.045)186_9:0.966)136_4:2.013,((216_15:0.002,216_16:1.002)197_14:0.019,216_13:2.021)150_7:0.003)85_3:4.04)30_1:0.936)I0;
I0,0,0,0,0,0,0,0,0,0,0
30_1,0,0,0,0,0,0,0:0.06/2:0.94,0,0,0
85_3,0:0.01/2:0.99,0:0.01/2:0.99,0:0.01/1:0.99,0,0,0,2,0,0,0:0.01/2:0.99
150_7,0:0.01/2:0.99,0:0.01/2:0.99,0:0.01/1:0.99,0,0,0,2,0,0,0:0.01/2:0.99
216_13,2,2,1,1,1,0,2,0,0,2
197_14,2,2,1,0,0,0,2,0,0,2
216_16,2,2,1,0,0,0,2,0,1,2
216_15,2,2,1,0,0,0,2,0,0,2
136_4,2,2,1,0,0:0.01/2:0.99,0:0.01/2:0.99,2,0,0,2
186_9,2,2,1,0,2,2,2,0,0:0.04/2:0.96,2
216_12,2,2,1,0,2,2,2,1,2,2
216_11,2,2,1,0,2,2,2,0,2,2
180_5,2,2,1,0,2,2,2,0,0,2
216_10,2,2,1,0,2,2,2,0,0,2
216_9,2,2,1,2,2,2,2,0,0,2
82_1,0,0,0,0,0,0,0:0.06/2:0.94,0,0,0
184_5,0,1,0,1,0,0,2,0,1,2
216_8,0,1,0,1,0,0,2,0,1,2
216_7,0,1,0,1,0,0,2,0,1,2
133_1,0,0,0:0.36/1:0.64,0,0,0,0:0.02/2:0.98,0,0,0
187_3,0:0.27/1:0.73,0,0:0.1/1:0.9,0,0:0.27/2:0.73,0,0:0.01/2:0.99,0:0.27/2:0.73,0,0
216_4,1,2,1,0,2,0,2,2,1,0
216_3,1,0,1,0,2,2,2,2,2,1
182_1,0,0,0:0.04/1:0.96,0,0,0,2,0,0,0:0.11/2:0.89
216_2,1,0,1,2,0,0,2,0,0,2
216_1,0,0,1,0,2,0,2,0,0,2
