[&R] ((((216_1:1.046,216_2:0.046)185_1:0.957,(216_3:1.002,216_4:1.002)197_3:0)136_1:0.002,((216_5:1.008,216_6:0.008)191_4:0.002,(216_7:0,216_8:0)196_6:1.01)140_3:0.994)93_1:5.996)I0;
I0,0,0,0,0,0,0,0,0,0,0
93_1,2,0,0,2,2,1,2,0,0,1
140_3,2,0:0.01/1:0.99,0,2,2,1,2,0,0,1
196_6,2,1,2,2,2,1,2,0,0,1
216_8,2,1,2,2,2,1,2,0,0,1
216_7,2,1,2,2,2,1,2,0,0,1
191_4,2,0:0.01/1:0.99,0,2,2,1,2,0,0,1
216_6,2,1,0,2,2,1,2,0,0,1
216_5,2,1,1,2,2,1,2,0,0,1
136_1,2,0,0,2,2,1,2,0,0,1
197_3,2,0,0,2,2,1,2,0,0,1
216_4,2,0,1,2,2,1,2,0,0,1
216_3,2,0,2,2,2,1,2,0,0,1
185_1,2,0:0.05/1:0.95,0,2,2,1,2,0,0,1
216_2,2,1,0,2,2,1,2,0,0,1
216_1,2,1,2,2,2,1,2,0,0,1
