[&R] ((((((216_14:0,216_15:0)199_9:0.023,216_16:1.023)146_5:3.53,((216_19:0.048,216_20:1.048)195_12:4.192,(216_17:0,216_18:0)202_12:4.241)147_7:1.313)93_3:0.768,(((216_23:0,216_24:0)208_20:1.415,(216_25:0,216_26:0)209_22:2.415)164_15:1.268,216_21:4.683)104_5:3.639)44_2:0.678,((((216_8:1.033,216_9:0.033)205_6:1.009,(216_6:0,216_7:0)206_5:0.042)153_3:1.176,((216_12:0,216_13:0)213_10:0.036,(216_10:0,216_11:0)215_9:1.035)163_7:2.182)104_2:1.22,216_1:4.438)49_1:2.562)2_1:0)I0;
I0,0,0,0,0,0,0,0,0,0,0
2_1,0,0,0,0,0,0,0,0,0,0
49_1,0,0,0,0,0,0:0.15/2:0.85,0,0:0.15/1:0.85,0:0.15/1:0.85,0
216_1,2,1,0,0,2,2,0,1,1,1
104_2,0,0,0,0,0,0:0.02/2:0.98,0,0:0.02/1:0.98,0:0.02/1:0.98,0:0.15/2:0.85
163_7,0,0,0:0.02/1:0.98,0,0:0.02/2:0.98,2,0,1,1,2
215_9,0,0,1,2,2,2,0,1,1,2
216_11,0,0,1,2,2,2,0,1,1,2
216_10,0,0,1,2,2,2,0,1,1,2
213_10,0,0,1,0,2,2,0,1,1,2
216_13,0,0,1,0,2,2,0,1,1,2
216_12,0,0,1,0,2,2,0,1,1,2
153_3,0,0,0,0,0,2,0:0.03/2:0.97,1,1,0:0.01/2:0.99
206_5,0,0,0,0,0,2,2,1,1,2
216_7,0,0,0,0,0,2,2,1,1,2
216_6,0,0,0,0,0,2,2,1,1,2
205_6,0,0,0,0:0.03/2:0.97,0,2,2,1,1,2
216_9,0,0,0,2,0,2,2,1,1,2
216_8,0,0,2,2,0,2,2,1,1,2
44_2,0,0,0,0,0,0,0:0.32/2:0.68,0,0,0
104_5,0,0,0,0,0:0.16/2:0.84,0,0:0.05/2:0.95,0:0.16/1:0.84,0:0.16/1:0.84,0:0.16/2:0.84
216_21,0,2,1,1,2,1,2,1,1,2
164_15,0,0,0,0:0.25/2:0.75,0:0.04/2:0.96,0,0:0.01/2:0.99,0:0.04/1:0.96,0:0.04/1:0.96,0:0.04/2:0.96
209_22,0,1,0,2,2,2,2,1,1,2
216_26,0,1,0,2,2,2,2,1,1,2
216_25,0,1,0,2,2,2,2,1,1,2
208_20,0,2,0,2,2,0,2,1,1,2
216_24,0,2,0,2,2,0,2,1,1,2
216_23,0,2,0,2,2,0,2,1,1,2
93_3,0:0.42/1:0.58,0,0,0,0,0,0:0.13/2:0.87,0,0,0
147_7,0:0.2/1:0.8,0:0.49/1:0.51,0,0,0:0.49/2:0.51,0,0:0.07/2:0.93,0,0,0
202_12,1,1,0,0,2,2,2,1,0,1
216_18,1,1,0,0,2,2,2,1,0,1
216_17,1,1,0,0,2,2,2,1,0,1
195_12,1,0:0.01/1:0.99,0,0:0.01/2:0.99,0:0.01/2:0.99,0,2,0,0:0.01/2:0.99,0:0.01/2:0.99
216_20,1,1,1,2,2,0,2,0,2,2
216_19,1,1,0,2,2,0,2,0,2,2
146_5,1,0,0,0:0.01/2:0.99,0,0:0.01/2:0.99,2,0,0,0:0.01/1:0.99
216_16,1,1,0,2,0,2,2,0,0,1
199_9,1,0,0,2,0,2,2,0,0,1
216_15,1,0,0,2,0,2,2,0,0,1
216_14,1,0,0,2,0,2,2,0,0,1
