[&R] (((((216_3:0,216_4:0)202_3:0.045,(216_5:0.025,216_6:1.025)203_5:1.02)151_2:2.109,216_1:0.154)92_1:3.846,((216_7:0,216_8:0)194_5:0.017,(216_9:0,216_10:0)195_7:1.017)149_3:2.983)40_1:0)I0;
I0,0,0,0,0,0,0,0,0,0,0
40_1,0,0,0,0,0,0,0,0,0,0
149_3,0,0,0,0:0.01/1:0.99,0:0.01/2:0.99,0,0,0:0.01/2:0.99,0,0
195_7,0,0,1,1,2,0,0,2,0,0
216_10,0,0,1,1,2,0,0,2,0,0
216_9,0,0,1,1,2,0,0,2,0,0
194_5,0,0,0,1,2,0,0,2,0,0
216_8,0,0,0,1,2,0,0,2,0,0
216_7,0,0,0,1,2,0,0,2,0,0
92_1,0:0.04/2:0.96,0:0.04/1:0.96,0,0,0:0.04/1:0.96,0,0:0.04/1:0.96,0,0,0
216_1,2,1,0,0,1,0,1,0,0,0
151_2,2,1,0:0.02/2:0.98,0,1,0,1,0:0.02/1:0.98,0,0
203_5,2,1,2,0,1,0,1,1,0:0.02/2:0.98,0
216_6,2,1,2,0,1,0,1,1,2,1
216_5,2,1,2,0,1,0,1,1,2,0
202_3,2,1,2,0,1,0,1,1,0,0
216_4,2,1,2,0,1,0,1,1,0,0
216_3,2,1,2,0,1,0,1,1,0,0
