[&R] (((((216_1:0,216_2:0)194_1:6,(216_3:0,216_4:0)209_3:4)134_1:0,((216_5:1.123,216_6:1.123)199_4:2.478,(216_7:0.144,216_8:2.144)200_6:3.456)135_3:2.4)75_1:0,(((216_15:1.022,216_16:0.022)181_8:2.033,216_14:5.055)132_4:0.004,((216_11:1.005,216_12:1.005)185_6:0.001,(216_9:2.097,216_10:0.097)190_5:0.91)135_4:1.052)83_3:1.941)24_1:0)I0;
I0,0,0,0,0,0,0,0,0,0,0
24_1,0,0,0,0,0,0,0,0,0,0
83_3,0,0,0,0,0,0,0,0,0:0.03/2:0.97,0:0.03/1:0.97
135_4,0:0.01/1:0.99,0,0,0,0,0,0,0,2,1
190_5,1,0,0:0.1/2:0.9,0,0,0,0,0,2,1
216_10,1,0,2,0,0,0,0,0,2,1
216_9,1,1,2,1,0,0,0,0,2,1
185_6,0:0.01/1:0.99,0,0,0,0,0,0,0,2,1
216_12,1,0,0,0,0,0,0,1,2,1
216_11,1,0,0,0,0,2,0,0,2,1
132_4,0,0,0,0,0,0,0,0,0:0.03/2:0.97,0:0.03/1:0.97
216_14,1,0,0,0,2,1,2,1,2,1
181_8,0,0:0.01/2:0.99,0,0,0,0,0,0:0.01/2:0.99,2,1
216_16,0,2,0,0,0,0,0,2,2,1
216_15,0,2,0,2,0,0,0,2,2,1
75_1,0,0,0,0,0,0,0,0,0,0
135_3,0,0,0,0,0:0.2/2:0.8,0:0.2/1:0.8,0:0.2/2:0.8,0,0,0
200_6,0,0,0,0,0:0.01/2:0.99,0:0.01/1:0.99,0:0.01/2:0.99,0:0.04/2:0.96,0:0.04/1:0.96,0:0.04/1:0.96
216_8,1,0,1,0,2,1,2,2,1,1
216_7,0,0,0,0,2,1,2,2,1,1
199_4,0:0.05/2:0.95,0,0:0.05/2:0.95,0,0:0.01/2:0.99,0:0.01/1:0.99,0:0.01/2:0.99,0,0,0
216_6,2,0,2,0,2,1,2,0,1,0
216_5,2,0,2,0,2,1,2,2,0,0
134_1,0,0,0,0,0,0,0,0,0,0
209_3,1,0,0,0,2,0,0,0,1,1
216_4,1,0,0,0,2,0,0,0,1,1
216_3,1,0,0,0,2,0,0,0,1,1
194_1,0,1,0,0,0,1,1,2,2,2
216_2,0,1,0,0,0,1,1,2,2,2
216_1,0,1,0,0,0,1,1,2,2,2
