[&R] ((((((216_19:0,216_20:1)178_10:0.001,(216_21:0,216_22:0)181_12:0.001)132_5:1.103,((216_23:0,216_24:0)179_13:0.123,(216_25:0,216_26:0)189_22:2.123)136_9:0.982)83_3:1.08,((216_29:1.035,216_30:0.035)173_14:1.094,(216_27:0,216_28:0)175_14:1.129)130_7:2.055)38_2:2.816,((((216_17:0,216_18:0)187_13:0.034,216_15:1.034)135_4:2.188,((216_13:0,216_14:0)208_12:1.122,(216_11:0,216_12:0)209_11:1.122)173_6:1.1)89_2:0.861,(((216_1:2.151,216_2:0.151)185_1:0.971,(216_3:0.036,216_4:1.036)186_3:1.087)140_1:0.895,((216_5:1.121,216_6:1.121)187_5:0.895,216_8:2.016)146_3:0.002)97_1:1.065)40_1:2.917)virtual:0)I0;
I0,0,0,0,0,0,0,0,0,0,0
virtual,0,0,0,0,0,0,0,0,0,0
40_1,0,0:0.03/2:0.97,0:0.03/2:0.97,0,0:0.03/1:0.97,0,0,0,0,0
97_1,0,2,2,0,1,0,0,0:0.02/1:0.98,0,0
146_3,0,2,2,0,1,0,0,0:0.01/1:0.99,0,0
216_8,0,2,2,0,1,2,0,1,1,0
187_5,0,2,2,0,1,0:0.12/1:0.88,0,1,0,0
216_6,0,2,2,0,1,1,0,1,0,2
216_5,2,2,2,0,1,1,0,1,0,0
140_1,0,2,2,0,1,0,0,1,0,0:0.12/2:0.88
186_3,0,2,2,0,1,0,0:0.03/2:0.97,1,0,2
216_4,2,2,2,0,1,0,2,1,0,2
216_3,0,2,2,0,1,0,2,1,0,2
185_1,0:0.13/1:0.87,2,2,0,1,0,0,1,0,0:0.02/2:0.98
216_2,1,2,2,0,1,0,0,1,0,2
216_1,1,2,2,1,1,0,0,1,1,2
89_2,0,0:0.01/2:0.99,0:0.01/2:0.99,0,0:0.01/1:0.99,0,0:0.2/2:0.8,0,0,0
173_6,0,2,2,0:0.1/1:0.9,1,0,0:0.02/2:0.98,0,0,0
209_11,0,2,2,1,1,0,2,1,0,0
216_12,0,2,2,1,1,0,2,1,0,0
216_11,0,2,2,1,1,0,2,1,0,0
208_12,0,2,2,1,1,2,2,0,0,0
216_14,0,2,2,1,1,2,2,0,0,0
216_13,0,2,2,1,1,2,2,0,0,0
135_4,0,2,2,0,1,0:0.02/2:0.98,2,0,0,0:0.02/1:0.98
216_15,0,2,2,0,1,2,2,2,0,1
187_13,0,2,2,0,1,2,2,0,0,1
216_18,0,2,2,0,1,2,2,0,0,1
216_17,0,2,2,0,1,2,2,0,0,1
38_2,0,0,0:0.06/1:0.94,0,0:0.06/2:0.94,0:0.06/1:0.94,0,0,0,0
130_7,0,0,1,0,2,1,0,0:0.06/1:0.94,0:0.06/2:0.94,0
175_14,1,0,1,0,2,1,0,1,2,0
216_28,1,0,1,0,2,1,0,1,2,0
216_27,1,0,1,0,2,1,0,1,2,0
173_14,0:0.03/2:0.97,0,1,0,2,1,0,1,2,0
216_30,2,0,1,0,2,1,0,1,2,0
216_29,2,0,1,1,2,1,0,1,2,0
83_3,0,0:0.09/2:0.91,0:0.01/1:0.99,0,0:0.01/2:0.99,0:0.01/1:0.99,0,0,0,0
136_9,0:0.11/1:0.89,0:0.01/2:0.99,1,0,2,1,0,0,0,0
189_22,1,2,1,0,2,1,2,1,0,0
216_26,1,2,1,0,2,1,2,1,0,0
216_25,1,2,1,0,2,1,2,1,0,0
179_13,1,2,1,0,2,1,0,0,0,0
216_24,1,2,1,0,2,1,0,0,0,0
216_23,1,2,1,0,2,1,0,0,0,0
132_5,0,2,1,1,2,1,0,0,0,0
181_12,0,2,1,1,2,1,0,0,0,0
216_22,0,2,1,1,2,1,0,0,0,0
216_21,0,2,1,1,2,1,0,0,0,0
178_10,0,2,1,1,2,1,0,0,0,0
216_20,1,2,1,1,2,1,0,0,0,0
216_19,0,2,1,1,2,1,0,0,0,0
