[&R] ((((((216_19:0.004,216_20:1.004)178_10:0.001,(216_21:0,216_22:0)181_12:1.006)132_5:1.291,((216_23:0,216_24:0)179_13:0.048,(216_25:0,216_26:0)189_22:1.048)136_9:2.249)83_3:2.084,((216_29:2.373,216_30:1.373)173_14:0.644,(216_27:2.015,216_28:0.015)175_14:0.001)130_7:2.364)38_2:2.619,((((216_17:0.008,216_18:1.008)187_13:0.002,216_15:1.01)135_4:1.153,((216_13:0,216_14:0)208_12:1.049,(216_11:0,216_12:0)209_11:0.049)173_6:1.114)89_2:2.306,(((216_1:0,216_2:0)185_1:0.029,(216_3:1.049,216_4:0.049)186_3:0.981)140_1:0.211,((216_5:0,216_6:0)187_5:1.087,216_8:0.087)146_3:3.153)97_1:2.229)40_1:3.531)virtual:0)I0;
I0,0,0,0,0,0,0,0,0,0,0
virtual,0,0,0,0,0,0,0,0,0,0
40_1,0,0:0.12/2:0.88,0,0,0:0.12/1:0.88,0,0,0:0.12/1:0.88,0,0:0.12/1:0.88
97_1,0,0:0.01/2:0.99,0:0.1/2:0.9,0,0:0.01/1:0.99,0,0:0.1/1:0.9,0:0.01/1:0.99,0,0:0.01/1:0.99
146_3,0:0.03/1:0.97,2,2,0,1,0:0.03/2:0.97,1,1,0:0.03/2:0.97,1
216_8,1,2,2,0,1,2,1,1,2,1
187_5,1,2,2,1,1,2,1,1,2,1
216_6,1,2,2,1,1,2,1,1,2,1
216_5,1,2,2,1,1,2,1,1,2,1
140_1,0,2,0:0.01/2:0.99,0,1,0,0:0.01/1:0.99,1,0,1
186_3,0,2,2,0,1,0,1,1,0:0.05/2:0.95,1
216_4,0,2,2,0,1,0,1,1,2,1
216_3,0,2,2,2,1,0,1,1,2,1
185_1,0,2,2,0,1,0,1,1,0,1
216_2,0,2,2,0,1,0,1,1,0,1
216_1,0,2,2,0,1,0,1,1,0,1
89_2,0,0:0.01/2:0.99,0,0:0.07/1:0.93,0:0.01/1:0.99,0,0:0.07/2:0.93,0:0.01/1:0.99,0,0:0.01/1:0.99
173_6,0,2,0,1,1,0:0.04/2:0.96,2,1,0,1
209_11,0,2,0,1,1,2,2,1,0,1
216_12,0,2,0,1,1,2,2,1,0,1
216_11,0,2,0,1,1,2,2,1,0,1
208_12,0,2,0,1,1,2,2,1,1,1
216_14,0,2,0,1,1,2,2,1,1,1
216_13,0,2,0,1,1,2,2,1,1,1
135_4,0,2,0:0.01/2:0.99,1,1,0,2,1,0,1
216_15,0,2,2,1,1,0,2,1,1,1
187_13,0,2,0:0.01/2:0.99,1,1,0,2,1,0,1
216_18,0,2,2,1,1,2,2,1,0,1
216_17,0,2,2,1,1,0,2,1,0,1
38_2,0,0,0:0.13/2:0.87,0,0,0,0,0,0:0.13/2:0.87,0:0.13/2:0.87
130_7,0,0,2,0,0,0:0.01/1:0.99,0:0.01/1:0.99,0,2,2
175_14,0,0,2,0,0,0:0.01/1:0.99,0:0.01/1:0.99,0,2,2
216_28,0,0,2,0,0,1,1,0,2,2
216_27,2,2,2,0,0,1,1,0,2,2
173_14,0,0,2,0:0.37/1:0.63,0,1,1,0,2,2
216_30,2,0,2,1,0,1,1,0,2,2
216_29,0,0,2,1,1,1,1,2,2,2
83_3,0:0.12/2:0.88,0,0:0.02/2:0.98,0,0:0.12/1:0.88,0,0,0,0:0.02/2:0.98,0:0.02/2:0.98
136_9,2,0,2,0,1,0,0:0.02/1:0.98,0:0.02/2:0.98,2,2
189_22,2,0,2,0,1,1,1,2,2,2
216_26,2,0,2,0,1,1,1,2,2,2
216_25,2,0,2,0,1,1,1,2,2,2
179_13,2,0,2,0,1,0,1,2,2,2
216_24,2,0,2,0,1,0,1,2,2,2
216_23,2,0,2,0,1,0,1,2,2,2
132_5,2,1,2,0,1,0,0,0,2,2
181_12,2,1,2,0,1,0,0,1,2,2
216_22,2,1,2,0,1,0,0,1,2,2
216_21,2,1,2,0,1,0,0,1,2,2
178_10,2,1,2,0,1,0,0,0,2,2
216_20,2,1,2,1,1,0,0,0,2,2
216_19,2,1,2,0,1,0,0,0,2,2
