[&R] ((((((216_19:0.03,216_20:1.03)178_10:0.992,(216_21:0.049,216_22:1.049)181_12:1.973)132_5:0.002,((216_23:0.04,216_24:2.04)179_13:0.003,(216_25:0,216_26:0)189_22:2.043)136_9:0.981)83_3:2.958,((216_29:0,216_30:0)173_14:1.268,(216_27:1.333,216_28:1.333)175_14:0.935)130_7:4.713)38_2:2.019,((((216_17:3.291,216_18:4.291)187_13:0.036,216_15:2.328)135_4:4.64,((216_13:0,216_14:0)208_12:2.279,(216_11:0,216_12:0)209_11:1.279)173_6:4.688)89_2:0.033,(((216_1:0,216_2:0)185_1:3.024,(216_3:0.119,216_4:1.119)186_3:2.905)140_1:2.513,((216_5:0.031,216_6:1.031)187_5:1.205,216_8:2.235)146_3:1.303)97_1:3.462)40_1:0)virtual:0)I0;
I0,0,0,0,0,0,0,0,0,0,0
virtual,0,0,0,0,0,0,0,0,0,0
40_1,0,0,0,0,0,0,0,0,0,0
97_1,0,0:0.13/1:0.87,0:0.13/2:0.87,0,0,0,0:0.13/2:0.87,0:0.13/1:0.87,0,0
146_3,0:0.15/1:0.85,0:0.02/1:0.98,0:0.02/2:0.98,0,0,0,0:0.02/2:0.98,0:0.02/1:0.98,0,0
216_8,1,1,2,0,1,0,2,1,1,0
187_5,1,1,2,0:0.02/1:0.98,0,0,2,1,0,0
216_6,1,1,2,1,0,1,2,1,0,0
216_5,1,1,2,1,0,0,2,1,0,0
140_1,0:0.29/2:0.71,0:0.04/1:0.96,0:0.04/2:0.96,0,0:0.29/2:0.71,0,0:0.04/2:0.96,0:0.04/1:0.96,0:0.29/2:0.71,0
186_3,0:0.01/2:0.99,1,2,0:0.04/2:0.96,0:0.01/2:0.99,0,2,1,0:0.01/2:0.99,0:0.04/1:0.96
216_4,2,1,2,2,2,2,2,1,2,1
216_3,2,1,2,2,2,0,2,1,2,1
185_1,2,1,2,0,2,2,2,1,2,2
216_2,2,1,2,0,2,2,2,1,2,2
216_1,2,1,2,0,2,2,2,1,2,2
89_2,0,0,0,0,0,0:0.97/2:0.03,0,0,0,0
173_6,0,0:0.06/2:0.94,0:0.06/1:0.94,0,0:0.06/2:0.94,0:0.05/2:0.95,0,0,0,0:0.06/2:0.94
209_11,0,2,1,0,2,2,0,0,2,2
216_12,0,2,1,0,2,2,0,0,2,2
216_11,0,2,1,0,2,2,0,0,2,2
208_12,1,2,1,0,2,2,1,0,0,2
216_14,1,2,1,0,2,2,1,0,0,2
216_13,1,2,1,0,2,2,1,0,0,2
135_4,0:0.07/1:0.93,0,0,0:0.07/1:0.93,0,0:0.06/2:0.94,0,0,0:0.07/1:0.93,0:0.07/1:0.93
216_15,1,0,2,1,2,2,0,0,1,1
187_13,0:0.06/1:0.94,0,0,0:0.06/1:0.94,0,0:0.06/2:0.94,0,0:0.97/1:0.03,0:0.06/1:0.94,0:0.06/1:0.94
216_18,1,1,2,1,0,2,2,1,1,1
216_17,1,0,0,1,1,2,1,1,1,1
38_2,0,0,0,0,0:0.33/1:0.67,0:0.33/1:0.67,0,0,0:0.33/2:0.67,0
130_7,0:0.05/2:0.95,0:0.05/1:0.95,0:0.05/1:0.95,0,0:0.02/1:0.98,0:0.02/1:0.98,0,0:0.05/1:0.95,0:0.02/2:0.98,0
175_14,0:0.01/2:0.99,0:0.01/1:0.99,0:0.01/1:0.99,0,1,1,0,0:0.01/1:0.99,2,0:0.26/1:0.74
216_28,2,1,1,2,1,1,0,1,2,1
216_27,2,1,1,0,1,1,1,1,2,1
173_14,2,1,1,1,1,1,0,1,2,0
216_30,2,1,1,1,1,1,0,1,2,0
216_29,2,1,1,1,1,1,0,1,2,0
83_3,0,0,0:0.01/2:0.99,0,1,1,0:0.01/1:0.99,0,2,0
136_9,0:0.04/1:0.96,0,2,0,1,1,1,0,2,0
189_22,1,2,2,0,1,1,1,0,2,2
216_26,1,2,2,0,1,1,1,0,2,2
216_25,1,2,2,0,1,1,1,0,2,2
179_13,0:0.04/1:0.96,0,2,0,1,1,1,0,2,0
216_24,1,0,2,0,1,1,1,1,2,2
216_23,1,0,2,0,1,1,1,0,2,0
132_5,0,0,0:0.01/2:0.99,0,1,1,0:0.01/1:0.99,0,2,0
181_12,0,0:0.02/1:0.98,2,0:0.02/2:0.98,1,1,1,0,2,0
216_22,1,1,2,2,1,1,1,0,2,0
216_21,0,1,2,2,1,1,1,0,2,0
178_10,0,0,2,0:0.03/1:0.97,1,1,1,0,2,0
216_20,0,0,2,1,1,1,1,0,2,1
216_19,0,0,2,1,1,1,1,0,2,0
