[&R] ((((((216_19:0,216_20:0)178_10:1.342,(216_21:1.045,216_22:0.045)181_12:2.297)132_5:0.756,((216_23:0.035,216_24:1.035)179_13:1.247,(216_25:0,216_26:0)189_22:2.282)136_9:0.816)83_3:1.32,((216_29:0,216_30:0)173_14:0,(216_27:0,216_28:0)175_14:0)130_7:4.418)38_2:1.873,((((216_17:0.034,216_18:1.034)187_13:1.98,216_15:3.014)135_4:0.002,((216_13:1,216_14:0)208_12:0.001,(216_11:1.028,216_12:0.028)209_11:0.973)173_6:0.015)89_2:1.162,(((216_1:0,216_2:0)185_1:0.034,(216_3:0,216_4:0)186_3:1.034)140_1:0.971,((216_5:0.001,216_6:1.001)187_5:0.002,216_8:2.003)146_3:0.002)97_1:2.173)40_1:2.113)virtual:0.709)I0;
I0,0,0,0,0,0,0,0,0,0,0
virtual,0,0,0,0:0.29/1:0.71,0,0,0,0,0,0
40_1,0,0,0,0:0.02/1:0.98,0,0,0:0.08/1:0.92,0,0:0.08/1:0.92,0
97_1,2,0,0,1,0,1,1,0,1,0
146_3,2,0,0,1,0,1,1,0,1,0
216_8,2,1,2,1,0,1,1,0,1,0
187_5,2,0,0,1,0,1,1,0,1,0
216_6,2,1,0,1,0,1,1,0,1,0
216_5,2,0,0,1,0,1,1,0,1,0
140_1,2,0:0.03/1:0.97,0,1,0,1,1,0,1,0
186_3,2,1,0,1,0,1,1,0,1,1
216_4,2,1,0,1,0,1,1,0,1,1
216_3,2,1,0,1,0,1,1,0,1,1
185_1,2,1,0,1,0,1,1,0,1,0
216_2,2,1,0,1,0,1,1,0,1,0
216_1,2,1,0,1,0,1,1,0,1,0
89_2,0,0,0,1,0,0,1,0,1,0:0.01/2:0.99
173_6,0,0,0,1,0,0,1,0,1,2
209_11,0,0,0:0.03/1:0.97,1,0,0,1,0,1,2
216_12,0,0,1,1,0,0,1,0,1,2
216_11,0,0,1,1,0,2,1,0,1,2
208_12,0,0,0,1,0,0,1,0,1,2
216_14,0,0,0,1,0,0,1,0,1,2
216_13,0,0,1,1,0,0,1,0,1,2
135_4,0,0,0,1,0,0,1,0,1,0:0.01/2:0.99
216_15,0,0,0,1,2,1,1,1,1,2
187_13,0,0,0:0.02/2:0.98,1,0,0,1,0:0.02/2:0.98,1,2
216_18,0,0,2,1,1,0,1,2,1,2
216_17,0,0,2,1,0,0,1,2,1,2
38_2,0,0:0.18/1:0.82,0,0:0.05/1:0.95,0,0,0,0:0.18/2:0.82,0,0
130_7,2,1,0,1,2,0,1,2,0,2
175_14,2,1,0,1,2,0,1,2,0,2
216_28,2,1,0,1,2,0,1,2,0,2
216_27,2,1,0,1,2,0,1,2,0,2
173_14,2,1,0,1,2,0,1,2,0,2
216_30,2,1,0,1,2,0,1,2,0,2
216_29,2,1,0,1,2,0,1,2,0,2
83_3,0,0:0.01/1:0.99,0,1,0,0,0,0:0.01/2:0.99,0,0:0.07/1:0.93
136_9,0,1,0:0.26/1:0.74,1,0,0,0,2,0,0:0.02/1:0.98
189_22,1,1,1,1,0,2,0,2,0,1
216_26,1,1,1,1,0,2,0,2,0,1
216_25,1,1,1,1,0,2,0,2,0,1
179_13,0:0.03/2:0.97,1,0:0.01/1:0.99,1,0,0,0,2,0,1
216_24,2,1,1,1,0,0,1,2,0,1
216_23,2,1,1,1,0,0,0,2,0,1
132_5,0:0.31/2:0.69,1,0,1,0,0,0,2,0,0:0.02/1:0.98
181_12,0:0.01/2:0.99,1,0:0.02/2:0.98,1,0,0,0,2,0:0.02/2:0.98,1
216_22,2,1,2,1,0,0,0,2,2,1
216_21,2,1,2,1,2,0,0,2,2,1
178_10,2,1,0,1,0,0,1,2,0,1
216_20,2,1,0,1,0,0,1,2,0,1
216_19,2,1,0,1,0,0,1,2,0,1
