cell,r0,r1,r2,r3,r4,r5,r6,r7,r8,r9,r10,r11,r12,r13,r14,r15,r16,r17,r18,r19,r20,r21,r22,r23,r24,r25,r26,r27,r28,r29,r30,r31,r32,r33,r34,r35,r36,r37,r38,r39,r40,r41,r42,r43,r44,r45,r46,r47,r48,r49,r50,r51,r52,r53,r54,r55,r56,r57,r58,r59,r60,r61,r62,r63,r64,r65,r66,r67,r68,r69,r70,r71,r72,r73,r74,r75,r76,r77,r78,r79,r80,r81,r82,r83,r84,r85,r86,r87,r88,r89,r90,r91,r92,r93,r94,r95,r96,r97,r98,r99,r100,r101,r102,r103,r104,r105,r106,r107,r108,r109,r110,r111,r112,r113,r114,r115,r116,r117,r118,r119,r120,r121,r122,r123,r124,r125,r126,r127,r128,r129,r130,r131,r132,r133,r134,r135,r136,r137,r138,r139,r140,r141,r142,r143,r144,r145,r146,r147,r148,r149,r150,r151,r152,r153,r154,r155,r156,r157,r158,r159,r160,r161,r162,r163,r164,r165,r166,r167,r168,r169,r170,r171,r172,r173,r174,r175,r176,r177,r178,r179,r180,r181,r182,r183,r184,r185,r186,r187,r188,r189,r190,r191,r192,r193,r194,r195,r196,r197,r198,r199
I0,0,0,0,0,0,0,0,0,0,0,0,0,0,0,0,0,0,0,0,0,0,0,0,0,0,0,0,0,0,0,0,0,0,0,0,0,0,0,0,0,0,0,0,0,0,0,0,0,0,0,0,0,0,0,0,0,0,0,0,0,0,0,0,0,0,0,0,0,0,0,0,0,0,0,0,0,0,0,0,0,0,0,0,0,0,0,0,0,0,0,0,0,0,0,0,0,0,0,0,0,0,0,0,0,0,0,0,0,0,0,0,0,0,0,0,0,0,0,0,0,0,0,0,0,0,0,0,0,0,0,0,0,0,0,0,0,0,0,0,0,0,0,0,0,0,0,0,0,0,0,0,0,0,0,0,0,0,0,0,0,0,0,0,0,0,0,0,0,0,0,0,0,0,0,0,0,0,0,0,0,0,0,0,0,0,0,0,0,0,0,0,0,0,0,0,0,0,0,0,0
I1,0,0,0,0,0,0,0,0,0,0,0,0,0,0,0,0,0,0,0,0,0,0,1,0,0,0,2,2,0,0,0,0,0,0,1,0,0,0,0,0,0,2,1,0,0,2,0,0,2,0,0,2,0,0,0,0,0,0,1,0,2,0,0,0,0,0,0,0,0,0,0,0,0,1,2,1,1,2,0,1,0,0,0,1,0,2,0,0,0,0,0,0,1,0,2,1,0,2,0,0,0,1,0,2,0,0,2,1,0,0,2,2,0,0,0,0,2,1,1,0,0,0,1,0,0,2,0,0,0,0,0,0,0,0,1,0,1,0,0,0,0,0,0,0,0,2,1,1,2,1,0,1,0,0,0,0,2,1,0,0,0,0,0,0,0,0,0,0,0,0,0,0,0,2,0,0,0,0,0,0,1,0,0,1,0,2,0,0,0,0,1,0,0,0,0,2,0,0,2,0
I2,0,0,0,0,0,0,0,2,0,0,0,2,0,0,0,1,1,0,0,0,0,0,1,0,1,0,2,2,0,1,0,0,0,1,1,2,2,2,0,2,0,2,1,0,1,2,1,1,2,0,0,2,0,0,0,0,0,0,1,0,2,0,0,1,0,1,2,0,2,0,0,1,0,1,2,1,1,2,0,1,0,0,0,1,2,2,0,0,1,0,0,0,1,1,2,1,2,2,0,1,2,1,1,2,0,0,2,1,1,2,2,2,0,0,0,1,2,1,1,0,0,2,1,2,0,2,0,0,0,0,0,0,0,0,1,1,1,2,0,0,1,0,0,1,0,2,1,1,2,1,1,1,0,0,0,1,2,1,0,0,0,0,0,0,0,0,0,0,0,0,0,2,2,2,0,0,0,0,0,0,1,0,1,1,0,2,1,0,1,0,1,0,0,1,0,2,2,0,2,0
I3,0,0,2,0,1,0,0,2,0,1,0,2,0,0,0,1,1,0,0,1,0,0,1,1,1,0,2,2,2,1,0,0,0,1,1,2,2,2,0,2,0,2,1,0,1,2,1,1,2,1,2,2,0,0,2,1,1,0,1,0,2,0,0,1,2,1,2,0,2,0,0,1,0,1,2,1,1,2,0,1,0,0,0,1,2,2,2,0,1,0,1,0,1,1,2,1,2,2,0,1,2,1,1,2,0,0,2,1,1,2,2,2,1,2,0,1,2,1,1,0,1,2,1,2,1,2,0,0,1,2,0,0,0,0,1,1,1,2,0,2,1,0,2,1,2,2,1,1,2,1,1,1,0,0,0,1,2,1,1,2,0,0,0,0,0,0,0,0,0,0,0,2,2,2,0,1,0,0,0,0,1,2,1,1,0,2,1,0,1,1,1,0,0,1,0,2,2,0,2,0
216_8,0,0,2,0,1,0,0,2,0,1,0,2,1,0,0,1,1,0,0,1,1,0,1,1,1,0,2,2,2,1,0,0,0,1,1,2,2,2,0,2,0,2,1,0,1,2,1,1,2,1,2,2,0,0,2,1,1,0,1,0,2,0,0,1,2,1,2,0,2,0,2,1,0,1,2,1,1,2,1,1,0,1,0,1,2,2,2,0,1,0,1,0,1,1,2,1,2,2,0,1,2,1,1,2,1,1,2,1,1,2,2,2,1,2,0,1,2,1,1,0,1,2,1,2,1,2,0,0,1,2,0,0,0,0,1,1,1,2,0,2,1,0,2,1,2,2,1,1,2,1,1,1,0,0,0,1,2,1,1,2,0,0,2,0,0,0,0,0,0,0,0,2,2,2,0,1,2,0,2,0,1,2,1,1,0,2,1,2,1,1,1,1,0,1,0,2,2,0,2,0
I4,0,1,2,0,1,0,0,2,0,1,0,2,2,0,0,1,1,0,0,1,0,1,1,1,1,0,2,2,2,1,2,0,0,1,1,2,2,2,1,2,0,2,1,0,1,2,1,1,2,1,2,2,0,0,2,1,1,0,1,0,2,0,0,1,2,1,2,0,2,2,1,1,0,1,2,1,1,2,0,1,0,0,0,1,2,2,2,1,1,0,1,0,1,1,2,1,2,2,0,1,2,1,1,2,0,0,2,1,1,2,2,2,1,2,0,1,2,1,1,1,1,2,1,2,1,2,0,0,1,2,0,1,0,0,1,1,1,2,0,2,1,0,2,1,2,2,1,1,2,1,1,1,0,0,0,1,2,1,1,2,1,0,1,0,0,0,2,0,0,0,2,2,2,2,0,1,0,1,0,0,1,2,1,1,0,2,1,1,1,1,1,0,0,1,0,2,2,0,2,0
216_6,0,1,2,0,1,0,0,2,0,1,0,2,2,0,0,1,1,1,0,1,0,1,1,1,1,0,2,2,2,1,2,0,0,1,1,2,2,2,1,2,0,2,1,0,1,2,1,1,2,1,2,2,0,0,2,1,1,0,1,0,2,0,1,1,2,1,2,0,2,2,1,1,0,1,2,1,1,2,0,1,0,0,1,1,2,2,2,1,1,0,1,0,1,1,2,1,2,2,0,1,2,1,1,2,0,0,2,1,1,2,2,2,1,2,2,1,2,1,1,1,1,2,1,2,1,2,0,0,1,2,0,1,0,0,1,1,1,2,0,2,1,0,2,1,2,2,1,1,2,1,1,1,0,0,0,1,2,1,1,2,1,0,1,0,1,0,2,1,0,0,2,2,2,2,0,1,0,1,0,0,1,2,1,1,0,2,1,1,1,1,1,0,0,1,0,2,2,0,2,0
216_5,0,1,2,0,1,0,0,2,0,1,0,2,2,0,0,1,1,0,0,1,2,1,1,1,1,0,2,2,2,1,2,2,0,1,1,2,2,2,1,2,0,2,1,0,1,2,1,1,2,1,2,2,0,0,2,1,1,0,1,0,2,0,1,1,2,1,2,0,2,2,1,1,0,1,2,1,1,2,0,1,0,0,0,1,2,2,2,1,1,2,1,0,1,1,2,1,2,2,0,1,2,1,1,2,0,0,2,1,1,2,2,2,1,2,0,1,2,1,1,1,1,2,1,2,1,2,0,1,1,2,0,1,0,0,1,1,1,2,0,2,1,2,2,1,2,2,1,1,2,1,1,1,0,2,0,1,2,1,1,2,1,0,1,0,0,0,2,0,0,0,2,2,2,2,2,1,0,1,0,0,1,2,1,1,0,2,1,1,1,1,1,0,0,1,0,2,2,2,2,0
I5,1,0,0,0,0,0,0,2,0,0,0,2,0,0,0,1,1,0,0,0,0,0,1,0,1,1,2,2,0,1,0,0,0,1,1,2,2,2,0,2,2,2,1,0,1,2,1,1,2,2,1,2,1,0,0,1,0,2,1,1,2,0,0,1,0,1,2,0,2,0,0,1,0,1,2,1,1,2,0,1,0,0,0,1,2,2,1,0,1,0,1,2,1,1,2,1,2,2,0,1,2,1,1,2,0,0,2,1,1,2,2,2,0,0,1,1,2,1,1,0,0,2,1,2,0,2,0,0,0,2,0,2,0,0,1,1,1,2,0,2,1,0,0,1,0,2,1,1,2,1,1,1,1,0,0,1,2,1,0,0,0,0,0,0,1,0,0,2,0,0,0,2,2,2,1,0,0,1,0,2,1,0,1,1,0,2,1,1,1,0,1,0,0,1,1,2,2,0,2,0
I6,1,2,0,0,1,2,0,2,0,0,0,2,0,0,1,1,1,0,0,0,2,0,1,0,1,1,2,2,0,1,0,0,0,1,1,2,2,2,0,2,2,2,1,0,1,2,1,1,2,2,1,2,1,0,2,1,0,2,1,1,2,0,2,1,0,1,2,2,2,2,0,1,2,1,2,1,1,2,2,1,0,0,1,1,2,2,1,0,1,2,1,2,1,1,2,1,2,2,0,1,2,1,1,2,0,0,2,1,1,2,2,2,0,0,1,1,2,1,1,0,0,2,1,2,0,2,0,0,2,2,0,2,0,1,1,1,1,2,0,2,1,0,1,1,0,2,1,1,2,1,1,1,1,0,0,1,2,1,1,0,2,0,0,0,1,0,0,2,0,0,1,2,2,2,1,0,1,1,0,2,1,2,1,1,0,2,1,1,1,0,1,0,0,1,1,2,2,0,2,0
216_4,1,2,0,0,1,2,0,2,0,0,0,2,0,0,1,1,1,0,0,0,2,0,1,0,1,1,2,2,0,1,0,0,0,1,1,2,2,2,0,2,2,2,1,0,1,2,1,1,2,2,1,2,1,0,2,1,0,2,1,1,2,0,2,1,0,1,2,2,2,2,0,1,2,1,2,1,1,2,2,1,0,0,1,1,2,2,1,0,1,2,1,2,1,1,2,1,2,2,1,1,2,1,1,2,0,0,2,1,1,2,2,2,0,0,1,1,2,1,1,0,0,2,1,2,0,2,0,0,2,2,0,2,0,1,1,1,1,2,0,2,1,0,1,1,0,2,1,1,2,1,1,1,1,0,0,1,2,1,1,0,2,0,0,0,1,0,0,2,2,0,1,2,2,2,1,0,1,1,0,2,1,2,1,1,0,2,1,1,1,0,1,0,1,1,1,2,2,0,2,0
216_3,1,2,0,0,1,2,0,2,0,0,0,2,0,0,1,1,1,0,0,0,2,0,1,0,1,1,2,2,0,1,0,0,2,1,1,2,2,2,0,2,2,2,1,0,1,2,1,1,2,2,1,2,1,0,2,1,0,2,1,1,2,0,2,1,0,1,2,2,2,2,0,1,2,1,2,1,1,2,2,1,0,0,1,1,2,2,1,0,1,2,1,2,1,1,2,1,2,2,0,1,2,1,1,2,0,0,2,1,1,2,2,2,0,0,1,1,2,1,1,0,0,2,1,2,0,2,0,0,2,2,0,2,0,1,1,1,1,2,0,2,1,1,1,1,0,2,1,1,2,1,1,1,1,2,0,1,2,1,1,1,2,0,1,0,1,0,0,2,0,0,1,2,2,2,1,0,1,1,0,2,1,2,1,1,0,2,1,1,1,0,1,0,0,1,1,2,2,2,2,0
I7,1,0,0,0,0,0,0,2,0,1,0,2,0,0,0,1,1,0,0,0,2,2,1,0,1,1,2,2,0,1,2,0,0,1,1,2,2,2,0,2,2,2,1,0,1,2,1,1,2,2,1,2,1,0,2,1,0,2,1,1,2,0,0,1,0,1,2,0,2,0,0,1,0,1,2,1,1,2,0,1,1,0,0,1,2,2,1,0,1,0,1,2,1,1,2,1,2,2,0,1,2,1,1,2,0,0,2,1,1,2,2,2,0,0,1,1,2,1,1,0,0,2,1,2,0,2,1,2,0,2,0,2,2,2,1,1,1,2,0,2,1,0,2,1,0,2,1,1,2,1,1,1,1,2,0,1,2,1,0,0,0,0,0,0,1,0,2,2,2,0,0,2,2,2,1,0,0,1,0,2,1,0,1,1,0,2,1,1,1,1,1,2,0,1,1,2,2,0,2,0
216_2,1,0,2,0,0,0,0,2,0,1,0,2,0,0,0,1,1,0,0,2,2,2,1,0,1,1,2,2,2,1,2,0,0,1,1,2,2,2,0,2,2,2,1,0,1,2,1,1,2,2,1,2,1,0,2,1,0,2,1,1,2,0,0,1,0,1,2,0,2,0,0,1,2,1,2,1,1,2,0,1,1,0,0,1,2,2,1,0,1,0,1,2,1,1,2,1,2,2,0,1,2,1,1,2,0,1,2,1,1,2,2,2,0,0,1,1,2,1,1,2,2,2,1,2,0,2,1,2,0,2,2,2,2,2,1,1,1,2,2,2,1,0,2,1,0,2,1,1,2,1,1,1,1,2,2,1,2,1,0,0,0,0,0,0,1,1,2,2,2,0,0,2,2,2,1,2,0,1,0,2,1,0,1,1,0,2,1,1,1,1,1,2,2,1,1,2,2,0,2,0
216_1,1,0,0,0,0,0,0,2,0,1,0,2,0,0,0,1,1,1,0,0,2,2,1,0,1,1,2,2,0,1,2,0,0,1,1,2,2,2,0,2,2,2,1,2,1,2,1,1,2,2,1,2,1,0,2,1,0,2,1,1,2,0,0,1,0,1,2,0,2,0,0,1,1,1,2,1,1,2,0,1,1,0,0,1,2,2,1,0,1,0,1,2,1,1,2,1,2,2,0,1,2,1,1,2,0,0,2,1,1,2,2,2,0,0,1,1,2,1,1,0,0,2,1,2,0,2,1,2,0,2,0,2,2,2,1,1,1,2,0,2,1,0,2,1,0,2,1,1,2,1,1,1,1,2,0,1,2,1,0,0,0,0,0,0,1,0,2,2,2,0,0,2,2,2,1,0,0,1,0,2,1,0,1,1,0,2,1,1,1,1,1,2,0,1,1,2,2,2,2,0
I8,0,2,2,0,0,0,0,2,0,2,0,2,0,0,0,0,0,0,1,0,0,0,1,0,0,2,2,2,0,0,0,0,1,0,1,1,0,1,0,1,0,2,1,1,2,2,0,0,2,0,1,2,0,0,0,0,0,0,1,0,2,0,2,0,0,0,0,2,0,2,0,0,0,1,2,1,1,2,1,1,0,0,0,1,0,2,1,1,0,2,0,0,1,0,2,1,0,2,0,0,0,1,0,2,0,0,2,1,0,0,2,2,1,2,2,0,2,1,1,0,0,0,1,0,0,2,0,0,2,1,0,2,2,0,1,0,1,0,2,0,0,2,2,2,0,2,1,1,2,1,0,1,0,1,0,0,2,1,0,1,2,0,0,2,1,0,2,0,0,1,0,0,0,2,0,0,1,0,0,1,1,0,0,1,1,2,0,0,0,0,1,0,0,0,0,2,2,0,2,0
I9,0,2,2,0,1,2,0,2,1,2,0,2,0,0,2,2,0,0,1,2,0,1,1,0,0,2,2,2,2,0,0,1,1,0,1,1,0,1,0,1,0,2,1,1,2,2,0,0,2,0,1,2,2,0,2,0,0,0,1,0,2,2,2,0,0,0,0,2,0,2,0,2,0,1,2,1,1,2,1,1,0,1,0,1,0,2,1,1,2,2,0,2,1,2,2,1,2,2,0,1,1,1,0,2,0,2,2,1,0,0,2,2,1,2,2,1,2,1,1,2,1,1,1,0,2,2,2,1,2,1,0,2,2,0,1,0,1,2,2,2,0,2,2,2,0,2,1,1,2,1,1,1,0,1,0,0,2,1,0,1,2,0,0,2,1,0,2,0,1,1,2,0,0,2,1,0,1,2,0,1,1,0,2,1,1,2,0,0,0,0,1,0,1,1,0,2,2,1,2,2
I10,0,2,2,0,1,2,0,2,1,2,0,2,0,0,2,2,0,0,1,2,0,1,1,0,2,2,2,2,2,0,0,1,1,0,1,1,0,1,2,1,0,2,1,1,2,2,0,0,2,0,1,2,2,0,2,0,0,0,1,0,2,2,2,2,0,0,0,2,2,2,0,2,0,1,2,1,1,2,1,1,0,1,1,1,0,2,1,1,2,2,0,2,1,2,2,1,2,2,0,1,1,1,0,2,0,2,2,1,0,0,2,2,1,2,2,1,2,1,1,2,1,1,1,0,2,2,2,1,2,1,0,2,2,0,1,0,1,2,2,2,0,2,2,2,2,2,1,1,2,1,1,1,0,1,0,0,2,1,0,1,2,0,0,2,1,0,2,2,1,1,2,0,0,2,1,0,1,2,0,1,1,0,2,1,1,2,0,0,0,0,1,0,1,1,0,2,2,1,2,2
216_12,0,2,2,0,1,2,0,2,1,2,0,2,0,0,2,2,0,0,1,2,0,1,1,0,2,2,2,2,2,0,0,1,1,0,1,1,0,1,2,1,0,2,1,1,2,2,0,0,2,0,1,2,2,0,2,0,0,0,1,0,2,2,2,2,0,0,0,2,2,2,0,2,0,1,2,1,1,2,1,1,0,1,1,1,0,2,1,1,2,2,0,2,1,2,2,1,2,2,0,1,1,1,0,2,0,2,2,1,0,0,2,2,1,2,2,1,2,1,1,2,1,1,1,0,2,2,2,1,2,1,0,2,2,0,1,0,1,2,2,2,0,2,2,2,2,2,1,1,2,1,1,1,0,1,0,0,2,1,0,1,2,0,0,2,1,0,2,2,1,1,2,0,0,2,1,0,1,2,0,1,1,0,2,1,1,2,0,0,0,0,1,0,1,1,0,2,2,1,2,2
216_11,0,2,2,0,1,2,0,2,1,2,0,2,0,0,2,2,0,0,1,2,0,1,1,0,2,2,2,2,2,0,0,1,1,0,1,1,0,1,2,1,0,2,1,1,2,2,0,0,2,0,1,2,2,0,2,0,0,0,1,0,2,2,2,2,0,0,0,2,2,2,0,2,0,1,2,1,1,2,1,1,0,1,1,1,1,2,1,1,2,2,0,2,1,2,2,1,2,2,0,1,1,1,0,2,0,2,2,1,0,0,2,2,1,2,2,1,2,1,1,2,1,1,1,0,2,2,2,1,2,1,0,2,2,0,1,0,1,2,2,2,0,2,2,2,2,2,1,1,2,1,1,1,0,1,0,0,2,1,0,1,2,0,0,2,1,0,2,2,1,1,2,0,0,2,1,0,1,2,0,1,1,0,2,1,1,2,0,0,0,0,1,0,1,1,0,2,2,1,2,2
I11,0,2,2,0,1,2,0,2,1,2,0,2,0,0,2,2,0,1,1,2,0,1,1,0,0,2,2,2,2,0,0,1,1,0,1,1,2,1,0,1,0,2,1,1,2,2,0,1,2,2,1,2,2,0,2,0,0,0,1,0,2,2,2,1,0,0,0,2,0,2,0,2,0,1,2,1,1,2,1,1,0,1,0,1,0,2,1,1,2,2,0,2,1,2,2,1,2,2,0,1,1,1,0,2,0,2,2,1,0,0,2,2,1,2,2,1,2,1,1,2,1,1,1,0,2,2,2,1,2,1,0,2,2,0,1,1,1,2,2,2,0,2,2,2,0,2,1,1,2,1,1,1,1,1,1,0,2,1,0,1,2,0,0,2,1,0,2,2,1,1,2,0,0,2,1,0,1,2,0,1,1,0,2,1,1,2,1,0,0,0,1,0,1,1,0,2,2,1,2,2
216_14,0,2,2,0,1,2,0,2,1,2,0,2,0,0,2,2,0,1,1,2,0,1,1,0,0,2,2,2,2,0,0,1,1,0,1,1,2,1,0,1,0,2,1,1,2,2,0,1,2,2,1,2,2,0,2,0,0,0,1,0,2,2,2,1,0,0,0,2,0,2,0,2,0,1,2,1,1,2,1,1,0,1,0,1,0,2,1,1,2,2,0,2,1,2,2,1,2,2,0,1,1,1,0,2,0,2,2,1,0,0,2,2,1,2,2,1,2,1,1,2,1,1,1,0,2,2,2,1,2,1,0,2,2,0,1,1,1,2,2,2,0,2,2,2,0,2,1,1,2,1,1,1,1,1,1,0,2,1,0,1,2,0,0,2,1,0,2,2,1,1,2,0,0,2,1,0,1,2,0,1,1,0,2,1,1,2,1,0,0,0,1,0,1,1,0,2,2,1,2,2
216_13,0,2,2,0,1,2,0,2,1,2,0,2,0,1,2,2,0,1,1,2,0,1,1,0,0,2,2,2,2,0,0,1,1,0,1,1,2,1,0,1,0,2,1,1,2,2,0,1,2,2,1,2,2,2,2,0,0,0,1,0,2,2,2,1,0,1,0,2,0,2,0,2,0,1,2,1,1,2,1,1,0,1,0,1,0,2,1,1,2,2,0,2,1,2,2,1,2,2,0,1,1,1,0,2,0,2,2,1,0,0,2,2,1,2,2,1,2,1,1,2,1,1,1,0,2,2,2,1,2,1,0,2,2,0,1,1,1,2,2,2,0,2,2,2,0,2,1,1,2,1,1,1,1,1,1,0,2,1,0,1,2,0,0,2,1,0,2,2,1,1,2,0,0,2,1,0,1,2,0,1,1,0,2,1,1,2,1,0,0,0,1,0,1,1,0,2,2,1,2,2
I12,0,2,2,0,0,0,0,2,0,2,0,2,0,0,0,0,0,0,1,0,2,0,1,2,0,2,2,2,0,0,0,0,1,0,1,1,0,1,0,1,0,2,1,1,2,2,0,0,2,1,1,2,0,1,0,1,0,0,1,0,2,0,2,0,1,0,0,2,0,2,0,1,0,1,2,1,1,2,1,1,0,0,1,1,0,2,1,1,0,2,0,0,1,0,2,1,0,2,0,0,0,1,0,2,0,0,2,1,0,2,2,2,1,2,2,0,2,1,1,0,0,0,1,0,0,2,0,0,2,1,0,2,2,0,1,0,1,0,2,0,0,2,2,2,0,2,1,1,2,1,1,1,0,1,0,0,2,1,2,1,2,0,0,2,1,0,2,0,2,1,0,0,0,2,0,0,1,0,0,1,1,2,0,1,1,2,0,0,0,0,1,1,0,1,1,2,2,0,2,0
216_15,0,2,2,0,2,0,1,2,1,2,0,2,0,0,0,0,2,2,1,0,2,1,1,2,1,2,2,2,0,1,0,1,1,0,1,1,0,1,0,1,0,2,1,1,2,2,0,0,2,1,1,2,0,1,0,1,1,0,1,0,2,0,2,0,1,1,0,2,2,2,0,1,0,1,2,1,1,2,1,1,0,0,1,1,0,2,1,1,0,2,1,0,1,0,2,1,0,2,1,2,0,1,0,2,0,0,2,1,0,2,2,2,1,2,2,0,2,1,1,0,0,0,1,2,1,2,0,0,2,1,0,2,2,0,1,0,1,0,2,1,0,2,2,2,0,2,1,1,2,1,1,1,0,1,2,2,2,1,2,1,2,0,1,2,1,0,2,0,2,1,0,0,2,2,1,0,1,0,2,1,1,2,1,1,1,2,0,0,0,0,1,1,0,1,1,2,2,0,2,0
I13,0,2,2,0,2,0,2,2,2,2,1,2,0,0,0,0,0,1,1,1,2,0,1,2,1,2,2,2,0,0,0,0,1,0,1,1,0,1,2,1,2,2,1,1,2,2,0,2,2,1,1,2,1,1,2,1,0,0,1,0,2,0,2,0,1,0,0,2,1,2,0,1,0,1,2,1,1,2,1,1,0,0,1,1,0,2,1,1,0,2,0,0,1,0,2,1,0,2,0,0,0,1,0,2,0,0,2,1,0,2,2,2,1,2,2,2,2,1,1,0,0,0,1,1,0,2,0,0,2,1,0,2,2,0,1,0,1,2,2,0,0,2,2,2,0,2,1,1,2,1,1,1,0,1,0,1,2,1,2,1,2,0,0,2,1,1,2,0,2,1,0,1,0,2,0,2,1,0,0,1,1,2,0,1,1,2,0,0,2,0,1,1,0,1,1,2,2,2,2,0
216_18,0,2,2,0,2,0,2,2,2,2,1,2,0,0,0,0,0,1,1,1,2,0,1,2,1,2,2,2,0,0,0,1,1,0,1,1,0,1,2,1,2,2,1,1,2,2,0,2,2,1,1,2,1,1,2,1,0,0,1,0,2,0,2,0,1,0,0,2,1,2,0,1,0,1,2,1,1,2,1,1,0,0,1,1,1,2,1,1,0,2,0,1,1,0,2,1,0,2,0,0,0,1,0,2,0,0,2,1,2,2,2,2,1,2,2,2,2,1,1,0,0,0,1,1,0,2,0,0,2,1,0,2,2,0,1,0,1,2,2,0,0,2,2,2,2,2,1,1,2,1,1,1,0,1,1,1,2,1,2,1,2,0,0,2,1,1,2,0,2,1,0,1,0,2,0,2,1,0,0,1,1,2,0,1,1,2,1,0,2,0,1,1,1,1,1,2,2,2,2,0
216_17,0,2,2,0,2,0,2,2,2,2,1,2,1,0,0,0,0,1,1,1,2,0,1,2,1,2,2,2,0,2,0,0,1,0,1,1,0,1,2,1,2,2,1,1,2,2,0,2,2,1,1,2,1,1,2,1,0,0,1,0,2,0,2,0,1,0,0,2,1,2,0,1,0,1,2,1,1,2,1,1,0,0,1,1,0,2,1,1,0,2,0,0,1,0,2,1,0,2,0,0,0,1,0,2,0,0,2,1,0,2,2,2,1,2,2,2,2,1,1,0,0,0,1,1,2,2,0,0,2,1,0,2,2,0,1,0,1,2,2,0,0,2,2,2,0,2,1,1,2,1,1,1,0,1,0,1,2,1,2,1,2,0,0,2,1,1,2,0,2,1,0,1,0,2,2,2,1,0,0,1,1,2,0,1,1,2,0,0,2,0,1,1,0,1,1,2,2,2,2,0
I14,0,0,0,0,0,0,0,0,0,0,0,0,2,0,1,0,0,0,0,0,0,0,0,0,2,2,2,0,1,1,0,0,0,0,0,0,0,1,0,1,0,2,1,0,0,2,0,0,0,0,0,0,0,0,0,0,0,0,0,2,0,0,0,0,0,1,0,0,0,0,0,0,0,0,0,0,2,2,0,0,0,0,1,1,0,0,0,0,2,2,1,1,2,0,2,1,0,1,0,0,0,2,0,1,0,2,0,0,1,0,2,0,1,0,2,2,2,1,0,0,2,0,0,0,0,0,0,0,0,0,0,0,0,0,1,0,0,0,0,0,0,0,1,0,0,0,0,0,1,0,0,0,1,0,0,0,0,0,2,0,0,0,0,0,1,0,1,0,1,0,0,2,1,2,0,0,0,1,0,0,0,0,0,2,0,0,0,0,0,0,0,0,0,0,2,0,0,0,2,1
I15,0,0,0,0,0,0,2,0,1,2,2,0,2,2,1,1,0,0,0,0,0,0,0,0,2,2,2,2,1,1,1,0,0,2,0,0,0,1,0,1,2,2,1,0,0,2,0,0,0,0,2,0,1,2,0,0,1,0,2,2,0,0,0,0,0,1,1,0,0,1,2,0,0,0,1,0,2,2,0,0,0,0,1,1,1,2,2,1,2,2,1,1,2,0,2,1,0,1,0,0,0,2,1,1,0,2,2,1,1,0,2,1,1,2,2,2,2,1,1,0,2,0,1,0,0,0,1,1,0,0,0,0,0,1,1,0,0,0,2,0,0,2,1,0,2,0,0,0,1,1,0,0,1,1,0,2,0,0,2,2,0,1,0,1,1,0,1,0,1,2,0,2,1,2,0,2,1,1,2,1,0,2,2,2,0,1,0,2,1,2,1,2,1,2,2,1,1,2,2,1
I16,1,0,0,0,0,0,2,0,1,2,2,0,2,2,1,1,0,0,0,0,0,0,0,0,2,2,2,2,1,1,1,2,0,2,0,0,0,1,0,1,2,2,1,0,0,2,0,0,1,1,2,0,1,2,0,0,1,0,2,2,0,0,0,2,0,1,1,0,0,1,2,0,0,0,1,0,2,2,0,0,0,0,1,1,1,2,2,1,2,2,1,1,2,0,2,1,2,1,2,0,0,2,1,1,0,2,2,1,1,0,2,1,1,2,2,2,2,1,1,0,2,0,1,2,0,1,1,1,0,0,0,0,0,1,1,0,0,0,2,0,0,2,1,0,2,0,0,1,1,1,0,0,1,1,2,2,0,0,2,2,0,1,0,1,1,0,1,1,1,2,0,2,1,2,0,2,1,1,2,1,0,2,2,2,0,1,0,2,1,2,1,2,1,2,2,1,1,2,2,1
216_28,1,0,0,0,1,0,2,0,1,2,2,0,2,2,1,1,0,0,0,2,0,0,0,2,2,2,2,2,1,1,1,2,0,2,0,0,0,1,0,1,2,2,1,0,0,2,0,0,1,1,2,0,1,2,0,1,1,0,2,2,0,0,0,2,0,1,1,0,0,1,2,1,0,0,1,0,2,2,0,0,2,0,1,1,1,2,2,1,2,2,1,1,2,0,2,1,2,1,2,2,0,2,1,1,0,2,2,1,1,0,2,1,1,2,2,2,2,1,1,0,2,1,1,2,0,1,1,1,0,0,0,0,0,1,1,0,1,0,2,0,0,2,1,1,2,2,0,1,1,1,0,0,1,1,2,2,0,0,2,2,2,1,0,1,1,0,1,1,1,2,1,2,1,2,0,2,1,1,2,1,2,2,2,2,0,1,0,2,1,2,1,2,1,2,2,1,1,2,2,1
216_27,1,0,0,2,0,0,2,2,1,2,2,0,2,2,1,1,2,0,0,0,0,0,0,0,2,2,2,2,1,1,1,2,0,2,0,0,0,1,0,1,2,2,1,2,0,2,0,0,1,1,2,0,1,2,1,0,1,0,2,2,0,0,0,2,2,1,1,0,0,1,2,0,0,0,1,1,2,2,0,0,0,0,1,1,1,2,2,1,2,2,1,1,2,0,2,1,2,1,2,2,0,2,1,1,0,2,2,1,1,0,2,1,1,2,2,2,2,1,1,0,2,0,1,2,0,1,1,1,0,0,0,0,0,1,1,1,0,0,2,1,0,2,1,0,2,0,0,1,1,1,0,0,1,1,2,2,0,0,2,2,0,1,2,1,1,0,1,1,1,2,0,2,1,2,0,2,1,1,2,1,0,2,2,2,0,1,0,2,1,2,1,2,1,2,2,1,1,2,2,1
I17,2,0,0,0,0,0,2,0,1,2,2,0,2,2,1,1,0,0,0,0,0,0,0,0,2,2,2,2,1,1,1,0,0,2,0,0,0,1,0,1,2,2,1,0,0,2,1,0,0,0,2,2,1,2,0,0,1,0,2,2,0,2,0,2,0,1,1,0,1,1,2,1,1,0,1,0,2,2,0,0,0,0,1,1,1,2,2,1,2,2,1,1,2,0,2,1,0,1,0,0,0,2,1,1,0,2,2,1,1,0,2,1,1,2,2,2,2,1,1,1,2,0,1,0,0,1,1,1,0,0,0,0,0,1,1,0,0,2,2,1,0,2,1,0,2,0,2,0,1,1,0,0,1,1,0,2,0,0,2,2,0,1,2,1,1,1,1,0,1,2,0,2,1,2,0,2,1,1,2,1,0,2,2,2,2,1,0,2,1,2,1,2,1,2,2,1,1,2,2,1
216_30,2,0,0,0,2,0,2,0,1,2,2,0,2,2,1,1,0,0,0,0,1,1,0,0,2,2,2,2,1,1,1,0,0,2,0,0,0,1,0,1,2,2,1,0,1,2,1,2,0,1,2,2,1,2,0,1,1,0,2,2,1,2,0,2,0,1,1,0,1,1,2,1,1,0,1,1,2,2,1,0,0,0,1,1,1,2,2,1,2,2,1,1,2,0,2,1,0,1,2,0,0,2,1,1,0,2,2,1,1,0,2,1,1,2,2,2,2,1,1,1,2,0,1,0,0,1,1,1,0,0,0,0,0,1,1,0,0,2,2,1,0,2,1,0,2,0,2,0,1,1,1,0,1,1,0,2,2,0,2,2,0,1,2,1,1,1,1,0,1,2,0,2,1,2,0,2,1,1,2,1,0,2,2,2,2,1,2,2,1,2,1,2,1,2,2,1,1,2,2,1
216_29,2,0,1,0,0,0,2,0,1,2,2,0,2,2,1,1,2,1,0,0,0,0,0,1,2,2,2,2,1,1,1,1,0,2,0,0,0,1,0,1,2,2,1,0,0,2,1,0,0,0,2,2,1,2,0,0,1,0,2,2,0,2,0,2,0,1,1,1,1,1,2,1,1,0,1,0,2,2,0,2,1,0,1,1,1,2,2,1,2,2,1,1,2,0,2,1,0,1,0,0,0,2,1,1,0,2,2,1,1,0,2,1,1,2,2,2,2,1,1,1,2,0,1,0,0,1,1,1,0,0,0,0,0,1,1,0,0,2,2,1,1,2,1,0,2,2,2,0,1,1,0,0,1,1,0,2,0,0,2,2,0,1,2,1,1,1,1,0,1,2,0,2,1,2,0,2,1,1,2,1,0,2,2,2,2,1,0,2,1,2,1,2,1,2,2,1,1,2,2,1
I18,2,2,0,2,0,0,1,2,1,0,0,0,2,2,1,2,0,0,0,0,0,2,0,0,2,2,2,0,1,1,0,0,0,0,1,0,0,1,0,1,0,2,1,0,2,2,0,0,0,0,1,1,1,1,0,0,0,0,1,2,1,0,0,0,0,1,0,0,0,0,1,0,0,1,2,0,2,2,0,0,0,0,1,1,0,1,0,0,2,2,1,1,2,0,2,1,2,1,0,0,0,2,1,1,0,2,1,0,1,0,2,0,1,0,2,2,2,1,0,0,2,0,2,0,2,0,2,2,0,0,0,0,2,2,1,0,0,0,1,0,0,0,1,2,0,0,0,1,1,0,1,1,1,0,0,0,2,0,2,0,1,0,0,0,1,1,1,0,1,0,1,2,1,2,0,1,0,1,0,0,0,0,1,2,0,0,2,0,0,0,0,0,0,0,2,0,2,1,2,1
I19,2,2,0,2,2,0,1,2,1,0,0,1,2,2,1,2,0,0,0,0,1,2,0,0,2,2,2,0,1,1,0,1,0,0,1,0,0,1,1,1,1,2,1,0,2,2,2,0,0,1,1,1,1,1,0,0,0,0,1,2,1,0,0,0,1,1,2,0,1,0,1,0,0,1,2,0,2,2,0,2,2,2,1,1,0,1,0,0,2,2,1,1,2,2,2,1,2,1,0,2,0,2,1,1,0,2,1,0,1,2,2,2,1,0,2,2,2,1,0,0,2,2,2,0,2,0,2,2,0,1,0,0,2,2,1,0,2,0,1,0,0,0,1,2,0,1,0,1,1,0,1,1,1,0,0,0,2,0,2,0,1,0,2,0,1,1,1,2,1,0,1,2,1,2,2,1,1,1,1,2,0,0,1,2,1,0,2,0,0,1,0,0,0,0,2,0,2,1,2,1
I20,2,2,0,2,2,0,1,2,1,2,0,1,2,2,1,2,0,0,0,1,1,2,0,0,2,2,2,2,1,1,0,1,0,0,1,0,0,1,1,1,1,2,1,0,2,2,2,0,0,1,1,1,1,1,0,0,0,0,1,2,1,0,2,0,1,1,2,0,1,0,1,0,0,1,2,0,2,2,0,2,2,2,1,1,0,1,0,0,2,2,1,1,2,2,2,1,2,1,0,2,0,2,1,1,1,2,1,0,1,2,2,2,1,0,2,2,2,1,0,0,2,2,2,0,2,0,2,2,0,1,0,1,2,2,1,0,2,0,1,0,2,2,1,2,0,1,0,1,1,0,1,1,1,0,0,0,2,0,2,2,1,2,2,0,1,1,1,2,1,0,1,2,1,2,2,1,1,1,1,2,0,0,1,2,1,2,2,0,0,1,0,2,0,0,2,0,2,1,2,1
216_26,2,2,0,2,2,0,1,2,1,2,0,1,2,2,1,2,0,0,0,1,1,2,0,0,2,2,2,2,1,1,0,1,0,2,1,0,0,1,1,1,1,2,1,0,2,2,2,0,0,1,1,1,1,1,0,0,0,0,1,2,1,0,2,0,1,1,2,0,1,0,1,0,0,1,2,0,2,2,0,2,2,2,1,1,0,1,0,0,2,2,1,1,2,2,2,1,2,1,2,2,0,2,1,1,1,2,1,2,1,2,2,2,1,0,2,2,2,1,0,0,2,2,2,0,2,0,2,2,0,1,0,1,2,2,1,0,2,0,1,0,2,2,1,2,0,1,0,1,1,0,1,1,1,0,2,0,2,0,2,2,1,2,2,0,1,1,1,2,1,0,1,2,1,2,2,1,1,1,1,2,0,2,1,2,1,2,2,0,0,1,0,2,0,0,2,0,2,1,2,1
216_25,2,2,0,2,2,0,1,2,1,2,0,1,2,2,1,2,0,0,0,1,1,2,0,0,2,2,2,2,1,1,0,1,2,0,1,2,0,1,1,1,1,2,1,2,2,2,2,0,0,1,1,1,1,1,0,0,0,0,1,2,1,0,2,1,1,1,2,0,1,0,1,2,0,1,2,0,2,2,0,2,2,2,1,1,0,1,0,0,2,2,1,1,2,2,2,1,2,1,0,2,0,2,1,1,1,2,1,0,1,2,2,2,1,2,2,2,2,1,0,2,2,2,2,0,2,2,2,2,0,1,0,1,2,2,1,0,2,0,1,0,2,2,1,2,0,1,0,1,1,0,1,1,1,0,0,0,2,0,2,2,1,2,2,2,1,1,1,2,1,0,1,2,1,2,2,1,1,1,1,2,0,0,1,2,1,2,2,0,0,1,0,2,0,0,2,0,2,1,2,1
I21,2,2,0,2,2,0,1,2,1,0,0,1,2,2,1,2,0,0,0,0,1,2,0,0,2,2,2,0,1,1,0,1,0,0,1,0,1,1,1,1,1,2,1,0,2,2,2,0,0,1,1,1,1,1,0,0,0,0,1,2,1,1,0,0,1,1,2,0,1,0,1,0,1,1,2,0,2,2,0,2,2,2,1,1,0,1,0,0,2,2,1,1,2,2,2,1,2,1,0,2,0,2,1,1,0,2,1,0,1,2,2,2,1,0,2,2,2,1,0,0,2,2,2,0,2,0,2,2,0,1,1,0,2,2,1,0,2,2,1,0,0,0,1,2,0,1,0,1,1,1,1,1,1,0,0,0,2,0,2,0,1,0,2,1,1,1,1,2,1,0,1,2,1,2,2,1,1,1,1,2,0,0,1,2,1,0,2,0,0,1,0,0,0,2,2,0,2,1,2,1
216_24,2,2,0,2,2,0,1,2,1,0,0,1,2,2,1,2,0,0,0,0,1,2,0,0,2,2,2,0,1,1,0,1,2,0,1,0,1,1,1,1,1,2,1,0,2,2,2,0,0,1,1,1,1,1,0,1,0,0,1,2,1,1,0,0,1,1,2,0,1,0,1,2,1,1,2,0,2,2,0,2,2,2,1,1,0,1,0,0,2,2,1,1,2,2,2,1,2,1,0,2,0,2,1,1,0,2,1,0,1,2,2,2,1,0,2,2,2,1,1,0,2,2,2,0,2,0,2,2,1,1,1,1,2,2,1,1,2,2,1,0,0,0,1,2,0,1,0,1,1,1,1,1,1,0,0,0,2,1,2,0,1,0,2,1,1,1,1,2,1,0,1,2,1,2,2,1,1,1,1,2,0,0,1,2,1,2,2,0,0,1,0,0,0,2,2,1,2,1,2,1
216_23,2,2,2,2,2,0,1,2,1,1,0,1,2,2,1,2,1,0,0,0,1,2,0,0,2,2,2,2,1,1,0,1,0,0,1,0,1,1,1,1,1,2,1,0,2,2,2,0,0,1,1,1,1,1,1,0,0,0,1,2,1,1,0,1,1,1,2,0,1,2,1,1,1,1,2,0,2,2,1,2,2,2,1,1,0,1,0,0,2,2,1,1,2,2,2,1,2,1,0,2,1,2,1,1,0,2,1,0,1,2,2,2,1,0,2,2,2,1,0,0,2,2,2,0,2,1,2,2,0,1,1,0,2,2,1,0,2,2,1,0,0,0,1,2,0,1,0,1,1,1,1,1,1,0,0,0,2,0,2,0,1,0,2,1,1,1,1,2,1,0,1,2,1,2,2,1,1,1,1,2,1,0,1,2,1,0,2,0,0,1,0,2,1,2,2,0,2,1,2,1
I22,2,2,0,2,0,1,1,2,1,0,0,0,2,2,1,2,0,2,1,0,0,2,0,2,2,2,2,0,1,1,1,0,0,0,1,0,0,1,0,1,0,2,1,0,2,2,0,0,0,0,1,1,1,1,0,2,0,2,1,2,1,0,2,0,0,1,0,0,0,0,1,2,2,1,2,2,2,2,0,0,0,0,1,1,0,1,1,0,2,2,1,1,2,0,2,1,2,1,0,2,0,2,1,1,0,2,1,0,1,1,2,0,1,2,2,2,2,1,0,0,2,0,2,0,2,0,2,2,0,0,0,0,2,2,1,0,2,1,1,0,0,2,1,2,0,2,0,1,1,1,1,1,1,0,0,1,2,0,2,0,1,0,0,0,1,1,1,0,1,0,1,2,1,2,2,1,2,1,0,0,0,0,1,2,1,2,2,2,2,0,1,0,0,1,2,2,2,1,2,1
I23,2,2,0,2,0,1,1,2,1,0,0,0,2,2,1,2,0,2,1,0,0,2,0,2,2,2,2,0,1,1,1,0,0,0,1,0,1,1,0,1,0,2,1,0,2,2,0,0,0,0,1,1,1,1,0,2,0,2,1,2,1,0,2,0,0,1,0,2,0,0,1,2,2,1,2,2,2,2,0,0,0,1,1,1,0,1,1,1,2,2,1,1,2,1,2,1,2,1,0,2,0,2,1,1,0,2,1,0,1,1,2,0,1,2,2,2,2,1,0,0,2,0,2,2,2,0,2,2,0,0,0,0,2,2,1,0,2,1,1,0,1,2,1,2,0,2,1,1,1,1,1,1,1,0,2,1,2,0,2,0,1,0,2,1,1,1,1,0,1,0,1,2,1,2,2,1,2,1,2,0,0,0,1,2,1,2,2,2,2,2,1,2,2,1,2,2,2,1,2,1
216_22,2,2,0,2,2,1,1,2,1,0,0,0,2,2,1,2,0,2,1,0,0,2,0,2,2,2,2,0,1,1,1,0,0,2,1,0,1,1,1,1,1,2,1,0,2,2,0,1,0,2,1,1,1,1,0,2,0,2,1,2,1,0,2,0,0,1,0,2,1,0,1,2,2,1,2,2,2,2,0,1,0,1,1,1,2,1,1,1,2,2,1,1,2,1,2,1,2,1,0,2,0,2,1,1,0,2,1,2,1,1,2,0,1,2,2,2,2,1,0,0,2,0,2,2,2,0,2,2,0,0,0,0,2,2,1,0,2,1,1,0,1,2,1,2,0,2,1,1,1,1,1,1,1,0,2,1,2,0,2,0,1,0,2,1,1,1,1,0,1,0,1,2,1,2,2,1,2,1,2,0,0,1,1,2,1,2,2,2,2,2,1,2,2,1,2,2,2,1,2,1
216_21,2,2,1,2,0,1,1,2,1,0,0,0,2,2,1,2,0,2,1,0,0,2,0,2,2,2,2,0,1,1,1,1,0,0,1,0,1,1,0,1,0,2,1,0,2,2,0,0,0,2,1,1,1,1,1,2,0,2,1,2,1,0,2,0,0,1,0,2,0,0,1,2,2,1,2,2,2,2,0,0,0,1,1,1,0,1,1,1,2,2,1,1,2,1,2,1,2,1,1,2,0,2,1,1,0,2,1,0,1,1,2,0,1,2,2,2,2,1,0,0,2,0,2,2,2,0,2,2,0,0,0,0,2,2,1,1,2,1,1,0,1,2,1,2,0,2,1,1,1,1,1,1,1,0,2,1,2,0,2,0,1,0,2,1,1,1,1,0,1,2,1,2,1,2,2,1,2,1,2,0,0,0,1,2,1,2,2,2,2,2,1,2,2,1,2,2,2,1,2,1
I24,2,2,1,2,0,1,1,2,1,0,2,0,2,2,1,2,0,2,1,0,0,2,0,2,2,2,2,0,1,1,1,0,2,0,1,0,0,1,0,1,0,2,1,0,2,2,2,0,0,0,1,1,1,1,0,2,0,2,1,2,1,0,2,0,0,1,0,0,0,0,1,2,2,1,2,2,2,2,0,2,2,0,1,1,0,1,1,0,2,2,1,1,2,0,2,1,2,1,0,2,0,2,1,1,0,2,1,0,1,1,2,0,1,2,2,2,2,1,0,2,2,1,2,0,2,0,2,2,0,2,0,0,2,2,1,0,2,1,1,0,0,2,1,2,0,2,0,1,1,1,1,1,1,0,0,1,2,0,2,0,1,0,0,1,1,1,1,0,1,0,1,2,1,2,2,1,2,1,0,0,0,0,1,2,1,2,2,2,2,0,1,0,0,1,2,2,2,1,2,1
216_20,2,2,1,2,0,1,1,2,1,0,2,0,2,2,1,2,0,2,1,0,2,2,1,2,2,2,2,0,1,1,1,1,2,0,1,0,0,1,0,1,1,2,1,0,2,2,2,0,0,0,1,1,1,1,0,2,0,2,1,2,1,0,2,0,0,1,0,0,0,2,1,2,2,1,2,2,2,2,0,2,2,0,1,1,1,1,1,0,2,2,1,1,2,0,2,1,2,1,0,2,0,2,1,1,0,2,1,0,1,1,2,0,1,2,2,2,2,1,2,2,2,1,2,0,2,0,2,2,0,2,0,0,2,2,1,0,2,1,1,0,0,2,1,2,0,2,0,1,1,1,1,1,1,0,0,1,2,2,2,0,1,1,0,1,1,1,1,0,1,0,1,2,1,2,2,1,2,1,0,0,1,1,1,2,1,2,2,2,2,1,1,0,0,1,2,2,2,1,2,1
216_19,2,2,1,2,1,1,1,2,1,0,2,0,2,2,1,2,2,2,1,0,0,2,0,2,2,2,2,0,1,1,1,0,2,0,1,0,0,1,0,1,1,2,1,0,2,2,2,0,0,0,1,1,1,1,0,2,0,2,1,2,1,0,2,0,0,1,0,2,0,0,1,2,2,1,2,2,2,2,1,2,2,0,1,1,0,1,1,0,2,2,1,1,2,0,2,1,2,1,0,2,0,2,1,1,0,2,1,0,1,1,2,0,1,2,2,2,2,1,0,2,2,1,2,0,2,0,2,2,0,2,0,0,2,2,1,0,2,1,1,2,0,2,1,2,0,2,0,1,1,1,1,1,1,1,0,1,2,0,2,2,1,0,0,1,1,1,1,2,1,0,1,2,1,2,2,1,2,1,0,0,0,0,1,2,1,2,2,2,2,0,1,0,0,1,2,2,2,1,2,1
Evolve tree: [&R] (((((216_19:0.1614883209639153,216_20:0.1614883209639153)I24:0.22403895735556564,(216_21:0.1480041787330661,216_22:0.1480041787330661)I23:0.23752309958641485)I22:0.2783769555631764,((216_23:0.15697904064962592,216_24:0.15697904064962592)I21:0.20771448848373447,(216_25:0.11268051464220175,216_26:0.11268051464220175)I20:0.25201301449115865)I19:0.29921070474929695)I18:0.29764077416201834,((216_29:0.18425511301706246,216_30:0.18425511301706246)I17:0.21179069904200898,(216_27:0.17510412748404047,216_28:0.17510412748404047)I16:0.22094168457503097)I15:0.5654991959856046)I14:0.2794030266246332,((((216_17:0.12142580669781664,216_18:0.12142580669781664)I13:0.24845088188388575,216_15:0.3698766885817024)I12:0.2575199494549938,((216_13:0.03236572398856582,216_14:0.03236572398856582)I11:0.15188938902849664,(216_11:0.02827399588619251,216_12:0.02827399588619251)I10:0.15598111713086996)I9:0.44314152501963383)I8:0.3199783661387555,(((216_1:0.13022793474518954,216_2:0.13022793474518954)I7:0.21390002668227856,(216_3:0.12581974319240852,216_4:0.12581974319240852)I6:0.21830821823505955)I5:0.23568253302357298,((216_5:0.12142580669781664,216_6:0.12142580669781664)I4:0.19234910402643515,216_8:0.31377491072425184)I3:0.26603558372678926)I2:0.3675645097244107)I1:0.2935730304938571)I0:0;