[&R] ((((((216_19:8.312,216_20:6.312)178_10:10.619,(216_21:5.29,216_22:8.29)181_12:15.64)132_5:17.178,((216_23:6.255,216_24:6.255)179_13:10.414,(216_25:2.042,216_26:3.042)189_22:10.627)136_9:25.439)83_3:37.303,((216_29:6.387,216_30:8.387)173_14:18.964,(216_27:7.209,216_28:4.209)175_14:11.142)130_7:62.061)38_2:49.696,((((216_17:3.167,216_18:7.167)187_13:4.351,216_15:16.518)135_4:23.084,((216_13:0.001,216_14:0.001)208_12:8.226,(216_11:0,216_12:0)209_11:3.226)173_6:31.376)89_2:40.227,(((216_1:4.15,216_2:5.15)185_1:9.283,(216_3:4.18,216_4:6.18)186_3:7.252)140_1:19.549,((216_5:7.149,216_6:2.149)187_5:9.982,216_8:18.131)146_3:18.85)97_1:42.848)40_1:55.279)virtual:0.892)I0;
I0,0,0,0,0,0,0,0,0,0,0,0,0,0,0,0,0,0,0,0,0,0,0,0,0,0,0,0,0,0,0,0,0,0,0,0,0,0,0,0,0,0,0,0,0,0,0,0,0,0,0,0,0,0,0,0,0,0,0,0,0,0,0,0,0,0,0,0,0,0,0,0,0,0,0,0,0,0,0,0,0,0,0,0,0,0,0,0,0,0,0,0,0,0,0,0,0,0,0,0,0,0,0,0,0,0,0,0,0,0,0,0,0,0,0,0,0,0,0,0,0,0,0,0,0,0,0,0,0,0,0,0,0,0,0,0,0,0,0,0,0,0,0,0,0,0,0,0,0,0,0,0,0,0,0,0,0,0,0,0,0,0,0,0,0,0,0,0,0,0,0,0,0,0,0,0,0,0,0,0,0,0,0,0,0,0,0,0,0,0,0,0,0,0,0,0,0,0,0,0,0
virtual,0,0,0,0,0,0,0,0,0,0,0,0,0:0.9/1:0.1,0,0,0,0,0,0,0,0:0.9/1:0.1,0,0,0,0,0,0,0,0,0,0:0.9/2:0.1,0,0,0,0,0,0,0,0,0:0.9/2:0.1,0,0,0,0,0,0,0,0,0,0,0,0,0,0,0,0,0,0,0,0,0,0,0,0,0,0,0,0,0,0,0,0,0,0:0.9/2:0.1,0,0,0,0,0:0.9/1:0.1,0,0:0.9/1:0.1,0,0,0,0,0,0,0:0.9/2:0.1,0,0,0,0,0,0,0,0,0,0,0,0,0,0:0.9/1:0.1,0,0,0,0,0,0,0,0,0,0,0,0,0,0,0,0,0,0,0,0,0,0,0,0,0,0,0,0,0,0,0,0,0,0,0,0,0,0,0,0,0,0,0,0,0,0,0,0,0,0,0,0,0,0,0,0,0,0,0,0,0,0,0,0,0,0,0,0,0,0,0,0,0,0,0,0,0,0,0,0,0,0,0,0,0,0,0,0,0,0,0,0,0,0,0,0,0,0
40_1,0:0.11/1:0.89,0:0.11/1:0.89,0,0:0.11/2:0.89,0:0.11/2:0.89,0,0,0:0.11/1:0.89,0,0,0,0,0:0.1/1:0.9,0,0,0,0,0:0.11/1:0.89,0,0,0:0.1/1:0.9,0,0:0.11/1:0.89,0:0.11/1:0.89,0,0,0:0.11/2:0.89,0,0,0,0:0.1/2:0.9,0:0.11/1:0.89,0,0,0,0,0,0,0:0.11/2:0.89,0:0.1/2:0.9,0,0,0,0,0:0.11/2:0.89,0:0.11/1:0.89,0,0:0.11/2:0.89,0:0.11/2:0.89,0,0,0:0.11/2:0.89,0,0:0.11/1:0.89,0,0,0:0.11/1:0.89,0:0.11/1:0.89,0,0,0,0:0.11/1:0.89,0,0,0:0.11/2:0.89,0,0,0,0,0,0:0.11/1:0.89,0,0:0.11/2:0.89,0:0.1/2:0.9,0,0,0:0.11/2:0.89,0,0:0.1/1:0.9,0:0.11/2:0.89,0:0.1/1:0.9,0,0:0.11/2:0.89,0:0.11/1:0.89,0,0,0,0:0.1/2:0.9,0:0.11/1:0.89,0,0:0.11/1:0.89,0,0,0,0:0.11/2:0.89,0,0,0:0.11/1:0.89,0,0,0,0:0.1/1:0.9,0:0.11/1:0.89,0,0,0,0,0:0.11/1:0.89,0,0,0:0.11/2:0.89,0,0,0:0.11/2:0.89,0,0,0,0,0,0,0,0,0,0,0:0.11/2:0.89,0,0,0,0,0,0,0:0.11/2:0.89,0,0,0,0,0,0,0:0.11/2:0.89,0,0,0,0,0,0:0.11/2:0.89,0:0.11/2:0.89,0,0,0,0:0.11/1:0.89,0:0.11/1:0.89,0,0,0:0.11/2:0.89,0,0:0.11/2:0.89,0:0.11/1:0.89,0,0,0,0:0.11/1:0.89,0,0,0,0,0,0,0:0.11/2:0.89,0,0,0,0,0,0,0,0,0,0,0,0:0.11/2:0.89,0:0.11/1:0.89,0,0:0.11/1:0.89,0:0.11/2:0.89,0,0,0,0,0:0.11/1:0.89,0,0,0,0:0.11/2:0.89,0,0,0,0,0,0,0:0.11/1:0.89
97_1,1,1,0,2,2,0,0,1,0,0,0:0.04/1:0.96,0,1,0:0.04/2:0.96,0,0,0:0.04/2:0.96,1,0:0.04/1:0.96,0,1,0,1,1,0:0.04/1:0.96,0:0.04/2:0.96,2,0,0,0,2,1,0,0:0.04/1:0.96,0:0.04/2:0.96,0,0,0,2,2,0,0,0:0.04/1:0.96,0:0.04/2:0.96,2,1,0,2,2,0,0,2,0,1,0,0,1,1,0,0:0.04/1:0.96,0,1,0,0:0.04/1:0.96,2,0,0,0,0,0:0.04/2:0.96,1,0,2,2,0:0.04/1:0.96,0,2,0:0.04/2:0.96,1,2,1,0,2,1,0,0,0,2,1,0,1,0,0,0:0.04/1:0.96,2,0,0,1,0:0.04/2:0.96,0:0.04/2:0.96,0,1,1,0,0:0.04/2:0.96,0,0,1,0:0.04/2:0.96,0,2,0:0.04/2:0.96,0:0.04/1:0.96,2,0,0,0,0,0:0.04/2:0.96,0:0.04/2:0.96,0,0,0,0:0.04/2:0.96,2,0:0.04/2:0.96,0,0,0,0,0,2,0,0,0,0:0.04/2:0.96,0,0:0.04/1:0.96,2,0:0.04/2:0.96,0:0.04/2:0.96,0,0,0,2,2,0,0:0.04/1:0.96,0,1,1,0:0.04/1:0.96,0,2,0,2,1,0,0,0,1,0:0.04/2:0.96,0,0,0:0.04/1:0.96,0:0.04/1:0.96,0,2,0,0,0,0,0:0.04/1:0.96,0,0,0,0,0,0,2,1,0,1,2,0:0.04/1:0.96,0,0,0,1,0:0.04/1:0.96,0,0,2,0,0,0,0,0,0,1
146_3,1,1,0,2,2,0,0,1,0:0.06/2:0.94,0,1,0,1,2,0,0,2,1,1,0,1,0,1,1,1,2,2,0,0:0.06/2:0.94,0,2,1,0,1,2,0,0:0.06/1:0.94,0:0.06/1:0.94,2,2,0,0,1,2,2,1,0,2,2,0,0,2,0,1,0,0,1,1,0,1,0,1,0,1,2,0,0,0:0.06/2:0.94,0,2,1,0,2,2,1,0,2,2,1,2,1,0,2,1,0:0.06/1:0.94,0,0,2,1,0,1,0,0,1,2,0,0,1,2,2,0,1,1,0,2,0,0,1,2,0,2,2,1,2,0,0:0.06/1:0.94,0:0.06/1:0.94,0:0.06/1:0.94,2,2,0:0.06/2:0.94,0,0,2,2,2,0,0,0,0,0,2,0,0,0,2,0:0.06/1:0.94,1,2,2,2,0,0,0,2,2,0,1,0,1,1,1,0:0.06/1:0.94,2,0,2,1,0,0,0:0.06/1:0.94,1,2,0,0,1,1,0,2,0,0:0.06/2:0.94,0:0.06/2:0.94,0,1,0,0,0,0,0,0:0.06/1:0.94,2,1,0,1,2,1,0,0,0,1,1,0,0:0.06/2:0.94,2,0:0.06/1:0.94,0,0,0,0,0,1
216_8,1,1,1,2,2,0,0,1,2,0,1,0,1,2,0,0,2,1,1,1,1,0,1,1,1,2,2,1,2,0,2,1,0,1,2,0,1,1,2,2,0,0,1,2,2,1,2,2,2,2,0,2,1,1,1,1,1,1,0,1,0,1,0,1,2,0,0,2,0,2,1,0,2,2,1,0,2,2,1,2,1,0,2,1,1,0,0,2,1,1,1,0,0,1,2,0,0,1,2,2,0,1,1,0,2,0,0,1,2,0,2,2,1,2,0,1,1,1,2,2,2,0,0,2,2,2,0,1,0,0,2,2,0,0,0,2,1,1,2,2,2,1,2,0,2,2,0,1,0,1,1,1,1,2,0,2,1,0,0,1,1,2,0,0,1,1,0,2,2,2,2,0,1,0,0,0,1,2,1,2,1,0,1,2,1,0,0,0,1,1,1,2,2,1,0,0,0,0,0,1
187_5,1,1,0,2,2,0,0,1,2,0,1,0,1,2,0,0,2,1,1,0,1,0:0.01/1:0.99,1,1,1,2,2,0,2,0,2,1,0,1,2,0,1,1,2,2,0,0,1,2,2,1,0,2,2,0,0,2,0,1,0,0,1,1,0:0.01/2:0.99,1,0,1,0,1,2,0,0,2,0,2,1,0,2,2,1,0,2,2,1,2,1,0,2,1,1,0:0.01/2:0.99,0,2,1,0,1,0,0,1,2,0:0.01/2:0.99,0,1,2,2,0,1,1,0,2,0,0,1,2,0,2,2,1,2,0:0.01/2:0.99,1,1,1,2,2,2,0,0,2,2,2,0,0,0:0.01/2:0.99,0,0,2,0,0,0:0.01/1:0.99,2,1,1,2,2,2,0,0,0:0.01/2:0.99,2,2,0,1,0,1,1,1,1,2,0,2,1,0,0,1,1,2,0,0,1,1,0,2,0,2,2,0,1,0:0.01/1:0.99,0,0,0,0,1,2,1,0,1,2,1,0,0,0,1,1,0,2,2,1,0,0,0,0,0,1
216_6,1,1,0,2,2,0,0,1,2,0,1,0,1,2,0,0,2,1,1,0,1,1,1,1,1,2,2,0,2,0,2,1,0,1,2,0,1,1,2,2,0,0,1,2,2,1,0,2,2,0,0,2,0,1,0,0,1,1,2,1,0,1,0,1,2,0,0,2,0,2,1,0,2,2,1,0,2,2,1,2,1,0,2,1,1,2,1,2,1,0,1,0,0,1,2,2,1,1,2,2,0,1,1,0,2,0,0,1,2,0,2,2,1,2,2,1,1,1,2,2,2,0,0,2,2,2,0,0,2,0,0,2,0,0,1,2,1,1,2,2,2,0,0,2,2,2,0,1,0,1,1,1,1,2,0,2,1,0,0,1,1,2,0,0,1,1,0,2,0,2,2,0,1,1,0,0,0,0,1,2,1,0,1,2,1,0,0,0,1,1,0,2,2,1,0,0,0,0,0,1
216_5,1,1,0,2,2,0,0,1,2,0,1,0,1,2,0,0,2,1,1,0,1,1,1,1,1,2,2,0,2,0,2,1,1,1,2,0,1,1,2,2,0,0,1,2,2,1,0,2,2,0,0,2,0,1,0,1,1,1,2,1,0,1,2,1,2,0,0,2,0,2,1,0,2,2,1,0,2,2,1,2,1,0,2,1,1,2,2,2,1,0,1,0,0,1,2,2,0,1,2,2,0,1,1,0,2,0,0,1,2,0,2,2,1,2,2,1,1,1,2,2,2,0,0,2,2,2,0,0,2,0,0,2,0,0,1,2,1,1,2,2,2,0,0,2,2,2,0,1,0,1,1,1,1,2,0,2,1,0,0,1,1,2,0,0,1,1,2,2,0,2,2,0,1,1,1,0,0,1,1,2,1,0,1,2,1,0,0,0,1,1,0,2,2,1,0,0,0,0,0,1
140_1,1,1,0,2,2,0,0,1,0,0,1,0,1,2,0:0.02/2:0.98,0,2,1,1,0:0.02/2:0.98,1,0,1,1,1,2,2,0,0,0:0.02/2:0.98,2,1,0,1,2,0,0,0,2,2,0,0:0.02/1:0.98,1,2,2,1,0,2,2,0,0,2,0,1,0:0.02/1:0.98,0,1,1,0,1,0,1,0,1,2,0,0,0,0,2,1,0,2,2,1,0,2,2,1,2,1,0,2,1,0,0,0,2,1,0,1,0,0,1,2,0,0,1,2,2,0:0.02/1:0.98,1,1,0:0.02/2:0.98,2,0,0,1,2,0,2,2,1,2,0,0,0,0,2,2,0,0,0,2,2,2,0,0,0,0,0,2,0,0:0.02/1:0.98,0:0.02/1:0.98,2,0,1,2,2,2,0,0:0.02/1:0.98,0,2,2,0:0.02/1:0.98,1,0,1,1,1,0:0.02/2:0.98,2,0,2,1,0,0,0,1,2,0,0,1,1,0:0.02/2:0.98,2,0:0.02/2:0.98,0,0,0,1,0,0,0:0.02/1:0.98,0:0.02/1:0.98,0,0,2,1,0,1,2,1,0,0,0,1,1,0,0,2,0,0:0.02/2:0.98,0,0,0:0.02/1:0.98,0,1
186_3,1,1,0,2,2,0,0,1,0,0,1,0,1,2,2,0,2,1,1,2,1,0,1,1,1,2,2,0,0,2,2,1,0,1,2,0,0,0:0.02/2:0.98,2,2,0,1,1,2,2,1,0,2,2,0,0,2,0,1,1,0,1,1,0,1,0,1,0:0.02/1:0.98,1,2,0,0,0,0,2,1,0,2,2,1,0,2,2,1,2,1,0,2,1,0,0,0,2,1,0,1,0,0:0.02/1:0.98,1,2,0,0:0.02/1:0.98,1,2,2,1,1,1,2,2,0,0,1,2,0,2,2,1,2,0,0,0,0,2,2,0,0,0,2,2,2,0,0,0,0,0,2,0:0.02/2:0.98,1,1,2,0:0.02/2:0.98,1,2,2,2,0,1,0,2,2,1,1,0,1,1,1,2,2,0:0.02/1:0.98,2,1,0,0,0,1,2,0,0,1,1,2,2,2,0,0,0,1,0,0,1,1,0,0,2,1,0,1,2,1,0,0,0,1,1,0,0,2,0,2,0,0,1,0,1
216_4,1,1,0,2,2,0,0,1,0,0,1,0,1,2,2,2,2,1,1,2,1,0,1,1,1,2,2,0,0,2,2,1,0,1,2,0,0,2,2,2,0,1,1,2,2,1,0,2,2,0,0,2,0,1,1,0,1,1,1,1,0,1,1,1,2,0,0,0,0,2,1,0,2,2,1,0,2,2,1,2,1,0,2,1,0,0,0,2,1,0,1,0,1,1,2,0,1,1,2,2,1,1,1,2,2,0,0,1,2,0,2,2,1,2,0,0,0,0,2,2,0,0,1,2,2,2,0,0,0,0,0,2,2,1,1,2,2,1,2,2,2,0,1,0,2,2,1,1,0,1,1,1,2,2,1,2,1,0,0,0,1,2,0,0,1,1,2,2,2,0,0,0,1,0,2,1,1,0,0,2,1,0,1,2,1,0,0,0,1,1,0,2,2,0,2,0,1,1,0,1
216_3,1,1,0,2,2,0,0,1,0,0,1,0,1,2,2,0,2,1,1,2,1,0,1,1,1,2,2,0,0,2,2,1,0,1,2,1,0,2,2,2,1,1,1,2,2,1,0,2,2,0,0,2,0,1,1,0,1,1,2,1,0,1,1,1,2,2,0,0,0,2,1,0,2,2,1,0,2,2,1,2,1,0,2,1,0,0,0,2,1,0,1,0,1,1,2,0,1,1,2,2,1,1,1,2,2,0,0,1,2,0,2,2,1,2,0,0,0,0,2,2,0,0,0,2,2,2,0,0,0,0,0,2,2,1,1,2,2,1,2,2,2,0,1,0,2,2,1,1,0,1,1,1,2,2,1,2,1,0,0,0,1,2,0,0,1,1,2,2,2,0,0,0,1,0,0,1,1,0,0,2,1,0,1,2,1,0,0,0,1,1,0,0,2,0,2,0,0,1,0,1
185_1,1,1,0,2,2,0,0,1,0,0,1,0,1,2,2,0,2,1,1,2,1,0,1,1,1,2,2,0,0,2,2,1,0,1,2,0,0,0,2,2,0,1,1,2,2,1,0,2,2,0,0,2,0,1,1,0,1,1,0,1,0,1,0,1,2,0,0,0,0:0.02/1:0.98,2,1,0:0.02/2:0.98,2,2,1,0,2,2,1,2,1,0,2,1,0,0,0,2,1,0,1,0,0,1,2,0,0,1,2,2,1,1,1,2,2,0,0,1,2,0,2,2,1,2,0,0,0,0,2,2,0:0.02/1:0.98,0,0,2,2,2,0,0,0,0,0,2,0,1,1,2,0,1,2,2,2,0,1,0,2,2,1,1,0,1,1,1,2,2,0:0.02/2:0.98,2,1,0:0.02/2:0.98,0,0,1,2,0,0:0.02/2:0.98,1,1,2,2,2,0,0,0,1,0,0:0.02/1:0.98,1,1,0,0,2,1,0,1,2,1,0,0,0:0.02/2:0.98,1,1,0,0:0.02/1:0.98,2,0,2,0,0,1,0,1
216_2,1,1,0,2,2,1,0,1,0,0,1,0,1,2,2,0,2,1,1,2,1,0,1,1,1,2,2,0,0,2,2,1,1,1,2,0,0,0,2,2,0,1,1,2,2,1,0,2,2,0,2,2,0,1,1,0,1,1,0,1,0,1,0,1,2,0,0,0,1,2,1,2,2,2,1,0,2,2,1,2,1,0,2,1,0,0,0,2,1,0,1,0,0,1,2,0,0,1,2,2,1,1,1,2,2,0,0,1,2,0,2,2,1,2,0,0,0,0,2,2,1,0,0,2,2,2,0,0,0,0,0,2,0,1,1,2,0,1,2,2,2,0,1,0,2,2,1,1,0,1,1,1,2,2,2,2,1,2,0,0,1,2,0,2,1,1,2,2,2,1,0,0,1,0,1,1,1,0,0,2,1,0,1,2,1,0,1,2,1,1,0,1,2,0,2,0,0,1,0,1
216_1,1,1,0,2,2,0,0,1,0,0,1,1,1,2,2,0,2,1,1,2,1,0,1,1,1,2,2,0,0,2,2,1,0,1,2,0,0,0,2,2,0,1,1,2,2,1,0,2,2,0,0,2,0,1,1,0,1,1,0,1,0,1,0,1,2,0,0,0,1,2,1,2,2,2,1,0,2,2,1,2,1,0,2,1,0,0,0,2,1,1,1,0,0,1,2,0,1,1,2,2,1,1,1,2,2,0,0,1,2,0,2,2,1,2,0,0,0,0,2,2,1,0,0,2,2,2,0,0,0,0,0,2,0,1,1,2,0,1,2,2,2,0,1,0,2,2,1,1,0,1,1,1,2,2,2,2,1,2,0,0,1,2,0,2,1,1,2,2,2,0,0,0,1,0,1,1,1,0,0,2,1,0,1,2,1,0,0,2,1,1,0,1,2,0,2,0,0,1,2,1
89_2,0:0.01/1:0.99,0:0.01/1:0.99,0,0:0.01/2:0.99,0:0.01/2:0.99,0,0,0:0.01/1:0.99,0,0,0,0:0.08/1:0.92,0:0.01/1:0.99,0,0,0,0,0:0.01/1:0.99,0,0,0:0.01/1:0.99,0,0:0.01/1:0.99,0:0.01/1:0.99,0,0:0.08/1:0.92,0:0.01/2:0.99,0,0,0,0:0.01/2:0.99,0:0.01/1:0.99,0,0,0,0,0,0,0:0.01/2:0.99,0:0.01/2:0.99,0,0,0,0,0:0.01/2:0.99,0:0.01/1:0.99,0,0:0.01/2:0.99,0:0.01/2:0.99,0,0,0:0.01/2:0.99,0,0:0.01/1:0.99,0:0.08/1:0.92,0,0:0.01/1:0.99,0:0.01/1:0.99,0:0.08/2:0.92,0,0:0.08/1:0.92,0:0.01/1:0.99,0:0.08/2:0.92,0,0:0.01/2:0.99,0:0.08/2:0.92,0,0,0,0,0:0.01/1:0.99,0,0:0.01/2:0.99,0:0.01/2:0.99,0,0,0:0.01/2:0.99,0,0:0.01/1:0.99,0:0.01/2:0.99,0:0.01/1:0.99,0,0:0.01/2:0.99,0:0.01/1:0.99,0,0,0:0.08/2:0.92,0:0.01/2:0.99,0:0.01/1:0.99,0:0.08/2:0.92,0:0.01/1:0.99,0,0,0,0:0.01/2:0.99,0,0:0.08/1:0.92,0:0.01/1:0.99,0:0.08/1:0.92,0:0.08/1:0.92,0,0:0.01/1:0.99,0:0.01/1:0.99,0,0,0,0,0:0.01/1:0.99,0,0,0:0.01/2:0.99,0,0,0:0.01/2:0.99,0:0.08/2:0.92,0:0.08/2:0.92,0:0.08/2:0.92,0:0.08/2:0.92,0,0,0,0,0,0,0:0.01/2:0.99,0,0,0:0.08/1:0.92,0:0.08/2:0.92,0,0,0:0.01/2:0.99,0:0.08/1:0.92,0,0,0,0:0.08/2:0.92,0,0:0.01/2:0.99,0,0,0,0,0:0.08/1:0.92,0:0.01/2:0.99,0:0.01/2:0.99,0,0,0,0:0.01/1:0.99,0:0.01/1:0.99,0:0.08/2:0.92,0:0.08/2:0.92,0:0.01/2:0.99,0:0.08/2:0.92,0:0.01/2:0.99,0:0.01/1:0.99,0,0:0.08/2:0.92,0,0:0.01/1:0.99,0,0:0.08/1:0.92,0,0,0,0,0:0.01/2:0.99,0:0.08/1:0.92,0,0,0:0.08/2:0.92,0,0,0,0,0,0,0:0.08/1:0.92,0:0.01/2:0.99,0:0.01/1:0.99,0:0.08/1:0.92,0:0.01/1:0.99,0:0.01/2:0.99,0:0.08/2:0.92,0,0:0.08/1:0.92,0:0.08/1:0.92,0:0.01/1:0.99,0:0.08/2:0.92,0,0:0.08/1:0.92,0:0.01/2:0.99,0,0:0.08/1:0.92,0:0.08/2:0.92,0,0,0,0:0.01/1:0.99
173_6,1,1,0,2,2,0,0,1,0,0:0.01/1:0.99,0,1,1,0,0,0,0,1,0:0.01/2:0.99,0,1,0,1,1,0,1,2,0,0,0,2,1,0,0,0,0,0:0.01/1:0.99,0,2,2,0,0:0.01/2:0.99,0:0.01/1:0.99,0:0.01/1:0.99,2,1,0,2,2,0,0:0.01/2:0.99,2,0,1,1,0:0.01/2:0.99,1,1,2,0,1,1,2,0,2,2,0,0:0.01/1:0.99,0,0,1,0:0.01/1:0.99,2,2,0:0.01/2:0.99,0,2,0:0.01/1:0.99,1,2,1,0:0.01/1:0.99,2,1,0,0,2,2,1,2,1,0,0,0,2,0:0.01/2:0.99,1,1,1,1,0,1,1,0:0.01/2:0.99,0,0:0.01/2:0.99,0,1,0,0,2,0,0,2,2,2,2,2,0,0,0,0,0,0,2,0,0,1,2,0:0.01/1:0.99,0,2,1,0,0,0,2,0,2,0,0:0.01/1:0.99,0:0.01/1:0.99,0:0.01/2:0.99,1,2,2,0:0.01/2:0.99,0,0,1,1,2,2,2,2,2,1,0:0.01/1:0.99,2,0,1,0:0.01/2:0.99,1,0,0,0:0.01/2:0.99,0,2,1,0,0,2,0,0,0,0:0.01/2:0.99,0:0.01/1:0.99,0,1,2,1,1,1,2,2,0,1,1,1,2,0:0.01/2:0.99,1,2,0:0.01/1:0.99,1,2,0,0,0,1
209_11,1,1,0,2,2,0,0,1,0,1,0,1,1,0,0,0,0,1,2,0,1,0,1,1,0,1,2,0,0,0,2,1,0,0,0,0,1,0,2,2,0,2,1,1,2,1,0,2,2,0,2,2,0,1,1,2,1,1,2,0,1,1,2,0,2,2,0,1,0,0,1,1,2,2,2,2,2,1,1,2,1,1,2,1,0,0,2,2,1,2,1,0,0,0,2,2,1,1,1,1,2,1,1,2,0,2,0,1,0,0,2,0,0,2,2,2,2,2,0,0,0,0,0,0,2,0,0,1,2,1,0,2,1,0,0,2,2,0,2,0,1,1,2,1,2,2,2,0,0,1,1,2,2,2,2,2,1,1,2,0,1,2,1,0,0,2,0,2,1,0,0,2,0,0,0,2,1,0,1,2,1,1,1,2,2,0,1,1,1,2,2,1,2,1,1,2,0,0,0,1
216_12,1,1,0,2,2,0,0,1,0,1,0,1,1,0,0,0,0,1,2,0,1,0,1,1,0,1,2,0,0,0,2,1,0,0,0,0,1,0,2,2,0,2,1,1,2,1,0,2,2,0,2,2,0,1,1,2,1,1,2,0,1,1,2,0,2,2,0,1,0,0,1,1,2,2,2,2,2,1,1,2,1,1,2,1,0,0,2,2,1,2,1,0,0,0,2,2,1,1,1,1,2,1,1,2,0,2,0,1,0,0,2,0,0,2,2,2,2,2,0,0,0,0,0,0,2,0,0,1,2,1,0,2,1,0,0,2,2,0,2,0,1,1,2,1,2,2,2,0,0,1,1,2,2,2,2,2,1,1,2,0,1,2,1,0,0,2,0,2,1,0,0,2,0,0,0,2,1,0,1,2,1,1,1,2,2,0,1,1,1,2,2,1,2,1,1,2,0,0,0,1
216_11,1,1,0,2,2,0,0,1,0,1,0,1,1,0,0,0,0,1,2,0,1,0,1,1,0,1,2,0,0,0,2,1,0,0,0,0,1,0,2,2,0,2,1,1,2,1,0,2,2,0,2,2,0,1,1,2,1,1,2,0,1,1,2,0,2,2,0,1,0,0,1,1,2,2,2,2,2,1,1,2,1,1,2,1,0,0,2,2,1,2,1,0,0,0,2,2,1,1,1,1,2,1,1,2,0,2,0,1,0,0,2,0,0,2,2,2,2,2,0,0,0,0,0,0,2,0,0,1,2,1,0,2,1,0,0,2,2,0,2,0,1,1,2,1,2,2,2,0,0,1,1,2,2,2,2,2,1,1,2,0,1,2,1,0,0,2,0,2,1,0,0,2,0,0,0,2,1,0,1,2,1,1,1,2,2,0,1,1,1,2,2,1,2,1,1,2,0,0,0,1
208_12,1,1,0,2,2,1,0,1,0,1,0,1,1,0,0,0,0,1,2,0,1,0,1,1,2,1,2,0,0,0,2,1,0,0,0,0,1,0,2,2,0,2,1,1,2,1,0,2,2,0,2,2,0,1,1,2,1,1,2,0,1,1,2,0,2,2,0,1,0,0,1,1,2,2,2,0,2,1,1,2,1,1,2,1,0,1,2,2,1,2,1,0,0,1,2,2,1,1,1,1,0,1,1,2,0,2,0,1,0,0,2,0,0,2,2,2,2,2,0,2,0,0,0,0,2,0,0,1,2,1,0,2,1,0,0,0,2,0,2,0,1,1,2,1,2,2,2,0,1,1,1,2,2,2,2,2,1,1,2,0,1,2,1,0,2,2,0,2,1,0,0,2,0,0,0,2,1,0,1,2,1,1,1,2,2,0,1,1,1,2,2,1,2,1,1,2,0,0,1,1
216_14,1,1,0,2,2,1,0,1,0,1,0,1,1,0,0,0,0,1,2,0,1,0,1,1,2,1,2,0,0,0,2,1,0,0,0,0,1,0,2,2,0,2,1,1,2,1,0,2,2,0,2,2,0,1,1,2,1,1,2,0,1,1,2,0,2,2,0,1,0,0,1,1,2,2,2,0,2,1,1,2,1,1,2,1,0,1,2,2,1,2,1,0,0,1,2,2,1,1,1,1,0,1,1,2,0,2,0,1,0,0,2,0,0,2,2,2,2,2,0,2,0,0,0,0,2,0,0,1,2,1,0,2,1,0,0,0,2,0,2,0,1,1,2,1,2,2,2,0,1,1,1,2,2,2,2,2,1,1,2,0,1,2,1,0,2,2,0,2,1,0,0,2,0,0,0,2,1,0,1,2,1,1,1,2,2,0,1,1,1,2,2,1,2,1,1,2,0,0,1,1
216_13,1,1,0,2,2,1,0,1,0,1,0,1,1,0,0,0,0,1,2,0,1,0,1,1,2,1,2,0,0,0,2,1,0,0,0,0,1,0,2,2,0,2,1,1,2,1,0,2,2,0,2,2,0,1,1,2,1,1,2,0,1,1,2,0,2,2,0,1,0,0,1,1,2,2,2,0,2,1,1,2,1,1,2,1,0,1,2,2,1,2,1,0,0,1,2,2,1,1,1,1,0,1,1,2,0,2,0,1,0,0,2,0,0,2,2,2,2,2,0,2,0,0,0,0,2,0,0,1,2,1,0,2,1,0,0,0,2,0,2,0,1,1,2,1,2,2,2,0,1,1,1,2,2,2,2,2,1,1,2,0,1,2,1,0,2,2,0,2,1,0,0,2,0,0,0,2,1,0,1,2,1,1,1,2,2,0,1,1,1,2,2,1,2,1,1,2,0,0,1,1
135_4,1,1,0,2,2,0,0,1,0,0,0:0.02/2:0.98,1,1,0,0:0.02/1:0.98,0:0.02/1:0.98,0,1,0,0,1,0:0.02/2:0.98,1,1,0,1,2,0:0.02/2:0.98,0,0,2,1,0,0,0,0:0.02/2:0.98,0,0,2,2,0,0:0.02/1:0.98,0,0,2,1,0,2,2,0,0:0.02/1:0.98,2,0,1,1,0,1,1,2,0,1,1,2,0,2,2,0,0,0:0.02/2:0.98,0,1,0,2,2,0,0,2,0,1,2,1,0:0.02/2:0.98,2,1,0,0,2,2,1,2,1,0:0.02/2:0.98,0:0.02/2:0.98,0:0.02/1:0.98,2,0,1,1,1,1,0,1,1,0,0,0,0,1,0,0,2,0,0,2,2,2,2,2,0,0,0:0.02/1:0.98,0,0:0.02/1:0.98,0,2,0,0,1,2,0,0:0.02/1:0.98,2,1,0,0,0,2,0,2,0,0,0,0,1,2,2,0,0,0:0.02/1:0.98,1,1,2,2,2,2,2,1,0,2,0:0.02/1:0.98,1,0,1,0,0,0,0,2,1,0,0,2,0,0,0:0.02/1:0.98,0:0.02/1:0.98,0,0,1,2,1,1,1,2,2,0,1,1,1,2,0,1,2,0,1,2,0,0,0,1
216_15,1,1,0,2,2,0,2,1,0,0,2,1,1,0,1,1,0,1,0,0,1,2,1,1,0,1,2,2,0,0,2,1,0,2,0,2,0,0,2,2,0,1,2,0,2,1,0,2,2,2,1,2,2,1,1,0,1,1,2,1,1,1,2,0,2,2,2,1,2,0,1,0,2,2,0,2,2,0,1,2,1,2,2,1,0,0,2,2,1,2,1,2,2,1,2,0,1,1,1,1,0,1,1,0,0,2,0,1,1,0,2,0,0,2,2,2,2,2,0,0,1,0,1,0,2,0,1,1,2,0,1,2,1,0,0,0,2,0,2,0,0,0,0,1,2,2,0,0,1,1,1,2,2,2,2,2,1,0,2,1,1,0,1,0,0,2,2,2,1,1,0,2,0,0,1,1,0,0,1,2,1,1,1,2,2,1,1,1,1,2,0,1,2,0,1,2,0,0,0,1
187_13,1,1,0,2,2,0,0,1,0,0,2,1,1,0,1,1,0,1,0,0,1,2,1,1,0,1,2,2,0,0,2,1,0,0,0,2,0,0,2,2,0,1,0,0,2,1,0,2,2,0,1,2,0,1,1,0,1,1,2,0,1,1,2,0,2,2,0,0,2,0,1,0,2,2,0:0.04/2:0.96,0,2,0,1,2,1,2,2,1,0,0,2,2,1,2,1,2,2,1,2,0,1,1,1,1,0,1,1,0,0,0,0,1,0,0,2,0,0,2,2,2,2,2,0,0:0.04/2:0.96,1,0,1,0,2,0,0,1,2,0,1,2,1,0,0,0,2,0:0.04/2:0.96,2,0,0,0,0,1,2,2,0,0,1,1,1,2,2,2,2,2,1,0,2,1,1,0,1,0,0,0,0,2,1,0,0,2,0,0,1,1,0,0,1,2,1,1,1,2,2,0,1,1,1,2,0,1,2,0,1,2,0:0.04/2:0.96,0,0,1
216_18,1,1,2,2,2,0,0,1,0,0,2,1,1,0,1,1,0,1,0,0,1,2,1,1,0,1,2,2,0,0,2,1,2,0,0,2,0,0,2,2,0,1,0,0,2,1,0,2,2,1,1,2,0,1,1,0,1,1,2,0,1,1,2,1,2,2,1,0,2,0,1,0,2,2,2,0,2,0,1,2,1,2,2,1,1,0,2,2,1,2,1,2,2,1,2,0,1,1,1,1,0,1,1,0,0,0,0,1,0,0,2,0,0,2,2,2,2,2,0,2,1,0,1,0,2,0,0,1,2,0,1,2,1,1,0,0,2,2,2,0,0,0,0,1,2,2,0,0,1,1,1,2,2,2,2,2,1,0,2,1,1,0,1,0,0,0,0,2,1,0,0,2,0,0,1,1,0,0,1,2,1,1,1,2,2,0,1,1,1,2,0,1,2,0,1,2,2,0,0,1
216_17,1,1,0,2,2,0,0,1,0,0,2,1,1,0,1,1,0,1,0,2,1,2,1,1,0,1,2,2,0,0,2,1,0,0,0,2,0,0,2,2,0,1,0,0,2,1,0,2,2,0,1,2,0,1,1,0,1,1,2,0,1,1,2,0,2,2,0,0,2,0,1,0,2,2,2,0,2,0,1,2,1,2,2,1,0,0,2,2,1,2,1,2,2,1,2,0,1,1,1,1,0,1,1,0,0,0,0,1,0,0,2,0,0,2,2,2,2,2,0,2,1,0,1,0,2,0,0,1,2,0,1,2,1,0,0,0,2,2,2,0,0,0,0,1,2,2,0,0,1,1,1,2,2,2,2,2,1,0,2,1,1,0,1,0,0,0,0,2,1,2,0,2,0,0,1,1,0,0,1,2,1,1,1,2,2,0,1,1,1,2,0,1,2,0,1,2,2,2,0,1
38_2,0,0:0.14/2:0.86,0:0.14/2:0.86,0,0,0,0,0,0,0,0:0.14/1:0.86,0,0:0.13/1:0.87,0,0,0:0.14/1:0.86,0,0,0,0:0.14/2:0.86,0:0.13/1:0.87,0,0,0,0:0.14/2:0.86,0,0,0,0,0,0:0.13/2:0.87,0,0,0,0:0.14/2:0.86,0,0,0,0,0:0.13/2:0.87,0,0:0.14/1:0.86,0,0,0,0:0.14/2:0.86,0,0:0.14/1:0.86,0,0,0,0:0.14/1:0.86,0:0.14/1:0.86,0,0:0.14/1:0.86,0,0,0,0:0.14/1:0.86,0,0,0,0,0,0,0:0.14/2:0.86,0:0.14/1:0.86,0,0,0,0,0,0,0:0.13/2:0.87,0,0:0.14/2:0.86,0:0.14/1:0.86,0,0:0.13/1:0.87,0,0:0.13/1:0.87,0,0,0,0,0,0:0.14/1:0.86,0:0.13/2:0.87,0:0.14/2:0.86,0,0,0,0,0,0,0,0,0,0:0.14/2:0.86,0,0,0:0.13/1:0.87,0,0,0,0,0,0,0,0,0,0:0.14/1:0.86,0:0.14/1:0.86,0:0.14/1:0.86,0:0.14/2:0.86,0:0.14/1:0.86,0,0,0,0:0.14/2:0.86,0,0,0:0.14/2:0.86,0:0.14/2:0.86,0,0,0,0,0:0.14/2:0.86,0,0:0.14/2:0.86,0,0:0.14/1:0.86,0,0,0:0.14/1:0.86,0:0.14/1:0.86,0,0,0,0,0,0,0:0.14/2:0.86,0,0,0,0,0,0:0.14/2:0.86,0,0,0,0,0,0,0,0,0,0:0.14/1:0.86,0:0.14/2:0.86,0:0.14/1:0.86,0:0.14/2:0.86,0,0,0,0,0,0:0.14/2:0.86,0,0:0.14/2:0.86,0,0,0,0:0.14/1:0.86,0,0:0.14/2:0.86,0:0.14/2:0.86,0,0,0,0,0,0,0:0.14/1:0.86,0,0,0,0,0,0,0:0.14/2:0.86,0,0,0,0,0:0.14/1:0.86,0:0.14/1:0.86,0,0:0.14/2:0.86
130_7,0,2,2,0:0.02/2:0.98,0:0.02/1:0.98,0,0,0,0,0:0.02/1:0.98,1,0,1,0:0.02/1:0.98,0,1,0:0.02/2:0.98,0,0:0.02/2:0.98,2,1,0,0,0,2,0,0:0.02/1:0.98,0,0,0,2,0,0:0.02/2:0.98,0,2,0:0.02/1:0.98,0:0.02/2:0.98,0:0.02/2:0.98,0:0.02/2:0.98,2,0,1,0,0,0:0.02/1:0.98,2,0:0.02/1:0.98,1,0:0.02/1:0.98,0:0.02/2:0.98,0,1,1,0:0.02/1:0.98,1,0,0,0,1,0:0.02/2:0.98,0,0:0.02/2:0.98,0:0.02/1:0.98,0,0,2,1,0,0:0.02/1:0.98,0:0.02/2:0.98,0,0,0:0.02/1:0.98,2,0,2,1,0,1,0,1,0:0.02/2:0.98,0,0,0,0,1,2,2,0:0.02/2:0.98,0,0,0:0.02/2:0.98,0,0:0.02/1:0.98,0:0.02/1:0.98,0,0,2,0:0.02/2:0.98,0,1,0,0,0,0:0.02/1:0.98,0,0,0,0,0:0.02/2:0.98,1,1,1,2,1,0,0:0.02/2:0.98,0:0.02/1:0.98,2,0,0,2,2,0,0,0,0:0.02/1:0.98,2,0,2,0,1,0:0.02/1:0.98,0,1,1,0:0.02/2:0.98,0,0:0.02/2:0.98,0,0,0,2,0:0.02/1:0.98,0:0.02/2:0.98,0:0.02/1:0.98,0:0.02/1:0.98,0,2,0,0,0,0,0,0:0.02/1:0.98,0,0:0.02/2:0.98,0,1,2,1,2,0,0,0:0.02/2:0.98,0:0.02/2:0.98,0:0.02/1:0.98,2,0:0.02/1:0.98,2,0,0:0.02/2:0.98,0,1,0,2,2,0,0,0,0:0.02/1:0.98,0:0.02/2:0.98,0:0.02/1:0.98,1,0:0.02/1:0.98,0,0,0:0.02/2:0.98,0,0,2,0:0.02/1:0.98,0:0.02/2:0.98,0,0,1,1,0,2
175_14,0,2,2,2,1,0,0,0,0,1,1,0,1,1,0,1,2,0,2,2,1,0,0,0,2,0,1,0,0,0:0.02/1:0.98,2,0,2,0,2,1,2,2,2,2,0,1,0,0,1,2,1,1,1,2,0,1,1,1,1,0,0,0:0.02/1:0.98,1,2,0,2,1,0,0,2,1,0,1,2,0,0,1,2,0,2,1,0:0.02/2:0.98,1,0:0.02/1:0.98,1,2,0,0,0,0,1,2,2,2,0,0,2,0,1,1,0,0:0.02/1:0.98,2,2,0,1,0,0,0:0.02/1:0.98,1,0,0,0,0,2,1,1,1,2,1,0,2,1,2,0,0,2,2,0,0,0,1,2,0:0.02/2:0.98,2,0,1,1,0,1,1,2,0,2,0,0,0,2,1,2,1,1,0,2,0,0,0,0,0,1,0,2,0,1,2,1,2,0:0.02/2:0.98,0,2,2,1,2,1,2,0,2,0,1,0,2,2,0,0:0.02/1:0.98,0,1,2,1,1,1,0,0,2,0,0,2,1,2,0:0.02/2:0.98,0,1,1,0,2
216_28,0,2,2,2,1,0,0,0,0,1,1,0,1,1,0,1,2,0,2,2,1,0,0,0,2,0,1,0,0,1,2,0,2,0,2,1,2,2,2,2,0,1,0,0,1,2,1,1,1,2,0,1,1,1,1,0,0,1,1,2,0,2,1,0,0,2,1,0,1,2,1,0,1,2,0,2,1,2,1,1,1,2,0,0,0,0,1,2,2,2,0,0,2,0,1,1,0,1,2,2,0,1,0,0,1,1,2,0,0,0,2,1,1,1,2,1,0,2,1,2,0,0,2,2,0,0,0,1,2,2,2,0,1,1,0,1,1,2,0,2,0,0,0,2,1,2,1,1,0,2,2,0,0,0,0,1,0,2,2,1,2,1,2,2,0,2,2,1,2,1,2,0,2,0,1,0,2,2,0,1,0,1,2,1,1,1,0,0,2,0,0,2,1,2,2,0,1,1,0,2
216_27,0,2,2,2,1,0,0,0,0,1,1,0,1,1,0,1,2,2,2,2,1,0,0,0,2,0,1,0,2,1,2,0,2,0,2,1,2,2,2,2,0,1,0,0,1,2,1,1,1,2,0,1,1,1,1,2,0,1,1,2,0,2,1,0,0,2,1,0,1,2,0,0,1,2,0,2,1,2,1,1,1,2,0,0,1,0,1,2,2,2,0,0,2,0,1,1,0,1,2,2,0,1,0,0,1,1,0,0,0,0,2,1,1,1,2,1,0,2,1,2,0,0,2,2,0,0,0,1,2,2,2,1,1,1,0,1,1,2,0,2,2,0,0,2,1,2,1,1,0,2,0,0,0,0,0,1,1,2,0,1,2,1,2,2,0,2,2,1,2,1,2,0,2,0,1,0,2,2,0,1,0,1,2,1,1,1,0,0,2,0,0,2,1,2,2,0,1,1,0,2
173_14,0,2,2,2,1,0,0,0,0,1,1,0,1,1,0:0.02/2:0.98,1,2,0,2,2,1,0,0,0,2,0:0.02/1:0.98,1,0,0,0,2,0,2,0,2,1,2,2,2,2,0:0.02/1:0.98,1,0,0:0.02/1:0.98,1,2,1,1,1,2,0:0.02/1:0.98,1,1,1,1,0,0,0,1,2,0,2,1,0,0,2,1,0,1,2,0:0.02/2:0.98,0,1,2,0:0.02/1:0.98,2,1,0,1,0,1,2,0,0:0.02/1:0.98,0,0:0.02/1:0.98,1,2,2,2,0,0,2,0,1,1,0,0,2,2,0,1,0,0,0,1,0,0,0:0.02/2:0.98,0:0.02/1:0.98,2,1,1,1,2,1,0,2,1,2,0,0,2,2,0,0,0,1,2,0,2,0,1,1,0:0.02/1:0.98,1,1,2,0,2,0,0:0.02/1:0.98,0:0.02/2:0.98,2,1,2,1,1,0,2,0,0,0,0,0,1,0,2,0,1,2,1,2,0:0.02/1:0.98,0:0.02/2:0.98,2,2,1,2,1,2,0,2,0,1,0,2,2,0:0.02/1:0.98,0,0,1,2,1,1,1,0,0:0.02/2:0.98,2,0,0,2,1,2,0,0,1,1,0,2
216_30,0,2,2,2,1,2,0,1,0,1,1,0,1,1,2,1,2,0,2,2,1,0,2,0,2,1,1,0,0,0,2,0,2,0,2,1,2,2,2,2,1,1,0,1,1,2,1,1,1,2,1,1,1,1,1,0,0,0,1,2,0,2,1,0,0,2,1,0,1,2,2,0,1,2,1,2,1,0,1,0,1,2,0,1,0,1,1,2,2,2,0,0,2,0,1,1,0,0,2,2,0,1,0,0,0,1,0,0,2,1,2,1,1,1,2,1,0,2,1,2,0,0,2,2,0,0,0,1,2,0,2,1,1,1,1,1,1,2,2,2,0,1,2,2,1,2,1,1,0,2,0,1,0,2,0,1,0,2,0,1,2,1,2,1,2,2,2,1,2,1,2,0,2,0,1,0,2,2,1,0,0,1,2,1,1,1,0,2,2,0,0,2,1,2,2,0,1,1,0,2
216_29,0,2,2,2,1,0,0,0,0,1,1,0,1,1,2,1,2,0,2,2,1,0,0,0,2,1,1,0,0,0,2,0,2,0,2,1,2,2,2,2,1,1,0,1,1,2,1,1,1,2,1,1,1,1,1,0,0,0,1,2,0,2,1,0,0,2,1,2,1,2,2,0,1,2,1,2,1,0,1,2,1,2,0,1,0,1,1,2,2,2,0,0,2,0,1,1,2,0,2,2,2,1,0,0,0,1,2,0,2,1,2,1,1,1,2,1,0,2,1,2,0,0,2,2,0,0,0,1,2,0,2,0,1,1,1,1,1,2,0,2,0,1,2,2,1,2,1,1,2,2,0,0,0,0,0,1,0,2,0,1,2,1,2,1,2,2,2,1,2,1,2,0,2,0,1,0,2,2,1,0,0,1,2,1,1,1,0,2,2,0,0,2,1,2,0,0,1,1,0,2
83_3,0,0:0.01/2:0.99,0:0.01/2:0.99,0,0,0,0:0.05/1:0.95,0:0.05/2:0.95,0:0.05/2:0.95,0,0:0.01/1:0.99,0,0:0.01/1:0.99,0,0,0:0.01/1:0.99,0,0,0,0:0.01/2:0.99,0:0.01/1:0.99,0,0,0,0:0.01/2:0.99,0,0,0,0,0:0.05/2:0.95,0:0.01/2:0.99,0,0,0,0:0.01/2:0.99,0,0,0,0,0:0.01/2:0.99,0,0:0.01/1:0.99,0,0:0.05/1:0.95,0,0:0.01/2:0.99,0:0.05/2:0.95,0:0.01/1:0.99,0,0,0,0:0.01/1:0.99,0:0.01/1:0.99,0,0:0.01/1:0.99,0,0:0.05/1:0.95,0:0.05/1:0.95,0:0.01/1:0.99,0,0,0:0.05/1:0.95,0,0:0.05/2:0.95,0,0:0.01/2:0.99,0:0.01/1:0.99,0,0,0,0,0,0:0.05/2:0.95,0:0.01/2:0.99,0,0:0.01/2:0.99,0:0.01/1:0.99,0,0:0.01/1:0.99,0,0:0.01/1:0.99,0,0:0.05/1:0.95,0,0:0.05/1:0.95,0:0.05/2:0.95,0:0.01/1:0.99,0:0.01/2:0.99,0:0.01/2:0.99,0,0,0,0:0.05/1:0.95,0,0,0,0:0.05/1:0.95,0:0.05/2:0.95,0:0.01/2:0.99,0,0,0:0.01/1:0.99,0,0,0,0,0,0,0,0,0,0:0.01/1:0.99,0:0.01/1:0.99,0:0.01/1:0.99,0:0.01/2:0.99,0:0.01/1:0.99,0:0.05/2:0.95,0,0:0.05/2:0.95,0:0.01/2:0.99,0,0,0:0.01/2:0.99,0:0.01/2:0.99,0,0:0.05/2:0.95,0:0.05/2:0.95,0,0:0.01/2:0.99,0:0.05/2:0.95,0:0.01/2:0.99,0,0:0.01/1:0.99,0,0,0:0.01/1:0.99,0:0.01/1:0.99,0,0,0,0,0,0,0:0.01/2:0.99,0:0.05/2:0.95,0,0,0,0:0.05/1:0.95,0:0.01/2:0.99,0,0,0,0,0:0.05/1:0.95,0,0,0,0,0:0.01/1:0.99,0:0.01/2:0.99,0:0.01/1:0.99,0:0.01/2:0.99,0,0,0,0,0,0:0.01/2:0.99,0,0:0.01/2:0.99,0,0:0.05/1:0.95,0,0:0.01/1:0.99,0:0.05/2:0.95,0:0.01/2:0.99,0:0.01/2:0.99,0:0.05/2:0.95,0,0,0,0,0,0:0.01/1:0.99,0,0,0,0:0.05/1:0.95,0,0,0:0.01/2:0.99,0,0,0:0.05/1:0.95,0,0:0.01/1:0.99,0:0.01/1:0.99,0:0.05/2:0.95,0:0.01/2:0.99
136_9,0:0.03/1:0.97,2,2,0,0,0:0.03/1:0.97,1,2,2,0,1,0,1,0,0,1,0,0:0.03/2:0.97,0:0.03/2:0.97,2,1,0,0,0,2,0,0,0,0,2,2,0,0,0:0.03/2:0.97,2,0,0,0,0,2,0,1,0:0.03/2:0.97,1,0,2,2,1,0,0,0:0.03/2:0.97,1,1,0,1,0,1,1,1,0,0,1,0:0.03/2:0.97,2,0:0.03/1:0.97,2,1,0,0:0.03/2:0.97,0,0:0.03/1:0.97,0,2,2,0,2,1,0,1,0,1,0,1,0:0.03/2:0.97,1,2,1,2,2,0,0,0,1,0,0,0,1,2,2,0,0,1,0,0,0,0,0,0,0,0,0,1,1,1,2,1,2,0,2,2,0:0.03/1:0.97,0:0.03/2:0.97,2,2,0,2,2,0:0.03/2:0.97,2,2,2,0,1,0:0.03/2:0.97,0,1,1,0:0.03/2:0.97,0,0,0,0,0,2,2,0,0,0,1,2,0,0,0,0,1,0,0,0,0:0.03/2:0.97,1,2,1,2,0,0,0:0.03/1:0.97,0,0:0.03/1:0.97,2,0,2,0:0.03/2:0.97,1,0,1,2,2,2,2,0,0,0,0:0.03/1:0.97,0,1,0,0:0.03/1:0.97,0,1,0,0,2,0,0,1,0:0.03/1:0.97,1,1,2,2
189_22,1,2,2,1,0,1,1,2,2,0,1,0,1,0,1,1,0,2,2,2,1,1,0,0,2,0,2,0,0,2,2,0,0,2,2,0,0,0,0,2,0,1,2,1,0,2,2,1,0,0,2,1,1,0,1,0,1,1,1,0,0,1,2,2,1,2,1,0,2,0,1,0,2,2,0,2,1,0,1,0,1,0,1,2,1,2,1,2,2,2,0,0,1,0,0,0,1,2,2,0,0,1,1,0,0,0,0,0,0,1,0,1,1,1,2,1,2,0,2,2,1,2,2,2,0,2,2,2,2,2,2,0,1,2,0,1,1,2,0,0,0,0,0,2,2,0,0,2,1,2,0,0,0,0,1,0,1,0,2,1,2,1,2,0,0,1,0,1,2,0,2,2,1,0,1,2,2,2,2,1,0,0,1,0,1,0,1,0,1,0,0,2,0,0,1,1,1,1,2,2
216_26,1,2,2,1,0,1,1,2,2,0,1,0,1,0,1,1,0,2,2,2,1,1,0,0,2,0,2,0,0,2,2,0,0,2,2,0,1,0,0,2,0,1,2,1,0,2,2,1,0,0,2,1,1,0,1,0,1,1,1,0,0,1,2,2,1,2,1,2,2,0,1,0,2,2,0,2,1,1,1,0,1,0,1,2,1,2,1,2,2,2,0,0,1,0,0,0,1,2,2,0,0,1,1,0,0,0,0,0,0,1,0,1,1,1,2,1,2,0,2,2,1,2,2,2,0,2,2,2,2,2,2,0,1,2,0,1,1,2,0,0,0,0,0,2,2,0,0,2,1,2,0,0,0,0,1,0,1,0,2,1,2,1,2,0,0,1,0,1,2,0,2,2,1,0,1,2,2,2,2,1,0,0,1,0,1,0,1,0,1,0,0,2,0,0,1,1,1,1,2,2
216_25,1,2,2,1,0,1,1,2,2,0,1,0,1,0,1,1,0,2,2,2,1,1,0,0,2,0,2,0,0,2,2,0,0,2,2,0,0,0,0,2,0,1,2,1,0,2,2,1,0,0,2,1,1,0,1,0,1,1,1,0,0,1,2,2,1,2,1,0,2,0,1,0,2,2,0,2,1,0,1,2,1,0,1,2,1,2,1,2,2,2,0,0,1,0,0,0,1,2,2,0,0,1,1,0,0,0,0,0,0,1,1,1,1,1,2,1,2,0,2,2,1,2,2,2,0,2,2,2,2,2,2,0,1,2,0,1,1,2,0,0,0,0,0,2,2,0,0,2,1,2,0,0,0,0,1,0,1,0,2,1,2,1,2,0,0,1,0,1,2,0,2,2,1,0,1,2,2,2,2,1,0,0,1,0,1,0,1,0,1,0,0,2,0,0,1,1,1,1,2,2
179_13,1,2,2,0,0,1,1,2,2,0,1,0,1,0,0:0.02/2:0.98,1,0,2,2,2,1,0,0:0.02/2:0.98,0,2,0,0,0,0,2,2,0,0,2,2,0,0,0:0.02/1:0.98,0,2,0,1,2,1,0,2,2,1,0:0.02/2:0.98,0,2,1,1,0,1,0:0.02/2:0.98,1,1,1,0,0:0.02/1:0.98,1,2,2,1,2,1,0,2,0,1,0,2,2,0,2,1,0,1,0:0.02/1:0.98,1,0,1,2,1,2,1,2,2,0,0,0,1,0:0.02/2:0.98,0,0,1,2,2,0,0,1,0,0,0,0,0,0,0,0,0,1,1,1,2,1,2,0,2,2,1,2,2,2,0,2,2,2,2,2,2,0,1,2,0,1,1,2,0,0,0,0,0,2,2,0:0.02/2:0.98,0,0,1,2,0,0,0:0.02/2:0.98,0,1,0,0,0,2,1,2,1,2,0,0,1,0,1,2,0,2,2,1,0,1,2,2,2,2,0,0,0,1,0,1,0,1,0,1,0,0,2,0,0,1,1,1,1,2,2
216_24,1,2,2,0,0,1,1,2,2,0,1,0,1,0,2,1,0,2,2,2,1,0,2,0,2,0,0,0,1,2,2,0,0,2,2,0,0,1,0,2,0,1,2,1,0,2,2,1,2,0,2,1,1,0,1,2,1,1,1,0,1,1,2,2,1,2,1,0,2,1,1,0,2,2,0,2,1,0,1,1,1,1,1,2,1,2,1,2,2,0,0,0,1,2,0,0,1,2,2,0,0,1,0,1,0,0,0,0,0,0,0,1,1,1,2,1,2,0,2,2,1,2,2,2,0,2,2,2,2,2,2,0,1,2,2,1,1,2,0,0,0,0,0,2,2,2,0,0,1,2,0,0,2,0,1,1,0,0,2,1,2,1,2,0,0,1,0,1,2,0,2,2,1,0,1,2,2,2,2,0,0,0,1,0,1,0,1,0,1,0,0,2,0,0,1,1,1,1,2,2
216_23,1,2,2,0,0,1,1,2,2,0,1,0,1,0,2,1,0,2,2,2,1,0,2,0,2,0,1,0,0,2,2,0,0,2,2,0,0,1,0,2,0,1,2,1,0,2,2,1,2,0,2,1,1,0,1,2,1,1,1,0,1,1,2,2,1,2,1,0,2,0,1,0,2,2,0,2,1,0,1,1,1,0,1,2,1,2,1,2,2,0,0,0,1,2,0,0,1,2,2,2,0,1,2,0,0,0,0,0,0,0,0,1,1,1,2,1,2,0,2,2,1,2,2,2,0,2,2,2,2,2,2,0,1,2,0,1,1,2,0,0,0,0,2,2,2,2,0,0,1,2,0,0,2,0,1,0,0,1,2,1,2,1,2,0,2,1,0,1,2,0,2,2,1,0,1,2,2,2,2,0,0,0,1,0,1,0,1,0,1,0,0,2,0,0,1,1,1,1,2,2
132_5,0:0.05/2:0.95,2,2,0,0,0,1,2,2,0,1,0,1,0:0.05/2:0.95,0,1,0,0,0,2,1,0,0,0:0.05/2:0.95,2,0,0,0:0.05/1:0.95,0:0.05/1:0.95,2,2,0,0,0,2,0:0.05/1:0.95,0,0,0,2,0:0.05/1:0.95,1,0,1,0,2,2,1,0,0:0.05/1:0.95,0,1,1,0,1,0,1,1,1,0,0,1,0,2,0,2,1,0,0,0,0,0,2,2,0,2,1,0,1,0:0.05/1:0.95,1,0,1,0,1,2,1,2,2,0,0,0,1,0,0,0,1,2,2,0,0,1,0,0,0:0.05/1:0.95,0,0,0,0,0,0,1,1,1,2,1,2,0,2,2,0,0,2,2,0,2,2,0,2,2,2,0,1,0:0.05/1:0.95,0,1,1,0,0,0,0,0,0,2,2,0,0,0:0.05/2:0.95,1,2,0,0,0,0,1,0,0,0,0,1,2,1,2,0,0,0,0:0.05/1:0.95,0,2,0,2,0:0.05/1:0.95,1,0,1,2,2,2,2,0,0,0,0,0,1,0,0,0,1,0:0.05/1:0.95,0,2,0:0.05/2:0.95,0,1,0,1,1,2,2
181_12,2,2,2,0,0,0,1,2,2,0,1,0,1,2,0,1,0,0:0.02/2:0.98,0,2,1,0,0:0.02/1:0.98,2,2,0,0,1,1,2,2,0,0,0,2,1,0:0.02/2:0.98,0,0,2,1,1,0,1,0,2,2,1,0,1,0:0.02/2:0.98,1,1,0,1,0:0.02/2:0.98,1,1,1,0:0.02/2:0.98,0,1,0,2,0,2,1,0,0,0,0,0:0.02/2:0.98,2,2,0,2,1,0:0.02/2:0.98,1,1,1,0:0.02/2:0.98,1,0,1,2,1,2,2,0,0,0,1,0,0,0,1,2,2,0,0,1,0,0,1,0:0.02/2:0.98,0,0,0,0,0,1,1,1,2,1,2,0,2,2,0,0,2,2,0:0.02/2:0.98,2,2,0,2,2,2,0,1,1,0,1,1,0,0,0,0,0,0:0.02/2:0.98,2,2,0:0.02/1:0.98,0,2,1,2,0,0,0:0.02/1:0.98,0,1,0,0,0,0,1,2,1,2,0,0,0,1,0,2,0,2,1,1,0,1,2,2,2,2,0,0,0,0,0,1,0,0,0,1,1,0,2,2,0,1,0:0.02/1:0.98,1,1,2,2
216_22,2,2,2,0,0,0,1,2,2,2,1,0,1,2,2,1,0,2,0,2,1,0,1,2,2,0,0,1,1,2,2,0,0,0,2,1,2,0,0,2,1,1,0,1,1,2,2,1,1,1,2,1,1,0,1,2,1,1,1,2,0,1,0,2,0,2,1,0,0,0,0,2,2,2,0,2,1,2,1,1,1,2,1,0,1,2,1,2,2,0,0,0,1,0,0,0,1,2,2,0,0,1,0,0,1,2,0,0,0,0,0,1,1,1,2,1,2,1,2,2,0,0,2,2,2,2,2,0,2,2,2,1,1,1,0,1,1,0,0,0,0,0,2,2,2,1,0,2,1,2,0,0,1,0,1,0,1,0,0,1,2,1,2,0,0,0,1,0,2,0,2,1,1,1,1,2,2,2,2,0,0,0,0,0,1,0,0,0,1,1,0,2,2,0,1,1,1,1,2,2
216_21,2,2,2,0,0,0,1,2,2,0,1,0,1,2,0,1,0,2,0,2,1,0,1,2,2,0,0,1,1,2,2,0,0,0,2,1,2,0,0,2,1,1,0,1,0,2,2,1,0,1,2,1,1,0,1,2,1,1,1,2,1,1,0,2,0,2,1,0,0,0,0,2,2,2,0,2,1,2,1,1,1,2,1,0,1,2,1,2,2,0,0,0,1,0,0,1,1,2,2,0,1,1,0,0,1,2,0,0,0,0,0,1,1,1,2,1,2,0,2,2,0,1,2,2,2,2,2,0,2,2,2,0,1,1,0,1,1,0,0,0,0,0,2,2,2,1,0,2,1,2,0,0,1,0,1,0,0,0,0,1,2,1,2,0,0,0,1,0,2,0,2,1,1,0,1,2,2,2,2,0,0,2,0,0,1,0,0,0,1,1,0,2,2,0,1,1,1,1,2,2
178_10,2,2,2,0,0,0,1,2,2,0,1,0,1,2,0:0.03/1:0.97,1,0,0,0:0.03/2:0.97,2,1,0,0,2,2,0,0,1,1,2,2,0,0,0,2,1,0,0:0.03/1:0.97,0,2,1,1,0,1,0,2,2,1,0,1,0,1,1,0,1,0,1,1,1,0,0,1,0:0.03/1:0.97,2,0,2,1,0,0,0,0,0,2,2,0,2,1,0,1,1,1,0,1,0,1,2,1,2,2,0,0,0:0.03/2:0.97,1,0,0,0,1,2,2,0,0,1,0,0,1,0,0,0,0,0,0:0.03/1:0.97,1,1,1,2,1,2,0,2,2,0,0,2,2,0,2,2,0,2,2,2,0,1,1,0,1,1,0,0,0,0,0,0,2,2,0,0,2,1,2,0,0,0,0:0.03/1:0.97,1,0,0,0,0,1,2,1,2,0:0.03/1:0.97,0,0,1,0,2,0,2,1,1,0:0.03/1:0.97,1,2,2,2,2,0,0,0,0,0,1,0,0,0,1,1,0,2,2,0,1,0:0.03/2:0.97,1,1,2,2
216_20,2,2,2,0,0,0,1,2,2,2,1,0,1,2,1,1,0,0,2,2,1,0,0,2,2,0,2,1,1,2,2,0,0,0,2,1,0,1,0,2,1,1,0,1,0,2,2,1,0,1,0,1,1,0,1,0,1,1,1,0,0,1,1,2,2,2,1,0,0,0,0,0,2,2,0,2,1,0,1,1,1,0,1,0,1,2,1,2,2,0,0,2,1,0,0,0,1,2,2,0,0,1,1,0,1,0,0,0,0,0,1,1,1,1,2,1,2,0,2,2,0,0,2,2,0,2,2,0,2,2,2,0,1,1,0,1,1,0,0,0,0,0,0,2,2,0,0,2,1,2,0,0,0,1,1,0,0,0,0,1,2,1,2,1,2,0,1,0,2,0,2,1,1,1,1,2,2,2,2,0,0,0,0,0,1,0,0,2,1,1,0,2,2,0,1,2,1,1,2,2
216_19,2,2,2,2,0,0,1,2,2,0,1,0,1,2,1,1,0,0,2,2,1,0,0,2,2,0,0,1,1,2,2,0,0,0,2,1,2,1,0,2,1,1,0,1,1,2,2,1,0,1,0,1,1,0,1,0,1,1,1,0,0,1,1,2,0,2,1,0,0,0,0,0,2,2,0,2,1,0,1,1,1,0,1,0,1,2,1,2,2,0,0,2,1,0,0,0,1,2,2,0,0,1,0,0,1,0,0,0,0,0,1,1,1,1,2,1,2,2,2,2,2,0,2,2,0,2,2,0,2,2,2,0,1,1,0,1,1,0,0,0,1,0,0,2,2,0,0,2,1,2,0,0,0,1,1,1,0,0,0,1,2,1,2,1,0,0,1,0,2,0,2,1,1,1,1,2,2,2,2,0,0,0,0,0,1,0,2,0,1,1,0,2,2,0,1,2,1,1,2,2
