[&R] (((((((216_25:1.06,216_26:1.06)192_24:1.94,(216_27:2.86,216_28:4.86)196_27:1.14)158_13:0,((216_29:3.488,216_30:1.488)197_29:2.415,(216_31:0,216_32:0)199_31:6.903)163_15:0.097)116_6:0,(((216_21:1.046,216_22:0.046)188_17:0.959,(216_23:1.005,216_24:2.005)191_19:0)155_10:0.002,((216_17:0,216_18:0)191_15:1.184,(216_19:0,216_20:0)191_16:1.184)156_9:0.823)117_5:3.993)67_3:0,(((216_45:1.008,216_46:0.008)197_37:0.002,(216_43:0,216_44:0)198_37:1.01)163_19:4.99,((216_35:6.978,216_36:2.978)205_34:0.022,(216_33:5.285,216_34:3.285)211_33:2.716)170_17:0)74_5:0)23_2:1.999,((((216_13:0,216_14:0)180_9:0.072,(216_15:0,216_16:0)185_11:2.072)131_6:3.928,((216_9:5.004,216_10:2.004)191_9:2.915,216_12:3.919)140_5:2.081)75_2:0,(((216_1:0.598,216_2:4.598)174_1:2.535,(216_3:1.129,216_4:4.129)177_3:0.004)126_1:2.43,((216_7:0,216_8:0)185_6:4.914,(216_5:0,216_6:0)187_5:6.914)130_3:2.649)76_1:0.437)27_1:0)virtual:0)I0;
I0,0,0,0,0,0,0,0,0,0,0
virtual,0,0,0,0,0,0,0,0,0,0
27_1,0,0,0,0,0,0,0,0,0,0
76_1,0,0:0.56/1:0.44,0,0,0,0,0,0,0,0
130_3,0,0:0.24/1:0.76,0:0.42/1:0.58,0,0,0,0:0.42/1:0.58,0:0.42/2:0.58,0,0:0.42/1:0.58
187_5,2,1,1,2,1,1,1,2,2,1
216_6,2,1,1,2,1,1,1,2,2,1
216_5,2,1,1,2,1,1,1,2,2,1
185_6,1,1,1,1,0,0,1,2,1,1
216_8,1,1,1,1,0,0,1,2,1,1
216_7,1,1,1,1,0,0,1,2,1,1
126_1,0:0.05/2:0.95,0:0.03/1:0.97,0,0,0:0.05/1:0.95,0,0,0,0,0
177_3,0:0.05/2:0.95,0:0.03/1:0.97,0,0,0:0.05/1:0.95,0,0,0,0,0
216_4,2,1,0,2,1,1,0,0,2,1
216_3,2,1,0,0,1,0,1,0,0,0
174_1,0:0.01/2:0.99,0:0.01/1:0.99,0:0.19/1:0.81,0,0:0.01/1:0.99,0,0:0.19/1:0.81,0,0,0:0.19/1:0.81
216_2,2,1,1,2,1,1,1,2,2,1
216_1,2,1,1,0,1,0,1,0,0,1
75_2,0,0,0,0,0,0,0,0,0,0
140_5,0,0:0.31/1:0.69,0:0.31/1:0.69,0:0.31/2:0.69,0,0,0,0,0,0
216_12,2,1,1,2,1,0,1,0,0,0
191_9,0,0:0.08/1:0.92,0:0.08/1:0.92,0:0.08/2:0.92,0,0:0.26/1:0.74,0,0,0:0.26/1:0.74,0:0.26/1:0.74
216_10,0,1,1,2,2,1,0,0,1,1
216_9,2,1,1,2,1,1,1,2,1,1
131_6,0:0.02/2:0.98,0,0,0,0:0.02/1:0.98,0,0,0,0:0.02/2:0.98,0:0.02/1:0.98
185_11,2,1,0,0,1,0,1,0,2,1
216_16,2,1,0,0,1,0,1,0,2,1
216_15,2,1,0,0,1,0,1,0,2,1
180_9,2,0,0,0,1,0,0,0,2,1
216_14,2,0,0,0,1,0,0,0,2,1
216_13,2,0,0,0,1,0,0,0,2,1
23_2,0,1,0,0,0,0,1,0,0,0
74_5,0,1,0,0,0,0,1,0,0,0
170_17,0,1,0,0,0,0,1,0,0,0
211_33,0:0.32/1:0.68,1,0,0:0.32/2:0.68,0,0:0.32/1:0.68,1,0,0,0:0.32/1:0.68
216_34,1,1,1,2,0,1,1,2,0,1
216_33,1,1,2,2,1,1,1,1,2,1
205_34,0,1,0,0:0.98/1:0.02,0,0,1,0,0,0
216_36,2,1,0,1,1,0,1,0,0,0
216_35,1,1,1,1,2,0,1,2,2,1
163_19,2,1,1,2,1,1,1,0,0,0
198_37,2,1,1,2,1,1,1,0,0,1
216_44,2,1,1,2,1,1,1,0,0,1
216_43,2,1,1,2,1,1,1,0,0,1
197_37,2,1,1,2,1,1,1,0,0,0
216_46,2,1,1,2,1,1,1,0,0,0
216_45,2,1,1,2,1,1,1,0,0,1
67_3,0,1,0,0,0,0,1,0,0,0
117_5,2,1,1,0,1,0,1,0,0,1
156_9,2,1,1,0:0.18/1:0.82,1,0,1,0,0,1
191_16,2,1,1,1,1,0,1,0,1,1
216_20,2,1,1,1,1,0,1,0,1,1
216_19,2,1,1,1,1,0,1,0,1,1
191_15,2,1,1,1,1,0,1,0,2,1
216_18,2,1,1,1,1,0,1,0,2,1
216_17,2,1,1,1,1,0,1,0,2,1
155_10,2,1,1,0,1,0,1,0,0,1
191_19,2,1,1,0,1,0,1,0,0,1
216_24,2,1,1,2,1,1,1,0,0,1
216_23,2,1,1,1,1,0,1,0,0,1
188_17,2,1,1,0,1,0,1,0,0:0.05/2:0.95,1
216_22,2,1,1,0,1,0,1,0,2,1
216_21,2,1,1,1,1,0,1,0,2,1
116_6,0,1,0,0,0,0,1,0,0,0
163_15,0,1,0,0,0,0,1,0,0,0:0.9/1:0.1
199_31,1,1,1,2,2,1,1,0,1,1
216_32,1,1,1,2,2,1,1,0,1,1
216_31,1,1,1,2,2,1,1,0,1,1
197_29,0,1,0,0,0:0.17/1:0.83,0,1,0,0:0.17/2:0.83,0:0.15/1:0.85
216_30,2,1,0,0,1,0,1,0,2,1
216_29,1,1,1,1,1,0,1,0,2,1
158_13,0,1,0,0,0,0,1,0,0,0
196_27,0,1,0,0:0.43/2:0.57,0,0:0.43/1:0.57,1,0,0,0
216_28,1,1,1,2,0,1,1,0,1,1
216_27,2,1,0,2,1,1,1,0,0,0
192_24,0:0.03/1:0.97,1,0,0:0.03/1:0.97,0,0,1,0,0,0
216_26,1,1,1,1,0,0,1,0,0,0
216_25,1,1,0,1,0,0,1,0,2,0
