[&R] ((((((216_2:0,216_3:0)177_5:0,216_4:0)126_3:5.447,(216_5:1.646,216_6:2.646)130_5:3.8)71_2:3.553,216_1:2)26_1:0,((((216_8:3.529,216_9:0.529)181_12:1.196,216_10:4.725)129_8:4.68,216_7:6.405)72_4:0.595,((216_11:1.194,216_12:1.194)191_15:3.285,(216_13:0,216_14:0)192_17:1.479)130_12:3.521)29_3:0)virtual:0)I0;
I0,0,0,0,0,0,0,0,0,0,0
virtual,0,0,0,0,0,0,0,0,0,0
29_3,0,0,0,0,0,0,0,0,0,0
130_12,0,0:0.12/1:0.88,0,0,0,0,0:0.12/1:0.88,0:0.12/2:0.88,0,0:0.12/1:0.88
192_17,0,1,1,0,0,0,1,2,0,1
216_14,0,1,1,0,0,0,1,2,0,1
216_13,0,1,1,0,0,0,1,2,0,1
191_15,0,0:0.01/1:0.99,0,0:0.06/2:0.94,0,0:0.06/1:0.94,0:0.01/1:0.99,0:0.01/2:0.99,0:0.06/2:0.94,0:0.01/1:0.99
216_12,0,1,1,2,0,1,1,2,2,1
216_11,0,1,2,2,0,1,1,2,2,1
72_4,0,0,0,0:0.7/2:0.3,0,0:0.7/1:0.3,0,0,0,0
216_7,0,1,0,2,2,1,2,1,0,1
129_8,0:0.13/2:0.87,0,0,0:0.09/2:0.91,0:0.13/1:0.87,0:0.09/1:0.91,0:0.13/1:0.87,0:0.13/2:0.87,0,0
216_10,2,2,1,2,1,1,1,2,2,1
181_12,0:0.04/2:0.96,0:0.31/1:0.69,0,0:0.03/2:0.97,0:0.04/1:0.96,0:0.03/1:0.97,0:0.04/1:0.96,0:0.04/2:0.96,0,0
216_9,2,1,0,2,1,1,1,2,0,0
216_8,2,1,1,2,1,1,1,2,2,1
26_1,0,0,0,0,0,0,0,0,0,0
216_1,2,0,0,0,1,0,0,0,0,0
71_2,0,0,0,0:0.29/2:0.71,0,0:0.29/1:0.71,0,0:0.29/2:0.71,0:0.29/2:0.71,0:0.29/1:0.71
130_5,0,0:0.15/1:0.85,0:0.15/2:0.85,0:0.04/2:0.96,0,0:0.04/1:0.96,0:0.15/1:0.85,0:0.04/2:0.96,0:0.04/2:0.96,0:0.04/1:0.96
216_6,2,1,2,2,1,1,1,2,2,1
216_5,0,1,2,2,2,1,1,2,2,1
126_3,2,2,0,2,1,1,2,2,2,1
216_4,2,2,0,2,1,1,2,2,2,1
177_5,2,2,0,2,1,1,2,2,2,1
216_3,2,2,0,2,1,1,2,2,2,1
216_2,2,2,0,2,1,1,2,2,2,1
