[&R] (((((216_1:0,216_2:0)179_1:1.005,(216_3:0.026,216_4:1.026)191_3:0.979)131_1:0.001,((216_5:0,216_6:0)190_4:2.005,(216_7:0,216_8:0)192_7:3.005)141_3:0)81_1:3.95,(((216_13:1.23,216_14:1.23)176_7:1.345,(216_15:0,216_16:0)180_10:3.575)133_5:0.737,(216_9:0,216_10:0)190_6:2.312)83_3:4.644)33_1:0.045)I0;
I0,0,0,0,0,0,0,0,0,0,0
33_1,0,0,0,0,0,0:0.96/2:0.04,0,0,0,0
83_3,0,0,0:0.06/1:0.94,0,0:0.06/1:0.94,0:0.06/2:0.94,0,0,0:0.06/2:0.94,0:0.06/1:0.94
190_6,1,1,1,0,1,2,0,0,2,1
216_10,1,1,1,0,1,2,0,0,2,1
216_9,1,1,1,0,1,2,0,0,2,1
133_5,0,0,0:0.03/1:0.97,0,0:0.03/1:0.97,0:0.03/2:0.97,0,0:0.44/2:0.56,0:0.03/2:0.97,0:0.03/1:0.97
180_10,1,1,1,0,1,2,2,2,2,1
216_16,1,1,1,0,1,2,2,2,2,1
216_15,1,1,1,0,1,2,2,2,2,1
176_7,0,0,1,0,1,2,0:0.15/1:0.85,0:0.06/2:0.94,2,1
216_14,1,0,1,0,1,2,1,2,2,1
216_13,0,0,1,2,1,2,1,2,2,1
81_1,0,0,0,0,0,2,2,1,1,0
141_3,0,0,0,0,0,2,2,1,1,0
192_7,0,0,0,1,2,2,2,1,1,1
216_8,0,0,0,1,2,2,2,1,1,1
216_7,0,0,0,1,2,2,2,1,1,1
190_4,1,0,1,0,0,2,2,1,1,0
216_6,1,0,1,0,0,2,2,1,1,0
216_5,1,0,1,0,0,2,2,1,1,0
131_1,0,0,0,0,0,2,2,1,1,0
191_3,0,0,0,0:0.03/1:0.97,0,2,2,1,1,0
216_4,2,0,0,1,0,2,2,1,1,0
216_3,0,0,0,1,0,2,2,1,1,0
179_1,2,0,0,0,0,2,2,1,1,0
216_2,2,0,0,0,0,2,2,1,1,0
216_1,2,0,0,0,0,2,2,1,1,0
