[&R] (((((216_1:1.119,216_2:1.119)179_1:1.881,(216_3:1,216_4:1)191_3:0)131_1:0,((216_5:0.005,216_6:1.005)190_4:0.028,(216_7:0,216_8:0)192_7:2.033)141_3:0.968)81_1:0.026,(((216_13:0,216_14:0)176_7:2.123,(216_15:0,216_16:0)180_10:0.123)133_5:1.42,(216_9:0.044,216_10:1.044)190_6:4.499)83_3:0.483)33_1:2.974)I0;
I0,0,0,0,0,0,0,0,0,0,0
33_1,0,0,0,0,0,0:0.01/1:0.99,0,0:0.01/2:0.99,0,0:0.01/2:0.99
83_3,0,0:0.53/1:0.47,0,0,0,1,0,2,0,2
190_6,0,0:0.01/1:0.99,0:0.01/2:0.99,0:0.01/2:0.99,0:0.01/2:0.99,1,0:0.01/2:0.99,2,0,2
216_10,0,1,2,2,2,1,2,2,1,2
216_9,0,1,2,2,2,1,2,2,0,2
133_5,0,0:0.04/1:0.96,0,0,0:0.08/1:0.92,1,0,2,0,2
180_10,0,1,0,0,1,1,0,2,0,2
216_16,0,1,0,0,1,1,0,2,0,2
216_15,0,1,0,0,1,1,0,2,0,2
176_7,0,1,1,2,1,1,0,2,0,2
216_14,0,1,1,2,1,1,0,2,0,2
216_13,0,1,1,2,1,1,0,2,0,2
81_1,0,0,0,0,0,1,0,2,0,2
141_3,0,0,0,0:0.03/1:0.97,0,1,0,2,0,2
192_7,0,1,0,1,0,1,1,2,0,2
216_8,0,1,0,1,0,1,1,2,0,2
216_7,0,1,0,1,0,1,1,2,0,2
190_4,0,0,0,0:0.01/1:0.99,0,1,0,2,0,2
216_6,1,0,0,1,0,1,0,2,0,2
216_5,0,0,0,1,0,1,0,2,0,2
131_1,0,0,0,0,0,1,0,2,0,2
191_3,0,0,0,0,0,1,0,2,0,2
216_4,0,0,0,0,0,1,0,2,1,2
216_3,0,0,1,0,0,1,0,2,0,2
179_1,0:0.06/1:0.94,0:0.06/2:0.94,0,0,0,1,0,2,0,2
216_2,1,2,0,2,0,1,0,2,0,2
216_1,1,2,0,0,0,1,0,2,1,2
