[&R] (((((216_1:0.007,216_2:1.007)179_1:0.04,(216_3:0,216_4:0)191_3:2.046)131_1:1.202,((216_5:0,216_6:0)190_4:1.163,(216_7:1.046,216_8:0.046)192_7:1.118)141_3:2.085)81_1:2.273,(((216_13:0,216_14:0)176_7:0.06,(216_15:1.038,216_16:0.038)180_10:1.023)133_5:1.078,(216_9:0,216_10:0)190_6:1.139)83_3:3.382)33_1:1.479)I0;
I0,0,0,0,0,0,0,0,0,0,0
33_1,0,0,0,0,0:0.26/2:0.74,0,0,0,0:0.26/1:0.74,0
83_3,0:0.04/1:0.96,0,0:0.04/2:0.96,0,0:0.01/2:0.99,0:0.04/2:0.96,0,0,0:0.01/1:0.99,0
190_6,1,0,2,0,2,2,1,0,1,0
216_10,1,0,2,0,2,2,1,0,1,0
216_9,1,0,2,0,2,2,1,0,1,0
133_5,1,0:0.05/2:0.95,2,0,2,2,0,0,1,0
180_10,1,2,2,0,2,2,0,0:0.04/2:0.96,1,0
216_16,1,2,2,0,2,2,0,2,1,0
216_15,1,2,2,1,2,2,0,2,1,0
176_7,1,2,2,0,2,2,0,0,1,0
216_14,1,2,2,0,2,2,0,0,1,0
216_13,1,2,2,0,2,2,0,0,1,0
81_1,0,0,0,0,0:0.03/2:0.97,0,0:0.1/2:0.9,0,0:0.03/1:0.97,0:0.1/2:0.9
141_3,0:0.07/1:0.93,0,0,0:0.07/2:0.93,2,0,0:0.01/2:0.99,0,1,0:0.01/2:0.99
192_7,1,0,0:0.04/1:0.96,2,2,0,2,0,1,2
216_8,1,0,1,2,2,0,2,0,1,2
216_7,1,2,1,2,2,0,2,0,1,2
190_4,1,0,0,2,2,0,2,1,1,2
216_6,1,0,0,2,2,0,2,1,1,2
216_5,1,0,0,2,2,0,2,1,1,2
131_1,0,0,0,0,2,0:0.04/1:0.96,2,0,1,2
191_3,0,0,2,0,2,1,2,1,1,2
216_4,0,0,2,0,2,1,2,1,1,2
216_3,0,0,2,0,2,1,2,1,1,2
179_1,0,0,0,0,2,0:0.01/1:0.99,2,0,1,2
216_2,0,2,0,0,2,1,2,0,1,2
216_1,0,0,0,0,2,1,2,0,1,2
