[&R] (((((216_1:1.243,216_2:2.243)179_1:1.791,(216_3:0.058,216_4:2.058)191_3:0.976)131_1:0.004,((216_5:2.14,216_6:0.14)190_4:0.998,(216_7:0,216_8:0)192_7:1.138)141_3:2.9)81_1:1.035,(((216_13:2.004,216_14:0.004)176_7:0.002,(216_15:0,216_16:0)180_10:0.007)133_5:5.015,(216_9:0.123,216_10:2.123)190_6:3.899)83_3:0.052)33_1:0.927)I0;
I0,0,0,0,0,0,0,0,0,0,0
33_1,0,0,0,0,0,0:0.07/2:0.93,0,0,0,0
83_3,0,0,0,0,0:0.95/1:0.05,0:0.07/2:0.93,0,0,0,0
190_6,0:0.03/1:0.97,0,0,0:0.03/1:0.97,0:0.03/1:0.97,2,0,0,0:0.03/1:0.97,0
216_10,1,0,2,1,1,2,1,0,1,0
216_9,1,0,0,1,1,2,0,0,1,0
133_5,0,2,1,0,1,2,1,2,0,0
180_10,0,2,1,0,1,2,1,2,0,0
216_16,0,2,1,0,1,2,1,2,0,0
216_15,0,2,1,0,1,2,1,2,0,0
176_7,0,2,1,0,1,2,1,2,0,0
216_14,0,2,1,0,1,2,1,2,0,0
216_13,2,2,1,1,1,2,1,2,0,0
81_1,0,0,0,0,0,2,0,0,0:0.04/1:0.96,0
141_3,0,0,0:0.05/2:0.95,0:0.05/1:0.95,0,2,0,0,1,0:0.05/1:0.95
192_7,0,0,2,1,1,2,0,0,1,1
216_8,0,0,2,1,1,2,0,0,1,1
216_7,0,0,2,1,1,2,0,0,1,1
190_4,0:0.12/1:0.88,0,0:0.01/2:0.99,0:0.01/1:0.99,0,2,0,0,1,0:0.01/1:0.99
216_6,1,0,2,1,0,2,0,0,1,1
216_5,1,1,2,1,0,2,0,2,1,1
131_1,0,0,0,0,0,2,0,0,0:0.03/1:0.97,0
191_3,0,0,0,0,0,2,0,0:0.06/1:0.94,1,0
216_4,0,0,0,0,0,2,2,1,1,1
216_3,0,0,0,0,0,2,0,1,1,0
179_1,0,0,0,0,0,2,0:0.12/2:0.88,0,1,0:0.12/1:0.88
216_2,0,0,0,0,2,2,2,2,1,1
216_1,0,0,0,2,0,2,2,0,1,1
