[&R] ((((((216_16:0,216_17:0)215_16:0,216_18:0)176_8:0.047,(216_19:0,216_20:0)200_15:1.047)129_5:5.277,((216_9:0.142,216_11:2.142)177_5:0.006,(216_14:0,216_15:0)210_12:3.148)131_4:5.177)73_2:0.035,(((216_3:1.076,216_4:0.076)183_2:1.168,(216_1:0,216_2:0)185_1:1.244)128_1:2.061,((216_5:0.036,216_6:2.036)190_5:0.002,216_8:2.038)140_3:1.267)75_1:3.054)32_1:1.641)I0;
I0,0,0,0,0,0,0,0,0,0,0
32_1,0:0.18/1:0.82,0,0,0,0,0,0,0:0.18/2:0.82,0,0
75_1,0:0.02/1:0.98,0:0.09/2:0.91,0,0,0:0.09/2:0.91,0:0.09/2:0.91,0,0:0.02/2:0.98,0,0
140_3,1,2,0:0.03/1:0.97,0,2,2,0,2,0,0
216_8,1,2,1,2,2,2,2,2,0,0
190_5,1,2,0:0.03/1:0.97,0,2,2,0,2,0,0
216_6,1,2,1,0,2,2,0,2,2,2
216_5,1,2,1,0,2,2,0,2,0,0
128_1,1,0:0.01/2:0.99,0:0.11/2:0.89,0,0:0.01/2:0.99,0:0.01/2:0.99,0,2,0:0.11/2:0.89,0
185_1,1,2,2,0,2,2,0,2,2,1
216_2,1,2,2,0,2,2,0,2,2,1
216_1,1,2,2,0,2,2,0,2,2,1
183_2,1,2,0:0.01/2:0.99,0,2,2,0:0.06/1:0.94,2,0:0.01/2:0.99,0
216_4,1,2,2,0,2,2,1,2,2,0
216_3,1,2,2,0,2,2,1,2,2,1
73_2,0:0.17/1:0.83,0,0,0:0.97/1:0.03,0,0,0,0:0.17/2:0.83,0,0
131_4,1,0:0.03/2:0.97,0:0.03/2:0.97,0:0.03/1:0.97,0,0,0:0.03/1:0.97,2,0,0:0.03/1:0.97
210_12,1,2,2,1,1,1,1,2,2,1
216_15,1,2,2,1,1,1,1,2,2,1
216_14,1,2,2,1,1,1,1,2,2,1
177_5,1,0:0.03/2:0.97,0:0.03/2:0.97,0:0.03/1:0.97,0,0,0:0.03/1:0.97,2,0,0:0.03/1:0.97
216_11,1,2,2,1,1,0,1,2,2,1
216_9,1,2,2,1,0,0,1,2,0,1
129_5,1,0:0.01/1:0.99,0,0:0.01/1:0.99,0,0:0.01/1:0.99,0,2,0:0.01/1:0.99,0:0.01/2:0.99
200_15,1,1,0,1,0,1,2,2,1,2
216_20,1,1,0,1,0,1,2,2,1,2
216_19,1,1,0,1,0,1,2,2,1,2
176_8,1,1,0,1,0,1,0,2,1,2
216_18,1,1,0,1,0,1,0,2,1,2
215_16,1,1,0,1,0,1,0,2,1,2
216_17,1,1,0,1,0,1,0,2,1,2
216_16,1,1,0,1,0,1,0,2,1,2
