[&R] (((((216_10:0,216_11:0)181_9:1.163,(216_7:0,216_8:0)214_7:0.163)127_3:6.622,(((216_13:0.006,216_14:2.006)213_12:0.001,216_12:0.007)177_9:4.754,216_15:7.761)130_5:0.025)80_2:0.478,(((216_5:0.167,216_6:1.167)183_6:2.364,(216_3:0.361,216_4:2.361)185_5:1.17)141_3:4.013,(216_1:0,216_2:0)178_1:6.544)88_1:0.719)35_1:1.737)I0;
I0,0,0,0,0,0,0,0,0,0,0
35_1,0,0,0:0.13/1:0.87,0,0,0:0.13/1:0.87,0,0,0,0
88_1,0,0:0.68/1:0.32,0:0.09/1:0.91,0,0,0:0.09/1:0.91,0,0,0,0:0.68/1:0.32
178_1,2,1,1,2,2,1,2,0,1,1
216_2,2,1,1,2,2,1,2,0,1,1
216_1,2,1,1,2,2,1,2,0,1,1
141_3,0,0:0.08/1:0.92,0:0.01/1:0.99,0,0:0.12/1:0.88,0:0.01/1:0.99,0:0.12/1:0.88,0:0.12/2:0.88,0,0:0.08/1:0.92
185_5,0,0:0.02/1:0.98,1,0:0.24/2:0.76,0:0.03/1:0.97,1,0:0.03/1:0.97,0:0.03/2:0.97,0,0:0.02/1:0.98
216_4,2,1,1,2,1,1,1,2,2,1
216_3,0,1,1,2,1,1,1,2,0,1
183_6,0:0.07/1:0.93,0:0.01/1:0.99,1,0:0.07/1:0.93,0:0.01/1:0.99,1,0:0.01/1:0.99,0:0.01/2:0.99,0,0:0.01/1:0.99
216_6,1,1,1,1,1,1,1,2,2,1
216_5,1,1,1,1,1,1,1,2,0,1
80_2,0,0,0:0.08/1:0.92,0,0:0.62/2:0.38,0:0.08/1:0.92,0,0,0,0
130_5,0,0,0:0.08/1:0.92,0,0:0.61/2:0.39,0:0.08/1:0.92,0:0.99/2:0.01,0,0,0
216_15,2,1,1,2,2,1,2,2,2,1
177_9,1,2,1,1,2,1,2,0,0,0
216_12,1,2,1,1,2,1,2,0,0,0
213_12,1,2,1,1,2,1,2,0,0,0
216_14,1,2,1,1,2,1,2,2,0,1
216_13,1,2,1,1,2,1,2,0,0,0
127_3,0,0:0.02/1:0.98,1,0:0.02/2:0.98,0:0.01/2:0.99,1,0:0.02/1:0.98,0:0.02/2:0.98,0:0.02/2:0.98,0:0.02/1:0.98
214_7,0,1,1,2,2,1,1,2,2,1
216_8,0,1,1,2,2,1,1,2,2,1
216_7,0,1,1,2,2,1,1,2,2,1
181_9,2,1,1,2,2,1,1,2,2,1
216_11,2,1,1,2,2,1,1,2,2,1
216_10,2,1,1,2,2,1,1,2,2,1
