[&R] ((((((216_13:0.01,216_14:1.01)185_7:1.177,(216_15:0,216_16:0)187_9:4.187)136_4:0.007,216_12:6.194)77_2:1.005,(((216_3:0,216_4:0)196_2:1.039,(216_1:0,216_2:0)197_1:0.039)152_1:3.002,((216_6:1.025,216_5:0.025)208_5:1.01,(216_7:0,216_8:0)211_7:1.035)157_3:0.006)85_1:3.158)34_1:0.801,(((216_17:0.001,216_18:1.001)182_9:0.001,(216_19:0,216_20:0)186_12:0.002)140_7:4.176,((216_21:0,216_22:0)209_20:0.205,216_23:2.205)140_8:3.973)91_5:2.822)virtual:0)I0;
I0,0,0,0,0,0,0,0,0,0,0
virtual,0,0,0,0,0,0,0,0,0,0
91_5,0,0,0,0:0.29/2:0.71,0:0.29/2:0.71,0,0,0:0.29/1:0.71,0:0.29/1:0.71,0
140_8,0:0.05/2:0.95,0,0:0.05/2:0.95,0:0.01/2:0.99,0:0.01/2:0.99,0,0,0:0.01/1:0.99,0:0.01/1:0.99,0:0.05/2:0.95
216_23,2,0,2,2,2,1,2,1,1,2
209_20,2,0,2,2,2,0,0,1,1,2
216_22,2,0,2,2,2,0,0,1,1,2
216_21,2,0,2,2,2,0,0,1,1,2
140_7,1,1,0,2,2,0,2,1,1,0
186_12,1,1,0,2,2,0,2,1,1,0
216_20,1,1,0,2,2,0,2,1,1,0
216_19,1,1,0,2,2,0,2,1,1,0
182_9,1,1,0,2,2,0,2,1,1,0
216_18,1,1,0,2,2,2,2,1,1,0
216_17,1,1,0,2,2,0,2,1,1,0
34_1,0,0,0,0,0:0.2/1:0.8,0,0,0,0,0
85_1,0:0.01/2:0.99,0,0,0:0.01/1:0.99,1,0,0,0,0:0.01/1:0.99,0
157_3,0:0.01/2:0.99,0,0,0:0.01/1:0.99,1,0,0,0,0:0.01/1:0.99,0
211_7,2,0,0,1,1,0,0,1,1,0
216_8,2,0,0,1,1,0,0,1,1,0
216_7,2,0,0,1,1,0,0,1,1,0
208_5,2,0,0,1,1,0,0:0.02/2:0.98,0,1,0
216_5,2,0,0,1,1,0,2,0,1,0
216_6,2,0,0,1,1,1,2,0,1,0
152_1,2,0,0:0.01/2:0.99,1,1,0:0.01/1:0.99,0:0.01/1:0.99,0,1,0
197_1,2,0,2,1,1,1,1,0,1,0
216_2,2,0,2,1,1,1,1,0,1,0
216_1,2,0,2,1,1,1,1,0,1,0
196_2,2,0,2,1,1,1,1,0,1,1
216_4,2,0,2,1,1,1,1,0,1,1
216_3,2,0,2,1,1,1,1,0,1,1
77_2,0,0,0,0,0:0.03/1:0.97,0,0:0.16/2:0.84,0,0,0
216_12,1,0,2,1,1,1,2,2,2,0
136_4,0,0,0,0,0:0.03/1:0.97,0,0:0.16/2:0.84,0,0,0
187_9,2,1,2,1,1,0,2,0,0,0
216_16,2,1,2,1,1,0,2,0,0,0
216_15,2,1,2,1,1,0,2,0,0,0
185_7,0,0,0:0.01/1:0.99,0,1,0,2,0,0,0
216_14,0,0,1,0,1,1,2,0,0,0
216_13,0,0,1,0,1,0,2,0,0,0
