[&R] ((((((216_13:0,216_14:0)185_7:0,(216_15:0,216_16:0)187_9:0)136_4:1.162,216_12:3.162)77_2:0.006,(((216_3:0,216_4:0)196_2:1,(216_1:1,216_2:0)197_1:0)152_1:0,((216_6:0,216_5:0)208_5:1.001,(216_7:0,216_8:0)211_7:0.001)157_3:0)85_1:3.167)34_1:4.8,(((216_17:0,216_18:0)182_9:0,(216_19:0,216_20:0)186_12:0)140_7:1.018,((216_21:0,216_22:0)209_20:1.016,216_23:1.016)140_8:0.002)91_5:5.95)virtual:0.032)I0;
I0,0,0,0,0,0,0,0,0,0,0
virtual,0,0,0,0:0.97/1:0.03,0,0,0,0,0,0
91_5,0,0,1,1,1,0,0,1,2,2
140_8,0,0,1,1,1,0,0,1,2,2
216_23,0,0,1,1,1,0,2,1,2,2
209_20,0,1,1,1,1,0,0,1,2,2
216_22,0,1,1,1,1,0,0,1,2,2
216_21,0,1,1,1,1,0,0,1,2,2
140_7,0,0,1,1,1,2,0,1,2,2
186_12,0,0,1,1,1,2,0,1,2,2
216_20,0,0,1,1,1,2,0,1,2,2
216_19,0,0,1,1,1,2,0,1,2,2
182_9,0,0,1,1,1,2,0,1,2,2
216_18,0,0,1,1,1,2,0,1,2,2
216_17,0,0,1,1,1,2,0,1,2,2
34_1,0:0.03/1:0.97,0,0:0.03/2:0.97,0:0.03/1:0.97,0:0.03/2:0.97,0,0:0.03/1:0.97,0,0,0
85_1,1,2,2,1,2,1,1,2,0,0
157_3,1,2,2,1,2,1,1,2,0,0
211_7,1,2,2,1,2,1,1,2,0,0
216_8,1,2,2,1,2,1,1,2,0,0
216_7,1,2,2,1,2,1,1,2,0,0
208_5,1,2,2,1,2,1,1,2,2,0
216_5,1,2,2,1,2,1,1,2,2,0
216_6,1,2,2,1,2,1,1,2,2,0
152_1,1,2,2,1,2,1,1,2,0,0
197_1,1,2,2,1,2,1,1,2,0,0
216_2,1,2,2,1,2,1,1,2,0,0
216_1,1,2,2,1,2,1,1,2,0,1
196_2,1,2,2,1,2,1,1,2,2,0
216_4,1,2,2,1,2,1,1,2,2,0
216_3,1,2,2,1,2,1,1,2,2,0
77_2,0:0.03/1:0.97,0,0:0.03/2:0.97,0:0.03/1:0.97,0:0.03/2:0.97,0,0:0.03/1:0.97,0,0,0
216_12,1,2,2,1,2,2,1,1,0,0
136_4,1,0,2,1,2,1,1,0,0,0
187_9,1,0,2,1,2,1,1,0,0,0
216_16,1,0,2,1,2,1,1,0,0,0
216_15,1,0,2,1,2,1,1,0,0,0
185_7,1,0,2,1,2,1,1,0,0,0
216_14,1,0,2,1,2,1,1,0,0,0
216_13,1,0,2,1,2,1,1,0,0,0
