[&R] ((((((216_13:1.156,216_14:1.156)185_7:2.137,(216_15:0,216_16:0)187_9:1.293)136_4:1.146,216_12:4.439)77_2:0.633,(((216_3:0,216_4:0)196_2:1.29,(216_1:1.156,216_2:1.156)197_1:2.133)152_1:1.192,((216_6:0,216_5:0)208_5:2.2,(216_7:0,216_8:0)211_7:0.2)157_3:4.281)85_1:0.591)34_1:1.141,(((216_17:0,216_18:0)182_9:2.042,(216_19:1.007,216_20:0.007)186_12:0.034)140_7:1.059,((216_21:0,216_22:0)209_20:0.304,216_23:3.304)140_8:0.797)91_5:3.112)virtual:0.787)I0;
I0,0,0,0,0,0,0,0,0,0,0
virtual,0:0.21/1:0.79,0,0,0,0,0,0,0,0,0
91_5,0:0.01/1:0.99,0:0.03/1:0.97,0:0.03/1:0.97,0,0,0:0.03/2:0.97,0,0,0,0
140_8,1,0:0.01/1:0.99,0:0.01/1:0.99,0:0.28/2:0.72,0,0:0.01/2:0.99,0,0,0,0
216_23,1,1,1,2,0,2,1,2,0,1
209_20,1,1,1,2,0,2,0,0,0,0
216_22,1,1,1,2,0,2,0,0,0,0
216_21,1,1,1,2,0,2,0,0,0,0
140_7,1,1,1,0,0,2,0,0,0:0.04/1:0.96,0
186_12,1,1,1,0,0,2,0,0,0:0.01/1:0.99,0
216_20,1,1,1,0,0,2,0,0,1,0
216_19,1,1,1,2,0,2,0,0,1,0
182_9,1,1,1,0,0,2,1,2,1,0
216_18,1,1,1,0,0,2,1,2,1,0
216_17,1,1,1,0,0,2,1,2,1,0
34_1,0:0.01/1:0.99,0,0,0,0,0,0,0,0:0.06/1:0.94,0
85_1,0:0.01/1:0.99,0,0,0,0:0.45/1:0.55,0,0,0,0:0.03/1:0.97,0
157_3,1,0,0:0.04/2:0.96,0:0.04/1:0.96,0:0.02/1:0.98,0,0:0.04/2:0.96,0:0.04/2:0.96,1,0
211_7,1,0,2,1,1,0,2,2,1,0
216_8,1,0,2,1,1,0,2,2,1,0
216_7,1,0,2,1,1,0,2,2,1,0
208_5,1,2,2,1,1,0,2,2,1,1
216_5,1,2,2,1,1,0,2,2,1,1
216_6,1,2,2,1,1,0,2,2,1,1
152_1,1,0,0,0,0:0.09/1:0.91,0,0,0,0:0.01/1:0.99,0:0.2/2:0.8
197_1,1,0,0:0.07/1:0.93,0,0:0.01/1:0.99,0,0,0:0.07/1:0.93,1,0:0.01/2:0.99
216_2,1,0,1,0,1,1,0,1,1,2
216_1,1,0,1,1,1,0,0,1,1,2
196_2,1,0,0,1,1,0,0,0,1,2
216_4,1,0,0,1,1,0,0,0,1,2
216_3,1,0,0,1,1,0,0,0,1,2
77_2,0:0.01/1:0.99,0,0,0,0:0.41/2:0.59,0,0,0,0:0.02/1:0.98,0
216_12,1,0,0,1,2,0,2,2,1,2
136_4,1,0,0,0:0.2/2:0.8,0:0.08/2:0.92,0,0,0,1,0
187_9,1,0,0,2,2,1,0,0,1,0
216_16,1,0,0,2,2,1,0,0,1,0
216_15,1,0,0,2,2,1,0,0,1,0
185_7,1,0,0:0.07/1:0.93,0:0.01/2:0.99,0:0.01/2:0.99,0:0.07/2:0.93,0,0,1,0
216_14,1,0,1,2,2,2,0,0,1,1
216_13,1,2,1,2,2,2,0,0,1,0
