[&R] ((((((216_13:0,216_14:0)185_7:0.08,(216_15:0,216_16:0)187_9:1.08)136_4:2.76,216_12:2.84)77_2:1.631,(((216_3:1,216_4:0)196_2:0,(216_1:1,216_2:0)197_1:0)152_1:1.539,((216_6:0,216_5:0)208_5:1.85,(216_7:0,216_8:0)211_7:2.85)157_3:1.69)85_1:1.931)34_1:1.866,(((216_17:1.827,216_18:3.827)182_9:0.448,(216_19:1.236,216_20:1.236)186_12:2.039)140_7:0.94,((216_21:0,216_22:0)209_20:2.4,216_23:1.4)140_8:1.815)91_5:2.122)virtual:1.663)I0;
I0,0,0,0,0,0,0,0,0,0,0
virtual,0,0,0,0,0:0.17/2:0.83,0,0:0.17/2:0.83,0,0,0
91_5,0,0,0:0.09/2:0.91,0,0:0.02/2:0.98,0,0:0.02/2:0.98,0,0:0.09/2:0.91,0
140_8,0,0:0.18/2:0.82,0:0.02/2:0.98,0,2,0,2,0:0.18/1:0.82,0:0.02/2:0.98,0
216_23,0,2,2,0,2,0,2,1,2,1
209_20,2,2,2,0,2,2,2,1,2,0
216_22,2,2,2,0,2,2,2,1,2,0
216_21,2,2,2,0,2,2,2,1,2,0
140_7,0,0,0:0.02/2:0.98,0,2,0,2,0,0:0.02/2:0.98,0:0.23/1:0.77
186_12,0:0.1/1:0.9,0:0.1/2:0.9,2,0,2,0,2,0,2,0:0.02/1:0.98
216_20,1,2,2,0,2,0,2,2,2,1
216_19,1,2,2,0,2,1,2,0,2,1
182_9,0,0,0:0.01/2:0.99,0:0.65/2:0.35,2,0,2,0,0:0.01/2:0.99,0:0.15/1:0.85
216_18,1,1,2,2,2,0,2,1,2,1
216_17,0,0,2,2,2,2,2,0,2,1
34_1,0:0.2/2:0.8,0:0.2/2:0.8,0,0,0:0.03/2:0.97,0,0:0.03/2:0.97,0,0,0
85_1,0:0.04/2:0.96,0:0.04/2:0.96,0,0,0:0.01/2:0.99,0,0:0.01/2:0.99,0:0.22/1:0.78,0,0:0.22/2:0.78
157_3,0:0.01/2:0.99,0:0.01/2:0.99,0:0.33/2:0.67,0:0.33/2:0.67,2,0,2,0:0.07/1:0.93,0,0:0.07/2:0.93
211_7,2,2,2,2,2,2,2,1,1,2
216_8,2,2,2,2,2,2,2,1,1,2
216_7,2,2,2,2,2,2,2,1,1,2
208_5,2,2,2,2,2,1,2,1,0,2
216_5,2,2,2,2,2,1,2,1,0,2
216_6,2,2,2,2,2,1,2,1,0,2
152_1,2,2,0,0,2,0,2,1,1,2
197_1,2,2,0,0,2,0,2,1,1,2
216_2,2,2,0,0,2,0,2,1,1,2
216_1,2,2,0,2,2,0,2,1,1,2
196_2,2,2,0,0,2,0,2,1,1,2
216_4,2,2,0,0,2,0,2,1,1,2
216_3,2,2,0,1,2,0,2,1,1,2
77_2,0:0.07/2:0.93,0:0.07/2:0.93,0:0.34/2:0.66,0,0:0.01/2:0.99,0,0:0.01/2:0.99,0,0,0:0.34/1:0.66
216_12,2,2,2,2,2,1,2,0,0,1
136_4,2,2,0:0.01/2:0.99,0,2,0,2,0:0.03/1:0.97,0:0.03/1:0.97,0:0.01/1:0.99
187_9,2,2,2,0,2,2,2,1,1,1
216_16,2,2,2,0,2,2,2,1,1,1
216_15,2,2,2,0,2,2,2,1,1,1
185_7,2,2,2,0,2,0,2,1,1,1
216_14,2,2,2,0,2,0,2,1,1,1
216_13,2,2,2,0,2,0,2,1,1,1
