cell,r0,r1,r2,r3,r4,r5,r6,r7,r8,r9,r10,r11,r12,r13,r14,r15,r16,r17,r18,r19,r20,r21,r22,r23,r24,r25,r26,r27,r28,r29,r30,r31,r32,r33,r34,r35,r36,r37,r38,r39,r40,r41,r42,r43,r44,r45,r46,r47,r48,r49,r50,r51,r52,r53,r54,r55,r56,r57,r58,r59,r60,r61,r62,r63,r64,r65,r66,r67,r68,r69,r70,r71,r72,r73,r74,r75,r76,r77,r78,r79,r80,r81,r82,r83,r84,r85,r86,r87,r88,r89,r90,r91,r92,r93,r94,r95,r96,r97,r98,r99,r100,r101,r102,r103,r104,r105,r106,r107,r108,r109,r110,r111,r112,r113,r114,r115,r116,r117,r118,r119,r120,r121,r122,r123,r124,r125,r126,r127,r128,r129,r130,r131,r132,r133,r134,r135,r136,r137,r138,r139,r140,r141,r142,r143,r144,r145,r146,r147,r148,r149,r150,r151,r152,r153,r154,r155,r156,r157,r158,r159,r160,r161,r162,r163,r164,r165,r166,r167,r168,r169,r170,r171,r172,r173,r174,r175,r176,r177,r178,r179,r180,r181,r182,r183,r184,r185,r186,r187,r188,r189,r190,r191,r192,r193,r194,r195,r196,r197,r198,r199
I0,0,0,0,0,0,0,0,0,0,0,0,0,0,0,0,0,0,0,0,0,0,0,0,0,0,0,0,0,0,0,0,0,0,0,0,0,0,0,0,0,0,0,0,0,0,0,0,0,0,0,0,0,0,0,0,0,0,0,0,0,0,0,0,0,0,0,0,0,0,0,0,0,0,0,0,0,0,0,0,0,0,0,0,0,0,0,0,0,0,0,0,0,0,0,0,0,0,0,0,0,0,0,0,0,0,0,0,0,0,0,0,0,0,0,0,0,0,0,0,0,0,0,0,0,0,0,0,0,0,0,0,0,0,0,0,0,0,0,0,0,0,0,0,0,0,0,0,0,0,0,0,0,0,0,0,0,0,0,0,0,0,0,0,0,0,0,0,0,0,0,0,0,0,0,0,0,0,0,0,0,0,0,0,0,0,0,0,0,0,0,0,0,0,0,0,0,0,0,0,0
I1,1,1,0,2,1,2,0,0,0,1,2,2,2,0,0,0,0,1,0,0,1,0,0,2,0,0,2,0,2,0,1,2,0,1,0,2,1,0,2,0,0,2,1,0,0,2,1,0,0,0,0,0,0,2,0,0,0,2,1,0,0,1,0,1,1,2,1,0,0,1,1,2,1,0,0,0,0,0,2,1,0,0,0,1,0,0,0,2,0,1,1,1,2,2,0,0,0,0,2,1,2,1,0,1,0,0,2,1,0,0,0,0,0,0,0,1,2,2,0,0,1,0,0,0,1,0,1,2,2,0,1,0,0,1,1,0,2,0,0,2,1,0,0,2,0,2,0,0,0,0,0,2,0,2,2,1,1,0,2,2,0,0,0,0,1,0,2,2,0,0,0,2,2,2,2,1,1,0,1,2,2,0,2,2,0,1,1,1,0,0,2,0,0,2,2,2,0,0,0,2
I2,1,1,0,2,1,2,1,0,0,1,2,2,2,1,0,0,0,1,2,0,1,1,2,2,0,0,2,0,2,0,1,2,2,1,0,2,1,0,2,0,0,2,1,0,0,2,1,0,1,0,0,0,0,2,0,0,0,2,1,0,0,1,0,1,1,2,1,0,0,1,1,2,1,0,0,2,2,1,2,1,1,0,0,1,0,0,0,2,0,1,1,1,2,2,0,0,0,0,2,1,2,1,0,1,0,0,2,1,0,0,0,1,0,0,0,1,2,2,0,0,1,1,0,0,1,0,1,2,2,2,1,0,0,1,1,0,2,0,1,2,1,1,0,2,0,2,2,0,0,0,0,2,0,2,2,1,1,0,2,2,0,1,0,0,1,0,2,2,0,0,0,2,2,2,2,1,1,0,1,2,2,1,2,2,0,1,1,1,2,2,2,2,1,2,2,2,1,2,0,2
216_23,1,1,1,2,1,2,1,0,1,1,2,2,2,1,0,0,0,1,2,0,1,1,2,2,1,0,2,1,2,2,1,2,2,1,0,2,1,1,2,1,0,2,1,0,0,2,1,2,1,0,0,2,0,2,0,0,1,2,1,2,2,1,0,1,1,2,1,0,0,1,1,2,1,0,0,2,2,1,2,1,1,0,1,1,0,0,0,2,1,1,1,1,2,2,1,0,1,0,2,1,2,1,1,1,1,0,2,1,1,0,0,1,0,0,0,1,2,2,1,1,1,1,2,0,1,0,1,2,2,2,1,1,2,1,1,0,2,0,1,2,1,1,1,2,0,2,2,0,0,0,2,2,0,2,2,1,1,1,2,2,1,1,0,0,1,2,2,2,1,2,0,2,2,2,2,1,1,0,1,2,2,1,2,2,2,1,1,1,2,2,2,2,1,2,2,2,1,2,0,2
I3,1,1,0,2,1,2,1,1,0,1,2,2,2,1,0,0,0,1,2,0,1,1,2,2,0,0,2,0,2,0,1,2,2,1,0,2,1,0,2,0,0,2,1,0,0,2,1,2,1,0,1,0,2,2,0,2,2,2,1,0,0,1,0,1,1,2,1,1,1,1,1,2,1,0,1,2,2,1,2,1,1,1,0,1,0,0,0,2,2,1,1,1,2,2,0,2,2,0,2,1,2,1,0,1,2,0,2,1,0,2,0,1,0,0,0,1,2,2,0,0,1,1,0,1,1,0,1,2,2,2,1,0,0,1,1,1,2,0,1,2,1,1,0,2,0,2,2,0,0,0,0,2,0,2,2,1,1,2,2,2,2,1,0,0,1,0,2,2,1,0,1,2,2,2,2,1,1,1,1,2,2,1,2,2,2,1,1,1,2,2,2,2,1,2,2,2,1,2,2,2
216_22,1,1,0,2,1,2,1,1,0,1,2,2,2,1,0,0,0,1,2,0,1,1,2,2,0,0,2,0,2,0,1,2,2,1,2,2,1,0,2,0,0,2,1,0,0,2,1,2,1,0,1,0,2,2,0,2,2,2,1,0,0,1,0,1,1,2,1,1,1,1,1,2,1,0,1,2,2,1,2,1,1,1,0,1,0,0,0,2,2,1,1,1,2,2,0,2,2,0,2,1,2,1,0,1,2,0,2,1,0,2,0,1,0,0,0,1,2,2,0,2,1,1,0,1,1,0,1,2,2,2,1,0,0,1,1,1,2,0,1,2,1,1,0,2,0,2,2,0,0,0,0,2,0,2,2,1,1,2,2,2,2,1,0,0,1,0,2,2,1,0,1,2,2,2,2,1,1,1,1,2,2,1,2,2,2,1,1,1,2,2,2,2,1,2,2,2,1,2,2,2
216_21,1,1,0,2,1,2,1,1,2,1,2,2,2,1,0,0,0,1,2,0,1,1,2,2,0,0,2,0,2,0,1,2,2,1,0,2,1,0,2,0,0,2,1,0,0,2,1,2,1,0,1,0,2,2,0,2,2,2,1,0,0,1,0,1,1,2,1,1,1,1,1,2,1,0,1,2,2,1,2,1,1,1,0,1,0,0,0,2,2,1,1,1,2,2,0,2,2,0,2,1,2,1,0,1,2,0,2,1,0,2,0,1,0,0,0,1,2,2,0,0,1,1,0,1,1,0,1,2,2,2,1,0,0,1,1,1,2,0,1,2,1,1,0,2,0,2,2,0,2,0,0,2,0,2,2,1,1,2,2,2,2,1,0,0,1,1,2,2,1,0,1,2,2,2,2,1,1,1,1,2,2,1,2,2,2,1,1,1,2,2,2,2,1,2,2,2,1,2,2,2
I4,1,1,0,2,1,2,2,1,0,1,2,2,2,2,0,0,0,1,0,0,1,2,0,2,2,0,2,0,2,0,1,2,0,1,0,2,1,0,2,0,0,2,1,1,0,2,1,0,0,0,1,0,0,2,0,0,0,2,1,0,2,1,0,1,1,2,1,0,0,1,1,2,1,0,0,1,0,0,2,1,0,0,0,1,0,0,2,2,0,1,1,1,2,2,0,2,0,1,2,1,2,1,0,1,0,0,2,1,0,0,2,0,0,1,0,1,2,2,0,0,1,0,0,2,1,0,1,2,2,1,1,2,0,1,1,0,2,0,0,2,1,1,0,2,0,2,0,0,2,0,0,2,2,2,2,1,1,1,2,2,0,1,0,0,1,0,2,2,0,0,0,2,2,2,2,1,1,0,1,2,2,2,2,2,0,1,1,1,2,0,2,2,0,2,2,2,2,2,2,2
I5,1,1,0,2,1,2,2,1,2,1,2,2,2,2,1,2,0,1,0,2,1,2,0,2,2,0,2,0,2,2,1,2,0,1,0,2,1,0,2,2,1,2,1,1,0,2,1,0,0,0,1,0,0,2,0,0,0,2,1,1,2,1,0,1,1,2,1,0,0,1,1,2,1,0,0,1,0,0,2,1,1,1,0,1,1,0,2,2,0,1,1,1,2,2,0,2,2,1,2,1,2,1,1,1,2,1,2,1,0,0,2,0,0,1,0,1,2,2,2,0,1,0,0,2,1,0,1,2,2,1,1,2,0,1,1,0,2,0,0,2,1,1,0,2,1,2,0,0,2,0,0,2,2,2,2,1,1,1,2,2,2,1,0,0,1,0,2,2,0,0,0,2,2,2,2,1,1,0,1,2,2,2,2,2,0,1,1,1,2,0,2,2,0,2,2,2,2,2,2,2
216_20,1,1,0,2,1,2,2,1,2,1,2,2,2,2,1,2,0,1,0,2,1,2,0,2,2,0,2,0,2,2,1,2,0,1,0,2,1,2,2,2,1,2,1,1,2,2,1,0,0,0,1,1,0,2,0,0,0,2,1,1,2,1,0,1,1,2,1,1,2,1,1,2,1,2,1,1,0,0,2,1,1,1,1,1,1,0,2,2,0,1,1,1,2,2,0,2,2,1,2,1,2,1,1,1,2,1,2,1,2,0,2,0,0,1,0,1,2,2,2,0,1,0,0,2,1,0,1,2,2,1,1,2,0,1,1,0,2,0,0,2,1,1,0,2,1,2,0,2,2,0,0,2,2,2,2,1,1,1,2,2,2,1,0,0,1,0,2,2,0,2,0,2,2,2,2,1,1,1,1,2,2,2,2,2,0,1,1,1,2,0,2,2,0,2,2,2,2,2,2,2
216_19,1,1,0,2,1,2,2,1,2,1,2,2,2,2,1,2,0,1,0,2,1,2,0,2,2,0,2,0,2,2,1,2,0,1,0,2,1,0,2,2,1,2,1,1,0,2,1,0,1,0,1,0,0,2,0,0,0,2,1,1,2,1,0,1,1,2,1,0,0,1,1,2,1,0,0,1,1,2,2,1,1,1,0,1,1,0,2,2,0,1,1,1,2,2,0,2,2,1,2,1,2,1,1,1,2,1,2,1,0,0,2,0,0,1,0,1,2,2,2,0,1,0,1,2,1,0,1,2,2,1,1,2,1,1,1,2,2,0,2,2,1,1,1,2,1,2,0,0,2,0,0,2,2,2,2,1,1,1,2,2,2,1,0,0,1,0,2,2,0,0,0,2,2,2,2,1,1,0,1,2,2,2,2,2,0,1,1,1,2,0,2,2,0,2,2,2,2,2,2,2
I6,1,1,2,2,1,2,2,1,0,1,2,2,2,2,0,0,2,1,2,0,1,2,0,2,2,0,2,0,2,0,1,2,0,1,0,2,1,0,2,2,0,2,1,1,0,2,1,0,0,0,1,0,0,2,0,0,0,2,1,2,2,1,0,1,1,2,1,0,0,1,1,2,1,1,0,1,0,0,2,1,0,0,1,1,0,0,2,2,0,1,1,1,2,2,0,2,0,1,2,1,2,1,0,1,0,0,2,1,0,0,2,1,0,1,0,1,2,2,0,0,1,0,0,2,1,0,1,2,2,1,1,2,0,1,1,2,2,0,2,2,1,1,0,2,0,2,0,0,2,0,0,2,2,2,2,1,1,1,2,2,1,1,0,0,1,1,2,2,0,0,0,2,2,2,2,1,1,0,1,2,2,2,2,2,2,1,1,1,2,0,2,2,2,2,2,2,2,2,2,2
216_18,1,1,2,2,1,2,2,1,0,1,2,2,2,2,0,0,2,1,2,0,1,2,0,2,2,0,2,0,2,0,1,2,0,1,0,2,1,0,2,2,0,2,1,1,0,2,1,2,0,0,1,0,0,2,0,0,0,2,1,2,2,1,0,1,1,2,1,0,0,1,1,2,1,1,1,1,0,0,2,1,0,0,1,1,0,0,2,2,0,1,1,1,2,2,1,2,0,1,2,1,2,1,0,1,0,1,2,1,0,0,2,1,0,1,0,1,2,2,0,0,1,2,0,2,1,0,1,2,2,1,1,2,0,1,1,2,2,0,2,2,1,1,0,2,0,2,0,0,2,0,0,2,2,2,2,1,1,1,2,2,1,1,0,0,1,1,2,2,0,0,0,2,2,2,2,1,1,1,1,2,2,2,2,2,2,1,1,1,2,0,2,2,2,2,2,2,2,2,2,2
216_17,1,1,2,2,1,2,2,1,0,1,2,2,2,2,0,0,2,1,2,0,1,2,0,2,2,0,2,0,2,0,1,2,0,1,0,2,1,0,2,2,0,2,1,1,0,2,1,0,0,0,1,0,0,2,0,0,0,2,1,2,2,1,1,1,1,2,1,2,0,1,1,2,1,1,0,1,0,0,2,1,0,0,1,1,0,0,2,2,0,1,1,1,2,2,0,2,0,1,2,1,2,1,0,1,0,0,2,1,0,2,2,1,2,1,0,1,2,2,0,0,1,0,0,2,1,0,1,2,2,1,1,2,0,1,1,2,2,0,2,2,1,1,0,2,1,2,0,1,2,0,0,2,2,2,2,1,1,1,2,2,1,1,0,0,1,1,2,2,0,0,0,2,2,2,2,1,1,0,1,2,2,2,2,2,2,1,1,1,2,0,2,2,2,2,2,2,2,2,2,2
I7,2,0,0,0,0,0,0,0,0,0,0,0,0,1,0,0,0,0,2,0,0,0,0,0,0,0,0,0,1,0,1,1,0,0,1,0,1,0,0,2,2,2,0,0,0,1,0,0,1,1,0,0,2,0,0,0,0,2,1,0,0,0,0,0,0,0,2,0,1,0,0,0,0,0,0,0,2,0,0,1,0,0,1,0,1,2,0,0,1,0,0,1,1,2,0,1,2,2,0,0,0,0,0,0,1,0,0,0,0,0,0,0,1,2,1,0,0,0,0,0,0,0,0,2,0,1,0,0,2,0,1,1,0,1,0,1,0,0,0,0,0,0,0,0,1,0,0,0,0,0,0,0,0,0,0,2,2,0,0,0,0,0,0,0,2,1,1,0,0,0,0,0,0,0,0,0,0,0,0,0,1,0,1,0,1,0,0,2,0,0,0,0,0,0,2,0,2,0,0,0
I8,2,0,0,0,1,0,1,0,0,0,0,0,1,1,0,0,0,0,2,0,0,2,2,0,1,2,0,1,1,0,1,1,2,2,1,0,1,0,0,2,2,2,0,0,0,1,0,0,1,1,0,1,2,0,0,2,0,2,1,2,1,0,1,2,0,0,2,0,1,0,0,0,0,0,1,1,2,0,0,1,0,0,1,2,1,2,2,0,1,1,1,1,1,2,1,1,2,2,0,0,0,2,1,0,1,0,0,0,0,0,0,2,1,2,1,0,2,2,0,0,1,1,0,2,0,1,1,0,2,2,1,1,0,1,2,1,0,0,0,0,0,0,1,0,1,2,1,1,0,2,0,0,1,0,0,2,2,1,1,0,0,2,0,0,2,1,1,0,0,2,0,0,0,0,2,0,0,0,0,1,1,0,1,0,1,2,0,2,2,0,0,0,0,0,2,0,2,0,0,0
I9,2,1,2,0,1,0,1,2,0,1,2,0,1,1,0,0,2,0,2,0,0,2,2,2,1,2,0,1,1,0,1,1,2,2,1,0,1,1,1,2,2,2,0,0,0,1,0,0,1,1,0,1,2,0,1,2,0,2,1,2,1,0,1,2,0,0,2,2,1,1,0,2,0,0,1,1,2,1,0,1,1,0,1,2,1,2,2,2,1,1,1,1,1,2,1,1,2,2,0,0,0,2,1,1,1,2,0,2,1,2,0,2,1,2,1,0,2,2,0,0,1,1,0,2,0,1,1,0,2,2,1,1,2,1,2,1,1,0,1,1,2,2,1,0,1,2,1,1,0,2,2,2,1,1,1,2,2,1,1,0,0,2,0,0,2,1,1,0,2,2,2,0,0,2,2,0,1,0,2,1,1,0,1,2,1,2,0,2,2,0,0,0,0,0,2,0,2,1,0,2
I10,2,1,2,0,1,0,1,2,0,1,2,0,1,1,0,0,2,0,2,0,2,2,2,2,1,2,0,1,1,0,1,1,2,2,1,0,1,1,1,2,2,2,0,0,0,1,0,0,1,1,0,1,2,2,1,2,0,2,1,2,1,0,1,2,2,0,2,2,1,1,0,2,0,0,1,1,2,1,0,1,1,1,1,2,1,2,2,2,1,1,1,1,1,2,1,1,2,2,1,0,0,2,1,1,1,2,0,2,1,2,0,2,1,2,1,0,2,2,1,0,1,1,0,2,0,1,1,0,2,2,1,1,2,1,2,1,1,0,1,1,2,2,1,0,1,2,1,1,0,2,2,2,1,1,1,2,2,1,1,2,0,2,0,0,2,1,1,2,2,2,2,0,2,2,2,0,1,0,2,1,1,0,1,2,1,2,0,2,2,0,0,1,0,0,2,0,2,1,0,2
216_8,2,1,2,0,1,0,1,2,0,1,2,0,1,1,0,0,2,1,2,0,2,2,2,2,1,2,0,1,1,0,1,1,2,2,1,0,1,1,1,2,2,2,0,0,0,1,0,0,1,1,0,1,2,2,1,2,0,2,1,2,1,0,1,2,2,0,2,2,1,1,0,2,0,0,1,1,2,1,0,1,1,1,1,2,1,2,2,2,1,1,1,1,1,2,1,1,2,2,1,0,0,2,1,1,1,2,0,2,1,2,0,2,1,2,1,0,2,2,1,0,1,1,0,2,0,1,1,0,2,2,1,1,2,1,2,1,1,0,1,1,2,2,1,0,1,2,1,1,0,2,2,2,1,1,1,2,2,1,1,2,0,2,0,0,2,1,1,2,2,2,2,0,2,2,2,0,1,0,2,1,1,0,1,2,1,2,0,2,2,0,0,1,0,0,2,0,2,1,0,2
216_7,2,1,2,0,1,0,1,2,0,1,2,1,1,1,0,0,2,0,2,0,2,2,2,2,1,2,0,1,1,0,1,1,2,2,1,0,1,1,1,2,2,2,0,0,0,1,0,0,1,1,0,1,2,2,1,2,2,2,1,2,1,0,1,2,2,0,2,2,1,1,0,2,0,0,1,1,2,1,0,1,1,1,1,2,1,2,2,2,1,1,1,1,1,2,1,1,2,2,1,0,1,2,1,1,1,2,0,2,1,2,0,2,1,2,1,0,2,2,1,0,1,1,0,2,0,1,1,0,2,2,1,1,2,1,2,1,1,0,1,1,2,2,1,0,1,2,1,1,0,2,2,2,1,1,1,2,2,1,1,2,0,2,0,0,2,1,1,2,2,2,2,0,2,2,2,0,1,0,2,1,1,0,1,2,1,2,0,2,2,0,0,1,0,0,2,0,2,1,0,2
I11,2,1,2,0,1,0,1,2,0,1,2,0,1,1,0,0,2,0,2,0,0,2,2,2,1,2,2,1,1,0,1,1,2,2,1,0,1,1,1,2,2,2,0,0,0,1,0,0,1,1,0,1,2,2,1,2,0,2,1,2,1,1,1,2,0,0,2,2,1,1,2,2,0,0,1,1,2,1,0,1,1,0,1,2,1,2,2,2,1,1,1,1,1,2,1,1,2,2,0,0,0,2,1,1,1,2,0,2,1,2,0,2,1,2,1,0,2,2,0,1,1,1,0,2,0,1,1,0,2,2,1,1,2,1,2,1,1,0,1,1,2,2,1,0,1,2,1,1,1,2,2,2,1,1,1,2,2,1,1,1,0,2,0,0,2,1,1,0,2,2,2,0,0,2,2,2,1,0,2,1,1,0,1,2,1,2,0,2,2,1,0,0,0,1,2,1,2,1,0,2
216_5,2,1,2,0,1,0,1,2,0,1,2,0,1,1,0,0,2,0,2,0,0,2,2,2,1,2,2,1,1,0,1,1,2,2,1,0,1,1,1,2,2,2,0,0,0,1,0,0,1,1,0,1,2,2,1,2,0,2,1,2,1,1,1,2,0,0,2,2,1,1,2,2,0,0,1,1,2,1,0,1,1,0,1,2,1,2,2,2,1,1,1,1,1,2,1,1,2,2,0,0,0,2,1,1,1,2,0,2,1,2,0,2,1,2,1,0,2,2,0,1,1,1,0,2,0,1,1,0,2,2,1,1,2,1,2,1,1,0,1,1,2,2,1,0,1,2,1,1,1,2,2,2,1,1,1,2,2,1,1,1,0,2,0,0,2,1,1,0,2,2,2,0,0,2,2,2,1,0,2,1,1,0,1,2,1,2,0,2,2,1,0,0,0,1,2,1,2,1,0,2
216_6,2,1,2,0,1,0,1,2,0,1,2,0,1,1,0,0,2,0,2,0,0,2,2,2,1,2,2,1,1,0,1,1,2,2,1,0,1,1,1,2,2,2,0,0,0,1,0,0,1,1,0,1,2,2,1,2,0,2,1,2,1,1,1,2,0,0,2,2,1,1,2,2,0,0,1,1,2,1,0,1,1,0,1,2,1,2,2,2,1,1,1,1,1,2,1,1,2,2,0,0,0,2,1,1,1,2,0,2,1,2,0,2,1,2,1,0,2,2,0,1,1,1,2,2,0,1,1,0,2,2,1,1,2,1,2,1,1,0,1,1,2,2,1,0,1,2,1,1,1,2,2,2,1,1,1,2,2,1,1,1,0,2,0,0,2,1,1,0,2,2,2,0,0,2,2,2,1,0,2,1,1,0,1,2,1,2,2,2,2,1,0,0,0,1,2,1,2,1,0,2
I12,2,1,0,1,1,2,1,0,0,0,0,2,1,1,0,1,0,0,2,0,0,2,2,0,1,2,1,1,1,2,1,1,2,2,1,0,1,0,0,2,2,2,2,0,2,1,0,0,1,1,0,1,2,0,0,2,0,2,1,2,1,0,1,2,0,0,2,0,1,0,0,0,2,0,1,1,2,0,1,1,0,0,1,2,1,2,2,2,1,1,1,1,1,2,1,1,2,2,0,0,2,2,1,0,1,0,0,0,2,0,0,2,1,2,1,0,2,2,0,2,1,1,2,2,0,1,1,0,2,2,1,1,0,1,2,1,0,1,1,1,1,2,1,0,1,2,1,1,0,2,0,1,1,0,0,2,2,1,1,1,2,2,2,0,2,1,1,0,0,2,0,0,0,0,2,0,0,1,0,1,1,1,1,2,1,2,0,2,2,0,0,0,0,0,2,0,2,0,0,0
I13,2,1,0,1,1,2,1,0,0,0,0,2,1,1,1,1,0,2,2,0,0,2,2,0,1,2,1,1,1,2,1,1,2,2,1,0,1,2,0,2,2,2,2,0,2,1,0,0,1,1,1,1,2,0,0,2,0,2,1,2,1,0,1,2,0,0,2,0,1,0,0,0,2,0,1,1,2,0,1,1,0,0,1,2,1,2,2,2,1,1,1,1,1,2,1,1,2,2,0,1,2,2,1,0,1,0,0,0,2,0,0,2,1,2,1,0,2,2,0,2,1,1,2,2,0,1,1,1,2,2,1,1,0,1,2,1,1,1,1,1,1,2,1,2,1,2,1,1,0,2,0,1,1,0,2,2,2,1,1,1,2,2,2,0,2,1,1,0,0,2,0,0,0,0,2,1,2,1,0,1,1,1,1,2,1,2,0,2,2,0,0,0,0,1,2,0,2,1,0,0
216_2,2,1,0,1,1,2,1,0,0,0,0,2,1,1,1,1,0,2,2,0,0,2,2,0,1,2,1,1,1,2,1,1,2,2,1,0,1,2,0,2,2,2,2,0,2,1,2,0,1,1,1,1,2,0,0,2,0,2,1,2,1,0,1,2,0,0,2,0,1,0,0,0,2,0,1,1,2,0,1,1,0,0,1,2,1,2,2,2,1,1,1,1,1,2,1,1,2,2,0,1,2,2,1,0,1,0,0,0,2,0,0,2,1,2,1,0,2,2,0,2,1,1,2,2,0,1,1,1,2,2,1,1,0,1,2,1,1,1,1,1,1,2,1,2,1,2,1,1,0,2,0,1,1,0,2,2,2,1,1,1,2,2,2,0,2,1,1,0,0,2,0,0,0,1,2,1,2,1,0,1,1,1,1,2,1,2,0,2,2,0,0,0,0,1,2,0,2,1,0,0
216_1,2,1,0,1,1,2,1,1,0,0,0,2,1,1,1,1,2,2,2,0,0,2,2,0,1,2,1,1,1,2,1,1,2,2,1,0,1,2,0,2,2,2,2,0,2,1,0,0,1,1,1,1,2,0,0,2,0,2,1,2,1,0,1,2,0,0,2,0,1,0,0,0,2,0,1,1,2,0,1,1,0,0,1,2,1,2,2,2,1,1,1,1,1,2,1,1,2,2,1,1,2,2,1,0,1,0,0,0,2,0,0,2,1,2,1,0,2,2,0,2,1,1,2,2,0,1,1,1,2,2,1,1,0,1,2,1,1,1,1,1,1,2,1,2,1,2,1,1,0,2,0,1,1,0,2,2,2,1,1,1,2,2,2,0,2,1,1,0,0,2,0,0,0,0,2,1,2,1,0,1,1,1,1,2,1,2,0,2,2,0,0,1,0,1,2,0,2,1,0,0
I14,2,1,0,1,1,2,1,0,0,0,0,2,1,1,0,1,2,0,2,0,0,2,2,0,1,2,1,1,1,2,1,1,2,2,1,0,1,1,0,2,2,2,2,0,2,1,0,0,1,1,1,1,2,0,1,2,0,2,1,2,1,0,1,2,0,0,2,2,1,0,0,0,2,0,1,1,2,0,1,1,0,0,1,2,1,2,2,2,1,1,1,1,1,2,1,1,2,2,2,0,2,2,1,0,1,1,0,0,2,0,1,2,1,2,1,0,2,2,0,2,1,1,2,2,0,1,1,0,2,2,1,1,0,1,2,1,0,1,1,1,1,2,1,0,1,2,1,1,0,2,0,1,1,2,0,2,2,1,1,1,2,2,2,0,2,1,1,0,0,2,0,0,0,0,2,0,0,1,0,1,1,1,1,2,1,2,0,2,2,0,0,0,0,0,2,0,2,0,0,0
216_4,2,1,0,1,1,2,1,2,0,0,0,2,1,1,0,1,2,0,2,0,0,2,2,0,1,2,1,1,1,2,1,1,2,2,1,2,1,1,0,2,2,2,2,0,2,1,0,0,1,1,1,1,2,0,1,2,0,2,1,2,1,0,1,2,2,0,2,2,1,0,0,0,2,0,1,1,2,0,1,1,0,0,1,2,1,2,2,2,1,1,1,1,1,2,1,1,2,2,2,0,2,2,1,0,1,1,0,1,2,0,1,2,1,2,1,0,2,2,0,2,1,1,2,2,0,1,1,1,2,2,1,1,0,1,2,1,0,1,1,1,1,2,1,0,1,2,1,1,0,2,0,1,1,2,0,2,2,1,1,1,2,2,2,0,2,1,1,0,0,2,0,0,0,0,2,0,0,1,0,1,1,1,1,2,1,2,0,2,2,0,0,0,0,0,2,0,2,0,0,0
216_3,2,1,0,1,1,2,1,0,0,0,0,2,1,1,0,1,2,0,2,0,0,2,2,0,1,2,1,1,1,2,1,1,2,2,1,0,1,1,0,2,2,2,2,0,2,1,0,2,1,1,1,1,2,0,1,2,0,2,1,2,1,0,1,2,0,0,2,2,1,0,0,0,2,0,1,1,2,0,1,1,0,0,1,2,1,2,2,2,1,1,1,1,1,2,1,1,2,2,2,0,2,2,1,0,1,1,0,0,2,0,1,2,1,2,1,0,2,2,0,2,1,1,2,2,0,1,1,1,2,2,1,1,0,1,2,1,0,1,1,1,1,2,1,0,1,2,1,1,0,2,0,1,1,2,0,2,2,1,1,1,2,2,2,0,2,1,1,0,0,2,2,0,0,0,2,0,0,1,0,1,1,1,1,2,1,2,0,2,2,0,0,0,0,0,2,0,2,0,0,0
I15,2,0,0,2,0,0,0,0,2,0,1,1,1,1,0,0,1,0,2,2,0,0,2,0,1,0,0,1,1,0,1,1,0,0,1,2,1,0,0,2,2,2,0,0,0,1,1,0,1,1,0,1,2,1,0,0,0,2,1,0,0,0,0,0,0,0,2,2,1,1,0,0,0,0,0,1,2,0,0,1,0,0,1,0,1,2,0,0,1,0,1,1,1,2,2,1,2,2,0,0,0,0,0,2,1,0,0,0,0,1,0,0,1,2,1,0,0,1,1,0,0,1,0,2,0,1,0,0,2,0,1,1,2,1,0,1,0,0,0,0,0,0,0,0,1,0,0,2,0,2,2,0,0,0,0,2,2,2,2,0,0,0,2,0,2,1,1,0,0,1,1,2,0,0,2,0,0,2,1,0,1,0,1,0,1,0,0,2,0,0,0,2,0,0,2,0,2,1,0,0
216_12,2,2,1,2,2,0,1,1,2,0,1,1,1,1,0,2,1,2,2,2,0,1,2,1,1,2,1,1,1,0,1,1,0,0,1,2,1,0,0,2,2,2,1,0,2,1,1,2,1,1,0,1,2,1,1,0,1,2,1,2,2,2,1,0,0,2,2,2,1,1,1,1,1,0,0,1,2,2,2,1,0,2,1,1,1,2,1,2,1,2,1,1,1,2,2,1,2,2,0,0,1,0,0,2,1,0,1,0,1,1,2,0,1,2,1,0,0,1,1,1,1,1,0,2,0,1,1,0,2,1,1,1,2,1,2,1,2,2,1,2,2,0,0,2,1,2,0,2,1,2,2,0,0,2,0,2,2,2,2,0,0,1,2,2,2,1,1,2,2,1,1,2,0,0,2,0,2,2,1,2,1,0,1,0,1,0,0,2,0,1,0,2,2,0,2,0,2,1,0,1
I16,2,0,0,2,1,0,0,0,2,0,1,1,1,1,0,2,1,0,2,2,0,0,2,2,1,0,1,1,1,0,1,1,2,0,1,2,1,0,0,2,2,2,0,0,0,1,1,0,1,1,1,1,2,1,0,0,0,2,1,0,0,0,2,0,1,1,2,2,1,1,0,1,0,0,0,1,2,2,0,1,1,0,1,0,1,2,0,0,1,0,1,1,1,2,2,1,2,2,0,0,0,0,0,2,1,0,0,0,1,1,1,0,1,2,1,0,2,1,1,0,0,1,1,2,1,1,2,1,2,2,1,1,2,1,0,1,1,0,0,2,0,0,0,0,1,0,0,2,0,2,2,0,0,0,1,2,2,2,2,0,0,1,2,0,2,1,1,0,0,1,1,2,0,2,2,0,0,2,1,0,1,0,1,1,1,0,0,2,2,0,0,2,0,0,2,2,2,1,0,0
I17,2,0,0,2,1,0,1,0,2,0,1,1,1,1,0,2,1,0,2,2,0,0,2,2,1,1,1,1,1,0,1,1,2,0,1,2,1,1,1,2,2,2,1,1,0,1,1,2,1,1,1,1,2,1,0,0,0,2,1,0,0,0,2,0,1,1,2,2,1,1,0,1,0,1,0,1,2,2,1,1,1,0,1,0,1,2,0,0,1,2,1,1,1,2,2,1,2,2,0,0,0,0,0,2,1,0,0,0,1,1,1,1,1,2,1,0,2,1,1,0,0,1,1,2,1,1,2,1,2,2,1,1,2,1,0,1,1,0,0,2,0,0,0,0,1,0,0,2,0,2,2,0,0,0,1,2,2,2,2,0,2,1,2,1,2,1,1,2,1,1,1,2,0,2,2,0,2,2,1,1,1,0,1,1,1,0,0,2,2,0,0,2,0,0,2,2,2,1,0,0
216_16,2,0,0,2,1,0,1,0,2,0,1,1,1,1,0,2,1,0,2,2,2,0,2,2,1,1,1,1,1,0,1,1,2,1,1,2,1,1,1,2,2,2,1,1,0,1,1,2,1,1,1,1,2,1,0,0,0,2,1,0,0,0,2,0,1,1,2,2,1,1,0,1,0,1,0,1,2,2,1,1,1,0,1,0,1,2,0,0,1,2,1,1,1,2,2,1,2,2,0,1,0,0,0,2,1,0,0,1,1,1,1,1,1,2,1,2,2,1,1,0,2,1,1,2,1,1,2,1,2,2,1,1,2,1,0,1,1,0,0,2,0,0,0,0,1,0,0,2,0,2,2,0,0,0,1,2,2,2,2,0,2,1,2,1,2,1,1,2,1,1,1,2,0,2,2,0,2,2,1,1,1,0,1,1,1,0,1,2,2,0,0,2,0,0,2,2,2,1,0,0
216_15,2,0,2,2,1,0,1,0,2,0,1,1,1,1,0,2,1,0,2,2,0,0,2,2,1,1,1,1,1,0,1,1,2,2,1,2,1,1,1,2,2,2,1,1,0,1,1,2,1,1,1,1,2,1,0,1,0,2,1,0,0,2,2,0,1,1,2,2,1,1,0,1,0,1,0,1,2,2,1,1,1,0,1,0,1,2,1,0,1,2,1,1,1,2,2,1,2,2,0,0,0,0,0,2,1,1,0,0,1,1,1,1,1,2,1,0,2,1,1,0,0,1,1,2,1,1,2,1,2,2,1,1,2,1,2,1,1,0,2,2,0,1,0,0,1,0,0,2,0,2,2,0,2,0,1,2,2,2,2,2,2,1,2,1,2,1,1,2,1,1,1,2,0,2,2,0,2,2,1,1,1,0,1,1,1,0,0,2,2,0,0,2,0,0,2,2,2,1,0,0
I18,2,0,2,2,1,0,1,0,2,0,1,1,1,1,0,2,1,0,2,2,0,0,2,2,1,0,1,1,1,0,1,1,2,0,1,2,1,0,2,2,2,2,0,0,1,1,1,0,1,1,1,1,2,1,0,0,0,2,1,0,0,0,2,0,1,1,2,2,1,1,0,1,2,0,0,1,2,2,0,1,1,0,1,0,1,2,0,0,1,0,1,1,1,2,2,1,2,2,1,0,0,0,0,2,1,0,0,2,1,1,1,0,1,2,1,0,2,1,1,0,0,1,1,2,1,1,2,1,2,2,1,1,2,1,0,1,1,2,0,2,0,0,2,0,1,0,1,2,2,2,2,0,0,0,1,2,2,2,2,1,0,1,2,0,2,1,1,0,0,1,1,2,2,2,2,0,0,2,1,0,1,0,1,1,1,0,0,2,2,0,0,2,2,0,2,2,2,1,0,2
216_14,2,0,2,2,1,0,1,0,2,0,1,1,1,1,0,2,1,0,2,2,2,0,2,2,1,0,1,1,1,2,1,1,2,0,1,2,1,0,2,2,2,2,0,2,1,1,1,0,1,1,1,1,2,1,2,0,0,2,1,0,0,0,2,2,1,1,2,2,1,1,0,1,2,0,1,1,2,2,0,1,1,2,1,0,1,2,0,0,1,0,1,1,1,2,2,1,2,2,1,2,0,0,0,2,1,0,0,2,1,1,1,1,1,2,1,0,2,1,1,0,0,1,1,2,1,1,2,1,2,2,1,1,2,1,0,1,1,2,0,2,0,0,2,0,1,0,1,2,2,2,2,0,0,0,1,2,2,2,2,1,0,1,2,0,2,1,1,0,0,1,1,2,2,2,2,0,0,2,1,0,1,0,1,1,1,2,0,2,2,0,0,2,2,0,2,2,2,1,0,2
216_13,2,0,2,2,1,0,1,0,2,0,1,1,1,1,1,2,1,0,2,2,0,2,2,2,1,0,1,1,1,0,1,1,2,0,1,2,1,0,2,2,2,2,0,0,1,1,1,0,1,1,1,1,2,1,0,2,0,2,1,0,0,0,2,0,1,1,2,2,1,1,0,1,2,0,0,1,2,2,2,1,1,0,1,0,1,2,0,0,1,0,1,1,1,2,2,1,2,2,1,0,2,0,0,2,1,0,0,2,1,1,1,1,1,2,1,0,2,1,1,0,0,1,1,2,1,1,2,1,2,2,1,1,2,1,0,1,1,2,0,2,0,2,2,0,1,0,1,2,2,2,2,0,0,2,1,2,2,2,2,1,0,1,2,0,2,1,1,0,0,1,1,2,2,2,2,0,0,2,1,0,1,0,1,1,1,1,0,2,2,0,2,2,2,0,2,2,2,1,0,2
Evolve tree: [&R] (((((216_13:0.13269158878504456,216_14:0.13269158878504456)I18:0.24637383177569827,(216_15:0.12358878504672693,216_16:0.12358878504672693)I17:0.2554766355140159)I16:0.35620560747663355,216_12:0.7352710280373767)I15:0.30059813084112097,(((216_3:0.08355140186915744,216_4:0.08355140186915744)I14:0.2101308411214927,(216_1:0.07919626168224161,216_2:0.07919626168224161)I13:0.2144859813084085)I12:0.38947663551401623,((216_6:0.03252336448598071,216_5:0.03252336448598071)I11:0.2354579439252304,(216_7:0.020186915887850092,216_8:0.020186915887850092)I10:0.24779439252336102)I9:0.41517757009345524)I8:0.35271028037383106)I7:0.25413084112149537,(((216_17:0.14648598130840887,216_18:0.14648598130840887)I6:0.21078504672896967,(216_19:0.1281308411214932,216_20:0.1281308411214932)I5:0.2291401869158853)I4:0.2875887850467272,((216_21:0.028392523364485455,216_22:0.028392523364485455)I3:0.32887850467289304,216_23:0.35727102803737854)I2:0.2875887850467272)I1:0.6451401869158869)I0:0;