cell,r0,r1,r2,r3,r4,r5,r6,r7,r8,r9,r10,r11,r12,r13,r14,r15,r16,r17,r18,r19,r20,r21,r22,r23,r24,r25,r26,r27,r28,r29,r30,r31,r32,r33,r34,r35,r36,r37,r38,r39,r40,r41,r42,r43,r44,r45,r46,r47,r48,r49,r50,r51,r52,r53,r54,r55,r56,r57,r58,r59,r60,r61,r62,r63,r64,r65,r66,r67,r68,r69,r70,r71,r72,r73,r74,r75,r76,r77,r78,r79,r80,r81,r82,r83,r84,r85,r86,r87,r88,r89,r90,r91,r92,r93,r94,r95,r96,r97,r98,r99,r100,r101,r102,r103,r104,r105,r106,r107,r108,r109,r110,r111,r112,r113,r114,r115,r116,r117,r118,r119,r120,r121,r122,r123,r124,r125,r126,r127,r128,r129,r130,r131,r132,r133,r134,r135,r136,r137,r138,r139,r140,r141,r142,r143,r144,r145,r146,r147,r148,r149,r150,r151,r152,r153,r154,r155,r156,r157,r158,r159,r160,r161,r162,r163,r164,r165,r166,r167,r168,r169,r170,r171,r172,r173,r174,r175,r176,r177,r178,r179,r180,r181,r182,r183,r184,r185,r186,r187,r188,r189,r190,r191,r192,r193,r194,r195,r196,r197,r198,r199
I0,0,0,0,0,0,0,0,0,0,0,0,0,0,0,0,0,0,0,0,0,0,0,0,0,0,0,0,0,0,0,0,0,0,0,0,0,0,0,0,0,0,0,0,0,0,0,0,0,0,0,0,0,0,0,0,0,0,0,0,0,0,0,0,0,0,0,0,0,0,0,0,0,0,0,0,0,0,0,0,0,0,0,0,0,0,0,0,0,0,0,0,0,0,0,0,0,0,0,0,0,0,0,0,0,0,0,0,0,0,0,0,0,0,0,0,0,0,0,0,0,0,0,0,0,0,0,0,0,0,0,0,0,0,0,0,0,0,0,0,0,0,0,0,0,0,0,0,0,0,0,0,0,0,0,0,0,0,0,0,0,0,0,0,0,0,0,0,0,0,0,0,0,0,0,0,0,0,0,0,0,0,0,0,0,0,0,0,0,0,0,0,0,0,0,0,0,0,0,0,0
I1,0,2,2,2,0,1,1,2,2,0,2,0,0,0,1,1,0,0,1,2,0,1,2,0,0,1,0,1,0,0,0,2,1,2,1,1,0,0,2,2,1,0,0,1,0,0,0,2,0,1,0,0,2,0,2,0,1,0,2,0,1,0,2,0,0,0,2,0,0,1,0,0,0,2,2,0,1,0,0,2,0,1,0,2,1,2,2,2,0,1,0,0,0,0,0,1,2,0,2,1,0,0,2,2,1,0,2,1,2,1,1,0,0,0,1,2,1,2,1,0,2,0,0,0,0,2,2,2,2,0,2,0,0,1,0,0,0,1,1,0,2,0,0,0,0,1,1,1,0,1,1,2,2,0,0,2,1,2,0,1,2,0,0,0,0,1,1,0,0,0,0,1,1,2,0,0,0,0,0,0,2,1,0,2,0,0,1,0,2,1,2,0,0,1,0,0,1,0,0,0
I2,1,2,2,2,0,1,1,2,2,0,2,0,0,1,1,1,0,0,1,2,0,1,2,0,0,1,0,1,0,0,0,2,1,2,1,1,2,0,2,2,1,1,0,1,2,0,0,2,0,1,0,0,2,2,2,0,1,0,2,1,1,1,2,0,0,0,2,0,0,1,1,0,0,2,2,0,1,1,0,2,0,1,0,2,1,2,2,2,0,1,0,0,0,0,0,1,2,0,2,1,0,0,2,2,1,0,2,1,2,1,1,0,0,0,1,2,1,2,1,0,2,1,0,0,2,2,2,2,2,0,2,2,1,1,0,0,0,1,1,0,2,2,0,0,0,1,1,1,0,1,1,2,2,0,0,2,1,2,0,1,2,0,0,2,0,1,1,0,1,0,0,1,1,2,0,0,0,2,1,2,2,1,0,2,0,0,1,0,2,1,2,0,0,1,0,0,1,0,2,1
216_23,1,2,2,2,0,1,1,2,2,0,2,0,0,1,1,1,1,0,1,2,0,1,2,0,0,1,0,1,2,0,0,2,1,2,1,1,2,0,2,2,1,1,0,1,2,0,0,2,1,1,1,0,2,2,2,0,1,0,2,1,1,1,2,0,0,0,2,0,0,1,1,0,0,2,2,0,1,1,0,2,0,1,0,2,1,2,2,2,0,1,0,0,0,0,0,1,2,2,2,1,0,0,2,2,1,0,2,1,2,1,1,1,0,0,1,2,1,2,1,0,2,1,0,0,2,2,2,2,2,0,2,2,1,1,0,0,0,1,1,0,2,2,0,0,0,1,1,1,0,1,1,2,2,0,0,2,1,2,1,1,2,0,0,2,0,1,1,0,1,0,0,1,1,2,2,0,0,2,1,2,2,1,0,2,0,0,1,0,2,1,2,0,0,1,1,0,1,0,2,1
I3,1,2,2,2,0,1,1,2,2,0,2,0,0,1,1,1,2,0,1,2,2,1,2,0,0,1,0,1,0,0,0,2,1,2,1,1,2,0,2,2,1,1,0,1,2,0,2,2,0,1,1,0,2,2,2,0,1,0,2,1,1,1,2,1,0,0,2,0,0,1,1,1,0,2,2,0,1,1,0,2,0,1,0,2,1,2,2,2,0,1,1,0,0,0,0,1,2,0,2,1,0,0,2,2,1,0,2,1,2,1,1,0,0,1,1,2,1,2,1,1,2,1,0,0,2,2,2,2,2,1,2,2,1,1,0,0,2,1,1,0,2,2,0,0,2,1,1,1,0,1,1,2,2,0,0,2,1,2,0,1,2,0,0,2,0,1,1,0,1,0,1,1,1,2,0,0,0,2,1,2,2,1,0,2,0,0,1,0,2,1,2,0,0,1,0,0,1,0,2,1
216_22,1,2,2,2,0,1,1,2,2,0,2,0,0,1,1,1,2,0,1,2,2,1,2,0,0,1,0,1,0,0,0,2,1,2,1,1,2,0,2,2,1,1,0,1,2,0,2,2,0,1,1,0,2,2,2,0,1,0,2,1,1,1,2,1,0,0,2,0,0,1,1,1,0,2,2,0,1,1,0,2,0,1,0,2,1,2,2,2,0,1,1,0,0,0,0,1,2,0,2,1,0,0,2,2,1,0,2,1,2,1,1,0,0,1,1,2,1,2,1,1,2,1,0,0,2,2,2,2,2,1,2,2,1,1,0,0,2,1,1,0,2,2,0,0,2,1,1,1,2,1,1,2,2,0,0,2,1,2,0,1,2,0,0,2,0,1,1,0,1,0,1,1,1,2,0,0,0,2,1,2,2,1,0,2,0,0,1,0,2,1,2,0,0,1,0,0,1,0,2,1
216_21,1,2,2,2,0,1,1,2,2,0,2,0,0,1,1,1,2,0,1,2,2,1,2,0,0,1,0,1,0,0,0,2,1,2,1,1,2,0,2,2,1,1,0,1,2,0,2,2,0,1,1,0,2,2,2,0,1,0,2,1,1,1,2,1,0,0,2,0,0,1,1,1,0,2,2,0,1,1,0,2,0,1,0,2,1,2,2,2,0,1,1,0,0,0,0,1,2,0,2,1,0,0,2,2,1,0,2,1,2,1,1,0,0,1,1,2,1,2,1,1,2,1,0,0,2,2,2,2,2,1,2,2,1,1,0,0,2,1,1,0,2,2,0,0,2,1,1,1,0,1,1,2,2,0,0,2,1,2,0,1,2,0,0,2,0,1,1,0,1,0,1,1,1,2,0,0,0,2,1,2,2,1,0,2,0,0,1,0,2,1,2,0,0,1,0,0,1,0,2,1
I4,0,2,2,2,0,1,1,2,2,0,2,0,0,0,1,1,0,0,1,2,0,1,2,0,0,1,2,1,1,1,1,2,1,2,1,1,0,0,2,2,1,0,0,1,0,1,2,2,0,1,0,1,2,1,2,1,1,0,2,0,1,0,2,0,0,0,2,0,0,1,0,0,1,2,2,0,1,0,0,2,0,1,0,2,1,2,2,2,0,1,0,0,0,1,2,1,2,0,2,1,0,0,2,2,1,1,2,1,2,1,1,0,0,0,1,2,1,2,1,1,2,0,0,0,1,2,2,2,2,0,2,0,0,1,0,0,0,1,1,2,2,1,0,0,0,1,1,1,0,1,1,2,2,0,0,2,1,2,0,1,2,0,0,0,0,1,1,1,0,1,0,1,1,2,0,0,0,0,0,0,2,1,0,2,2,0,1,0,2,1,2,0,0,1,0,0,1,1,0,0
I5,0,2,2,2,0,1,1,2,2,0,2,0,2,0,1,1,0,0,1,2,2,1,2,1,0,1,2,1,1,1,1,2,1,2,1,1,0,2,2,2,1,0,0,1,0,1,2,2,0,1,0,1,2,1,2,1,1,0,2,2,1,0,2,0,0,2,2,0,0,1,1,0,1,2,2,0,1,0,0,2,0,1,0,2,1,2,2,2,0,1,0,0,0,1,2,1,2,0,2,1,0,0,2,2,1,1,2,1,2,1,1,0,0,0,1,2,1,2,1,1,2,0,0,0,1,2,2,2,2,2,2,0,0,1,0,0,1,1,1,2,2,1,0,0,0,1,1,1,0,1,1,2,2,1,0,2,1,2,0,1,2,0,0,0,0,1,1,1,0,1,0,1,1,2,0,0,0,2,0,1,2,1,0,2,2,0,1,0,2,1,2,0,0,1,0,0,1,1,1,0
216_20,0,2,2,2,0,1,1,2,2,0,2,0,2,0,1,1,1,0,1,2,2,1,2,1,0,1,2,1,1,1,1,2,1,2,1,1,0,2,2,2,1,0,0,1,0,1,2,2,0,1,0,1,2,1,2,1,1,0,2,2,1,0,2,0,0,2,2,0,0,1,1,2,1,2,2,0,1,0,0,2,0,1,0,2,1,2,2,2,0,1,0,2,0,1,2,1,2,0,2,1,1,2,2,2,1,1,2,1,2,1,1,2,0,0,1,2,1,2,1,1,2,0,0,0,1,2,2,2,2,2,2,0,0,1,2,1,1,1,1,2,2,1,0,0,0,1,1,1,0,1,1,2,2,1,1,2,1,2,0,1,2,0,0,0,0,1,1,1,0,1,0,1,1,2,0,0,0,2,0,1,2,1,0,2,2,0,1,0,2,1,2,0,0,1,0,0,1,1,1,0
216_19,0,2,2,2,0,1,1,2,2,0,2,1,2,0,1,1,0,0,1,2,2,1,2,1,0,1,2,1,1,1,1,2,1,2,1,1,0,2,2,2,1,0,1,1,0,1,2,2,0,1,0,1,2,1,2,1,1,0,2,2,1,0,2,0,0,2,2,0,0,1,1,0,1,2,2,0,1,0,0,2,0,1,2,2,1,2,2,2,0,1,0,0,0,1,2,1,2,0,2,1,0,0,2,2,1,1,2,1,2,1,1,0,2,0,1,2,1,2,1,1,2,0,0,0,1,2,2,2,2,2,2,0,0,1,0,0,1,1,1,2,2,1,0,0,0,1,1,1,0,1,1,2,2,1,0,2,1,2,0,1,2,0,0,0,0,1,1,1,0,1,0,1,1,2,0,0,0,2,2,1,2,1,0,2,2,0,1,0,2,1,2,0,0,1,0,2,1,1,1,0
I6,0,2,2,2,0,1,1,2,2,0,2,0,0,0,1,1,0,0,1,2,0,1,2,2,0,1,2,1,1,1,1,2,1,2,1,1,0,0,2,2,1,1,0,1,0,1,2,2,0,1,0,1,2,1,2,1,1,0,2,0,1,0,2,0,0,0,2,0,0,1,1,0,1,2,2,0,1,0,0,2,0,1,0,2,1,2,2,2,0,1,0,0,0,1,2,1,2,0,2,1,0,0,2,2,1,1,2,1,2,1,1,0,0,0,1,2,1,2,1,1,2,2,0,0,1,2,2,2,2,0,2,1,0,1,0,0,0,1,1,2,2,1,0,0,0,1,1,1,0,1,1,2,2,0,0,2,1,2,0,1,2,0,0,0,0,1,1,1,0,1,0,1,1,2,0,0,0,0,0,0,2,1,0,2,2,0,1,0,2,1,2,0,0,1,0,0,1,1,0,0
216_18,0,2,2,2,0,1,1,2,2,0,2,0,0,0,1,1,0,1,1,2,0,1,2,2,0,1,2,1,1,1,1,2,1,2,1,1,0,0,2,2,1,1,0,1,0,1,2,2,0,1,0,1,2,1,2,1,1,0,2,0,1,0,2,0,0,0,2,0,0,1,1,0,1,2,2,0,1,0,0,2,0,1,0,2,1,2,2,2,0,1,1,0,0,1,2,1,2,0,2,1,0,0,2,2,1,1,2,1,2,1,1,0,0,0,1,2,1,2,1,1,2,2,0,0,1,2,2,2,2,0,2,1,0,1,0,0,0,1,1,2,2,1,0,1,0,1,1,1,0,1,1,2,2,0,0,2,1,2,0,1,2,0,0,0,0,1,1,1,0,1,0,1,1,2,0,1,0,2,0,0,2,1,0,2,2,0,1,2,2,1,2,0,0,1,0,0,1,1,0,1
216_17,0,2,2,2,0,1,1,2,2,0,2,0,0,0,1,1,0,0,1,2,0,1,2,2,0,1,2,1,1,1,1,2,1,2,1,1,0,0,2,2,1,1,0,1,0,1,2,2,0,1,1,1,2,1,2,1,1,0,2,0,1,0,2,0,0,0,2,0,0,1,1,0,1,2,2,0,1,0,0,2,0,1,0,2,1,2,2,2,2,1,0,0,0,1,2,1,2,0,2,1,0,0,2,2,1,1,2,1,2,1,1,0,0,0,1,2,1,2,1,1,2,2,0,2,1,2,2,2,2,0,2,1,0,1,0,0,0,1,1,2,2,1,0,0,0,1,1,1,0,1,1,2,2,0,0,2,1,2,0,1,2,0,0,0,0,1,1,1,0,1,0,1,1,2,0,0,0,0,0,0,2,1,0,2,2,0,1,2,2,1,2,0,0,1,0,0,1,1,2,0
I7,2,0,0,1,0,0,2,0,1,0,0,0,0,0,1,0,0,1,0,0,0,0,0,1,0,0,0,1,0,0,0,0,0,0,1,0,0,0,0,0,0,0,0,1,0,0,0,0,0,0,0,0,0,0,0,0,0,2,2,1,2,0,0,2,2,1,0,0,2,0,1,0,0,0,0,0,0,0,1,0,1,0,1,0,0,0,0,0,1,0,0,2,0,2,1,2,0,2,0,0,0,0,0,0,0,0,0,1,0,0,0,0,0,0,0,0,1,0,0,1,1,1,0,0,1,0,0,0,0,0,0,1,0,1,0,0,2,0,0,0,2,0,0,0,1,2,0,0,0,0,0,1,2,0,0,0,0,0,0,0,0,0,0,0,0,0,2,0,2,1,0,0,0,0,0,0,0,0,0,0,0,0,0,0,2,0,1,0,0,0,0,0,0,0,0,0,1,0,0,0
I8,2,0,2,1,0,0,2,0,1,2,0,0,2,0,1,0,2,1,0,0,0,0,0,1,1,2,0,1,0,0,0,1,1,0,1,0,1,0,0,2,2,0,0,1,0,1,0,0,0,2,0,1,0,1,0,1,0,2,2,1,2,2,2,2,2,1,0,0,2,0,1,0,2,0,0,0,0,1,1,0,1,0,1,0,0,0,0,0,1,0,0,2,0,2,1,2,2,2,0,0,1,0,0,0,0,0,2,1,0,1,0,0,0,1,0,1,1,0,2,1,1,1,0,0,1,0,0,2,1,2,2,1,0,1,0,1,2,1,1,0,2,0,0,0,1,2,0,0,1,1,0,1,2,0,0,2,0,0,0,1,0,0,2,0,1,0,2,1,2,1,0,1,0,0,0,1,0,0,2,0,0,1,2,0,2,0,1,0,2,0,2,0,0,0,0,0,1,0,0,0
I9,2,0,2,1,0,0,2,0,1,2,1,0,2,1,1,0,2,1,2,0,0,0,0,1,1,2,2,1,0,0,0,1,1,0,1,0,1,0,0,2,2,0,0,1,0,1,2,0,0,2,0,1,2,1,0,1,0,2,2,1,2,2,2,2,2,1,0,1,2,0,1,0,2,1,0,0,0,1,1,2,1,0,1,1,2,0,0,2,1,0,1,2,0,2,1,2,2,2,2,0,1,1,0,0,1,0,2,1,0,1,0,0,0,1,2,1,1,0,2,1,1,1,0,0,1,0,1,2,1,2,2,1,0,1,2,1,2,1,1,1,2,1,0,0,1,2,0,2,1,1,2,1,2,0,0,2,0,2,0,1,0,0,2,0,1,2,2,1,2,1,0,1,0,0,1,1,0,0,2,2,2,1,2,0,2,2,1,0,2,0,2,0,0,0,0,2,1,0,2,2
I10,2,0,2,1,0,0,2,0,1,2,1,2,2,1,1,0,2,1,2,0,0,0,0,1,1,2,2,1,0,0,1,1,1,0,1,1,1,0,0,2,2,0,0,1,0,1,2,0,2,2,0,1,2,1,0,1,0,2,2,1,2,2,2,2,2,1,0,1,2,0,1,0,2,1,0,0,0,1,1,2,1,0,1,1,2,0,0,2,1,0,1,2,0,2,1,2,2,2,2,0,1,1,0,0,1,2,2,1,0,1,0,0,0,1,2,1,1,0,2,1,1,1,0,0,1,0,1,2,1,2,2,1,2,1,2,1,2,1,1,1,2,1,0,0,1,2,0,2,1,1,2,1,2,0,0,2,0,2,0,1,0,0,2,0,1,2,2,1,2,1,0,1,0,0,1,1,0,0,2,2,2,1,2,1,2,2,1,0,2,2,2,0,0,0,0,2,1,0,2,2
216_8,2,0,2,1,0,0,2,0,1,2,1,2,2,1,1,0,2,1,2,0,0,0,0,1,1,2,2,1,0,0,1,1,1,0,1,1,1,0,0,2,2,0,0,1,0,1,2,0,2,2,0,1,2,1,0,1,0,2,2,1,2,2,2,2,2,1,0,1,2,0,1,0,2,1,0,0,0,1,1,2,1,0,1,1,2,0,0,2,1,0,1,2,0,2,1,2,2,2,2,0,1,1,0,0,1,2,2,1,0,1,0,0,0,1,2,1,1,0,2,1,1,1,0,0,1,0,1,2,1,2,2,1,2,1,2,1,2,1,1,1,2,1,0,0,1,2,0,2,1,1,2,1,2,0,0,2,0,2,0,1,0,0,2,0,1,2,2,1,2,1,0,1,0,0,1,1,0,0,2,2,2,1,2,1,2,2,1,0,2,2,2,0,0,0,0,2,1,0,2,2
216_7,2,0,2,1,0,0,2,0,1,2,1,2,2,1,1,0,2,1,2,0,0,0,0,1,1,2,2,1,0,0,1,1,1,0,1,1,1,0,0,2,2,0,0,1,0,1,2,0,2,2,0,1,2,1,0,1,0,2,2,1,2,2,2,2,2,1,0,1,2,0,1,0,2,1,0,0,0,1,1,2,1,0,1,1,2,0,0,2,1,0,1,2,0,2,1,2,2,2,2,0,1,1,0,0,1,2,2,1,0,1,0,0,0,1,2,1,1,0,2,1,1,1,0,0,1,0,1,2,1,2,2,1,2,1,2,1,2,1,1,1,2,1,0,0,1,2,0,2,1,1,2,1,2,0,0,2,0,2,0,1,0,0,2,0,1,2,2,1,2,1,0,1,0,0,1,1,0,0,2,2,2,1,2,1,2,2,1,0,2,2,2,0,0,0,0,2,1,0,2,2
I11,2,0,2,1,0,0,2,0,1,2,1,0,2,1,1,0,2,1,2,0,0,0,0,1,1,2,2,1,0,0,0,1,1,0,1,0,1,0,0,2,2,0,0,1,0,1,2,2,0,2,0,1,2,1,0,1,0,2,2,1,2,2,2,2,2,1,0,1,2,0,1,0,2,1,0,1,0,1,1,2,1,0,1,1,2,0,2,2,1,1,1,2,0,2,1,2,2,2,2,0,1,1,0,0,1,0,2,1,0,1,0,0,2,1,2,1,1,0,2,1,1,1,1,0,1,0,1,2,1,2,2,1,0,1,2,1,2,1,1,1,2,1,0,0,1,2,0,2,1,1,2,1,2,0,0,2,0,2,0,1,0,0,2,1,1,2,2,1,2,1,0,1,0,0,1,1,0,0,2,2,2,1,2,0,2,2,1,0,2,0,2,0,1,0,0,2,1,0,2,2
216_5,2,0,2,1,0,0,2,0,1,2,1,0,2,1,1,0,2,1,2,0,0,0,0,1,1,2,2,1,0,0,0,1,1,0,1,0,1,0,0,2,2,0,0,1,0,1,2,2,0,2,0,1,2,1,1,1,0,2,2,1,2,2,2,2,2,1,0,1,2,0,1,0,2,1,0,1,0,1,1,2,1,0,1,1,2,0,2,2,1,1,1,2,0,2,1,2,2,2,2,0,1,1,0,0,1,0,2,1,0,1,0,0,2,1,2,1,1,0,2,1,1,1,1,0,1,0,1,2,1,2,2,1,0,1,2,1,2,1,1,1,2,1,0,0,1,2,2,2,1,1,2,1,2,0,0,2,0,2,0,1,0,0,2,1,1,2,2,1,2,1,0,1,0,0,1,1,0,0,2,2,2,1,2,0,2,2,1,0,2,0,2,0,1,0,0,2,1,0,2,2
216_6,2,0,2,1,0,0,2,0,1,2,1,0,2,1,1,0,2,1,2,0,0,0,0,1,1,2,2,1,0,0,0,1,1,0,1,0,1,1,0,2,2,0,0,1,0,1,2,2,0,2,0,1,2,1,0,1,0,2,2,1,2,2,2,2,2,1,0,1,2,0,1,0,2,1,0,1,0,1,1,2,1,0,1,1,2,0,2,2,1,1,1,2,0,2,1,2,2,2,2,0,1,1,0,0,1,0,2,1,0,1,0,0,2,1,2,1,1,0,2,1,1,1,1,0,1,0,1,2,1,2,2,1,0,1,2,1,2,1,1,1,2,1,0,0,1,2,0,2,1,1,2,1,2,0,0,2,0,2,0,1,0,0,2,1,1,2,2,1,2,1,0,1,0,0,1,1,0,0,2,2,2,1,2,0,2,2,1,0,2,0,2,0,1,0,0,2,1,0,2,2
I12,2,0,2,1,2,0,2,0,1,2,0,0,2,2,1,0,2,1,0,0,2,0,0,1,1,2,2,1,2,0,0,1,1,2,1,0,1,0,0,2,2,0,0,1,2,1,2,1,0,2,0,1,0,1,0,1,0,2,2,1,2,2,2,2,2,1,2,0,2,0,1,0,2,0,0,0,0,1,1,1,1,0,1,0,0,1,0,0,1,0,0,2,2,2,1,2,2,2,0,0,1,0,0,0,0,2,2,1,0,1,0,0,2,1,0,1,1,0,2,1,1,1,0,0,1,1,0,2,1,2,2,1,0,1,0,1,2,1,1,0,2,0,0,0,1,2,0,0,1,1,0,1,2,0,0,2,0,2,0,1,0,0,2,0,1,0,2,1,2,1,0,1,0,0,2,1,1,0,2,1,0,1,2,0,2,0,1,0,2,1,2,1,0,0,2,0,1,0,2,2
I13,2,0,2,1,2,2,2,1,1,2,0,0,2,2,1,0,2,1,0,0,2,0,0,1,1,2,2,1,2,0,0,1,1,2,1,0,1,0,0,2,2,0,0,1,2,1,2,1,0,2,0,1,0,1,0,1,0,2,2,1,2,2,2,2,2,1,2,0,2,0,1,0,2,0,0,0,0,1,1,1,1,0,1,0,0,1,0,0,1,0,0,2,2,2,1,2,2,2,0,0,1,0,0,0,0,2,2,1,0,1,0,1,2,1,0,1,1,0,2,1,1,1,0,1,1,1,0,2,1,2,2,1,0,1,0,1,2,1,1,0,2,0,0,0,1,2,0,0,1,1,0,1,2,0,0,2,0,2,0,1,2,0,2,0,1,0,2,1,2,1,0,1,0,0,2,1,1,0,2,1,0,1,2,0,2,0,1,0,2,1,2,1,0,2,2,0,1,0,2,2
216_2,2,0,2,1,2,2,2,1,1,2,0,2,2,2,1,0,2,1,0,0,2,0,0,1,1,2,2,1,2,0,0,1,1,2,1,0,1,0,0,2,2,0,0,1,2,1,2,1,2,2,0,1,1,1,0,1,0,2,2,1,2,2,2,2,2,1,2,0,2,0,1,1,2,0,0,0,0,1,1,1,1,0,1,0,0,1,0,0,1,0,0,2,2,2,1,2,2,2,0,0,1,0,0,0,0,2,2,1,0,1,0,1,2,1,0,1,1,0,2,1,1,1,0,1,1,1,0,2,1,2,2,1,0,1,2,1,2,1,1,0,2,0,0,0,1,2,0,0,1,1,0,1,2,0,0,2,0,2,0,1,2,0,2,0,1,0,2,1,2,1,2,1,0,1,2,1,1,0,2,1,0,1,2,0,2,0,1,1,2,1,2,1,0,2,2,0,1,0,2,2
216_1,2,0,2,1,2,2,2,1,1,2,0,0,2,2,1,0,2,1,0,0,2,0,0,1,1,2,2,1,2,0,0,1,1,2,1,0,1,0,0,2,2,0,0,1,2,1,2,1,0,2,0,1,0,1,0,1,0,2,2,1,2,2,2,2,2,1,2,0,2,0,1,0,2,0,0,0,0,1,1,1,1,0,1,0,0,1,0,0,1,0,0,2,2,2,1,2,2,2,0,0,1,0,0,0,0,2,2,1,0,1,0,1,2,1,0,1,1,0,2,1,1,1,0,1,1,1,0,2,1,2,2,1,0,1,1,1,2,1,1,0,2,0,1,0,1,2,0,0,1,1,0,1,2,0,0,2,0,2,0,1,2,0,2,0,1,0,2,1,2,1,0,1,0,0,2,1,1,0,2,1,0,1,2,0,2,0,1,0,2,1,2,1,0,2,2,0,1,0,2,2
I14,2,0,2,1,2,0,2,1,1,2,0,1,2,2,1,0,2,1,1,0,2,2,0,1,1,2,2,1,2,1,0,1,1,2,1,0,1,0,0,2,2,0,0,1,2,1,2,1,0,2,0,1,2,1,0,1,0,2,2,1,2,2,2,2,2,1,2,2,2,0,1,0,2,0,0,0,0,1,1,1,1,0,1,0,0,1,0,0,1,0,0,2,2,2,1,2,2,2,0,0,1,0,0,0,0,2,2,1,0,1,1,0,2,1,0,1,1,2,2,1,1,1,0,0,1,1,0,2,1,2,2,1,0,1,0,1,2,1,1,0,2,0,0,0,1,2,0,0,1,1,0,1,2,0,0,2,0,2,0,1,2,0,2,0,1,0,2,1,2,1,0,1,0,0,2,1,1,0,2,1,0,1,2,0,2,0,1,0,2,1,2,1,0,0,2,0,1,2,2,2
216_4,2,0,2,1,2,0,2,1,1,2,0,1,2,2,1,0,2,1,1,0,2,2,0,1,1,2,2,1,2,1,0,1,1,2,1,1,1,0,0,2,2,0,0,1,2,1,2,1,0,2,0,1,2,1,0,1,0,2,2,1,2,2,2,2,2,1,2,2,2,0,1,0,2,0,0,0,0,1,1,1,1,0,1,0,0,1,0,0,1,0,0,2,2,2,1,2,2,2,0,0,1,0,0,0,0,2,2,1,0,1,1,0,2,1,1,1,1,2,2,1,1,1,0,0,1,1,2,2,1,2,2,1,0,1,0,1,2,1,1,0,2,0,0,0,1,2,2,0,1,1,0,1,2,0,0,2,0,2,0,1,2,0,2,0,1,0,2,1,2,1,0,1,0,0,2,1,1,0,2,1,0,1,2,0,2,2,1,0,2,1,2,1,0,0,2,0,1,2,2,2
216_3,2,0,2,1,2,0,2,1,1,2,0,1,2,2,1,0,2,1,1,2,2,2,0,1,1,2,2,1,2,1,0,1,1,2,1,0,1,0,0,2,2,1,0,1,2,1,2,1,2,2,0,1,2,1,0,1,0,2,2,1,2,2,2,2,2,1,2,2,2,0,1,0,2,0,0,0,0,1,1,1,1,0,1,0,0,1,0,0,1,0,0,2,2,2,1,2,2,2,0,0,1,0,0,0,0,2,2,1,0,1,1,0,2,1,0,1,1,2,2,1,1,1,0,0,1,1,0,2,1,2,2,1,0,1,0,1,2,1,1,0,2,0,0,0,1,2,0,1,1,1,0,1,2,0,0,2,0,2,1,1,2,0,2,0,1,0,2,1,2,1,0,1,0,0,2,1,1,0,2,1,0,1,2,0,2,0,1,0,2,1,2,1,0,0,2,0,1,2,2,2
I15,2,1,0,1,0,0,2,0,1,2,2,0,0,0,1,2,2,1,0,1,0,2,2,1,0,0,2,1,0,0,0,0,0,2,1,0,0,0,2,0,0,0,0,1,0,0,1,0,0,1,0,2,0,2,0,0,0,2,2,1,2,0,0,2,2,1,2,0,2,0,1,0,0,0,0,0,0,2,1,0,1,0,1,0,0,2,0,1,1,0,1,2,0,2,1,2,2,2,1,0,1,2,0,0,0,0,2,1,2,0,0,0,2,0,0,2,1,0,0,1,1,1,0,0,1,0,0,0,2,0,0,1,0,1,0,0,2,0,2,0,2,0,0,2,1,2,0,0,0,0,1,1,2,0,0,1,0,0,0,0,0,0,0,0,0,0,2,0,2,1,1,0,0,0,1,0,0,0,2,0,0,0,0,0,2,0,1,0,0,1,2,0,0,0,0,0,1,1,0,0
216_12,2,1,2,1,0,2,2,0,1,2,2,0,0,0,1,2,2,1,2,1,0,2,2,1,0,0,2,1,0,0,0,1,0,2,1,0,0,1,2,0,0,2,0,1,0,1,1,0,1,1,1,2,0,2,0,0,2,2,2,1,2,0,2,2,2,1,2,0,2,1,1,2,2,2,0,0,1,2,1,0,1,0,1,0,1,2,1,1,1,0,1,2,0,2,1,2,2,2,1,2,1,2,0,2,0,0,2,1,2,0,0,0,2,2,0,2,1,0,0,1,1,1,0,0,1,0,0,0,2,1,0,1,0,1,0,0,2,0,2,2,2,0,0,2,1,2,0,0,0,0,1,1,2,0,0,1,2,1,2,0,0,0,1,0,0,0,2,2,2,1,1,0,0,2,1,0,2,0,2,2,2,0,1,0,2,1,1,0,0,1,2,0,0,1,2,2,1,1,2,0
I16,2,1,0,1,0,0,2,0,1,2,2,0,2,0,1,2,2,1,0,1,2,2,2,1,0,0,2,1,2,0,0,0,0,2,1,0,0,0,2,2,0,1,0,1,1,2,1,2,1,1,0,2,0,2,2,1,0,2,2,1,2,1,0,2,2,1,2,1,2,2,1,0,0,1,0,1,0,2,1,0,1,0,1,1,2,2,0,1,1,0,1,2,0,2,1,2,2,2,1,2,1,2,0,0,0,0,2,1,2,0,0,1,2,2,0,2,1,0,0,1,1,1,0,0,1,0,0,0,2,0,0,1,0,1,0,0,2,0,2,0,2,0,0,2,1,2,0,0,0,0,1,1,2,0,0,1,0,0,0,1,0,0,0,0,0,0,2,0,2,1,1,0,0,0,1,0,2,0,2,2,0,0,2,1,2,1,1,0,0,1,2,1,0,1,0,1,1,1,0,1
I17,2,1,0,1,1,2,2,0,1,2,2,0,2,0,1,2,2,1,0,1,2,2,2,1,0,0,2,1,2,0,0,0,0,2,1,0,0,0,2,2,0,1,0,1,1,2,1,2,1,1,1,2,0,2,2,1,0,2,2,1,2,1,1,2,2,1,2,1,2,2,1,0,0,1,0,1,0,2,1,0,1,0,1,1,2,2,1,1,1,0,1,2,1,2,1,2,2,2,1,2,1,2,0,0,1,0,2,1,2,0,1,1,2,2,1,2,1,0,0,1,1,1,0,0,1,0,0,1,2,1,0,1,0,1,0,0,2,0,2,0,2,0,0,2,1,2,0,0,0,0,1,1,2,0,0,1,0,0,0,1,0,0,0,0,0,0,2,0,2,1,1,0,0,0,1,0,2,1,2,2,0,0,2,1,2,1,1,0,1,1,2,1,0,1,0,1,1,1,1,1
216_16,2,1,0,1,1,2,2,0,1,2,2,0,2,0,1,2,2,1,0,1,2,2,2,1,1,0,2,1,2,0,0,0,0,2,1,0,0,0,2,2,0,1,0,1,1,2,1,2,1,1,1,2,0,2,2,1,0,2,2,1,2,1,1,2,2,1,2,1,2,2,1,0,0,1,0,1,0,2,1,0,1,0,1,1,2,2,1,1,1,0,1,2,1,2,1,2,2,2,1,2,1,2,0,0,1,0,2,1,2,0,1,1,2,2,1,2,1,0,0,1,1,1,0,0,1,2,0,1,2,1,0,1,0,1,0,0,2,0,2,0,2,0,0,2,1,2,0,0,0,0,1,1,2,0,0,1,0,0,0,1,0,0,0,0,0,0,2,0,2,1,1,0,0,0,1,2,2,1,2,2,0,0,2,1,2,1,1,0,1,1,2,1,0,1,0,1,1,1,1,1
216_15,2,1,0,1,1,2,2,0,1,2,2,0,2,0,1,2,2,1,0,1,2,2,2,1,0,0,2,1,2,0,0,0,0,2,1,0,0,0,2,2,0,1,0,1,1,2,1,2,1,1,1,2,0,2,2,1,0,2,2,1,2,1,1,2,2,1,2,1,2,2,1,0,0,1,0,1,0,2,1,0,1,0,1,1,2,2,1,1,1,0,1,2,1,2,1,2,2,2,1,2,1,2,0,0,1,0,2,1,2,0,1,1,2,2,1,2,1,0,0,1,1,1,0,0,1,2,0,1,2,1,2,1,0,1,0,0,2,0,2,0,2,0,0,2,1,2,0,0,0,2,1,1,2,0,0,1,0,0,2,1,2,0,0,0,0,0,2,0,2,1,1,0,2,0,1,0,2,1,2,2,0,0,2,1,2,1,1,0,1,1,2,1,0,1,0,1,1,1,1,1
I18,2,1,1,1,2,0,2,0,1,2,2,0,2,0,1,2,2,1,0,1,2,2,2,1,0,0,2,1,2,0,0,0,0,2,1,0,0,0,2,2,0,1,0,1,1,2,1,2,1,1,1,2,0,2,2,1,2,2,2,1,2,1,0,2,2,1,2,1,2,2,1,1,0,1,0,1,0,2,1,0,1,0,1,1,2,2,0,1,1,0,1,2,0,2,1,2,2,2,1,2,1,2,0,0,0,0,2,1,2,0,0,1,2,2,0,2,1,0,0,1,1,1,0,0,1,0,0,0,2,2,0,1,0,1,0,0,2,0,2,0,2,0,0,2,1,2,0,0,0,0,1,1,2,2,2,1,0,1,0,1,1,0,0,0,0,2,2,0,2,1,1,0,0,0,1,0,2,0,2,2,0,0,2,1,2,1,1,0,0,1,2,1,0,1,0,1,1,1,0,1
216_14,2,1,1,1,2,0,2,1,1,2,2,0,2,0,1,2,2,1,0,1,2,2,2,1,0,0,2,1,2,0,0,0,0,2,1,0,0,0,2,2,0,1,0,1,1,2,1,2,1,1,1,2,0,2,2,1,2,2,2,1,2,1,0,2,2,1,2,1,2,2,1,1,0,1,0,1,0,2,1,0,1,0,1,1,2,2,0,1,1,2,1,2,0,2,1,2,2,2,1,2,1,2,0,0,0,0,2,1,2,0,0,1,2,2,0,2,1,0,0,1,1,1,0,0,1,0,0,0,2,2,0,1,0,1,0,0,2,0,2,0,2,1,0,2,1,2,0,0,0,0,1,1,2,2,2,1,1,1,0,1,1,0,0,0,0,2,2,0,2,1,1,0,0,0,1,0,2,0,2,2,0,0,2,1,2,1,1,1,0,1,2,1,0,1,0,1,1,1,0,1
216_13,2,1,1,1,2,0,2,0,1,2,2,0,2,0,1,2,2,1,0,1,2,2,2,1,0,0,2,1,2,0,2,0,0,2,1,0,0,0,2,2,0,1,0,1,1,2,1,2,1,1,1,2,0,2,2,1,2,2,2,1,2,1,0,2,2,1,2,1,2,2,1,1,0,1,2,1,0,2,1,0,1,0,1,1,2,2,0,1,1,0,1,2,0,2,1,2,2,2,1,2,1,2,1,0,0,0,2,1,2,0,0,1,2,2,0,2,1,0,1,1,1,1,1,0,1,0,0,0,2,2,0,1,0,1,1,0,2,0,2,0,2,0,0,2,1,2,0,0,0,0,1,1,2,2,2,1,0,1,0,1,1,0,0,0,0,2,2,0,2,1,1,0,0,0,1,0,2,0,2,2,0,0,2,1,2,1,1,0,0,1,2,1,0,1,0,1,1,1,0,1
Evolve tree: [&R] (((((216_13:0.06956119638257957,216_14:0.06956119638257957)I18:0.14904642335230417,(216_15:0.06456756588627624,216_16:0.06456756588627624)I17:0.15404005384860753)I16:0.270057002028921,216_12:0.4886646217638048)I15:0.28772834992705215,(((216_3:0.04300285984445322,216_4:0.04300285984445322)I14:0.12078396688435673,(216_1:0.04069564477212541,216_2:0.04069564477212541)I13:0.12309118195668453)I12:0.2808739753871837,((216_6:0.01642919235811928,216_5:0.01642919235811928)I11:0.13153555067805037,(216_7:0.010152125877506683,216_8:0.010152125877506683)I10:0.13781261715866297)I9:0.296696059079824)I8:0.33173216957486334)I7:0.293337450095774,(((216_17:0.07719389857338455,216_18:0.07719389857338455)I6:0.12708402440391195,(216_19:0.06705499223213832,216_20:0.06705499223213832)I5:0.13722293074515815)I4:0.20907457979306804,((216_21:0.014321081231462463,216_22:0.014321081231462463)I3:0.18995684174583408,216_23:0.20427792297729658)I2:0.20907457979306804)I1:0.6563779190162665)I0:0;