[&R] ((((((216_14:1.009,216_15:0.009)199_9:0.998,216_16:4.007)146_5:0,((216_19:0.042,216_20:1.042)195_12:3.415,(216_17:1.025,216_18:0.025)202_12:1.432)147_7:1.55)93_3:0.003,(((216_23:0,216_24:0)208_20:1.006,(216_25:0.004,216_26:1.004)209_22:0.003)164_15:1.052,216_21:0.059)104_5:2.952)44_2:1.495,((((216_8:0,216_9:0)205_6:0.001,(216_6:0,216_7:0)206_5:1.001)153_3:0,((216_12:0,216_13:0)213_10:0.001,(216_10:0,216_11:0)215_9:1.001)163_7:0)104_2:4.975,216_1:5.976)49_1:2.529)2_1:0.495)I0;
I0,0,0,0,0,0,0,0,0,0,0
2_1,0,0,0,0,0:0.5/1:0.5,0,0,0,0,0
49_1,0,0,0,0:0.44/1:0.56,0:0.22/1:0.78,0:0.44/1:0.56,0:0.44/1:0.56,0,0,0:0.44/2:0.56
216_1,1,1,1,1,1,1,1,2,0,2
104_2,0,2,0,1,1,1,1,1,1,2
163_7,0,2,0,1,1,1,1,1,1,2
215_9,0,2,1,1,1,1,1,1,1,2
216_11,0,2,1,1,1,1,1,1,1,2
216_10,0,2,1,1,1,1,1,1,1,2
213_10,0,2,0,1,1,1,1,1,1,2
216_13,0,2,0,1,1,1,1,1,1,2
216_12,0,2,0,1,1,1,1,1,1,2
153_3,0,2,0,1,1,1,1,1,1,2
206_5,0,2,2,1,1,1,1,1,1,2
216_7,0,2,2,1,1,1,1,1,1,2
216_6,0,2,2,1,1,1,1,1,1,2
205_6,0,2,0,1,1,1,1,1,1,2
216_9,0,2,0,1,1,1,1,1,1,2
216_8,0,2,0,1,1,1,1,1,1,2
44_2,0,0,0,0,1,0,0,0,0,0:0.01/1:0.99
104_5,0,0,0,0,1,0:0.02/1:0.98,0,0:0.02/1:0.98,0:0.02/2:0.98,1
216_21,0,0,0,0,1,1,0,1,2,1
164_15,0:0.01/2:0.99,0,0,0,1,1,0,1,2,1
209_22,2,0,0,0,1,1,0,1,2,1
216_26,2,1,0,0,1,1,0,1,2,1
216_25,2,0,0,0,1,1,0,1,2,1
208_20,2,0,1,0,1,1,0,1,2,1
216_24,2,0,1,0,1,1,0,1,2,1
216_23,2,0,1,0,1,1,0,1,2,1
93_3,0,0,0,0,1,0,0,0,0,1
147_7,0,0:0.23/1:0.77,0:0.23/2:0.77,0,1,0,0,0,0,1
202_12,0,1,2,0:0.02/2:0.98,1,0,0,0,0,1
216_18,0,1,2,2,1,0,0,0,0,1
216_17,0,1,2,2,1,0,0,0,2,1
195_12,0,1,2,0:0.01/1:0.99,1,0,0:0.01/1:0.99,0:0.01/2:0.99,0,1
216_20,0,1,2,1,1,1,1,2,0,1
216_19,0,1,2,1,1,0,1,2,0,1
146_5,0,0,0,0,1,0,0,0,0,1
216_16,2,0,1,0,1,1,2,0,0,1
199_9,0,0,0,0,1,0,0,0,0:0.01/2:0.99,1
216_15,0,0,0,0,1,0,0,0,2,1
216_14,0,0,0,0,1,0,2,0,2,1
