[&R] ((((((216_14:0,216_15:0)199_9:0,216_16:0)146_5:0.09,((216_19:0,216_20:0)195_12:2.175,(216_17:0,216_18:0)202_12:0.175)147_7:0.915)93_3:2.962,(((216_23:0,216_24:0)208_20:0,(216_25:0,216_26:0)209_22:0)164_15:0,216_21:0)104_5:5.053)44_2:2.947,((((216_8:0,216_9:1)205_6:0,(216_6:0,216_7:0)206_5:0)153_3:0.002,((216_12:0,216_13:0)213_10:0,(216_10:0,216_11:0)215_9:0)163_7:1.002)104_2:2.19,216_1:1.192)49_1:2.808)2_1:0)I0;
I0,0,0,0,0,0,0,0,0,0,0
2_1,0,0,0,0,0,0,0,0,0,0
49_1,0:0.06/1:0.94,0,0:0.06/2:0.94,0,0:0.06/1:0.94,0,0,0,0,0
216_1,1,0,2,0,1,0,0,1,0,0
104_2,1,0,2,0,1,1,0,0,2,0
163_7,1,0,2,0,1,1,0,0,2,2
215_9,1,0,2,0,1,1,0,0,2,2
216_11,1,0,2,0,1,1,0,0,2,2
216_10,1,0,2,0,1,1,0,0,2,2
213_10,1,0,2,0,1,1,0,0,2,2
216_13,1,0,2,0,1,1,0,0,2,2
216_12,1,0,2,0,1,1,0,0,2,2
153_3,1,0,2,0,1,1,0,0,2,0
206_5,1,0,2,0,1,1,0,0,2,0
216_7,1,0,2,0,1,1,0,0,2,0
216_6,1,0,2,0,1,1,0,0,2,0
205_6,1,0,2,0,1,1,0,0,2,0
216_9,1,0,2,1,1,1,0,0,2,0
216_8,1,0,2,0,1,1,0,0,2,0
44_2,0,0:0.26/2:0.74,0,0:0.26/1:0.74,0,0,0:0.26/1:0.74,0:0.26/1:0.74,0,0
104_5,1,2,1,1,2,0,1,1,0,2
216_21,1,2,1,1,2,0,1,1,0,2
164_15,1,2,1,1,2,0,1,1,0,2
209_22,1,2,1,1,2,0,1,1,0,2
216_26,1,2,1,1,2,0,1,1,0,2
216_25,1,2,1,1,2,0,1,1,0,2
208_20,1,2,1,1,2,0,1,1,0,2
216_24,1,2,1,1,2,0,1,1,0,2
216_23,1,2,1,1,2,0,1,1,0,2
93_3,0,0:0.01/2:0.99,0:0.03/2:0.97,0:0.01/1:0.99,0,0,0:0.01/1:0.99,0:0.01/1:0.99,0:0.03/2:0.97,0
147_7,0,2,2,1,0:0.16/2:0.84,0,1,1,2,0
202_12,0,2,2,1,2,0,1,1,2,0
216_18,0,2,2,1,2,0,1,1,2,0
216_17,0,2,2,1,2,0,1,1,2,0
195_12,2,2,2,1,2,0,1,1,2,2
216_20,2,2,2,1,2,0,1,1,2,2
216_19,2,2,2,1,2,0,1,1,2,2
146_5,0,2,2,1,0,0,1,1,2,0
216_16,0,2,2,1,0,0,1,1,2,0
199_9,0,2,2,1,0,0,1,1,2,0
216_15,0,2,2,1,0,0,1,1,2,0
216_14,0,2,2,1,0,0,1,1,2,0
