[&R] ((((((216_14:1.049,216_15:0.049)199_9:0.963,216_16:0.012)146_5:0.001,((216_19:0.059,216_20:1.059)195_12:2.203,(216_17:0,216_18:0)202_12:0.261)147_7:0.753)93_3:4.371,(((216_23:0,216_24:0)208_20:0.001,(216_25:0.001,216_26:1.001)209_22:0.001)164_15:3.931,216_21:3.932)104_5:0.453)44_2:0.927,((((216_8:0,216_9:0)205_6:2.001,(216_6:0,216_7:0)206_5:0.001)153_3:0,((216_12:0,216_13:0)213_10:1.001,(216_10:0,216_11:0)215_9:0.001)163_7:0)104_2:1.859,216_1:4.86)49_1:3.452)2_1:0.688)I0;
I0,0,0,0,0,0,0,0,0,0,0
2_1,0,0,0,0,0:0.31/2:0.69,0,0,0,0,0
49_1,0,0,0,0:0.2/2:0.8,0:0.06/2:0.94,0,0:0.2/2:0.8,0:0.2/1:0.8,0:0.2/1:0.8,0
216_1,2,0,2,2,2,1,2,1,1,1
104_2,0,0,0,2,2,2,2,1,1,0
163_7,0,0,0,2,2,2,2,1,1,0
215_9,0,0,0,2,2,2,2,1,1,0
216_11,0,0,0,2,2,2,2,1,1,0
216_10,0,0,0,2,2,2,2,1,1,0
213_10,0,0,0,2,2,2,2,1,1,1
216_13,0,0,0,2,2,2,2,1,1,1
216_12,0,0,0,2,2,2,2,1,1,1
153_3,0,0,0,2,2,2,2,1,1,0
206_5,0,0,0,2,2,2,2,1,1,0
216_7,0,0,0,2,2,2,2,1,1,0
216_6,0,0,0,2,2,2,2,1,1,0
205_6,1,1,0,2,2,2,2,1,1,0
216_9,1,1,0,2,2,2,2,1,1,0
216_8,1,1,0,2,2,2,2,1,1,0
44_2,0,0,0,0:0.29/1:0.71,0:0.09/2:0.91,0,0,0,0,0
104_5,0:0.67/1:0.33,0,0,0:0.2/1:0.8,0:0.06/2:0.94,0,0,0,0,0
216_21,1,0,2,1,2,0,2,2,0,0
164_15,1,2,1,1,2,2,0,0,0,0
209_22,1,2,1,1,2,2,0,0,0,0
216_26,1,2,1,1,2,2,0,0,1,0
216_25,1,2,1,1,2,2,0,0,0,0
208_20,1,2,1,1,2,2,0,0,0,0
216_24,1,2,1,1,2,2,0,0,0,0
216_23,1,2,1,1,2,2,0,0,0,0
93_3,0,0,2,1,2,1,0,0,1,1
147_7,0,0,2,1,2,1,0,0:0.26/2:0.74,1,1
202_12,0,0,2,1,2,1,0,2,1,1
216_18,0,0,2,1,2,1,0,2,1,1
216_17,0,0,2,1,2,1,0,2,1,1
195_12,0:0.03/2:0.97,0,2,1,2,1,0:0.03/1:0.97,0:0.01/2:0.99,1,1
216_20,2,1,2,1,2,1,1,2,1,1
216_19,2,0,2,1,2,1,1,2,1,1
146_5,0,0,2,1,2,1,0,0,1,1
216_16,0,0,2,1,2,1,0,0,1,1
199_9,0,0,2,1,2,1,0,0:0.05/1:0.95,1,1
216_15,0,0,2,1,2,1,0,1,1,1
216_14,0,0,2,1,2,1,2,1,1,1
