[&R] ((((((216_14:1.008,216_15:0.008)199_9:0.002,216_16:1.01)146_5:2.941,((216_19:0.002,216_20:1.002)195_12:0.001,(216_17:0,216_18:0)202_12:0.003)147_7:3.948)93_3:4.003,(((216_23:0,216_24:0)208_20:2.016,(216_25:1.001,216_26:0.001)209_22:0.015)164_15:0.025,216_21:3.041)104_5:3.913)44_2:0.046,((((216_8:0,216_9:0)205_6:0.113,(216_6:0,216_7:0)206_5:2.112)153_3:1.985,((216_12:0,216_13:0)213_10:5.003,(216_10:0,216_11:0)215_9:2.003)163_7:1.094)104_2:0.01,216_1:4.107)49_1:2.893)2_1:0)I0;
I0,0,0,0,0,0,0,0,0,0,0
2_1,0,0,0,0,0,0,0,0,0,0
49_1,0,0,0,0,0,0:0.04/1:0.96,0,0:0.04/1:0.96,0,0:0.04/2:0.96
216_1,2,0,0,0,1,1,2,1,2,2
104_2,0,0,0,0,0,0:0.03/1:0.97,0,0:0.03/1:0.97,0,0:0.03/2:0.97
163_7,0,0,0:0.48/2:0.52,0:0.48/2:0.52,0,0:0.02/1:0.98,0,0:0.02/1:0.98,0,0:0.02/2:0.98
215_9,0,0,2,2,2,1,0,1,0,2
216_11,0,0,2,2,2,1,0,1,0,2
216_10,0,0,2,2,2,1,0,1,0,2
213_10,1,2,2,2,1,1,0,1,1,2
216_13,1,2,2,2,1,1,0,1,1,2
216_12,1,2,2,2,1,1,0,1,1,2
153_3,0,0:0.05/2:0.95,0,0,0,1,0:0.05/2:0.95,1,0,2
206_5,0,2,0,1,2,1,2,1,0,2
216_7,0,2,0,1,2,1,2,1,0,2
216_6,0,2,0,1,2,1,2,1,0,2
205_6,0,2,0,0,0,1,2,1,0,2
216_9,0,2,0,0,0,1,2,1,0,2
216_8,0,2,0,0,0,1,2,1,0,2
44_2,0,0,0,0,0,0,0,0:0.95/2:0.05,0,0
104_5,0,0:0.01/1:0.99,0:0.01/1:0.99,0,0:0.01/1:0.99,0,0,0:0.01/2:0.99,0,0
216_21,0,1,1,0,1,0,2,2,2,1
164_15,0,1,1,0,1,0,0,2,0,0
209_22,0,1,1,0,1,0,0,2,0,0
216_26,0,1,1,0,1,0,0,2,0,0
216_25,0,1,1,0,1,0,1,2,0,0
208_20,1,1,1,0,1,0,1,2,0,0
216_24,1,1,1,0,1,0,1,2,0,0
216_23,1,1,1,0,1,0,1,2,0,0
93_3,0:0.19/2:0.81,0:0.19/2:0.81,0,0:0.19/1:0.81,0,0,0,0:0.18/2:0.82,0:0.19/1:0.81,0
147_7,2,2,2,1,1,0,0,2,1,2
202_12,2,2,2,1,1,0,0,2,1,2
216_18,2,2,2,1,1,0,0,2,1,2
216_17,2,2,2,1,1,0,0,2,1,2
195_12,2,2,2,1,1,0,0,2,1,2
216_20,2,2,2,1,1,0,2,2,1,2
216_19,2,2,2,1,1,0,0,2,1,2
146_5,2,2,1,1,0,1,0,2,1,0
216_16,2,2,1,1,0,1,0,2,1,1
199_9,2,2,1,1,0,1,0,2,1,0
216_15,2,2,1,1,0,1,0,2,1,0
216_14,2,2,1,1,0,1,1,2,1,0
