cell,r0,r1,r2,r3,r4,r5,r6,r7,r8,r9,r10,r11,r12,r13,r14,r15,r16,r17,r18,r19,r20,r21,r22,r23,r24,r25,r26,r27,r28,r29,r30,r31,r32,r33,r34,r35,r36,r37,r38,r39,r40,r41,r42,r43,r44,r45,r46,r47,r48,r49,r50,r51,r52,r53,r54,r55,r56,r57,r58,r59,r60,r61,r62,r63,r64,r65,r66,r67,r68,r69,r70,r71,r72,r73,r74,r75,r76,r77,r78,r79,r80,r81,r82,r83,r84,r85,r86,r87,r88,r89,r90,r91,r92,r93,r94,r95,r96,r97,r98,r99,r100,r101,r102,r103,r104,r105,r106,r107,r108,r109,r110,r111,r112,r113,r114,r115,r116,r117,r118,r119,r120,r121,r122,r123,r124,r125,r126,r127,r128,r129,r130,r131,r132,r133,r134,r135,r136,r137,r138,r139,r140,r141,r142,r143,r144,r145,r146,r147,r148,r149,r150,r151,r152,r153,r154,r155,r156,r157,r158,r159,r160,r161,r162,r163,r164,r165,r166,r167,r168,r169,r170,r171,r172,r173,r174,r175,r176,r177,r178,r179,r180,r181,r182,r183,r184,r185,r186,r187,r188,r189,r190,r191,r192,r193,r194,r195,r196,r197,r198,r199
I0,0,0,0,0,0,0,0,0,0,0,0,0,0,0,0,0,0,0,0,0,0,0,0,0,0,0,0,0,0,0,0,0,0,0,0,0,0,0,0,0,0,0,0,0,0,0,0,0,0,0,0,0,0,0,0,0,0,0,0,0,0,0,0,0,0,0,0,0,0,0,0,0,0,0,0,0,0,0,0,0,0,0,0,0,0,0,0,0,0,0,0,0,0,0,0,0,0,0,0,0,0,0,0,0,0,0,0,0,0,0,0,0,0,0,0,0,0,0,0,0,0,0,0,0,0,0,0,0,0,0,0,0,0,0,0,0,0,0,0,0,0,0,0,0,0,0,0,0,0,0,0,0,0,0,0,0,0,0,0,0,0,0,0,0,0,0,0,0,0,0,0,0,0,0,0,0,0,0,0,0,0,0,0,0,0,0,0,0,0,0,0,0,0,0,0,0,0,0,0,0
I1,2,0,0,0,0,0,1,0,2,0,0,0,0,0,2,1,0,0,2,0,0,0,0,0,0,0,0,0,0,0,0,0,0,1,0,2,0,2,0,0,2,1,2,2,0,0,1,0,0,0,0,0,0,0,1,1,2,2,0,0,2,0,1,0,0,0,1,0,0,0,2,1,0,0,0,1,1,2,1,0,0,0,0,0,0,0,0,0,0,1,0,1,0,0,0,0,0,2,0,2,1,0,0,0,0,0,1,2,0,2,0,1,0,0,0,0,0,1,2,0,1,0,1,0,0,1,0,1,2,1,0,0,0,0,0,1,0,1,0,1,0,0,0,0,0,0,0,0,0,1,0,0,0,0,0,2,0,0,1,1,0,0,2,1,0,2,0,0,1,2,0,0,0,0,0,0,1,0,1,0,0,2,1,1,2,0,0,0,0,0,0,1,0,0,0,1,0,1,2,2
216_1,2,2,1,1,0,0,1,0,2,1,2,0,0,2,2,1,2,0,2,0,2,0,0,0,2,1,1,1,2,2,1,0,2,1,2,2,0,2,2,0,2,1,2,2,0,1,1,2,0,0,1,2,2,1,1,1,2,2,2,0,2,1,1,1,0,2,1,0,1,0,2,1,2,1,2,1,1,2,1,2,0,1,0,0,0,2,2,0,1,1,2,1,2,2,0,2,0,2,0,2,1,2,1,2,1,2,1,2,0,2,1,1,2,0,0,1,1,1,2,1,1,2,1,2,2,1,1,1,2,1,2,0,0,1,0,1,2,1,1,1,1,1,0,0,0,0,2,2,0,1,0,0,0,0,0,2,2,0,1,1,1,1,2,1,2,2,1,1,1,2,1,0,1,2,0,0,1,2,1,2,1,2,1,1,2,0,1,1,1,2,0,1,0,1,0,1,0,1,2,2
I2,2,0,0,0,0,0,1,0,2,1,0,2,0,2,2,1,0,2,2,0,2,2,0,0,1,1,0,2,0,2,0,2,0,1,0,2,0,2,1,0,2,1,2,2,0,2,1,2,1,1,0,0,0,1,1,1,2,2,0,0,2,1,1,0,1,1,1,0,0,0,2,1,0,1,2,1,1,2,1,0,2,2,0,0,1,0,0,0,0,1,0,1,0,0,0,2,0,2,2,2,1,0,0,0,2,1,1,2,2,2,2,1,0,0,0,0,0,1,2,0,1,0,1,0,0,1,0,1,2,1,2,2,0,0,0,1,0,1,0,1,0,0,2,0,0,2,0,1,2,1,0,0,0,0,0,2,0,0,1,1,2,0,2,1,0,2,0,0,1,2,0,0,0,0,1,0,1,1,1,0,0,2,1,1,2,2,0,0,2,1,0,1,2,0,0,1,1,1,2,2
I3,2,2,0,0,2,0,1,0,2,1,0,2,0,2,2,1,0,2,2,0,2,2,1,2,1,1,1,2,0,2,0,2,2,1,2,2,2,2,1,0,2,1,2,2,0,2,1,2,1,1,0,0,1,1,1,1,2,2,0,0,2,1,1,0,1,1,1,2,0,0,2,1,0,1,2,1,1,2,1,1,2,2,0,1,1,0,0,0,0,1,0,1,0,1,0,2,0,2,2,2,1,0,0,0,2,1,1,2,2,2,2,1,0,2,0,0,2,1,2,0,1,0,1,0,1,1,1,1,2,1,2,2,0,2,0,1,0,1,0,1,0,2,2,0,1,2,0,1,2,1,0,0,0,0,0,2,0,2,1,1,2,0,2,1,0,2,0,0,1,2,0,0,0,0,1,2,1,1,1,0,0,2,1,1,2,2,0,0,2,1,1,1,2,0,0,1,1,1,2,2
I4,2,2,0,0,2,1,1,0,2,1,0,2,2,2,2,1,0,2,2,0,2,2,1,2,1,1,1,2,0,2,0,2,2,1,2,2,2,2,1,0,2,1,2,2,0,2,1,2,1,1,0,1,1,1,1,1,2,2,1,0,2,1,1,2,1,1,1,2,1,2,2,1,2,1,2,1,1,2,1,1,2,2,0,1,1,0,0,0,0,1,2,1,0,1,0,2,0,2,2,2,1,0,0,0,2,1,1,2,2,2,2,1,0,2,1,0,2,1,2,0,1,0,1,0,1,1,1,1,2,1,2,2,0,2,2,1,0,1,0,1,0,2,2,0,1,2,0,1,2,1,0,0,1,0,0,2,0,2,1,1,2,0,2,1,0,2,1,0,1,2,0,1,0,0,1,2,1,1,1,2,0,2,1,1,2,2,0,0,2,1,1,1,2,0,1,1,1,1,2,2
216_11,2,2,0,0,2,1,1,0,2,1,0,2,2,2,2,1,0,2,2,0,2,2,1,2,1,1,1,2,0,2,0,2,2,1,2,2,2,2,1,0,2,1,2,2,0,2,1,2,1,1,0,1,1,1,1,1,2,2,1,0,2,1,1,2,1,1,1,2,1,2,2,1,2,1,2,1,1,2,1,1,2,2,0,1,1,0,0,0,0,1,2,1,0,1,0,2,0,2,2,2,1,0,0,0,2,1,1,2,2,2,2,1,0,2,1,0,2,1,2,0,1,0,1,0,1,1,1,1,2,1,2,2,0,2,2,1,0,1,0,1,0,2,2,0,1,2,0,1,2,1,0,0,1,0,0,2,0,2,1,1,2,0,2,1,0,2,1,0,1,2,0,1,0,0,1,2,1,1,1,2,0,2,1,1,2,2,0,0,2,1,1,1,2,0,1,1,1,1,2,2
216_10,2,2,0,0,2,1,1,0,2,1,0,2,2,2,2,1,0,2,2,0,2,2,1,2,1,1,1,2,0,2,0,2,2,1,2,2,2,2,1,0,2,1,2,2,0,2,1,2,1,1,0,1,1,1,1,1,2,2,1,0,2,1,1,2,1,1,1,2,1,2,2,1,2,1,2,1,1,2,1,1,2,2,0,1,1,0,0,0,0,1,2,1,0,1,0,2,0,2,2,2,1,0,0,0,2,1,1,2,2,2,2,1,0,2,1,0,2,1,2,0,1,0,1,0,1,1,1,1,2,1,2,2,0,2,2,1,0,1,0,1,0,2,2,0,1,2,0,1,2,1,0,0,1,0,0,2,0,2,1,1,2,1,2,1,0,2,1,0,1,2,0,1,0,0,1,2,1,1,1,2,0,2,1,1,2,2,0,1,2,1,1,1,2,0,1,1,1,1,2,2
I5,2,2,0,1,2,0,1,2,2,1,0,2,0,2,2,1,0,2,2,0,2,2,1,2,1,1,1,2,0,2,0,2,2,1,2,2,2,2,1,0,2,1,2,2,2,2,1,2,1,1,0,0,1,1,1,1,2,2,0,0,2,1,1,0,1,1,1,2,0,2,2,1,1,1,2,1,1,2,1,1,2,2,0,1,1,0,0,0,0,1,2,1,0,1,0,2,0,2,2,2,1,0,0,0,2,1,1,2,2,2,2,1,0,2,0,2,2,1,2,0,1,1,1,2,1,1,1,1,2,1,2,2,0,2,0,1,0,1,0,1,1,2,2,0,1,2,0,1,2,1,0,0,1,0,2,2,0,2,1,1,2,0,2,1,1,2,0,0,1,2,0,1,1,1,1,2,1,1,1,1,0,2,1,1,2,2,0,0,2,1,1,1,2,0,0,1,1,1,2,2
216_13,2,2,0,1,2,2,1,2,2,1,0,2,0,2,2,1,0,2,2,0,2,2,1,2,1,1,1,2,0,2,0,2,2,1,2,2,2,2,1,0,2,1,2,2,2,2,1,2,1,1,0,0,1,1,1,1,2,2,0,0,2,1,1,0,1,1,1,2,0,2,2,1,1,1,2,1,1,2,1,1,2,2,0,1,1,0,0,0,0,1,2,1,0,1,0,2,0,2,2,2,1,0,0,1,2,1,1,2,2,2,2,1,0,2,0,2,2,1,2,0,1,1,1,2,1,1,1,1,2,1,2,2,0,2,0,1,0,1,0,1,1,2,2,0,1,2,0,1,2,1,0,0,1,0,2,2,0,2,1,1,2,0,2,1,1,2,0,0,1,2,0,1,1,1,1,2,1,1,1,1,0,2,1,1,2,2,0,0,2,1,1,1,2,0,0,1,1,1,2,2
216_12,2,2,0,1,2,0,1,2,2,1,0,2,0,2,2,1,0,2,2,0,2,2,1,2,1,1,1,2,0,2,0,2,2,1,2,2,2,2,1,0,2,1,2,2,2,2,1,2,1,1,0,0,1,1,1,1,2,2,0,0,2,1,1,0,1,1,1,2,0,2,2,1,1,1,2,1,1,2,1,1,2,2,0,1,1,0,0,0,0,1,2,1,0,1,0,2,0,2,2,2,1,0,0,0,2,1,1,2,2,2,2,1,0,2,0,2,2,1,2,0,1,1,1,2,1,1,1,1,2,1,2,2,0,2,0,1,0,1,0,1,1,2,2,0,1,2,0,1,2,1,0,0,1,0,2,2,0,2,1,1,2,0,2,1,1,2,0,0,1,2,0,1,1,1,1,2,1,1,1,1,0,2,1,1,2,2,0,0,2,1,1,1,2,0,0,1,1,1,2,2
I6,2,2,1,0,2,0,1,0,2,1,2,2,0,2,2,1,2,2,2,0,2,2,2,0,1,1,0,2,0,2,0,2,0,1,0,2,0,2,1,0,2,1,2,2,2,2,1,2,1,1,0,0,0,1,1,1,2,2,0,0,2,1,1,0,1,1,1,2,0,0,2,1,0,1,2,1,1,2,1,0,2,2,0,0,1,0,0,0,0,1,0,1,0,0,0,2,0,2,2,2,1,2,0,1,2,1,1,2,2,2,2,1,2,2,2,0,0,1,2,0,1,1,1,0,0,1,2,1,2,1,2,2,0,0,1,1,0,1,0,1,0,0,2,1,0,2,0,1,2,1,0,0,0,0,0,2,1,0,1,1,2,0,2,1,2,2,0,0,1,2,2,0,0,0,1,2,1,1,1,1,2,2,1,1,2,2,0,0,2,1,0,1,2,2,0,1,1,1,2,2
I7,2,2,1,2,2,0,1,0,2,1,2,2,0,2,2,1,2,2,2,0,2,2,2,2,1,1,0,2,0,2,0,2,0,1,0,2,0,2,1,0,2,1,2,2,2,2,1,2,1,1,0,2,0,1,1,1,2,2,1,0,2,1,1,0,1,1,1,2,0,0,2,1,0,1,2,1,1,2,1,1,2,2,0,0,1,2,1,0,0,1,0,1,0,0,0,2,0,2,2,2,1,2,0,1,2,1,1,2,2,2,2,1,2,2,2,0,0,1,2,0,1,1,1,0,1,1,2,1,2,1,2,2,0,2,1,1,0,1,0,1,0,0,2,1,0,2,1,1,2,1,0,1,0,0,0,2,1,2,1,1,2,2,2,1,2,2,1,1,1,2,2,0,0,1,1,2,1,1,1,1,2,2,1,1,2,2,0,0,2,1,0,1,2,2,0,1,1,1,2,2
216_7,2,2,1,2,2,0,1,0,2,1,2,2,0,2,2,1,2,2,2,0,2,2,2,2,1,1,0,2,0,2,0,2,0,1,0,2,0,2,1,0,2,1,2,2,2,2,1,2,1,1,0,2,0,1,1,1,2,2,1,0,2,1,1,1,1,1,1,2,0,0,2,1,0,1,2,1,1,2,1,1,2,2,0,0,1,2,1,0,0,1,0,1,0,0,0,2,0,2,2,2,1,2,0,1,2,1,1,2,2,2,2,1,2,2,2,0,0,1,2,0,1,1,1,0,1,1,2,1,2,1,2,2,0,2,1,1,0,1,0,1,0,0,2,1,0,2,1,1,2,1,0,1,0,0,0,2,1,2,1,1,2,2,2,1,2,2,1,1,1,2,2,0,1,1,1,2,1,1,1,1,2,2,1,1,2,2,0,0,2,1,0,1,2,2,1,1,1,1,2,2
216_6,2,2,1,2,2,0,1,0,2,1,2,2,0,2,2,1,2,2,2,2,2,2,2,2,1,1,0,2,0,2,0,2,0,1,0,2,0,2,1,0,2,1,2,2,2,2,1,2,1,1,0,2,0,1,1,1,2,2,1,0,2,1,1,0,1,1,1,2,1,0,2,1,0,1,2,1,1,2,1,1,2,2,0,0,1,2,1,0,0,1,0,1,0,0,0,2,0,2,2,2,1,2,0,1,2,1,1,2,2,2,2,1,2,2,2,0,0,1,2,0,1,1,1,0,1,1,2,1,2,1,2,2,0,2,1,1,0,1,0,1,0,0,2,1,0,2,1,1,2,1,0,1,0,0,0,2,1,2,1,1,2,2,2,1,2,2,1,1,1,2,2,0,0,1,1,2,1,1,1,1,2,2,1,1,2,2,2,0,2,1,0,1,2,2,1,1,1,1,2,2
I8,2,2,1,0,2,2,1,0,2,1,2,2,0,2,2,1,2,2,2,1,2,2,2,0,1,1,0,2,0,2,0,2,0,1,0,2,0,2,1,0,2,1,2,2,2,2,1,2,1,1,0,2,0,1,1,1,2,2,2,2,2,1,1,2,1,1,1,2,0,2,2,1,0,1,2,1,1,2,1,0,2,2,0,0,1,1,0,0,0,1,1,1,0,0,0,2,0,2,2,2,1,2,0,1,2,1,1,2,2,2,2,1,2,2,2,0,0,1,2,2,1,1,1,0,2,1,2,1,2,1,2,2,1,0,1,1,1,1,0,1,0,0,2,1,0,2,0,1,2,1,0,2,0,0,0,2,1,0,1,1,2,0,2,1,2,2,0,0,1,2,2,0,0,0,1,2,1,1,1,1,2,2,1,1,2,2,0,1,2,1,1,1,2,2,0,1,1,1,2,2
216_9,2,2,1,2,2,2,1,0,2,1,2,2,0,2,2,1,2,2,2,1,2,2,2,0,1,1,0,2,0,2,0,2,0,1,0,2,0,2,1,0,2,1,2,2,2,2,1,2,1,1,0,2,0,1,1,1,2,2,2,2,2,1,1,2,1,1,1,2,0,2,2,1,0,1,2,1,1,2,1,0,2,2,0,0,1,1,0,0,0,1,1,1,0,0,0,2,0,2,2,2,1,2,0,1,2,1,1,2,2,2,2,1,2,2,2,0,0,1,2,2,1,1,1,0,2,1,2,1,2,1,2,2,1,0,1,1,1,1,0,1,0,0,2,1,0,2,0,1,2,1,0,2,0,0,0,2,1,0,1,1,2,0,2,1,2,2,0,0,1,2,2,0,0,0,1,2,1,1,1,1,2,2,1,1,2,2,0,1,2,1,1,1,2,2,0,1,1,1,2,2
216_8,2,2,1,0,2,2,1,0,2,1,2,2,0,2,2,1,2,2,2,1,2,2,2,0,1,1,0,2,0,2,0,2,0,1,0,2,0,2,1,0,2,1,2,2,2,2,1,2,1,1,0,2,0,1,1,1,2,2,2,2,2,1,1,2,1,1,1,2,0,2,2,1,0,1,2,1,1,2,1,0,2,2,0,0,1,1,0,0,0,1,1,1,0,0,0,2,0,2,2,2,1,2,2,1,2,1,1,2,2,2,2,1,2,2,2,0,0,1,2,2,1,1,1,0,2,1,2,1,2,1,2,2,1,0,1,1,1,1,0,1,0,0,2,1,0,2,0,1,2,1,0,2,0,0,0,2,1,0,1,1,2,0,2,1,2,2,0,0,1,2,2,0,0,0,1,2,1,1,1,1,2,2,1,1,2,2,0,1,2,1,1,1,2,2,0,1,1,1,2,2
I9,0,0,1,2,0,0,1,0,0,2,0,1,2,0,0,1,0,0,0,0,0,0,0,0,0,0,0,0,0,0,0,0,0,0,1,1,1,1,1,0,0,0,0,1,1,0,0,0,1,0,0,0,1,0,0,0,0,1,0,0,0,0,0,1,0,0,0,0,2,0,0,0,2,0,0,0,2,0,0,2,0,2,0,0,0,2,0,0,0,0,0,0,0,0,0,0,0,1,0,0,0,0,1,2,2,0,2,0,0,0,0,1,0,0,0,0,0,0,0,0,2,0,0,0,0,0,0,0,2,2,0,0,0,0,0,0,2,0,0,1,1,0,0,0,2,0,0,2,1,0,0,0,0,0,0,1,0,1,2,2,0,0,0,0,2,1,0,0,0,2,0,0,0,0,0,0,1,1,1,0,1,0,0,0,0,2,0,0,0,0,0,0,0,0,0,2,0,0,0,0
I10,2,0,1,2,1,0,1,2,1,2,0,1,2,1,0,1,0,0,0,1,0,1,0,0,0,0,0,0,0,1,0,0,0,0,1,1,1,1,1,2,1,0,0,1,1,2,2,0,1,2,0,0,1,2,0,2,1,1,1,0,2,2,0,1,0,1,0,0,2,0,0,0,2,0,1,0,2,0,0,2,2,2,0,0,0,2,0,0,0,0,2,0,0,0,0,0,1,1,0,0,1,0,1,2,2,0,2,0,2,2,0,1,0,2,0,0,0,0,0,0,2,0,0,1,1,0,0,0,2,2,1,2,1,0,0,0,2,1,0,1,1,2,0,0,2,2,0,2,1,0,0,0,0,2,0,1,0,1,2,2,0,0,0,2,2,1,0,2,0,2,1,0,0,1,0,1,1,1,1,0,1,1,2,0,0,2,0,1,0,0,0,2,0,0,0,2,1,0,0,2
216_21,2,0,1,2,1,0,1,2,1,2,2,1,2,1,0,1,0,2,0,1,1,1,2,2,1,0,0,0,0,1,0,1,1,0,1,1,1,1,1,2,1,1,0,1,1,2,2,0,1,2,0,0,1,2,0,2,1,1,1,1,2,2,2,1,0,1,0,2,2,0,2,1,2,2,1,0,2,0,2,2,2,2,0,1,0,2,0,0,2,1,2,0,2,2,1,2,1,1,1,0,1,0,1,2,2,0,2,0,2,2,2,1,0,2,0,0,0,0,0,0,2,1,0,1,1,2,1,0,2,2,1,2,1,0,0,0,2,1,1,1,1,2,2,2,2,2,0,2,1,0,0,1,0,2,0,1,0,1,2,2,1,0,0,2,2,1,0,2,1,2,1,0,1,1,1,1,1,1,1,0,1,1,2,0,0,2,0,1,2,2,2,2,0,0,0,2,1,0,0,2
I11,2,0,1,2,1,0,1,2,1,2,0,1,2,1,0,1,2,0,0,1,0,1,0,0,0,0,0,0,0,1,0,1,2,0,1,1,1,1,1,2,1,0,0,1,1,2,2,2,1,2,0,0,1,2,2,2,1,1,1,0,2,2,0,1,0,1,0,2,2,2,0,0,2,0,1,0,2,0,0,2,2,2,0,1,0,2,0,0,0,2,2,2,0,0,1,1,1,1,2,1,1,1,1,2,2,0,2,0,2,2,2,1,2,2,0,0,2,0,0,0,2,0,0,1,1,0,0,0,2,2,1,2,1,0,0,0,2,1,0,1,1,2,0,0,2,2,0,2,1,0,0,0,0,2,1,1,0,1,2,2,0,0,2,2,2,1,0,2,0,2,1,0,0,1,0,1,1,1,1,0,1,1,2,2,0,2,0,1,0,0,0,2,1,2,0,2,1,0,1,2
I12,2,0,1,2,1,0,1,2,1,2,0,1,2,1,0,1,2,1,0,1,0,1,0,0,2,0,0,0,0,1,0,1,2,1,1,1,1,1,1,2,1,0,0,1,1,2,2,2,1,2,0,0,1,2,2,2,1,1,1,0,2,2,0,1,0,1,0,2,2,2,0,2,2,0,1,0,2,0,0,2,2,2,0,1,0,2,0,0,0,2,2,2,0,2,1,1,1,1,2,1,1,1,1,2,2,0,2,0,2,2,2,1,2,2,0,0,2,0,1,0,2,1,0,1,1,0,0,0,2,2,1,2,1,0,0,0,2,1,0,1,1,2,0,0,2,2,0,2,1,0,0,0,0,2,1,1,2,1,2,2,0,0,2,2,2,1,0,2,1,2,1,0,2,1,0,1,1,1,1,0,1,1,2,2,0,2,0,1,0,0,0,2,1,2,1,2,1,0,1,2
216_26,2,0,1,2,1,0,1,2,1,2,0,1,2,1,0,1,2,1,0,1,0,1,0,0,2,0,0,0,0,1,0,1,2,1,1,1,1,1,1,2,1,0,0,1,1,2,2,2,1,2,0,0,1,2,2,2,1,1,1,0,2,2,0,1,0,1,0,2,2,2,1,2,2,0,1,0,2,0,0,2,2,2,0,1,0,2,0,0,0,2,2,2,0,2,1,1,1,1,2,1,1,1,1,2,2,0,2,0,2,2,2,1,2,2,0,0,2,0,1,0,2,1,0,1,1,0,0,0,2,2,1,2,1,0,0,0,2,1,0,1,1,2,0,0,2,2,0,2,1,0,0,0,0,2,1,1,2,1,2,2,0,0,2,2,2,1,0,2,1,2,1,0,2,1,0,1,1,1,1,0,1,1,2,2,2,2,0,1,0,0,0,2,1,2,1,2,1,0,1,2
216_25,2,0,1,2,1,0,1,2,1,2,0,1,2,1,0,1,2,1,0,1,0,1,0,0,2,0,0,0,0,1,0,1,2,1,1,1,1,1,1,2,1,0,0,1,1,2,2,2,1,2,0,0,1,2,2,2,1,1,1,0,2,2,0,1,0,1,0,2,2,2,0,2,2,0,1,0,2,0,0,2,2,2,1,1,0,2,0,0,0,2,2,2,0,2,1,1,1,1,2,1,1,1,1,2,2,0,2,0,2,2,2,1,2,2,0,0,2,0,1,0,2,1,0,1,1,0,0,0,2,2,1,2,1,0,0,0,2,1,0,1,1,2,0,0,2,2,0,2,1,2,0,0,0,2,1,1,2,1,2,2,0,0,2,2,2,1,0,2,1,2,1,0,2,1,0,1,1,1,1,0,1,1,2,2,0,2,0,1,0,0,0,2,1,2,1,2,1,0,1,2
I13,2,0,1,2,1,0,1,2,1,2,0,1,2,1,0,1,2,0,0,1,0,1,0,0,0,0,0,0,2,1,0,1,2,0,1,1,1,1,1,2,1,0,1,1,1,2,2,2,1,2,0,0,1,2,2,2,1,1,1,1,2,2,0,1,0,1,1,2,2,2,0,1,2,0,1,0,2,0,0,2,2,2,0,1,0,2,0,0,1,2,2,2,2,2,1,1,1,1,2,1,1,1,1,2,2,0,2,0,2,2,2,1,2,2,0,0,2,1,2,0,2,0,0,1,1,0,0,0,2,2,1,2,1,0,0,0,2,1,0,1,1,2,0,0,2,2,0,2,1,2,0,0,1,2,1,1,0,1,2,2,2,0,2,2,2,1,0,2,0,2,1,0,1,1,0,1,1,1,1,2,1,1,2,2,0,2,0,1,1,0,0,2,1,2,0,2,1,1,1,2
216_24,2,0,1,2,1,0,1,2,1,2,0,1,2,1,0,1,2,0,0,1,0,1,0,0,2,0,0,0,2,1,0,1,2,0,1,1,1,1,1,2,1,0,1,1,1,2,2,2,1,2,0,0,1,2,2,2,1,1,1,1,2,2,0,1,0,1,1,2,2,2,0,1,2,0,1,0,2,0,0,2,2,2,0,1,0,2,0,0,1,2,2,2,2,2,1,1,1,1,2,1,1,1,1,2,2,0,2,0,2,2,2,1,2,2,0,0,2,1,2,0,2,0,0,1,1,0,0,0,2,2,1,2,1,0,0,0,2,1,0,1,1,2,0,0,2,2,0,2,1,2,0,0,1,2,1,1,0,1,2,2,2,0,2,2,2,1,0,2,0,2,1,0,1,1,0,1,1,1,1,2,1,1,2,2,0,2,0,1,1,0,0,2,1,2,0,2,1,1,1,2
216_23,2,0,1,2,1,0,1,2,1,2,0,1,2,1,0,1,2,0,0,1,0,1,0,0,0,0,0,0,2,1,0,1,2,0,1,1,1,1,1,2,1,0,1,1,1,2,2,2,1,2,0,0,1,2,2,2,1,1,1,1,2,2,0,1,0,1,1,2,2,2,0,1,2,2,1,0,2,0,0,2,2,2,0,1,0,2,0,0,1,2,2,2,2,2,1,1,1,1,2,1,1,1,1,2,2,0,2,0,2,2,2,1,2,2,0,0,2,1,2,0,2,0,0,1,1,0,0,0,2,2,1,2,1,0,0,0,2,1,0,1,1,2,0,0,2,2,0,2,1,2,0,0,1,2,1,1,0,1,2,2,2,0,2,2,2,1,0,2,0,2,1,0,1,1,0,1,1,1,1,2,1,1,2,2,0,2,0,1,1,0,0,2,1,2,0,2,1,1,1,2
I14,0,0,1,2,0,0,1,0,0,2,0,1,2,2,2,1,0,0,0,0,0,0,0,0,0,0,2,0,0,0,0,0,2,0,1,1,1,1,1,0,0,0,1,1,1,0,1,1,1,0,2,0,1,0,0,0,0,1,1,0,0,0,0,1,0,0,0,0,2,0,0,0,2,2,1,0,2,2,0,2,1,2,0,0,1,2,1,0,0,0,0,1,1,0,0,0,1,1,0,0,0,0,1,2,2,0,2,2,2,0,0,1,0,1,2,2,0,0,1,2,2,0,1,0,2,0,1,1,2,2,0,0,2,2,0,0,2,0,1,1,1,1,0,0,2,0,0,2,1,1,2,0,0,0,0,1,2,1,2,2,0,0,2,0,2,1,1,0,2,2,0,0,0,0,2,0,1,1,1,1,1,1,0,0,0,2,0,0,0,0,0,1,0,0,0,2,0,2,2,0
I15,0,2,1,2,2,0,1,0,2,2,1,1,2,2,2,1,0,0,0,0,1,0,0,2,2,0,2,0,2,0,0,0,2,0,1,1,1,1,1,2,0,1,1,1,1,0,1,1,1,0,2,0,1,2,0,0,0,1,1,0,0,1,0,1,0,2,2,0,2,0,0,0,2,2,1,2,2,2,1,2,1,2,0,0,1,2,1,0,0,0,0,1,1,0,0,2,1,1,1,0,2,0,1,2,2,1,2,2,2,0,0,1,1,1,2,2,0,0,1,2,2,0,1,1,2,0,1,1,2,2,0,0,2,2,0,0,2,0,1,1,1,1,0,2,2,0,0,2,1,1,2,0,0,1,1,1,2,1,2,2,0,0,2,0,2,1,1,0,2,2,0,0,1,0,2,0,1,1,1,1,1,1,0,0,0,2,0,1,2,2,0,1,0,0,2,2,2,2,2,1
I16,0,2,1,2,2,0,1,0,2,2,1,1,2,2,2,1,1,0,0,1,1,0,1,2,2,0,2,0,2,0,0,2,2,0,1,1,1,1,1,2,0,1,1,1,1,0,1,1,1,0,2,0,1,2,1,0,2,1,1,0,0,1,0,1,0,2,2,0,2,0,0,0,2,2,1,2,2,2,1,2,1,2,0,2,1,2,1,0,0,0,0,1,1,1,1,2,1,1,1,0,2,1,1,2,2,1,2,2,2,0,0,1,1,1,2,2,0,0,1,2,2,0,1,1,2,0,1,1,2,2,0,1,2,2,0,0,2,0,1,1,1,1,1,2,2,0,1,2,1,1,2,0,0,1,1,1,2,1,2,2,1,0,2,0,2,1,1,0,2,2,2,0,1,0,2,0,1,1,1,1,1,1,0,2,0,2,0,1,2,2,0,1,1,1,2,2,2,2,2,1
216_18,0,2,1,2,2,0,1,0,2,2,1,1,2,2,2,1,1,0,0,1,1,0,1,2,2,0,2,0,2,0,0,2,2,0,1,1,1,1,1,2,0,1,1,1,1,0,1,1,1,0,2,0,1,2,1,0,2,1,1,0,1,1,0,1,0,2,2,1,2,0,0,0,2,2,1,2,2,2,1,2,1,2,0,2,1,2,1,0,0,0,0,1,1,1,1,2,1,1,1,0,2,1,1,2,2,1,2,2,2,1,0,1,1,1,2,2,0,0,1,2,2,0,1,1,2,0,1,1,2,2,0,1,2,2,0,0,2,0,1,1,1,1,1,2,2,0,1,2,1,1,2,0,0,1,1,1,2,1,2,2,1,0,2,0,2,1,1,0,2,2,2,0,1,0,2,0,1,1,1,1,1,1,0,2,0,2,0,1,2,2,0,1,1,1,2,2,2,2,2,1
216_17,0,2,1,2,2,0,1,0,2,2,1,1,2,2,2,1,1,0,0,1,1,0,1,2,2,0,2,0,2,0,1,2,2,0,1,1,1,1,1,2,0,1,1,1,1,0,1,1,1,0,2,1,1,2,1,0,2,1,1,0,0,1,0,1,0,2,2,0,2,0,0,0,2,2,1,2,2,2,1,2,1,2,0,2,1,2,1,0,0,1,0,1,1,1,1,2,1,1,1,0,2,1,1,2,2,1,2,2,2,0,0,1,1,1,2,2,0,0,1,2,2,0,1,1,2,0,1,1,2,2,0,1,2,2,0,0,2,0,1,1,1,1,1,2,2,0,1,2,1,1,2,0,0,1,1,1,2,1,2,2,1,0,2,0,2,1,1,0,2,2,2,0,1,0,2,0,1,1,1,1,1,1,0,2,0,2,0,1,2,2,0,1,1,1,2,2,2,2,2,1
I17,0,2,1,2,2,0,1,1,2,2,1,1,2,2,2,1,1,0,0,0,1,0,0,2,2,0,2,0,2,0,2,0,2,0,1,1,1,1,1,2,2,1,1,1,1,0,1,1,1,2,2,1,1,2,0,0,2,1,1,0,0,1,0,1,2,2,2,0,2,0,1,1,2,2,1,2,2,2,1,2,1,2,0,1,1,2,1,0,0,0,2,1,1,0,0,2,1,1,1,0,2,1,1,2,2,1,2,2,2,0,0,1,1,1,2,2,0,2,1,2,2,0,1,1,2,0,1,1,2,2,0,0,2,2,2,0,2,2,1,1,1,1,1,2,2,0,0,2,1,1,2,0,0,1,1,1,2,1,2,2,1,1,2,0,2,1,1,2,2,2,1,2,1,0,2,0,1,1,1,1,1,1,0,0,0,2,0,1,2,2,0,1,1,0,2,2,2,2,2,1
216_20,0,2,1,2,2,2,1,1,2,2,1,1,2,2,2,1,1,0,0,0,1,0,0,2,2,1,2,0,2,0,2,0,2,0,1,1,1,1,1,2,2,1,1,1,1,0,1,1,1,2,2,1,1,2,0,0,2,1,1,0,0,1,0,1,2,2,2,0,2,0,1,1,2,2,1,2,2,2,1,2,1,2,0,1,1,2,1,1,0,0,2,1,1,0,0,2,1,1,1,0,2,1,1,2,2,1,2,2,2,0,2,1,1,1,2,2,0,2,1,2,2,0,1,1,2,1,1,1,2,2,0,0,2,2,2,2,2,2,1,1,1,1,1,2,2,0,0,2,1,1,2,0,0,1,1,1,2,1,2,2,1,1,2,0,2,1,1,2,2,2,1,2,1,1,2,0,1,1,1,1,1,1,0,0,0,2,0,1,2,2,0,1,1,0,2,2,2,2,2,1
216_19,0,2,1,2,2,0,1,1,2,2,1,1,2,2,2,1,1,0,0,0,1,0,0,2,2,0,2,0,2,0,2,0,2,0,1,1,1,1,1,2,2,1,1,1,1,0,1,1,1,2,2,1,1,2,0,0,2,1,1,0,1,1,0,1,2,2,2,2,2,0,1,1,2,2,1,2,2,2,1,2,1,2,1,1,1,2,1,0,0,0,2,1,1,0,0,2,1,1,1,0,2,1,1,2,2,1,2,2,2,0,0,1,1,1,2,2,0,2,1,2,2,2,1,1,2,0,1,1,2,2,2,0,2,2,2,0,2,2,1,1,1,1,1,2,2,0,0,2,1,1,2,1,0,1,1,1,2,1,2,2,1,1,2,0,2,1,1,2,2,2,1,2,1,0,2,0,1,1,1,1,1,1,0,0,0,2,0,1,2,2,0,1,1,0,2,2,2,2,2,1
I18,0,0,1,2,1,0,1,0,0,2,1,1,2,2,2,1,1,0,0,0,0,0,0,0,0,0,2,0,0,0,1,0,2,0,1,1,1,1,1,0,0,0,1,1,1,0,1,1,1,0,2,0,1,0,0,0,0,1,1,0,0,0,1,1,2,0,0,0,2,1,0,1,2,2,1,0,2,2,0,2,1,2,2,0,1,2,1,0,0,0,0,1,1,1,0,0,1,1,0,0,0,0,1,2,2,1,2,2,2,2,0,1,0,1,2,2,0,0,1,2,2,0,1,0,2,0,1,1,2,2,0,1,2,2,0,0,2,0,1,1,1,1,2,0,2,2,0,2,1,1,2,0,0,0,0,1,2,1,2,2,0,1,2,0,2,1,1,0,2,2,0,1,0,0,2,0,1,1,1,1,1,1,1,0,0,2,0,1,0,0,0,1,2,0,0,2,0,2,2,2
216_16,0,2,1,2,1,1,1,2,0,2,1,1,2,2,2,1,1,1,0,1,2,0,0,0,0,0,2,1,0,2,1,1,2,0,1,1,1,1,1,0,0,0,1,1,1,0,1,1,1,0,2,1,1,2,2,0,0,1,1,0,2,0,1,1,2,1,0,0,2,1,1,1,2,2,1,0,2,2,2,2,1,2,2,0,1,2,1,0,0,0,1,1,1,1,1,1,1,1,1,0,0,0,1,2,2,1,2,2,2,2,0,1,2,1,2,2,0,0,1,2,2,0,1,0,2,2,1,1,2,2,2,1,2,2,0,0,2,0,1,1,1,1,2,0,2,2,1,2,1,1,2,0,0,0,0,1,2,1,2,2,0,1,2,2,2,1,1,0,2,2,0,1,0,0,2,0,1,1,1,1,1,1,1,1,2,2,0,1,0,0,0,1,2,2,2,2,0,2,2,2
I19,0,1,1,2,1,1,1,1,0,2,1,1,2,2,2,1,1,0,0,0,0,0,0,0,2,0,2,0,2,0,1,0,2,0,1,1,1,1,1,1,0,0,1,1,1,0,1,1,1,0,2,0,1,0,0,2,0,1,1,0,0,2,1,1,2,0,0,0,2,1,0,1,2,2,1,0,2,2,0,2,1,2,2,0,1,2,1,0,0,1,0,1,1,1,0,0,1,1,0,0,2,0,1,2,2,1,2,2,2,2,0,1,0,1,2,2,2,0,1,2,2,0,1,0,2,2,1,1,2,2,0,1,2,2,1,0,2,0,1,1,1,1,2,0,2,2,1,2,1,1,2,0,0,0,0,1,2,1,2,2,0,1,2,0,2,1,1,0,2,2,0,1,0,1,2,1,1,1,1,1,1,1,1,0,0,2,2,1,2,1,0,1,2,0,0,2,2,2,2,2
216_15,2,1,1,2,1,1,1,1,0,2,1,1,2,2,2,1,1,0,0,0,0,0,0,0,2,0,2,0,2,0,1,0,2,0,1,1,1,1,1,1,0,0,1,1,1,0,1,1,1,0,2,0,1,0,0,2,0,1,1,0,0,2,1,1,2,0,0,0,2,1,0,1,2,2,1,0,2,2,0,2,1,2,2,0,1,2,1,1,0,1,0,1,1,1,0,0,1,1,0,1,2,0,1,2,2,1,2,2,2,2,0,1,0,1,2,2,2,0,1,2,2,0,1,0,2,2,1,1,2,2,0,1,2,2,1,0,2,0,1,1,1,1,2,0,2,2,1,2,1,1,2,0,2,0,2,1,2,1,2,2,0,1,2,0,2,1,1,0,2,2,0,1,0,1,2,1,1,1,1,1,1,1,1,0,1,2,2,1,2,1,0,1,2,0,0,2,2,2,2,2
216_14,0,1,1,2,1,1,1,1,0,2,1,1,2,2,2,1,1,0,0,0,0,0,0,0,2,0,2,0,2,0,1,0,2,0,1,1,1,1,1,1,2,0,1,1,1,0,1,1,1,0,2,0,1,0,0,2,0,1,1,0,0,2,1,1,2,0,0,0,2,1,0,1,2,2,1,0,2,2,0,2,1,2,2,0,1,2,1,0,0,1,0,1,1,1,0,0,1,1,0,0,2,0,1,2,2,1,2,2,2,2,0,1,0,1,2,2,2,0,1,2,2,0,1,0,2,2,1,1,2,2,0,1,2,2,1,0,2,0,1,1,1,1,2,2,2,2,1,2,1,1,2,0,0,0,0,1,2,1,2,2,0,1,2,0,2,1,1,0,2,2,0,1,0,1,2,1,1,1,1,1,1,1,1,0,0,2,2,1,2,1,0,1,2,0,0,2,2,2,2,2
Evolve tree: [&R] (((((216_14:0.0705420560747651,216_15:0.0705420560747651)I19:0.2545981308411184,216_16:0.32514018691588353)I18:0.3071028037383158,((216_19:0.0879252336448583,216_20:0.0879252336448583)I17:0.231925233644857,(216_17:0.05770093457943823,216_18:0.05770093457943823)I16:0.2621495327102771)I15:0.312392523364484)I14:0.33063551401869073,(((216_23:0.03252336448598071,216_24:0.03252336448598071)I13:0.2002616822429878,(216_25:0.028392523364485455,216_26:0.028392523364485455)I12:0.20439252336448305)I11:0.33140186915887593,216_21:0.5641869158878443)I10:0.39869158878504557)I9:0.31912149532710277,((((216_8:0.04502803738317676,216_9:0.04502803738317676)I8:0.2434766355140155,(216_6:0.04084112149532636,216_7:0.04084112149532636)I7:0.24766355140186588)I6:0.2756822429906522,((216_12:0.012056074766354914,216_13:0.012056074766354914)I5:0.22570093457943596,(216_10:0.003999999999999924,216_11:0.003999999999999924)I4:0.23375700934579097)I3:0.32642990654205356)I2:0.36289719626168115,216_1:0.9270841121495257)I1:0.3549158878504672)I0:0.008;