[&R] ((((((216_13:0,216_14:0)187_8:2.063,(216_11:1.161,216_12:1.161)190_7:1.902)139_4:0.005,(216_9:1.161,216_10:1.161)203_8:1.907)91_3:2.084,(((216_19:0,216_20:0)186_13:3.421,(216_21:0.025,216_22:1.025)188_16:1.396)136_6:0.656,((216_17:0,216_18:0)182_10:1.218,(216_15:0,216_16:0)183_9:2.218)138_5:0.859)91_4:1.075)44_2:1.218,(((216_3:1.06,216_4:0.06)195_2:0.953,(216_1:1.012,216_2:0.012)196_1:0.002)153_1:2.908,(216_7:0.069,216_8:1.069)198_6:3.853)106_1:3.448)virtual:0.63)I0;
I0,0,0,0,0,0,0,0,0,0,0
virtual,0,0,0:0.37/1:0.63,0,0,0,0,0,0,0
106_1,0,0:0.21/1:0.79,0:0.08/1:0.92,0:0.21/1:0.79,0,0:0.21/1:0.79,0:0.21/1:0.79,0,0,0
198_6,0:0.02/2:0.98,1,1,1,0:0.02/2:0.98,1,1,0,0:0.02/1:0.98,0
216_8,2,1,1,1,2,1,1,2,1,0
216_7,2,1,1,1,2,1,1,0,1,0
153_1,0,1,1,1,0,1,1,1,2,0
196_1,0,1,1,1,0,1,1,1,2,0
216_2,0,1,1,1,0,1,1,1,2,0
216_1,2,1,1,1,0,1,1,1,2,0
195_2,0:0.06/2:0.94,1,1,1,0,1,1,1,2,0
216_4,2,1,1,1,0,1,1,1,2,0
216_3,2,1,1,1,1,1,1,1,2,0
44_2,0,0,0:0.04/1:0.96,0,0,0,0,0:0.11/1:0.89,0,0
91_4,0,0:0.07/2:0.93,1,0,0,0,0,0:0.01/1:0.99,0,0
138_5,0,0:0.01/2:0.99,1,0,0,0,0:0.2/1:0.8,1,0,0
183_9,0,2,1,1,0,1,1,1,0,0
216_16,0,2,1,1,0,1,1,1,0,0
216_15,0,2,1,1,0,1,1,1,0,0
182_10,0,2,1,2,0,0,1,1,0,0
216_18,0,2,1,2,0,0,1,1,0,0
216_17,0,2,1,2,0,0,1,1,0,0
136_6,0,0:0.03/2:0.97,1,0,0:0.39/1:0.61,0,0,1,0,0
188_16,0,2,1,0,0:0.01/1:0.99,0,0,1,0,0:0.02/2:0.98
216_22,0,2,1,1,1,0,0,1,0,2
216_21,0,2,1,0,1,0,0,1,0,2
186_13,0,2,1,2,1,0,1,1,0,1
216_20,0,2,1,2,1,0,1,1,0,1
216_19,0,2,1,2,1,0,1,1,0,1
91_3,0,0:0.03/1:0.97,1,0,0:0.03/1:0.97,0,0,1,0,0
203_8,0:0.08/1:0.92,1,1,0,1,0,0,1,0:0.08/2:0.92,0
216_10,1,1,1,0,1,1,0,1,2,0
216_9,1,1,1,0,1,0,1,1,2,0
139_4,0,0:0.03/1:0.97,1,0,0:0.03/1:0.97,0,0,1,0,0
190_7,0,1,1,0:0.08/1:0.92,1,0,0,1,0:0.08/1:0.92,0
216_12,0,1,1,1,1,1,0,1,1,0
216_11,0,1,1,1,1,0,0,1,1,2
187_8,0,1,1,0,1,0,1,1,0,2
216_14,0,1,1,0,1,0,1,1,0,2
216_13,0,1,1,0,1,0,1,1,0,2
