[&R] ((((((216_13:1.035,216_14:0.035)187_8:0.967,(216_11:1.002,216_12:1.002)190_7:0)139_4:0.004,(216_9:0,216_10:0)203_8:2.006)91_3:2.377,(((216_19:0.003,216_20:2.003)186_13:0,(216_21:0,216_22:0)188_16:2.003)136_6:0.002,((216_17:0.015,216_18:2.015)182_10:0.003,(216_15:0.043,216_16:1.043)183_9:0.975)138_5:0.987)91_4:2.378)44_2:2.617,(((216_3:0,216_4:0)195_2:0.001,(216_1:1,216_2:0)196_1:0.001)153_1:1.096,(216_7:0.028,216_8:1.028)198_6:1.069)106_1:3.903)virtual:0)I0;
I0,0,0,0,0,0,0,0,0,0,0
virtual,0,0,0,0,0,0,0,0,0,0
106_1,0,0,0,0:0.02/2:0.98,0:0.02/2:0.98,0,0,0:0.02/1:0.98,0:0.02/1:0.98,0
198_6,0,0,0,2,2,0,0:0.03/2:0.97,1,1,0
216_8,0,0,0,2,2,0,2,1,1,1
216_7,0,0,0,2,2,0,2,1,1,0
153_1,2,0,0,2,2,0,0,1,1,0
196_1,2,0,0,2,2,0,0,1,1,0
216_2,2,0,0,2,2,0,0,1,1,0
216_1,2,0,0,2,2,0,0,1,1,1
195_2,2,0,0,2,2,0,0,1,1,0
216_4,2,0,0,2,2,0,0,1,1,0
216_3,2,0,0,2,2,0,0,1,1,0
44_2,0:0.13/1:0.87,0,0:0.13/2:0.87,0,0,0,0,0,0,0:0.13/1:0.87
91_4,1,0,2,1,0,0,0,0,2,1
138_5,1,0,2,1,0:0.02/2:0.98,0,0,0,2,1
183_9,1,0,2,1,2,0,0,0:0.04/2:0.96,2,1
216_16,1,1,2,1,2,0,0,2,2,1
216_15,1,0,2,1,2,0,0,2,2,1
182_10,1,0,2,1,0:0.02/2:0.98,0,0,0,2,1
216_18,1,0,2,1,2,1,0,2,2,1
216_17,1,0,2,1,2,0,0,0,2,1
136_6,1,0,2,1,0,0,0,0,2,1
188_16,1,2,2,1,0,0,0,1,2,1
216_22,1,2,2,1,0,0,0,1,2,1
216_21,1,2,2,1,0,0,0,1,2,1
186_13,1,0,2,1,0,0,0,0,2,1
216_20,1,0,2,1,0,1,2,0,2,1
216_19,1,0,2,1,0,0,0,0,2,1
91_3,1,0,2,0,0,2,0,1,0,1
203_8,1,0,2,0,0,2,1,1,1,1
216_10,1,0,2,0,0,2,1,1,1,1
216_9,1,0,2,0,0,2,1,1,1,1
139_4,1,0,2,0,0,2,0,1,0,1
190_7,1,0,2,0,0,2,0,1,0,1
216_12,1,1,2,0,0,2,0,1,0,1
216_11,1,0,2,0,1,2,0,1,0,1
187_8,1,0,2,0,0:0.04/2:0.96,2,0,1,0,1
216_14,1,0,2,0,2,2,0,1,0,1
216_13,1,0,2,0,2,2,0,1,2,1
