[&R] ((((((216_13:0,216_14:0)187_8:2.123,(216_11:0,216_12:0)190_7:0.123)139_4:0.883,(216_9:1,216_10:0)203_8:0.006)91_3:0.065,(((216_19:0.046,216_20:1.046)186_13:0.956,(216_21:2.169,216_22:0.169)188_16:0.833)136_6:0.001,((216_17:0,216_18:0)182_10:1.002,(216_15:0,216_16:0)183_9:0.002)138_5:0.001)91_4:2.068)44_2:2.489,(((216_3:1.031,216_4:0.031)195_2:1.051,(216_1:0.061,216_2:1.061)196_1:3.021)153_1:0.006,(216_7:1.049,216_8:0.049)198_6:2.04)106_1:3.471)virtual:1.44)I0;
I0,0,0,0,0,0,0,0,0,0,0
virtual,0,0:0.28/1:0.72,0:0.28/1:0.72,0,0,0,0,0,0,0
106_1,0,0:0.01/1:0.99,0:0.01/1:0.99,0:0.02/2:0.98,0,0,0,0,0:0.02/1:0.98,0:0.02/1:0.98
198_6,0,1,1,2,0,0:0.02/2:0.98,0,0:0.02/2:0.98,1,1
216_8,0,1,1,2,0,2,0,2,1,1
216_7,0,1,1,2,0,2,2,2,1,1
153_1,0,0:0.01/1:0.99,0:0.01/1:0.99,0:0.02/2:0.98,0,0,0,0,0:0.02/1:0.98,0:0.02/1:0.98
196_1,0:0.02/2:0.98,1,1,2,0,0:0.02/1:0.98,0:0.02/2:0.98,0,1,1
216_2,2,1,1,2,2,1,2,0,1,1
216_1,2,1,1,2,0,1,2,0,1,1
195_2,0,1,1,2,0:0.03/2:0.97,0,0,0,1,1
216_4,0,1,1,2,2,0,0,0,1,1
216_3,0,1,1,2,2,1,0,0,1,1
44_2,0,0:0.01/1:0.99,0:0.01/1:0.99,0,0:0.03/1:0.97,0,0,0,0:0.03/2:0.97,0
91_4,2,1,1,0,1,0,0,1,2,0
138_5,2,1,1,0,1,0,0,1,2,0
183_9,2,1,1,0,1,0,0,1,2,0
216_16,2,1,1,0,1,0,0,1,2,0
216_15,2,1,1,0,1,0,0,1,2,0
182_10,2,1,1,0,1,2,0,1,2,0
216_18,2,1,1,0,1,2,0,1,2,0
216_17,2,1,1,0,1,2,0,1,2,0
136_6,2,1,1,0,1,0,0,1,2,0
188_16,2,1,1,0,1,0,0,1,2,0:0.17/2:0.83
216_22,2,1,1,0,1,0,0,1,2,2
216_21,2,1,1,1,1,1,0,1,2,2
186_13,2,1,1,0:0.05/1:0.95,1,0,0,1,2,0
216_20,2,1,1,1,1,0,1,1,2,0
216_19,2,1,1,1,1,0,0,1,2,0
91_3,0,1,1,0,1,0,0,0,2,0
203_8,0,1,1,0,1,0,0,0,2,0
216_10,0,1,1,0,1,0,0,0,2,0
216_9,0,1,1,0,1,0,0,1,2,0
139_4,0,1,1,0,1,0,0,0:0.12/1:0.88,2,0
190_7,0,1,1,0,1,0,0,1,2,0
216_12,0,1,1,0,1,0,0,1,2,0
216_11,0,1,1,0,1,0,0,1,2,0
187_8,2,1,1,0,1,0,2,1,2,0
216_14,2,1,1,0,1,0,2,1,2,0
216_13,2,1,1,0,1,0,2,1,2,0
