[&R] ((((((216_13:0,216_14:0)187_8:0.047,(216_11:1.061,216_12:0.061)190_7:1.987)139_4:0.005,(216_9:0,216_10:0)203_8:2.052)91_3:0.977,(((216_19:0,216_20:0)186_13:0.03,(216_21:0,216_22:0)188_16:1.029)136_6:0.997,((216_17:0,216_18:0)182_10:2.03,(216_15:0.027,216_16:1.027)183_9:0.004)138_5:1.996)91_4:0.003)44_2:4.971,(((216_3:0,216_4:0)195_2:0.002,(216_1:0.001,216_2:1.001)196_1:0.001)153_1:1.051,(216_7:0,216_8:0)198_6:0.054)106_1:5.946)virtual:0)I0;
I0,0,0,0,0,0,0,0,0,0,0
virtual,0,0,0,0,0,0,0,0,0,0
106_1,0:0.01/2:0.99,0,0:0.01/2:0.99,0:0.01/1:0.99,0:0.01/2:0.99,0,0,0,0:0.01/1:0.99,0:0.01/2:0.99
198_6,2,0,2,1,2,0,0,0,1,2
216_8,2,0,2,1,2,0,0,0,1,2
216_7,2,0,2,1,2,0,0,0,1,2
153_1,2,1,2,1,2,0,0,0,1,2
196_1,2,1,2,1,2,0,0,0,1,2
216_2,2,1,2,1,2,0,1,0,1,2
216_1,2,1,2,1,2,0,0,0,1,2
195_2,2,1,2,1,2,0,0,0,1,2
216_4,2,1,2,1,2,0,0,0,1,2
216_3,2,1,2,1,2,0,0,0,1,2
44_2,0,0:0.01/2:0.99,0,0:0.01/2:0.99,0:0.01/1:0.99,0,0:0.01/1:0.99,0,0,0:0.01/1:0.99
91_4,0,0:0.01/2:0.99,0,0:0.01/2:0.99,0:0.01/1:0.99,0,0:0.01/1:0.99,0,0,0:0.01/1:0.99
138_5,0:0.01/2:0.99,2,0,2,1,0:0.01/2:0.99,1,0,0,1
183_9,0:0.01/2:0.99,2,0,2,1,0:0.01/2:0.99,1,0,0,1
216_16,2,2,1,2,1,2,1,0,0,1
216_15,2,2,0,2,1,2,1,0,0,1
182_10,2,2,0,2,1,2,1,1,2,1
216_18,2,2,0,2,1,2,1,1,2,1
216_17,2,2,0,2,1,2,1,1,2,1
136_6,0,2,0,2,1,0,1,0,0:0.03/2:0.97,1
188_16,0,2,2,2,1,0,1,0,2,1
216_22,0,2,2,2,1,0,1,0,2,1
216_21,0,2,2,2,1,0,1,0,2,1
186_13,0,2,0,2,1,0,1,0,2,1
216_20,0,2,0,2,1,0,1,0,2,1
216_19,0,2,0,2,1,0,1,0,2,1
91_3,0,2,0,2,1,0:0.05/2:0.95,1,0,0,1
203_8,0,2,1,2,1,2,1,0,2,1
216_10,0,2,1,2,1,2,1,0,2,1
216_9,0,2,1,2,1,2,1,0,2,1
139_4,0,2,0,2,1,0:0.05/2:0.95,1,0,0,1
190_7,0,2,0:0.03/2:0.97,2,1,2,1,0:0.03/1:0.97,0,1
216_12,0,2,2,2,1,2,1,1,0,1
216_11,0,2,2,2,1,2,1,1,2,1
187_8,0,2,0,2,1,2,1,0,0,1
216_14,0,2,0,2,1,2,1,0,0,1
216_13,0,2,0,2,1,2,1,0,0,1
