cell,r0,r1,r2,r3,r4,r5,r6,r7,r8,r9,r10,r11,r12,r13,r14,r15,r16,r17,r18,r19,r20,r21,r22,r23,r24,r25,r26,r27,r28,r29,r30,r31,r32,r33,r34,r35,r36,r37,r38,r39,r40,r41,r42,r43,r44,r45,r46,r47,r48,r49,r50,r51,r52,r53,r54,r55,r56,r57,r58,r59,r60,r61,r62,r63,r64,r65,r66,r67,r68,r69,r70,r71,r72,r73,r74,r75,r76,r77,r78,r79,r80,r81,r82,r83,r84,r85,r86,r87,r88,r89,r90,r91,r92,r93,r94,r95,r96,r97,r98,r99,r100,r101,r102,r103,r104,r105,r106,r107,r108,r109,r110,r111,r112,r113,r114,r115,r116,r117,r118,r119,r120,r121,r122,r123,r124,r125,r126,r127,r128,r129,r130,r131,r132,r133,r134,r135,r136,r137,r138,r139,r140,r141,r142,r143,r144,r145,r146,r147,r148,r149,r150,r151,r152,r153,r154,r155,r156,r157,r158,r159,r160,r161,r162,r163,r164,r165,r166,r167,r168,r169,r170,r171,r172,r173,r174,r175,r176,r177,r178,r179,r180,r181,r182,r183,r184,r185,r186,r187,r188,r189,r190,r191,r192,r193,r194,r195,r196,r197,r198,r199
I0,0,0,0,0,0,0,0,0,0,0,0,0,0,0,0,0,0,0,0,0,0,0,0,0,0,0,0,0,0,0,0,0,0,0,0,0,0,0,0,0,0,0,0,0,0,0,0,0,0,0,0,0,0,0,0,0,0,0,0,0,0,0,0,0,0,0,0,0,0,0,0,0,0,0,0,0,0,0,0,0,0,0,0,0,0,0,0,0,0,0,0,0,0,0,0,0,0,0,0,0,0,0,0,0,0,0,0,0,0,0,0,0,0,0,0,0,0,0,0,0,0,0,0,0,0,0,0,0,0,0,0,0,0,0,0,0,0,0,0,0,0,0,0,0,0,0,0,0,0,0,0,0,0,0,0,0,0,0,0,0,0,0,0,0,0,0,0,0,0,0,0,0,0,0,0,0,0,0,0,0,0,0,0,0,0,0,0,0,0,0,0,0,0,0,0,0,0,0,0,0
I1,0,0,0,0,0,2,2,1,2,0,0,0,0,2,0,0,2,2,2,2,0,1,0,2,0,1,0,0,0,0,1,0,2,1,1,1,0,0,0,0,0,1,1,1,0,0,1,2,1,1,0,0,0,1,2,0,0,0,0,0,0,2,1,0,2,0,0,1,0,0,1,1,0,0,0,0,0,0,1,2,1,1,2,2,0,0,0,0,2,0,0,1,2,2,0,1,1,2,0,2,2,2,0,0,0,2,0,2,0,0,0,0,2,2,2,2,1,1,1,0,0,1,1,2,0,2,2,0,2,1,2,0,1,0,2,0,2,0,2,2,1,0,1,0,0,0,1,0,0,0,2,0,2,1,1,0,0,0,0,1,0,0,1,0,0,0,2,0,0,0,0,2,0,0,0,0,2,0,1,0,0,1,0,2,0,0,1,0,0,0,0,0,0,2,2,2,0,0,0,2
I2,2,0,1,0,0,2,2,1,2,1,0,2,0,2,0,0,2,2,2,2,0,1,0,2,0,1,2,0,1,0,1,0,2,1,1,1,0,0,0,0,0,1,1,1,0,1,1,2,1,1,1,0,0,1,2,0,0,2,0,0,0,2,1,2,2,0,2,1,0,0,1,1,0,0,0,0,0,2,1,2,1,1,2,2,0,0,0,1,2,2,0,1,2,2,0,1,1,2,0,2,2,2,0,1,0,2,0,2,1,0,2,0,2,2,2,2,1,1,1,0,0,1,1,2,0,2,2,0,2,1,2,0,1,0,2,1,2,0,2,2,1,0,1,0,0,0,1,1,0,0,2,2,2,1,1,2,0,0,2,1,0,2,1,0,0,0,2,1,0,1,0,2,1,1,0,1,2,0,1,0,0,1,1,2,0,0,1,0,0,0,0,0,0,2,2,2,0,2,2,2
216_8,2,0,1,0,0,2,2,1,2,1,0,2,0,2,0,0,2,2,2,2,0,1,0,2,0,1,2,0,1,0,1,0,2,1,1,1,0,0,0,0,1,1,1,1,0,1,1,2,1,1,1,0,0,1,2,0,0,2,0,0,0,2,1,2,2,0,2,1,0,0,1,1,0,0,0,0,0,2,1,2,1,1,2,2,0,0,0,1,2,2,0,1,2,2,0,1,1,2,0,2,2,2,0,1,0,2,0,2,1,0,2,0,2,2,2,2,1,1,1,0,0,1,1,2,0,2,2,0,2,1,2,0,1,0,2,1,2,0,2,2,1,0,1,0,0,0,1,1,0,0,2,2,2,1,1,2,0,0,2,1,0,2,1,0,0,0,2,1,0,1,0,2,1,1,0,1,2,0,1,1,0,1,1,2,0,0,1,0,0,0,0,0,0,2,2,2,0,2,2,2
216_7,2,0,1,0,0,2,2,1,2,1,0,2,0,2,0,0,2,2,2,2,0,1,0,2,0,1,2,0,1,0,1,0,2,1,1,1,0,0,0,1,0,1,1,1,0,1,1,2,1,1,1,0,0,1,2,0,0,2,0,0,0,2,1,2,2,0,2,1,0,0,1,1,0,0,0,0,0,2,1,2,1,1,2,2,0,0,0,1,2,2,0,1,2,2,0,1,1,2,0,2,2,2,0,1,0,2,0,2,1,0,2,0,2,2,2,2,1,1,1,0,2,1,1,2,0,2,2,0,2,1,2,2,1,0,2,1,2,0,2,2,1,0,1,0,0,0,1,1,0,0,2,2,2,1,1,2,0,0,2,1,0,2,1,0,0,0,2,1,0,1,0,2,1,1,0,1,2,0,1,0,0,1,1,2,0,1,1,0,0,0,0,0,0,2,2,2,0,2,2,2
I3,0,0,0,1,0,2,2,1,2,0,2,0,0,2,0,0,2,2,2,2,0,1,0,2,0,1,0,0,0,0,1,0,2,1,1,1,0,0,0,0,1,1,1,1,0,0,1,2,1,1,0,2,0,1,2,1,0,2,0,0,2,2,1,0,2,0,0,1,0,0,1,1,0,2,0,0,0,0,1,2,1,1,2,2,0,0,0,0,2,0,0,1,2,2,0,1,1,2,1,2,2,2,0,0,0,2,0,2,0,1,0,0,2,2,2,2,1,1,1,0,0,1,1,2,2,2,2,0,2,1,2,0,1,0,2,0,2,0,2,2,1,0,1,1,0,0,1,0,0,0,2,0,2,1,1,0,2,0,1,1,0,0,1,1,0,2,2,0,2,0,0,2,0,2,0,0,2,1,1,0,0,1,2,2,1,0,1,0,0,0,0,0,0,2,2,2,0,0,0,2
I4,1,0,0,1,0,2,2,1,2,0,2,0,1,2,0,0,2,2,2,2,0,1,1,2,0,1,0,1,0,0,1,0,2,1,1,1,0,0,0,0,1,1,1,1,0,0,1,2,1,1,0,2,0,1,2,1,0,2,0,0,2,2,1,2,2,0,0,1,1,0,1,1,0,2,0,0,1,0,1,2,1,1,2,2,0,2,0,0,2,2,0,1,2,2,0,1,1,2,1,2,2,2,0,0,0,2,0,2,0,1,0,0,2,2,2,2,1,1,1,0,0,1,1,2,2,2,2,0,2,1,2,0,1,0,2,0,2,0,2,2,1,0,1,1,0,0,1,0,0,0,2,0,2,1,1,2,2,1,1,1,0,0,1,1,0,2,2,0,2,0,0,2,1,2,0,1,2,1,1,0,0,1,2,2,1,2,1,0,0,0,0,0,0,2,2,2,0,0,0,2
216_2,1,0,0,1,1,2,2,1,2,0,2,0,1,2,0,0,2,2,2,2,0,1,1,2,0,1,0,1,0,0,1,0,2,1,1,1,0,0,0,0,1,1,1,1,0,0,1,2,1,1,0,2,0,1,2,1,0,2,0,0,2,2,1,2,2,1,0,1,1,0,1,1,0,2,0,0,1,0,1,2,1,1,2,2,0,2,0,0,2,2,0,1,2,2,0,1,1,2,1,2,2,2,0,0,0,2,1,2,0,1,0,0,2,2,2,2,1,1,1,0,0,1,1,2,2,2,2,0,2,1,2,0,1,0,2,0,2,0,2,2,1,0,1,1,0,0,1,0,0,0,2,0,2,1,1,2,2,1,1,1,0,0,1,1,2,2,2,0,2,0,0,2,1,2,0,1,2,1,1,0,0,1,2,2,1,2,1,0,0,1,0,0,0,2,2,2,0,0,0,2
216_1,1,0,0,1,0,2,2,1,2,0,2,0,1,2,0,0,2,2,2,2,0,1,1,2,0,1,0,1,0,0,1,0,2,1,1,1,1,0,0,0,1,1,1,1,0,0,1,2,1,1,0,2,0,1,2,1,0,2,0,0,2,2,1,2,2,0,0,1,1,0,1,1,0,2,0,0,1,0,1,2,1,1,2,2,0,2,0,0,2,2,0,1,2,2,0,1,1,2,1,2,2,2,0,0,0,2,0,2,0,1,0,0,2,2,2,2,1,1,1,0,0,1,1,2,2,2,2,0,2,1,2,0,1,0,2,0,2,0,2,2,1,1,1,1,0,0,1,0,0,0,2,0,2,1,1,2,2,1,1,1,0,0,1,1,0,2,2,0,2,0,0,2,1,2,0,1,2,1,1,0,0,1,2,2,1,2,1,0,0,0,0,0,0,2,2,2,0,0,0,2
I5,0,0,0,1,1,2,2,1,2,0,2,0,0,2,2,0,2,2,2,2,0,1,0,2,0,1,0,0,0,0,1,0,2,1,1,1,2,0,0,0,1,1,1,1,0,0,1,2,1,1,0,2,0,1,2,1,0,2,0,0,2,2,1,2,2,0,0,1,0,0,1,1,0,2,0,0,0,0,1,2,1,1,2,2,0,0,0,0,2,0,0,1,2,2,0,1,1,2,1,2,2,2,0,0,0,2,1,2,0,1,0,0,2,2,2,2,1,1,1,0,0,1,1,2,2,2,2,0,2,1,2,0,1,0,2,0,2,0,2,2,1,0,1,1,1,0,1,0,0,1,2,0,2,1,1,2,2,0,1,1,0,0,1,1,0,2,2,0,2,0,0,2,0,2,0,0,2,1,1,0,0,1,2,2,1,0,1,0,1,0,0,0,0,2,2,2,0,0,0,2
216_4,0,0,0,1,1,2,2,1,2,0,2,0,0,2,2,0,2,2,2,2,0,1,0,2,0,1,0,0,1,0,1,0,2,1,1,1,2,0,0,0,1,1,1,1,0,0,1,2,1,1,0,2,0,1,2,1,0,2,1,0,2,2,1,2,2,0,0,1,0,0,1,1,0,2,0,0,0,0,1,2,1,1,2,2,0,0,0,0,2,0,0,1,2,2,0,1,1,2,1,2,2,2,0,0,0,2,1,2,0,1,0,0,2,2,2,2,1,1,1,0,0,1,1,2,2,2,2,0,2,1,2,2,1,0,2,0,2,0,2,2,1,0,1,1,1,0,1,0,0,1,2,0,2,1,1,2,2,0,1,1,0,0,1,1,1,2,2,0,2,0,0,2,0,2,0,0,2,1,1,0,0,1,2,2,1,0,1,0,1,0,0,0,0,2,2,2,0,0,0,2
216_3,0,0,1,1,1,2,2,1,2,0,2,0,0,2,2,0,2,2,2,2,0,1,0,2,0,1,0,0,0,0,1,0,2,1,1,1,2,0,0,0,1,1,1,1,0,0,1,2,1,1,0,2,0,1,2,1,0,2,0,0,2,2,1,2,2,0,0,1,0,0,1,1,0,2,0,0,0,0,1,2,1,1,2,2,0,0,0,0,2,0,0,1,2,2,0,1,1,2,1,2,2,2,0,0,0,2,1,2,0,1,0,0,2,2,2,2,1,1,1,0,0,1,1,2,2,2,2,0,2,1,2,0,1,0,2,0,2,0,2,2,1,0,1,1,1,0,1,0,0,1,2,0,2,1,1,2,2,0,1,1,0,0,1,1,0,2,2,0,2,1,0,2,0,2,0,0,2,1,1,0,0,1,2,2,1,0,1,0,1,0,0,0,1,2,2,2,0,0,0,2
I6,0,0,0,2,1,0,0,2,0,2,1,1,0,0,0,0,0,0,0,0,0,0,0,0,1,1,0,0,0,2,0,0,1,1,0,2,0,0,0,0,0,0,0,0,0,0,0,0,0,0,0,0,0,1,0,0,0,1,0,0,0,0,1,0,0,2,0,0,0,0,0,1,2,0,1,0,0,1,1,0,0,0,1,0,2,0,0,0,1,0,0,0,2,0,2,0,0,0,2,2,1,0,0,0,2,0,1,0,1,2,0,0,0,0,0,0,1,0,2,1,0,2,1,2,1,0,0,0,0,0,0,1,1,0,2,0,0,0,2,0,0,0,0,0,0,2,1,0,2,0,0,0,1,1,0,0,2,0,0,0,0,0,0,2,0,0,0,0,0,0,1,2,2,2,2,2,1,0,2,0,0,0,2,0,1,0,0,2,0,0,2,0,0,2,0,0,2,0,0,1
I7,0,0,0,2,1,0,1,2,0,2,1,1,0,0,1,0,0,0,0,0,0,0,2,1,1,1,0,0,2,2,0,0,1,1,0,2,0,1,0,2,0,0,2,2,0,0,0,0,0,2,0,1,0,1,0,0,0,1,0,0,0,0,1,0,0,2,0,0,2,2,0,1,2,1,1,0,0,1,1,0,0,0,1,0,2,0,2,0,1,0,1,0,2,0,2,2,1,1,2,2,1,0,1,0,2,0,1,0,1,2,2,2,0,0,0,0,1,0,2,1,2,2,1,2,1,0,0,1,1,0,0,1,1,2,2,0,0,0,2,0,1,0,0,0,0,2,1,0,2,0,1,0,1,1,0,0,2,2,2,2,2,0,2,2,1,0,1,0,0,0,1,2,2,2,2,2,1,1,2,2,2,2,2,0,1,0,0,2,2,1,2,0,0,2,0,1,2,0,0,1
I8,0,0,0,2,1,0,1,2,0,2,1,1,0,0,1,0,1,2,0,0,0,1,2,1,1,1,0,0,2,2,0,0,1,1,0,2,0,1,0,2,0,0,2,2,0,0,0,0,0,2,0,1,0,1,0,0,0,1,0,0,0,0,1,0,0,2,0,0,2,2,0,1,2,1,1,0,0,1,1,1,1,0,1,0,2,0,2,0,1,0,1,1,2,0,2,2,1,1,2,2,1,0,1,0,2,0,1,0,1,2,2,2,0,0,0,0,1,0,2,1,2,2,1,2,1,2,0,1,1,0,0,1,1,2,2,0,1,0,2,0,1,0,0,0,0,2,1,0,2,0,1,0,1,1,0,0,2,2,2,2,2,0,2,2,1,2,1,0,0,1,1,2,2,2,2,2,1,1,2,2,2,2,2,0,1,0,0,2,2,1,2,0,1,2,1,1,2,0,0,1
I9,0,0,0,2,1,0,1,2,0,2,1,1,0,0,1,0,1,2,0,1,0,1,2,1,1,1,0,1,2,2,1,2,1,1,0,2,0,1,0,2,0,0,2,2,0,0,0,0,0,2,0,1,0,1,0,0,0,1,0,0,0,0,1,0,0,2,0,0,2,2,2,1,2,1,1,1,0,1,1,1,1,0,1,0,2,0,2,2,1,0,1,1,2,0,2,2,1,1,2,2,1,0,1,0,2,0,1,0,1,2,2,2,0,1,0,2,1,0,2,1,2,2,1,2,1,2,0,1,1,0,0,1,1,2,2,0,1,0,2,0,1,0,0,0,0,2,1,0,2,0,1,0,1,1,1,0,2,2,2,2,2,0,2,2,1,2,1,0,0,1,1,2,2,2,2,2,1,1,2,2,2,2,2,0,1,0,0,2,2,1,2,0,1,2,1,1,2,2,0,1
216_16,0,0,0,2,1,2,1,2,0,2,1,1,0,0,1,0,1,2,0,1,0,1,2,1,1,1,0,1,2,2,1,2,1,1,0,2,0,1,0,2,0,0,2,2,0,0,0,0,0,2,0,1,1,1,0,0,2,1,0,0,0,0,1,0,0,2,0,0,2,2,2,1,2,1,1,1,0,1,1,1,1,0,1,0,2,0,2,2,1,0,1,1,2,0,2,2,1,1,2,2,1,0,1,0,2,0,1,0,1,2,2,2,0,1,0,2,1,1,2,1,2,2,1,2,1,2,0,1,1,0,0,1,1,2,2,0,1,2,2,0,1,0,0,0,0,2,1,0,2,0,1,0,1,1,1,0,2,2,2,2,2,1,2,2,1,2,1,0,0,1,1,2,2,2,2,2,1,1,2,2,2,2,2,0,1,0,0,2,2,1,2,0,1,2,1,1,2,2,0,1
216_15,0,0,0,2,1,0,1,2,0,2,1,1,2,0,1,0,1,2,0,1,0,1,2,1,1,1,0,1,2,2,1,2,1,1,0,2,0,1,1,2,0,0,2,2,0,0,0,0,0,2,0,1,0,1,0,0,0,1,0,0,0,0,1,0,0,2,1,0,2,2,2,1,2,1,1,1,1,1,1,1,1,0,1,0,2,0,2,2,1,0,1,1,2,0,2,2,1,1,2,2,1,0,1,0,2,0,1,0,1,2,2,2,0,1,0,2,1,0,2,1,2,2,1,2,1,2,0,1,1,0,0,1,1,2,2,0,1,0,2,0,1,0,0,0,2,2,1,0,2,0,1,0,1,1,1,1,2,2,2,2,2,0,2,2,1,2,1,0,2,1,1,2,2,2,2,2,1,1,2,2,2,2,2,0,1,0,0,2,2,1,2,0,1,2,1,1,2,2,0,1
I10,0,0,0,2,1,0,1,2,0,2,1,1,0,0,1,0,1,2,0,0,1,1,2,1,1,1,0,0,2,2,1,2,1,1,0,2,0,1,0,2,0,0,2,2,0,0,0,0,0,2,0,1,0,1,0,0,0,1,0,0,0,0,1,0,1,2,0,0,2,2,0,1,2,1,1,0,0,1,1,1,1,0,1,0,2,0,2,0,1,0,1,1,2,0,2,2,1,1,2,2,1,0,1,0,2,0,1,0,1,2,2,2,0,0,0,0,1,0,2,1,2,2,1,2,1,2,0,1,1,0,0,1,1,2,2,0,1,0,2,0,1,0,0,0,0,2,1,0,2,0,1,0,1,1,0,2,2,2,2,2,2,0,2,2,1,2,1,2,0,1,1,2,2,2,2,2,1,1,2,2,2,2,2,0,1,0,0,2,2,1,2,1,1,2,1,1,2,0,2,1
216_18,0,0,0,2,1,0,1,2,0,2,1,1,0,0,1,0,1,2,0,0,1,1,2,1,1,1,0,0,2,2,1,2,1,1,0,2,0,1,0,2,0,0,2,2,0,0,0,0,0,2,0,1,0,1,0,0,0,1,0,0,0,0,1,0,1,2,0,0,2,2,0,1,2,1,1,0,0,1,1,1,1,0,1,0,2,0,2,0,1,0,1,1,2,0,2,2,1,1,2,2,1,0,1,0,2,0,1,0,1,2,2,2,0,0,0,0,1,0,2,1,2,2,1,2,1,2,0,1,1,0,0,1,1,2,2,0,1,0,2,0,1,0,0,0,1,2,1,0,2,0,1,0,1,1,0,2,2,2,2,2,2,0,2,2,1,2,1,2,0,1,1,2,2,2,2,2,1,1,2,2,2,2,2,0,1,2,0,2,2,1,2,1,1,2,1,1,2,0,2,1
216_17,0,0,0,2,1,2,1,2,0,2,1,1,0,0,1,0,1,2,0,0,1,1,2,1,1,1,0,0,2,2,1,2,1,1,0,2,0,1,0,2,0,0,2,2,0,0,0,0,0,2,0,1,0,1,1,0,0,1,0,0,0,0,1,0,1,2,0,0,2,2,0,1,2,1,1,0,0,1,1,1,1,0,1,0,2,0,2,0,1,0,1,1,2,0,2,2,1,1,2,2,1,2,1,0,2,0,1,0,1,2,2,2,0,0,0,0,1,0,2,1,2,2,1,2,1,2,0,1,1,0,0,1,1,2,2,0,1,0,2,0,1,2,0,0,0,2,1,0,2,0,1,0,1,1,0,2,2,2,2,2,2,0,2,2,1,2,1,2,0,1,1,2,2,2,2,2,1,1,2,2,2,2,2,0,1,0,0,2,2,1,2,1,1,2,1,1,2,0,2,1
I11,0,0,0,2,1,0,1,2,0,2,1,1,0,0,1,0,1,1,0,0,0,0,2,1,1,1,0,0,2,2,0,0,1,1,0,2,1,1,0,2,0,0,2,2,0,0,0,2,0,2,0,1,0,1,0,0,0,1,0,0,0,0,1,0,1,2,1,0,2,2,0,1,2,1,1,0,0,1,1,0,0,0,1,0,2,0,2,0,1,0,1,0,2,0,2,2,1,1,2,2,1,0,1,2,2,0,1,0,1,2,2,2,0,0,2,0,1,0,2,1,2,2,1,2,1,0,0,1,1,0,0,1,1,2,2,1,0,0,2,0,1,0,0,0,0,2,1,0,2,2,1,0,1,1,1,0,2,2,2,2,2,0,2,2,1,0,1,1,0,0,1,2,2,2,2,2,1,1,2,2,2,2,2,0,1,0,0,2,2,1,2,2,1,2,0,1,2,0,0,1
I12,2,0,0,2,1,0,1,2,0,2,1,1,0,2,1,0,1,1,0,0,0,0,2,1,1,1,2,0,2,2,1,0,1,1,0,2,1,1,1,2,0,0,2,2,0,0,0,2,0,2,0,1,0,1,0,0,0,1,1,0,2,0,1,0,1,2,1,0,2,2,0,1,2,1,1,0,0,1,1,0,1,0,1,0,2,0,2,2,1,0,1,0,2,0,2,2,1,1,2,2,1,0,1,2,2,0,1,0,1,2,2,2,1,0,2,0,1,0,2,1,2,2,1,2,1,0,2,1,1,0,0,1,1,2,2,1,0,0,2,0,1,1,0,0,1,2,1,0,2,2,1,1,1,1,1,0,2,2,2,2,2,2,2,2,1,0,1,1,0,0,1,2,2,2,2,2,1,1,2,2,2,2,2,0,1,0,0,2,2,1,2,2,1,2,0,1,2,0,0,1
216_22,2,0,0,2,1,0,1,2,0,2,1,1,0,2,1,0,1,1,0,0,0,0,2,1,1,1,2,0,2,2,1,0,1,1,0,2,1,1,1,2,0,0,2,2,0,2,0,2,0,2,0,1,0,1,0,2,0,1,1,0,2,0,1,2,1,2,1,0,2,2,0,1,2,1,1,0,0,1,1,0,1,0,1,0,2,0,2,2,1,0,1,0,2,0,2,2,1,1,2,2,1,0,1,2,2,0,1,0,1,2,2,2,1,0,2,0,1,0,2,1,2,2,1,2,1,0,2,1,1,0,0,1,1,2,2,1,0,0,2,0,1,1,0,0,1,2,1,0,2,2,1,1,1,1,1,0,2,2,2,2,2,2,2,2,1,0,1,1,0,0,1,2,2,2,2,2,1,1,2,2,2,2,2,0,1,0,0,2,2,1,2,2,1,2,0,1,2,0,0,1
216_21,2,0,0,2,1,0,1,2,0,2,1,1,0,2,1,0,1,1,0,0,0,0,2,1,1,1,2,0,2,2,1,0,1,1,0,2,1,1,1,2,0,0,2,2,0,0,0,2,0,2,0,1,0,1,0,0,0,1,1,0,2,0,1,0,1,2,1,0,2,2,0,1,2,1,1,0,0,1,1,0,1,0,1,0,2,0,2,2,1,0,1,0,2,0,2,2,1,1,2,2,1,0,1,2,2,0,1,0,1,2,2,2,1,0,2,1,1,0,2,1,2,2,1,2,1,0,2,1,1,0,0,1,1,2,2,1,0,0,2,0,1,1,0,0,1,2,1,0,2,2,1,1,1,1,1,2,2,2,2,2,2,2,2,2,1,0,1,1,0,0,1,2,2,2,2,2,1,1,2,2,2,2,2,0,1,0,0,2,2,1,2,2,1,2,0,1,2,0,2,1
I13,0,0,0,2,1,0,1,2,0,2,1,1,0,0,1,0,1,1,1,0,0,0,2,1,1,1,0,0,2,2,0,0,1,1,0,2,1,1,0,2,0,0,2,2,2,0,0,2,0,2,0,1,0,1,0,0,0,1,0,0,0,0,1,0,1,2,1,0,2,2,0,1,2,1,1,0,0,1,1,0,0,0,1,0,2,2,2,0,1,0,1,0,2,0,2,2,1,1,2,2,1,0,1,2,2,0,1,0,1,2,2,2,0,0,2,0,1,0,2,1,2,2,1,2,1,0,0,1,1,0,0,1,1,2,2,1,0,0,2,0,1,0,0,0,0,2,1,0,2,2,1,0,1,1,1,0,2,2,2,2,2,2,2,2,1,0,1,1,0,0,1,2,2,2,2,2,1,1,2,2,2,2,2,0,1,0,0,2,2,1,2,2,1,2,1,1,2,0,0,1
216_20,0,0,0,2,1,0,1,2,0,2,1,1,0,0,1,0,1,1,1,0,2,0,2,1,1,1,0,0,2,2,2,0,1,1,0,2,1,1,0,2,0,0,2,2,2,0,0,2,2,2,0,1,0,1,0,0,0,1,0,0,0,0,1,0,1,2,1,0,2,2,0,1,2,1,1,0,0,1,1,0,0,0,1,0,2,2,2,0,1,0,1,0,2,0,2,2,1,1,2,2,1,0,1,2,2,0,1,0,1,2,2,2,0,0,2,0,1,0,2,1,2,2,1,2,1,0,0,1,1,0,0,1,1,2,2,1,0,0,2,0,1,0,0,0,0,2,1,0,2,2,1,0,1,1,1,0,2,2,2,2,2,2,2,2,1,0,1,1,0,0,1,2,2,2,2,2,1,1,2,2,2,2,2,0,1,2,0,2,2,1,2,2,1,2,1,1,2,0,0,1
216_19,0,0,0,2,1,0,1,2,0,2,1,1,0,0,1,0,1,1,1,0,0,0,2,1,1,1,0,0,2,2,0,0,1,1,0,2,1,1,0,2,1,0,2,2,2,0,0,2,0,2,0,1,0,1,0,0,0,1,0,0,0,0,1,0,1,2,1,0,2,2,0,1,2,1,1,0,0,1,1,1,0,0,1,0,2,2,2,0,1,0,1,2,2,0,2,2,1,1,2,2,1,1,1,2,2,0,1,0,1,2,2,2,0,2,2,0,1,0,2,1,2,2,1,2,1,0,0,1,1,0,0,1,1,2,2,1,0,0,2,0,1,0,0,0,0,2,1,0,2,2,1,0,1,1,1,0,2,2,2,2,2,2,2,2,1,0,1,1,0,0,1,2,2,2,2,2,1,1,2,2,2,2,2,2,1,0,0,2,2,1,2,2,1,2,1,1,2,0,0,1
I14,0,0,0,2,1,0,1,2,1,2,1,1,0,0,0,2,0,0,0,0,0,0,0,0,1,1,0,0,0,2,0,0,1,1,0,2,0,0,0,0,0,0,0,0,0,0,2,0,0,0,0,0,0,1,0,0,0,1,1,0,0,0,1,0,0,2,0,1,1,0,1,1,2,1,1,1,0,1,1,0,0,0,1,0,2,0,0,0,1,0,1,0,2,0,2,0,0,0,2,2,1,1,0,0,2,0,1,1,1,2,0,0,0,0,0,0,1,0,2,1,2,2,1,2,1,0,0,0,0,0,0,1,1,0,2,0,0,0,2,0,0,0,0,0,0,2,1,0,2,2,2,0,1,1,2,0,2,0,2,0,1,0,0,2,0,0,0,0,0,0,1,2,2,2,2,2,1,2,2,2,0,0,2,0,1,0,0,2,0,2,2,0,1,2,0,0,2,0,2,1
I15,0,2,0,2,1,0,1,2,1,2,1,1,0,0,0,2,1,0,2,0,0,0,0,0,1,1,0,1,0,2,0,0,1,1,0,2,2,0,0,0,0,2,0,1,0,1,2,0,0,0,0,1,0,1,0,2,0,1,1,1,0,0,1,0,1,2,0,1,1,0,1,1,2,1,1,1,2,1,1,2,0,0,1,0,2,0,2,1,1,0,1,2,2,0,2,0,0,1,2,2,1,1,1,0,2,1,1,1,1,2,0,1,0,0,2,2,1,1,2,1,2,2,1,2,1,0,1,0,0,1,0,1,1,1,2,0,0,0,2,0,0,0,1,0,1,2,1,0,2,2,2,2,1,1,2,0,2,1,2,2,1,0,0,2,0,0,0,2,0,0,1,2,2,2,2,2,1,2,2,2,0,1,2,1,1,0,2,2,1,2,2,0,1,2,0,2,2,0,2,1
216_10,0,2,0,2,1,0,1,2,1,2,1,1,0,0,0,2,1,0,2,0,1,0,0,0,1,1,0,1,0,2,0,0,1,1,0,2,2,0,0,0,0,2,0,1,0,1,2,0,0,0,0,1,0,1,0,2,0,1,1,1,0,0,1,0,1,2,0,1,1,0,1,1,2,1,1,1,2,1,1,2,0,0,1,0,2,0,2,1,1,0,1,2,2,0,2,2,0,1,2,2,1,1,1,0,2,1,1,1,1,2,0,1,0,0,2,2,1,1,2,1,2,2,1,2,1,0,1,0,0,1,0,1,1,1,2,0,0,0,2,0,0,0,1,0,1,2,1,0,2,2,2,2,1,1,2,0,2,1,2,2,1,0,0,2,0,0,0,2,0,0,1,2,2,2,2,2,1,2,2,2,0,1,2,1,1,0,2,2,1,2,2,0,1,2,0,2,2,0,2,1
216_9,0,2,0,2,1,0,1,2,1,2,1,1,0,0,0,2,1,0,2,0,0,1,0,0,1,1,0,1,0,2,0,0,1,1,0,2,2,0,0,0,0,2,0,1,0,1,2,0,0,0,0,1,0,1,0,2,0,1,1,1,0,0,1,0,1,2,0,1,1,0,1,1,2,1,1,1,2,1,1,2,0,0,1,0,2,0,2,1,1,0,1,2,2,0,2,0,0,1,2,2,1,1,1,0,2,1,1,1,1,2,0,1,0,0,2,2,1,1,2,1,2,2,1,2,1,0,1,0,0,1,0,1,1,1,2,0,0,0,2,0,0,0,1,0,1,2,1,0,2,2,2,2,1,1,2,0,2,1,2,2,1,0,0,2,0,0,0,2,0,0,1,2,2,2,2,2,1,2,2,2,0,1,2,1,1,0,2,2,1,2,2,0,1,2,0,2,2,0,2,1
I16,0,0,0,2,1,1,1,2,1,2,1,1,0,0,0,2,0,0,0,0,0,0,0,2,1,1,0,0,2,2,0,1,1,1,0,2,1,0,0,0,0,0,0,0,0,0,2,0,0,0,0,0,2,1,1,0,1,1,1,0,0,0,1,1,0,2,0,1,1,0,1,1,2,1,1,1,0,1,1,1,0,0,1,0,2,0,0,0,1,0,1,1,2,0,2,0,2,1,2,2,1,1,0,0,2,0,1,1,1,2,0,0,2,0,1,1,1,0,2,1,2,2,1,2,1,1,0,1,0,0,2,1,1,0,2,0,0,0,2,0,0,0,2,0,0,2,1,0,2,2,2,0,1,1,2,1,2,0,2,0,1,0,0,2,1,1,0,2,0,0,1,2,2,2,2,2,1,2,2,2,0,0,2,0,1,0,0,2,0,2,2,0,1,2,2,0,2,2,2,1
I17,0,0,0,2,1,1,1,2,1,2,1,1,0,0,0,2,0,0,0,0,0,0,0,2,1,1,2,0,2,2,0,1,1,1,0,2,1,0,0,0,0,0,0,0,0,0,2,0,0,0,0,1,2,1,1,0,1,1,1,0,0,0,1,1,2,2,0,1,1,0,1,1,2,1,1,1,0,1,1,1,2,0,1,0,2,0,0,0,1,0,1,1,2,0,2,0,2,1,2,2,1,1,0,0,2,0,1,1,1,2,0,0,2,0,1,1,1,0,2,1,2,2,1,2,1,1,0,1,0,0,2,1,1,1,2,0,0,0,2,0,0,0,2,0,0,2,1,0,2,2,2,1,1,1,2,1,2,0,2,0,1,0,0,2,1,1,0,2,0,0,1,2,2,2,2,2,1,2,2,2,1,0,2,1,1,0,0,2,0,2,2,0,1,2,2,0,2,2,2,1
216_12,0,0,0,2,1,1,1,2,1,2,1,1,0,0,0,2,0,0,0,0,0,0,0,2,1,1,2,0,2,2,0,1,1,1,0,2,1,1,0,0,0,0,0,0,0,2,2,0,0,0,0,1,2,1,1,0,1,1,1,0,0,0,1,1,2,2,0,1,1,0,1,1,2,1,1,1,0,1,1,1,2,0,1,0,2,0,0,0,1,0,1,1,2,0,2,0,2,1,2,2,1,1,0,0,2,0,1,1,1,2,0,0,2,0,1,1,1,0,2,1,2,2,1,2,1,1,0,1,0,0,2,1,1,1,2,0,0,0,2,0,0,0,2,0,0,2,1,0,2,2,2,1,1,1,2,1,2,0,2,0,1,0,0,2,1,1,0,2,0,0,1,2,2,2,2,2,1,2,2,2,1,0,2,1,1,0,0,2,0,2,2,0,1,2,2,0,2,2,2,1
216_11,0,1,0,2,1,1,1,2,1,2,1,1,0,0,0,2,0,1,0,0,0,0,2,2,1,1,2,0,2,2,0,1,1,1,0,2,1,0,0,0,0,0,0,0,0,0,2,0,0,0,0,1,2,1,1,0,1,1,1,0,0,0,1,1,2,2,0,1,1,0,1,1,2,1,1,1,0,1,1,1,2,0,1,0,2,0,0,0,1,0,1,1,2,0,2,0,2,1,2,2,1,1,1,0,2,0,1,1,1,2,0,0,2,0,1,1,1,0,2,1,2,2,1,2,1,1,0,1,0,0,2,1,1,1,2,0,0,0,2,0,0,0,2,0,0,2,1,0,2,2,2,1,1,1,2,1,2,1,2,0,1,0,0,2,1,1,0,2,0,0,1,2,2,2,2,2,1,2,2,2,1,0,2,1,1,0,0,2,0,2,2,0,1,2,2,1,2,2,2,1
I18,0,0,0,2,1,1,1,2,1,2,1,1,1,0,0,2,1,0,0,2,0,0,0,2,1,1,0,0,2,2,0,1,1,1,0,2,1,0,0,0,0,0,0,0,0,0,2,2,0,2,0,0,2,1,1,0,1,1,1,0,0,1,1,1,0,2,0,1,1,2,1,1,2,1,1,1,0,1,1,1,0,0,1,0,2,0,0,0,1,0,1,1,2,2,2,0,2,1,2,2,1,1,0,0,2,0,1,1,1,2,0,0,2,0,1,1,1,0,2,1,2,2,1,2,1,1,0,1,0,0,2,1,1,0,2,1,0,0,2,0,2,0,2,0,0,2,1,0,2,2,2,0,1,1,2,1,2,0,2,0,1,0,0,2,1,1,0,2,2,0,1,2,2,2,2,2,1,2,2,2,0,0,2,0,1,0,0,2,0,2,2,0,1,2,2,0,2,2,2,1
216_14,1,0,0,2,1,1,1,2,1,2,1,1,1,0,0,2,1,0,0,2,0,0,0,2,1,1,0,0,2,2,0,1,1,1,0,2,1,0,2,0,0,0,0,0,0,0,2,2,0,2,0,2,2,1,1,0,1,1,1,0,0,1,1,1,0,2,0,1,1,2,1,1,2,1,1,1,0,1,1,1,0,0,1,0,2,0,0,0,1,0,1,1,2,2,2,0,2,1,2,2,1,1,0,0,2,0,1,1,1,2,0,0,2,0,1,1,1,0,2,1,2,2,1,2,1,1,0,1,0,0,2,1,1,0,2,1,0,0,2,0,2,0,2,0,0,2,1,0,2,2,2,0,1,1,2,1,2,0,2,0,1,0,0,2,1,1,0,2,2,0,1,2,2,2,2,2,1,2,2,2,0,0,2,0,1,0,0,2,0,2,2,0,1,2,2,0,2,2,2,1
216_13,0,0,0,2,1,1,1,2,1,2,1,1,1,0,0,2,1,0,2,2,0,0,0,2,1,1,0,0,2,2,0,1,1,1,0,2,1,0,0,0,0,0,0,0,0,0,2,2,0,2,0,0,2,1,1,0,1,1,1,0,0,1,1,1,0,2,0,1,1,2,1,1,2,1,1,1,0,1,1,1,0,0,1,0,2,0,0,1,1,0,1,1,2,2,2,1,2,1,2,2,1,1,0,0,2,0,1,1,1,2,0,0,2,0,1,1,1,1,2,1,2,2,1,2,1,1,0,1,0,0,2,1,1,0,2,1,0,1,2,0,2,0,2,0,0,2,1,0,2,2,2,0,1,1,2,1,2,0,2,0,1,0,0,2,1,1,0,2,2,0,1,2,2,2,2,2,1,2,2,2,0,0,2,0,1,0,0,2,1,2,2,0,1,2,2,0,2,2,2,1
Evolve tree: [&R] (((((216_13:0.06456756588627624,216_14:0.06456756588627624)I18:0.14325246945301445,(216_11:0.05721655200675471,216_12:0.05721655200675471)I17:0.15060348333253598)I16:0.20553246743107384,(216_9:0.027210879208705078,216_10:0.027210879208705078)I15:0.3861416235616594)I14:0.28759758847823763,(((216_19:0.06705499223213832,216_20:0.06705499223213832)I13:0.15155262750274542,(216_21:0.062098776651768134,216_22:0.062098776651768134)I12:0.15650884308311563)I11:0.19474488303548082,((216_17:0.07719389857338455,216_18:0.07719389857338455)I10:0.1341949888518088,(216_15:0.07463050618864697,216_16:0.07463050618864697)I9:0.13675838123654638)I8:0.20196361534517118)I7:0.28759758847823763)I6:0.368780330538029,(((216_3:0.04532749229029334,216_4:0.04532749229029334)I5:0.11524714212159745,(216_1:0.04300285984445322,216_2:0.04300285984445322)I4:0.11757177456743757)I3:0.18041801976905175,(216_7:0.03840571657315253,216_8:0.03840571657315253)I2:0.30258693760778993)I1:0.7287377676056882)I0:0;