[&R] ((((((216_13:6.147,216_14:3.147)187_8:11.456,(216_11:6.11,216_12:2.11)190_7:8.493)139_4:28.748,(216_9:1.016,216_10:2.016)203_8:41.335)91_3:15.888,(((216_19:6.175,216_20:4.175)186_13:4.307,(216_21:3.071,216_22:3.071)188_16:14.411)136_6:13.513,((216_17:4.063,216_18:2.063)182_10:6.367,(216_15:7.327,216_16:6.327)183_9:9.103)138_5:12.565)91_4:38.244)44_2:69.543,(((216_3:3.078,216_4:4.078)195_2:7.492,(216_1:2.085,216_2:5.085)196_1:12.486)153_1:22.733,(216_7:4.059,216_8:2.059)198_6:31.244)106_1:88.479)virtual:1.218)I0;
I0,0,0,0,0,0,0,0,0,0,0,0,0,0,0,0,0,0,0,0,0,0,0,0,0,0,0,0,0,0,0,0,0,0,0,0,0,0,0,0,0,0,0,0,0,0,0,0,0,0,0,0,0,0,0,0,0,0,0,0,0,0,0,0,0,0,0,0,0,0,0,0,0,0,0,0,0,0,0,0,0,0,0,0,0,0,0,0,0,0,0,0,0,0,0,0,0,0,0,0,0,0,0,0,0,0,0,0,0,0,0,0,0,0,0,0,0,0,0,0,0,0,0,0,0,0,0,0,0,0,0,0,0,0,0,0,0,0,0,0,0,0,0,0,0,0,0,0,0,0,0,0,0,0,0,0,0,0,0,0,0,0,0,0,0,0,0,0,0,0,0,0,0,0,0,0,0,0,0,0,0,0,0,0,0,0,0,0,0,0,0,0,0,0,0,0,0,0,0,0,0
virtual,0,0,0,0,0,0,0,0,0,0,0,0,0,0,0,0,0,0,0,0,0,0,0,0,0,0:0.93/1:0.07,0,0,0,0,0,0,0,0:0.93/1:0.07,0,0,0,0,0,0,0,0,0,0,0,0,0,0,0,0,0,0,0,0:0.93/1:0.07,0,0,0,0,0,0,0,0,0:0.93/1:0.07,0,0,0,0,0,0,0,0,0:0.93/1:0.07,0,0,0,0,0,0,0:0.93/1:0.07,0,0,0,0,0,0,0,0,0,0,0,0,0,0:0.93/2:0.07,0,0,0,0,0,0,0:0.93/2:0.07,0,0,0,0,0,0,0,0,0,0,0,0,0,0,0,0,0:0.93/1:0.07,0,0,0,0,0,0:0.93/1:0.07,0:0.93/2:0.07,0,0,0,0,0,0,0,0,0:0.93/1:0.07,0,0:0.93/2:0.07,0,0,0,0:0.93/2:0.07,0,0,0,0,0,0,0,0:0.93/1:0.07,0,0,0,0,0,0,0:0.93/1:0.07,0,0,0,0,0,0,0,0,0,0,0,0,0,0,0,0,0,0:0.93/2:0.07,0,0,0,0,0,0,0,0,0,0,0,0,0,0,0,0,0,0,0,0,0,0:0.93/2:0.07,0,0,0,0,0,0
106_1,0,0,0,0,0,0:0.04/2:0.96,0:0.04/2:0.96,0:0.04/1:0.96,0:0.04/2:0.96,0,0,0,0,0:0.04/2:0.96,0,0,0:0.04/2:0.96,0:0.04/2:0.96,0:0.04/2:0.96,0:0.04/2:0.96,0,0:0.04/1:0.96,0,0:0.04/2:0.96,0,0:0.03/1:0.97,0,0,0,0,0:0.04/1:0.96,0,0:0.04/2:0.96,0:0.03/1:0.97,0:0.04/1:0.96,0:0.04/1:0.96,0,0,0,0,0,0:0.04/1:0.96,0:0.04/1:0.96,0:0.04/1:0.96,0,0,0:0.04/1:0.96,0:0.04/2:0.96,0:0.04/1:0.96,0:0.04/1:0.96,0,0,0,0:0.03/1:0.97,0:0.04/2:0.96,0,0,0:0.04/2:0.96,0,0,0,0:0.04/2:0.96,0:0.03/1:0.97,0:0.04/2:0.96,0:0.04/2:0.96,0,0,0:0.04/1:0.96,0,0,0:0.04/1:0.96,0:0.03/1:0.97,0,0,0,0,0,0,0:0.03/1:0.97,0:0.04/2:0.96,0:0.04/1:0.96,0:0.04/1:0.96,0:0.04/2:0.96,0:0.04/2:0.96,0,0,0,0,0:0.04/2:0.96,0,0,0:0.04/1:0.96,0:0.03/2:0.97,0:0.04/2:0.96,0,0:0.04/1:0.96,0:0.04/1:0.96,0:0.04/2:0.96,0,0:0.03/2:0.97,0:0.04/2:0.96,0:0.04/2:0.96,0,0,0,0:0.04/2:0.96,0,0:0.04/2:0.96,0,0,0,0,0:0.04/2:0.96,0:0.04/2:0.96,0:0.04/2:0.96,0:0.04/2:0.96,0:0.03/1:0.97,0:0.04/1:0.96,0:0.04/1:0.96,0,0,0:0.04/1:0.96,0:0.03/1:0.97,0:0.03/2:0.97,0,0:0.04/2:0.96,0:0.04/2:0.96,0,0:0.04/2:0.96,0:0.04/1:0.96,0:0.04/2:0.96,0,0:0.03/1:0.97,0,0:0.03/2:0.97,0,0:0.04/2:0.96,0,0:0.03/2:0.97,0:0.04/2:0.96,0:0.04/1:0.96,0,0:0.04/1:0.96,0,0,0,0:0.03/1:0.97,0,0,0,0:0.04/2:0.96,0,0:0.04/2:0.96,0:0.03/1:0.97,0:0.04/1:0.96,0:0.04/2:0.96,0,0,0,0:0.04/1:0.96,0,0,0:0.04/1:0.96,0,0,0,0:0.04/2:0.96,0,0,0,0,0:0.03/2:0.97,0,0,0,0,0:0.04/2:0.96,0,0:0.04/1:0.96,0,0,0:0.04/1:0.96,0,0:0.04/2:0.96,0,0,0:0.04/1:0.96,0,0,0,0,0,0,0:0.03/2:0.97,0:0.04/2:0.96,0:0.04/2:0.96,0,0,0,0:0.04/2:0.96
198_6,2,0,1,0,0,2,2,1,2,1,0,2,0,2,0,0,2,2,2,2,0,1,0,2,0,1,2,0,1,0,1,0,2,1,1,1,0,0,0,0,0,1,1,1,0,1,1,2,1,1,1,0,0,1,2,0,0,2,0,0,0,2,1,2,2,0,2,1,0,0,1,1,0,0,0,0,0,2,1,2,1,1,2,2,0,0,0,1,2,2,0,1,2,2,0,1,1,2,0,2,2,2,0,1,0,2,0,2,1,0,2,0,2,2,2,2,1,1,1,0,0,1,1,2,0,2,2,0,2,1,2,0,1,0,2,1,2,0,2,2,1,0,1,0,0,0,1,1,0,0,2,2,2,1,1,2,0,0,2,1,0,2,1,0,0,0,2,1,0,1,0,2,1,1,0,1,2,0,1,0,0,1,1,2,0,0,1,0,0,0,0,0,0,2,2,2,0,2,2,2
216_8,2,0,1,0,0,2,2,1,2,1,0,2,0,2,0,0,2,2,2,2,0,1,0,2,0,1,2,0,1,0,1,0,2,1,1,1,0,0,0,0,1,1,1,1,0,1,1,2,1,1,1,0,0,1,2,0,0,2,0,0,0,2,1,2,2,0,2,1,0,0,1,1,0,0,0,0,0,2,1,2,1,1,2,2,0,0,0,1,2,2,0,1,2,2,0,1,1,2,0,2,2,2,0,1,0,2,0,2,1,0,2,0,2,2,2,2,1,1,1,0,0,1,1,2,0,2,2,0,2,1,2,0,1,0,2,1,2,0,2,2,1,0,1,0,0,0,1,1,0,0,2,2,2,1,1,2,0,0,2,1,0,2,1,0,0,0,2,1,0,1,0,2,1,1,0,1,2,0,1,1,0,1,1,2,0,0,1,0,0,0,0,0,0,2,2,2,0,2,2,2
216_7,2,0,1,0,0,2,2,1,2,1,0,2,0,2,0,0,2,2,2,2,0,1,0,2,0,1,2,0,1,0,1,0,2,1,1,1,0,0,0,1,0,1,1,1,0,1,1,2,1,1,1,0,0,1,2,0,0,2,0,0,0,2,1,2,2,0,2,1,0,0,1,1,0,0,0,0,0,2,1,2,1,1,2,2,0,0,0,1,2,2,0,1,2,2,0,1,1,2,0,2,2,2,0,1,0,2,0,2,1,0,2,0,2,2,2,2,1,1,1,0,2,1,1,2,0,2,2,0,2,1,2,2,1,0,2,1,2,0,2,2,1,0,1,0,0,0,1,1,0,0,2,2,2,1,1,2,0,0,2,1,0,2,1,0,0,0,2,1,0,1,0,2,1,1,0,1,2,0,1,0,0,1,1,2,0,1,1,0,0,0,0,0,0,2,2,2,0,2,2,2
153_1,0,0,0,0:0.02/1:0.98,0,2,2,1,2,0,0:0.02/2:0.98,0,0,2,0,0,2,2,2,2,0,1,0,2,0,1,0,0,0,0,1,0,2,1,1,1,0,0,0,0,0:0.02/1:0.98,1,1,1,0,0,1,2,1,1,0,0:0.02/2:0.98,0,1,2,0:0.02/1:0.98,0,2,0,0,0:0.02/2:0.98,2,1,2,2,0,0,1,0,0,1,1,0,0:0.02/2:0.98,0,0,0,0,1,2,1,1,2,2,0,0,0,0,2,0,0,1,2,2,0,1,1,2,0:0.02/1:0.98,2,2,2,0,0,0,2,0,2,0,0:0.02/1:0.98,0,0,2,2,2,2,1,1,1,0,0,1,1,2,0:0.02/2:0.98,2,2,0,2,1,2,0,1,0,2,0,2,0,2,2,1,0,1,0:0.02/1:0.98,0,0,1,0,0,0,2,0,2,1,1,2,0:0.02/2:0.98,0,0:0.02/1:0.98,1,0,0,1,0:0.02/1:0.98,0,0:0.02/2:0.98,2,0,0:0.02/2:0.98,0,0,2,0,0:0.02/2:0.98,0,0,2,0:0.02/1:0.98,1,0,0,1,0:0.02/2:0.98,2,0:0.02/1:0.98,0,1,0,0,0,0,0,0,2,2,2,0,0,0,2
196_1,0:0.01/1:0.99,0,0,1,0,2,2,1,2,0,2,0,0:0.01/1:0.99,2,0,0,2,2,2,2,0,1,0:0.01/1:0.99,2,0,1,0,0:0.01/1:0.99,0,0,1,0,2,1,1,1,0,0,0,0,1,1,1,1,0,0,1,2,1,1,0,2,0,1,2,1,0,2,0,0,2,2,1,2,2,0,0,1,0:0.01/1:0.99,0,1,1,0,2,0,0,0:0.01/1:0.99,0,1,2,1,1,2,2,0,0:0.01/2:0.99,0,0,2,0:0.01/2:0.99,0,1,2,2,0,1,1,2,1,2,2,2,0,0,0,2,0,2,0,1,0,0,2,2,2,2,1,1,1,0,0,1,1,2,2,2,2,0,2,1,2,0,1,0,2,0,2,0,2,2,1,0,1,1,0,0,1,0,0,0,2,0,2,1,1,2,2,0:0.01/1:0.99,1,1,0,0,1,1,0,2,2,0,2,0,0,2,0:0.01/1:0.99,2,0,0:0.01/1:0.99,2,1,1,0,0,1,2,2,1,0:0.01/2:0.99,1,0,0,0,0,0,0,2,2,2,0,0,0,2
216_2,1,0,0,1,1,2,2,1,2,0,2,0,1,2,0,0,2,2,2,2,0,1,1,2,0,1,0,1,0,0,1,0,2,1,1,1,0,0,0,0,1,1,1,1,0,0,1,2,1,1,0,2,0,1,2,1,0,2,0,0,2,2,1,2,2,1,0,1,1,0,1,1,0,2,0,0,1,0,1,2,1,1,2,2,0,2,0,0,2,2,0,1,2,2,0,1,1,2,1,2,2,2,0,0,0,2,1,2,0,1,0,0,2,2,2,2,1,1,1,0,0,1,1,2,2,2,2,0,2,1,2,0,1,0,2,0,2,0,2,2,1,0,1,1,0,0,1,0,0,0,2,0,2,1,1,2,2,1,1,1,0,0,1,1,2,2,2,0,2,0,0,2,1,2,0,1,2,1,1,0,0,1,2,2,1,2,1,0,0,1,0,0,0,2,2,2,0,0,0,2
216_1,1,0,0,1,0,2,2,1,2,0,2,0,1,2,0,0,2,2,2,2,0,1,1,2,0,1,0,1,0,0,1,0,2,1,1,1,1,0,0,0,1,1,1,1,0,0,1,2,1,1,0,2,0,1,2,1,0,2,0,0,2,2,1,2,2,0,0,1,1,0,1,1,0,2,0,0,1,0,1,2,1,1,2,2,0,2,0,0,2,2,0,1,2,2,0,1,1,2,1,2,2,2,0,0,0,2,0,2,0,1,0,0,2,2,2,2,1,1,1,0,0,1,1,2,2,2,2,0,2,1,2,0,1,0,2,0,2,0,2,2,1,1,1,1,0,0,1,0,0,0,2,0,2,1,1,2,2,1,1,1,0,0,1,1,0,2,2,0,2,0,0,2,1,2,0,1,2,1,1,0,0,1,2,2,1,2,1,0,0,0,0,0,0,2,2,2,0,0,0,2
195_2,0,0,0,1,0:0.01/1:0.99,2,2,1,2,0,2,0,0,2,0:0.01/2:0.99,0,2,2,2,2,0,1,0,2,0,1,0,0,0,0,1,0,2,1,1,1,0:0.01/2:0.99,0,0,0,1,1,1,1,0,0,1,2,1,1,0,2,0,1,2,1,0,2,0,0,2,2,1,2,2,0,0,1,0,0,1,1,0,2,0,0,0,0,1,2,1,1,2,2,0,0,0,0,2,0,0,1,2,2,0,1,1,2,1,2,2,2,0,0,0,2,0:0.01/1:0.99,2,0,1,0,0,2,2,2,2,1,1,1,0,0,1,1,2,2,2,2,0,2,1,2,0,1,0,2,0,2,0,2,2,1,0,1,1,0:0.01/1:0.99,0,1,0,0,0:0.01/1:0.99,2,0,2,1,1,2,2,0,1,1,0,0,1,1,0,2,2,0,2,0,0,2,0,2,0,0,2,1,1,0,0,1,2,2,1,0,1,0,0:0.01/1:0.99,0,0,0,0,2,2,2,0,0,0,2
216_4,0,0,0,1,1,2,2,1,2,0,2,0,0,2,2,0,2,2,2,2,0,1,0,2,0,1,0,0,1,0,1,0,2,1,1,1,2,0,0,0,1,1,1,1,0,0,1,2,1,1,0,2,0,1,2,1,0,2,1,0,2,2,1,2,2,0,0,1,0,0,1,1,0,2,0,0,0,0,1,2,1,1,2,2,0,0,0,0,2,0,0,1,2,2,0,1,1,2,1,2,2,2,0,0,0,2,1,2,0,1,0,0,2,2,2,2,1,1,1,0,0,1,1,2,2,2,2,0,2,1,2,2,1,0,2,0,2,0,2,2,1,0,1,1,1,0,1,0,0,1,2,0,2,1,1,2,2,0,1,1,0,0,1,1,1,2,2,0,2,0,0,2,0,2,0,0,2,1,1,0,0,1,2,2,1,0,1,0,1,0,0,0,0,2,2,2,0,0,0,2
216_3,0,0,1,1,1,2,2,1,2,0,2,0,0,2,2,0,2,2,2,2,0,1,0,2,0,1,0,0,0,0,1,0,2,1,1,1,2,0,0,0,1,1,1,1,0,0,1,2,1,1,0,2,0,1,2,1,0,2,0,0,2,2,1,2,2,0,0,1,0,0,1,1,0,2,0,0,0,0,1,2,1,1,2,2,0,0,0,0,2,0,0,1,2,2,0,1,1,2,1,2,2,2,0,0,0,2,1,2,0,1,0,0,2,2,2,2,1,1,1,0,0,1,1,2,2,2,2,0,2,1,2,0,1,0,2,0,2,0,2,2,1,0,1,1,1,0,1,0,0,1,2,0,2,1,1,2,2,0,1,1,0,0,1,1,0,2,2,0,2,1,0,2,0,2,0,0,2,1,1,0,0,1,2,2,1,0,1,0,1,0,0,0,1,2,2,2,0,0,0,2
44_2,0,0,0,0:0.04/2:0.96,0:0.04/1:0.96,0,0:0.04/1:0.96,0:0.04/2:0.96,0,0:0.04/2:0.96,0:0.04/1:0.96,0:0.04/1:0.96,0,0,0,0,0,0,0,0,0,0,0,0,0:0.04/1:0.96,0:0.04/1:0.96,0,0,0,0:0.04/2:0.96,0,0,0:0.04/1:0.96,0:0.04/1:0.96,0,0:0.04/2:0.96,0,0,0,0,0,0,0,0,0,0,0,0,0,0,0,0,0,0:0.04/1:0.96,0,0,0,0:0.04/1:0.96,0,0,0,0,0:0.04/1:0.96,0,0,0:0.04/2:0.96,0,0,0,0,0,0:0.04/1:0.96,0:0.04/2:0.96,0:0.04/1:0.96,0:0.04/1:0.96,0,0,0:0.04/1:0.96,0:0.04/1:0.96,0,0,0,0:0.04/1:0.96,0,0:0.04/2:0.96,0,0,0,0:0.04/1:0.96,0,0:0.04/1:0.96,0,0:0.04/2:0.96,0,0:0.04/2:0.96,0,0,0:0.04/1:0.96,0:0.04/2:0.96,0:0.04/2:0.96,0:0.04/1:0.96,0,0,0,0:0.04/2:0.96,0,0:0.04/1:0.96,0,0:0.04/1:0.96,0:0.04/2:0.96,0,0,0,0,0,0,0:0.04/1:0.96,0,0:0.04/2:0.96,0:0.04/1:0.96,0:0.04/2:0.96,0:0.04/2:0.96,0:0.04/1:0.96,0:0.04/2:0.96,0:0.04/1:0.96,0,0,0,0,0,0,0:0.04/1:0.96,0:0.04/1:0.96,0,0:0.04/2:0.96,0,0,0,0:0.04/2:0.96,0,0,0,0,0,0,0:0.04/2:0.96,0:0.04/1:0.96,0,0:0.04/2:0.96,0,0,0,0:0.04/1:0.96,0:0.04/1:0.96,0,0,0:0.04/2:0.96,0,0:0.04/2:0.96,0,0,0,0,0:0.04/2:0.96,0,0,0,0,0,0,0:0.04/1:0.96,0:0.04/2:0.96,0:0.04/2:0.96,0:0.04/2:0.96,0:0.04/2:0.96,0:0.04/2:0.96,0:0.04/1:0.96,0,0:0.04/2:0.96,0:0.04/2:0.96,0,0,0:0.04/2:0.96,0,0:0.04/1:0.96,0,0,0:0.04/2:0.96,0,0,0:0.04/2:0.96,0,0:0.04/1:0.96,0:0.04/2:0.96,0,0,0:0.04/2:0.96,0,0,0:0.04/1:0.96
91_4,0,0,0,2,1,0,1,2,0,2,1,1,0,0,0:0.03/1:0.97,0,0:0.03/1:0.97,0,0,0,0,0,0:0.03/2:0.97,0:0.03/1:0.97,1,1,0,0,0:0.03/2:0.97,2,0,0,1,1,0,2,0,0:0.03/1:0.97,0,0:0.03/2:0.97,0,0,0:0.03/2:0.97,0:0.03/2:0.97,0,0,0,0,0,0:0.03/2:0.97,0,0:0.03/1:0.97,0,1,0,0,0,1,0,0,0,0,1,0,0,2,0,0,0:0.03/2:0.97,0:0.03/2:0.97,0,1,2,1,1,0,0,1,1,0,0,0,1,0,2,0,0:0.03/2:0.97,0,1,0,1,0,2,0,2,0:0.03/2:0.97,0:0.03/1:0.97,1,2,2,1,0,0:0.03/1:0.97,0,2,0,1,0,1,2,0:0.03/2:0.97,0:0.03/2:0.97,0,0,0,0,1,0,2,1,2,2,1,2,1,0,0,0:0.03/1:0.97,0:0.03/1:0.97,0,0,1,1,0:0.03/2:0.97,2,0,0,0,2,0,0:0.03/1:0.97,0,0,0,0,2,1,0,2,0,0:0.03/1:0.97,0,1,1,0,0,2,0:0.03/2:0.97,2,0:0.03/2:0.97,0:0.03/2:0.97,0,0:0.03/2:0.97,2,0:0.03/1:0.97,0,0:0.03/1:0.97,0,0,0,1,2,2,2,2,2,1,0:0.03/1:0.97,2,2,0:0.03/2:0.97,0:0.03/2:0.97,2,0,1,0,0,2,0:0.03/2:0.97,0:0.03/1:0.97,2,0,1,2,0,0:0.03/1:0.97,2,0,0,1
138_5,0,0,0,2,1,0,1,2,0,2,1,1,0,0,1,0,1,0:0.03/2:0.97,0,0,0,0:0.03/1:0.97,2,1,1,1,0,0,2,2,0:0.03/1:0.97,0:0.03/2:0.97,1,1,0,2,0,1,0,2,0,0,2,2,0,0,0,0,0,2,0,1,0,1,0,0,0,1,0,0,0,0,1,0,0,2,0,0,2,2,0,1,2,1,1,0,0,1,1,0:0.03/1:0.97,0:0.03/1:0.97,0,1,0,2,0,2,0,1,0,1,0:0.03/1:0.97,2,0,2,2,1,1,2,2,1,0,1,0,2,0,1,0,1,2,2,2,0,0,0,0,1,0,2,1,2,2,1,2,1,0:0.03/2:0.97,0,1,1,0,0,1,1,2,2,0,0:0.03/1:0.97,0,2,0,1,0,0,0,0,2,1,0,2,0,1,0,1,1,0,0,2,2,2,2,2,0,2,2,1,0:0.03/2:0.97,1,0,0,0:0.03/1:0.97,1,2,2,2,2,2,1,1,2,2,2,2,2,0,1,0,0,2,2,1,2,0,1,2,0:0.03/1:0.97,1,2,0,0,1
183_9,0,0,0,2,1,0,1,2,0,2,1,1,0,0,1,0,1,2,0,0:0.03/1:0.97,0,1,2,1,1,1,0,0:0.03/1:0.97,2,2,1,2,1,1,0,2,0,1,0,2,0,0,2,2,0,0,0,0,0,2,0,1,0,1,0,0,0,1,0,0,0,0,1,0,0,2,0,0,2,2,0:0.03/2:0.97,1,2,1,1,0:0.03/1:0.97,0,1,1,1,1,0,1,0,2,0,2,0:0.03/2:0.97,1,0,1,1,2,0,2,2,1,1,2,2,1,0,1,0,2,0,1,0,1,2,2,2,0,0:0.03/1:0.97,0,0:0.03/2:0.97,1,0,2,1,2,2,1,2,1,2,0,1,1,0,0,1,1,2,2,0,1,0,2,0,1,0,0,0,0,2,1,0,2,0,1,0,1,1,0:0.03/1:0.97,0,2,2,2,2,2,0,2,2,1,2,1,0,0,1,1,2,2,2,2,2,1,1,2,2,2,2,2,0,1,0,0,2,2,1,2,0,1,2,1,1,2,0:0.03/2:0.97,0,1
216_16,0,0,0,2,1,2,1,2,0,2,1,1,0,0,1,0,1,2,0,1,0,1,2,1,1,1,0,1,2,2,1,2,1,1,0,2,0,1,0,2,0,0,2,2,0,0,0,0,0,2,0,1,1,1,0,0,2,1,0,0,0,0,1,0,0,2,0,0,2,2,2,1,2,1,1,1,0,1,1,1,1,0,1,0,2,0,2,2,1,0,1,1,2,0,2,2,1,1,2,2,1,0,1,0,2,0,1,0,1,2,2,2,0,1,0,2,1,1,2,1,2,2,1,2,1,2,0,1,1,0,0,1,1,2,2,0,1,2,2,0,1,0,0,0,0,2,1,0,2,0,1,0,1,1,1,0,2,2,2,2,2,1,2,2,1,2,1,0,0,1,1,2,2,2,2,2,1,1,2,2,2,2,2,0,1,0,0,2,2,1,2,0,1,2,1,1,2,2,0,1
216_15,0,0,0,2,1,0,1,2,0,2,1,1,2,0,1,0,1,2,0,1,0,1,2,1,1,1,0,1,2,2,1,2,1,1,0,2,0,1,1,2,0,0,2,2,0,0,0,0,0,2,0,1,0,1,0,0,0,1,0,0,0,0,1,0,0,2,1,0,2,2,2,1,2,1,1,1,1,1,1,1,1,0,1,0,2,0,2,2,1,0,1,1,2,0,2,2,1,1,2,2,1,0,1,0,2,0,1,0,1,2,2,2,0,1,0,2,1,0,2,1,2,2,1,2,1,2,0,1,1,0,0,1,1,2,2,0,1,0,2,0,1,0,0,0,2,2,1,0,2,0,1,0,1,1,1,1,2,2,2,2,2,0,2,2,1,2,1,0,2,1,1,2,2,2,2,2,1,1,2,2,2,2,2,0,1,0,0,2,2,1,2,0,1,2,1,1,2,2,0,1
182_10,0,0,0,2,1,0,1,2,0,2,1,1,0,0,1,0,1,2,0,0,0:0.01/1:0.99,1,2,1,1,1,0,0,2,2,1,2,1,1,0,2,0,1,0,2,0,0,2,2,0,0,0,0,0,2,0,1,0,1,0,0,0,1,0,0,0,0,1,0,0:0.01/1:0.99,2,0,0,2,2,0,1,2,1,1,0,0,1,1,1,1,0,1,0,2,0,2,0,1,0,1,1,2,0,2,2,1,1,2,2,1,0,1,0,2,0,1,0,1,2,2,2,0,0,0,0,1,0,2,1,2,2,1,2,1,2,0,1,1,0,0,1,1,2,2,0,1,0,2,0,1,0,0,0,0,2,1,0,2,0,1,0,1,1,0,0:0.01/2:0.99,2,2,2,2,2,0,2,2,1,2,1,0:0.01/2:0.99,0,1,1,2,2,2,2,2,1,1,2,2,2,2,2,0,1,0,0,2,2,1,2,0:0.01/1:0.99,1,2,1,1,2,0,0:0.01/2:0.99,1
216_18,0,0,0,2,1,0,1,2,0,2,1,1,0,0,1,0,1,2,0,0,1,1,2,1,1,1,0,0,2,2,1,2,1,1,0,2,0,1,0,2,0,0,2,2,0,0,0,0,0,2,0,1,0,1,0,0,0,1,0,0,0,0,1,0,1,2,0,0,2,2,0,1,2,1,1,0,0,1,1,1,1,0,1,0,2,0,2,0,1,0,1,1,2,0,2,2,1,1,2,2,1,0,1,0,2,0,1,0,1,2,2,2,0,0,0,0,1,0,2,1,2,2,1,2,1,2,0,1,1,0,0,1,1,2,2,0,1,0,2,0,1,0,0,0,1,2,1,0,2,0,1,0,1,1,0,2,2,2,2,2,2,0,2,2,1,2,1,2,0,1,1,2,2,2,2,2,1,1,2,2,2,2,2,0,1,2,0,2,2,1,2,1,1,2,1,1,2,0,2,1
216_17,0,0,0,2,1,2,1,2,0,2,1,1,0,0,1,0,1,2,0,0,1,1,2,1,1,1,0,0,2,2,1,2,1,1,0,2,0,1,0,2,0,0,2,2,0,0,0,0,0,2,0,1,0,1,1,0,0,1,0,0,0,0,1,0,1,2,0,0,2,2,0,1,2,1,1,0,0,1,1,1,1,0,1,0,2,0,2,0,1,0,1,1,2,0,2,2,1,1,2,2,1,2,1,0,2,0,1,0,1,2,2,2,0,0,0,0,1,0,2,1,2,2,1,2,1,2,0,1,1,0,0,1,1,2,2,0,1,0,2,0,1,2,0,0,0,2,1,0,2,0,1,0,1,1,0,2,2,2,2,2,2,0,2,2,1,2,1,2,0,1,1,2,2,2,2,2,1,1,2,2,2,2,2,0,1,0,0,2,2,1,2,1,1,2,1,1,2,0,2,1
136_6,0,0,0,2,1,0,1,2,0,2,1,1,0,0,1,0,1,0:0.03/1:0.97,0,0,0,0,2,1,1,1,0,0,2,2,0,0,1,1,0,2,0:0.03/1:0.97,1,0,2,0,0,2,2,0,0,0,0:0.03/2:0.97,0,2,0,1,0,1,0,0,0,1,0,0,0,0,1,0,0:0.03/1:0.97,2,0:0.03/1:0.97,0,2,2,0,1,2,1,1,0,0,1,1,0,0,0,1,0,2,0,2,0,1,0,1,0,2,0,2,2,1,1,2,2,1,0,1,0:0.03/2:0.97,2,0,1,0,1,2,2,2,0,0,0:0.03/2:0.97,0,1,0,2,1,2,2,1,2,1,0,0,1,1,0,0,1,1,2,2,0:0.03/1:0.97,0,0,2,0,1,0,0,0,0,2,1,0,2,0:0.03/2:0.97,1,0,1,1,0:0.03/1:0.97,0,2,2,2,2,2,0:0.03/2:0.97,2,2,1,0,1,0:0.03/1:0.97,0,0,1,2,2,2,2,2,1,1,2,2,2,2,2,0,1,0,0,2,2,1,2,0:0.03/2:0.97,1,2,0,1,2,0,0,1
188_16,2,0,0,2,1,0,1,2,0,2,1,1,0,2,1,0,1,1,0,0,0,0,2,1,1,1,2,0,2,2,1,0,1,1,0,2,1,1,1,2,0,0,2,2,0,0,0,2,0,2,0,1,0,1,0,0,0,1,1,0,2,0,1,0,1,2,1,0,2,2,0,1,2,1,1,0,0,1,1,0,1,0,1,0,2,0,2,2,1,0,1,0,2,0,2,2,1,1,2,2,1,0,1,2,2,0,1,0,1,2,2,2,1,0,2,0,1,0,2,1,2,2,1,2,1,0,2,1,1,0,0,1,1,2,2,1,0,0,2,0,1,1,0,0,1,2,1,0,2,2,1,1,1,1,1,0,2,2,2,2,2,2,2,2,1,0,1,1,0,0,1,2,2,2,2,2,1,1,2,2,2,2,2,0,1,0,0,2,2,1,2,2,1,2,0,1,2,0,0,1
216_22,2,0,0,2,1,0,1,2,0,2,1,1,0,2,1,0,1,1,0,0,0,0,2,1,1,1,2,0,2,2,1,0,1,1,0,2,1,1,1,2,0,0,2,2,0,2,0,2,0,2,0,1,0,1,0,2,0,1,1,0,2,0,1,2,1,2,1,0,2,2,0,1,2,1,1,0,0,1,1,0,1,0,1,0,2,0,2,2,1,0,1,0,2,0,2,2,1,1,2,2,1,0,1,2,2,0,1,0,1,2,2,2,1,0,2,0,1,0,2,1,2,2,1,2,1,0,2,1,1,0,0,1,1,2,2,1,0,0,2,0,1,1,0,0,1,2,1,0,2,2,1,1,1,1,1,0,2,2,2,2,2,2,2,2,1,0,1,1,0,0,1,2,2,2,2,2,1,1,2,2,2,2,2,0,1,0,0,2,2,1,2,2,1,2,0,1,2,0,0,1
216_21,2,0,0,2,1,0,1,2,0,2,1,1,0,2,1,0,1,1,0,0,0,0,2,1,1,1,2,0,2,2,1,0,1,1,0,2,1,1,1,2,0,0,2,2,0,0,0,2,0,2,0,1,0,1,0,0,0,1,1,0,2,0,1,0,1,2,1,0,2,2,0,1,2,1,1,0,0,1,1,0,1,0,1,0,2,0,2,2,1,0,1,0,2,0,2,2,1,1,2,2,1,0,1,2,2,0,1,0,1,2,2,2,1,0,2,1,1,0,2,1,2,2,1,2,1,0,2,1,1,0,0,1,1,2,2,1,0,0,2,0,1,1,0,0,1,2,1,0,2,2,1,1,1,1,1,2,2,2,2,2,2,2,2,2,1,0,1,1,0,0,1,2,2,2,2,2,1,1,2,2,2,2,2,0,1,0,0,2,2,1,2,2,1,2,0,1,2,0,2,1
186_13,0,0,0,2,1,0,1,2,0,2,1,1,0,0,1,0,1,1,0:0.04/1:0.96,0,0,0,2,1,1,1,0,0,2,2,0,0,1,1,0,2,1,1,0,2,0,0,2,2,0:0.04/2:0.96,0,0,2,0,2,0,1,0,1,0,0,0,1,0,0,0,0,1,0,1,2,1,0,2,2,0,1,2,1,1,0,0,1,1,0,0,0,1,0,2,0:0.04/2:0.96,2,0,1,0,1,0,2,0,2,2,1,1,2,2,1,0,1,2,2,0,1,0,1,2,2,2,0,0,2,0,1,0,2,1,2,2,1,2,1,0,0,1,1,0,0,1,1,2,2,1,0,0,2,0,1,0,0,0,0,2,1,0,2,2,1,0,1,1,1,0,2,2,2,2,2,2,2,2,1,0,1,1,0,0,1,2,2,2,2,2,1,1,2,2,2,2,2,0,1,0,0,2,2,1,2,2,1,2,0:0.04/1:0.96,1,2,0,0,1
216_20,0,0,0,2,1,0,1,2,0,2,1,1,0,0,1,0,1,1,1,0,2,0,2,1,1,1,0,0,2,2,2,0,1,1,0,2,1,1,0,2,0,0,2,2,2,0,0,2,2,2,0,1,0,1,0,0,0,1,0,0,0,0,1,0,1,2,1,0,2,2,0,1,2,1,1,0,0,1,1,0,0,0,1,0,2,2,2,0,1,0,1,0,2,0,2,2,1,1,2,2,1,0,1,2,2,0,1,0,1,2,2,2,0,0,2,0,1,0,2,1,2,2,1,2,1,0,0,1,1,0,0,1,1,2,2,1,0,0,2,0,1,0,0,0,0,2,1,0,2,2,1,0,1,1,1,0,2,2,2,2,2,2,2,2,1,0,1,1,0,0,1,2,2,2,2,2,1,1,2,2,2,2,2,0,1,2,0,2,2,1,2,2,1,2,1,1,2,0,0,1
216_19,0,0,0,2,1,0,1,2,0,2,1,1,0,0,1,0,1,1,1,0,0,0,2,1,1,1,0,0,2,2,0,0,1,1,0,2,1,1,0,2,1,0,2,2,2,0,0,2,0,2,0,1,0,1,0,0,0,1,0,0,0,0,1,0,1,2,1,0,2,2,0,1,2,1,1,0,0,1,1,1,0,0,1,0,2,2,2,0,1,0,1,2,2,0,2,2,1,1,2,2,1,1,1,2,2,0,1,0,1,2,2,2,0,2,2,0,1,0,2,1,2,2,1,2,1,0,0,1,1,0,0,1,1,2,2,1,0,0,2,0,1,0,0,0,0,2,1,0,2,2,1,0,1,1,1,0,2,2,2,2,2,2,2,2,1,0,1,1,0,0,1,2,2,2,2,2,1,1,2,2,2,2,2,2,1,0,0,2,2,1,2,2,1,2,1,1,2,0,0,1
91_3,0,0,0,0:0.01/2:0.99,0:0.01/1:0.99,0,0:0.01/1:0.99,0:0.01/2:0.99,0:0.25/1:0.75,0:0.01/2:0.99,0:0.01/1:0.99,0:0.01/1:0.99,0,0,0,0:0.25/2:0.75,0,0,0,0,0,0,0,0,0:0.01/1:0.99,0:0.01/1:0.99,0,0,0,0:0.01/2:0.99,0,0,0:0.01/1:0.99,0:0.01/1:0.99,0,0:0.01/2:0.99,0,0,0,0,0,0,0,0,0,0,0:0.25/2:0.75,0,0,0,0,0,0,0:0.01/1:0.99,0,0,0,0:0.01/1:0.99,0:0.25/1:0.75,0,0,0,0:0.01/1:0.99,0,0,0:0.01/2:0.99,0,0:0.25/1:0.75,0:0.25/1:0.75,0,0:0.25/1:0.75,0:0.01/1:0.99,0:0.01/2:0.99,0:0.01/1:0.99,0:0.01/1:0.99,0:0.25/1:0.75,0,0:0.01/1:0.99,0:0.01/1:0.99,0,0,0,0:0.01/1:0.99,0,0:0.01/2:0.99,0,0,0,0:0.01/1:0.99,0,0:0.01/1:0.99,0,0:0.01/2:0.99,0,0:0.01/2:0.99,0,0,0:0.01/1:0.99,0:0.01/2:0.99,0:0.01/2:0.99,0:0.01/1:0.99,0:0.25/1:0.75,0,0,0:0.01/2:0.99,0,0:0.01/1:0.99,0:0.25/1:0.75,0:0.01/1:0.99,0:0.01/2:0.99,0,0,0,0,0,0,0:0.01/1:0.99,0,0:0.01/2:0.99,0:0.01/1:0.99,0:0.01/2:0.99,0:0.01/2:0.99,0:0.01/1:0.99,0:0.01/2:0.99,0:0.01/1:0.99,0,0,0,0,0,0,0:0.01/1:0.99,0:0.01/1:0.99,0,0:0.01/2:0.99,0,0,0,0:0.01/2:0.99,0,0,0,0,0,0,0:0.01/2:0.99,0:0.01/1:0.99,0,0:0.01/2:0.99,0:0.25/2:0.75,0:0.25/2:0.75,0,0:0.01/1:0.99,0:0.01/1:0.99,0:0.25/2:0.75,0,0:0.01/2:0.99,0,0:0.01/2:0.99,0,0:0.25/1:0.75,0,0,0:0.01/2:0.99,0,0,0,0:0.25/2:0.75,0,0,0:0.01/1:0.99,0:0.01/2:0.99,0:0.01/2:0.99,0:0.01/2:0.99,0:0.01/2:0.99,0:0.01/2:0.99,0:0.01/1:0.99,0:0.25/2:0.75,0:0.01/2:0.99,0:0.01/2:0.99,0,0,0:0.01/2:0.99,0,0:0.01/1:0.99,0,0,0:0.01/2:0.99,0,0:0.25/2:0.75,0:0.01/2:0.99,0,0:0.01/1:0.99,0:0.01/2:0.99,0,0,0:0.01/2:0.99,0,0:0.25/2:0.75,0:0.01/1:0.99
203_8,0,2,0,2,1,0,1,2,1,2,1,1,0,0,0,2,1,0,2,0,0,0,0,0,1,1,0,1,0,2,0,0,1,1,0,2,2,0,0,0,0,2,0,1,0,1,2,0,0,0,0,1,0,1,0,2,0,1,1,1,0,0,1,0,1,2,0,1,1,0,1,1,2,1,1,1,2,1,1,2,0,0,1,0,2,0,2,1,1,0,1,2,2,0,2,0,0,1,2,2,1,1,1,0,2,1,1,1,1,2,0,1,0,0,2,2,1,1,2,1,2,2,1,2,1,0,1,0,0,1,0,1,1,1,2,0,0,0,2,0,0,0,1,0,1,2,1,0,2,2,2,2,1,1,2,0,2,1,2,2,1,0,0,2,0,0,0,2,0,0,1,2,2,2,2,2,1,2,2,2,0,1,2,1,1,0,2,2,1,2,2,0,1,2,0,2,2,0,2,1
216_10,0,2,0,2,1,0,1,2,1,2,1,1,0,0,0,2,1,0,2,0,1,0,0,0,1,1,0,1,0,2,0,0,1,1,0,2,2,0,0,0,0,2,0,1,0,1,2,0,0,0,0,1,0,1,0,2,0,1,1,1,0,0,1,0,1,2,0,1,1,0,1,1,2,1,1,1,2,1,1,2,0,0,1,0,2,0,2,1,1,0,1,2,2,0,2,2,0,1,2,2,1,1,1,0,2,1,1,1,1,2,0,1,0,0,2,2,1,1,2,1,2,2,1,2,1,0,1,0,0,1,0,1,1,1,2,0,0,0,2,0,0,0,1,0,1,2,1,0,2,2,2,2,1,1,2,0,2,1,2,2,1,0,0,2,0,0,0,2,0,0,1,2,2,2,2,2,1,2,2,2,0,1,2,1,1,0,2,2,1,2,2,0,1,2,0,2,2,0,2,1
216_9,0,2,0,2,1,0,1,2,1,2,1,1,0,0,0,2,1,0,2,0,0,1,0,0,1,1,0,1,0,2,0,0,1,1,0,2,2,0,0,0,0,2,0,1,0,1,2,0,0,0,0,1,0,1,0,2,0,1,1,1,0,0,1,0,1,2,0,1,1,0,1,1,2,1,1,1,2,1,1,2,0,0,1,0,2,0,2,1,1,0,1,2,2,0,2,0,0,1,2,2,1,1,1,0,2,1,1,1,1,2,0,1,0,0,2,2,1,1,2,1,2,2,1,2,1,0,1,0,0,1,0,1,1,1,2,0,0,0,2,0,0,0,1,0,1,2,1,0,2,2,2,2,1,1,2,0,2,1,2,2,1,0,0,2,0,0,0,2,0,0,1,2,2,2,2,2,1,2,2,2,0,1,2,1,1,0,2,2,1,2,2,0,1,2,0,2,2,0,2,1
139_4,0,0,0,2,1,0:0.02/1:0.98,1,2,0:0.01/1:0.99,2,1,1,0,0,0,0:0.01/2:0.99,0,0,0,0,0,0,0,0:0.02/2:0.98,1,1,0,0,0:0.02/2:0.98,2,0,0:0.02/1:0.98,1,1,0,2,0:0.02/1:0.98,0,0,0,0,0,0,0,0,0,0:0.01/2:0.99,0,0,0,0,0,0:0.02/2:0.98,1,0:0.02/1:0.98,0,0:0.02/1:0.98,1,0:0.01/1:0.99,0,0,0,1,0:0.02/1:0.98,0,2,0,0:0.01/1:0.99,0:0.01/1:0.99,0,0:0.01/1:0.99,1,2,1,1,0:0.01/1:0.99,0,1,1,0:0.02/1:0.98,0,0,1,0,2,0,0,0,1,0,1,0:0.02/1:0.98,2,0,2,0,0:0.02/2:0.98,1,2,2,1,0:0.01/1:0.99,0,0,2,0,1,0:0.01/1:0.99,1,2,0,0,0:0.02/2:0.98,0,0:0.02/1:0.98,0:0.02/1:0.98,1,0,2,1,2,2,1,2,1,0:0.02/1:0.98,0,0:0.02/1:0.98,0,0,0:0.02/2:0.98,1,1,0,2,0,0,0,2,0,0,0,0:0.02/2:0.98,0,0,2,1,0,2,0:0.01/2:0.99,0:0.01/2:0.99,0,1,1,0:0.01/2:0.99,0:0.02/1:0.98,2,0,2,0,0:0.01/1:0.99,0,0,2,0:0.02/1:0.98,0:0.02/1:0.98,0,0:0.01/2:0.99,0,0,1,2,2,2,2,2,1,0:0.01/2:0.99,2,2,0,0,2,0,1,0,0,2,0,0:0.01/2:0.99,2,0,1,2,0:0.02/2:0.98,0,2,0:0.02/2:0.98,0:0.01/2:0.99,1
190_7,0,0,0,2,1,1,1,2,1,2,1,1,0,0,0,2,0,0,0,0,0,0,0,2,1,1,0:0.01/2:0.99,0,2,2,0,1,1,1,0,2,1,0,0,0,0,0,0,0,0,0,2,0,0,0,0,0:0.01/1:0.99,2,1,1,0,1,1,1,0,0,0,1,1,0:0.01/2:0.99,2,0,1,1,0,1,1,2,1,1,1,0,1,1,1,0:0.01/2:0.99,0,1,0,2,0,0,0,1,0,1,1,2,0,2,0,2,1,2,2,1,1,0,0,2,0,1,1,1,2,0,0,2,0,1,1,1,0,2,1,2,2,1,2,1,1,0,1,0,0,2,1,1,0:0.01/1:0.99,2,0,0,0,2,0,0,0,2,0,0,2,1,0,2,2,2,0:0.01/1:0.99,1,1,2,1,2,0,2,0,1,0,0,2,1,1,0,2,0,0,1,2,2,2,2,2,1,2,2,2,0:0.01/1:0.99,0,2,0:0.01/1:0.99,1,0,0,2,0,2,2,0,1,2,2,0,2,2,2,1
216_12,0,0,0,2,1,1,1,2,1,2,1,1,0,0,0,2,0,0,0,0,0,0,0,2,1,1,2,0,2,2,0,1,1,1,0,2,1,1,0,0,0,0,0,0,0,2,2,0,0,0,0,1,2,1,1,0,1,1,1,0,0,0,1,1,2,2,0,1,1,0,1,1,2,1,1,1,0,1,1,1,2,0,1,0,2,0,0,0,1,0,1,1,2,0,2,0,2,1,2,2,1,1,0,0,2,0,1,1,1,2,0,0,2,0,1,1,1,0,2,1,2,2,1,2,1,1,0,1,0,0,2,1,1,1,2,0,0,0,2,0,0,0,2,0,0,2,1,0,2,2,2,1,1,1,2,1,2,0,2,0,1,0,0,2,1,1,0,2,0,0,1,2,2,2,2,2,1,2,2,2,1,0,2,1,1,0,0,2,0,2,2,0,1,2,2,0,2,2,2,1
216_11,0,1,0,2,1,1,1,2,1,2,1,1,0,0,0,2,0,1,0,0,0,0,2,2,1,1,2,0,2,2,0,1,1,1,0,2,1,0,0,0,0,0,0,0,0,0,2,0,0,0,0,1,2,1,1,0,1,1,1,0,0,0,1,1,2,2,0,1,1,0,1,1,2,1,1,1,0,1,1,1,2,0,1,0,2,0,0,0,1,0,1,1,2,0,2,0,2,1,2,2,1,1,1,0,2,0,1,1,1,2,0,0,2,0,1,1,1,0,2,1,2,2,1,2,1,1,0,1,0,0,2,1,1,1,2,0,0,0,2,0,0,0,2,0,0,2,1,0,2,2,2,1,1,1,2,1,2,1,2,0,1,0,0,2,1,1,0,2,0,0,1,2,2,2,2,2,1,2,2,2,1,0,2,1,1,0,0,2,0,2,2,0,1,2,2,1,2,2,2,1
187_8,0,0,0,2,1,1,1,2,1,2,1,1,0:0.01/1:0.99,0,0,2,0:0.01/1:0.99,0,0,0:0.01/2:0.99,0,0,0,2,1,1,0,0,2,2,0,1,1,1,0,2,1,0,0,0,0,0,0,0,0,0,2,0:0.01/2:0.99,0,0:0.01/2:0.99,0,0,2,1,1,0,1,1,1,0,0,0:0.01/1:0.99,1,1,0,2,0,1,1,0:0.01/2:0.99,1,1,2,1,1,1,0,1,1,1,0,0,1,0,2,0,0,0,1,0,1,1,2,0:0.01/2:0.99,2,0,2,1,2,2,1,1,0,0,2,0,1,1,1,2,0,0,2,0,1,1,1,0,2,1,2,2,1,2,1,1,0,1,0,0,2,1,1,0,2,0:0.01/1:0.99,0,0,2,0,0:0.01/2:0.99,0,2,0,0,2,1,0,2,2,2,0,1,1,2,1,2,0,2,0,1,0,0,2,1,1,0,2,0:0.01/2:0.99,0,1,2,2,2,2,2,1,2,2,2,0,0,2,0,1,0,0,2,0,2,2,0,1,2,2,0,2,2,2,1
216_14,1,0,0,2,1,1,1,2,1,2,1,1,1,0,0,2,1,0,0,2,0,0,0,2,1,1,0,0,2,2,0,1,1,1,0,2,1,0,2,0,0,0,0,0,0,0,2,2,0,2,0,2,2,1,1,0,1,1,1,0,0,1,1,1,0,2,0,1,1,2,1,1,2,1,1,1,0,1,1,1,0,0,1,0,2,0,0,0,1,0,1,1,2,2,2,0,2,1,2,2,1,1,0,0,2,0,1,1,1,2,0,0,2,0,1,1,1,0,2,1,2,2,1,2,1,1,0,1,0,0,2,1,1,0,2,1,0,0,2,0,2,0,2,0,0,2,1,0,2,2,2,0,1,1,2,1,2,0,2,0,1,0,0,2,1,1,0,2,2,0,1,2,2,2,2,2,1,2,2,2,0,0,2,0,1,0,0,2,0,2,2,0,1,2,2,0,2,2,2,1
216_13,0,0,0,2,1,1,1,2,1,2,1,1,1,0,0,2,1,0,2,2,0,0,0,2,1,1,0,0,2,2,0,1,1,1,0,2,1,0,0,0,0,0,0,0,0,0,2,2,0,2,0,0,2,1,1,0,1,1,1,0,0,1,1,1,0,2,0,1,1,2,1,1,2,1,1,1,0,1,1,1,0,0,1,0,2,0,0,1,1,0,1,1,2,2,2,1,2,1,2,2,1,1,0,0,2,0,1,1,1,2,0,0,2,0,1,1,1,1,2,1,2,2,1,2,1,1,0,1,0,0,2,1,1,0,2,1,0,1,2,0,2,0,2,0,0,2,1,0,2,2,2,0,1,1,2,1,2,0,2,0,1,0,0,2,1,1,0,2,2,0,1,2,2,2,2,2,1,2,2,2,0,0,2,0,1,0,0,2,1,2,2,0,1,2,2,0,2,2,2,1
