[&R] ((((((216_3:1.116,216_4:1.116)212_3:0.892,216_5:1.009)159_2:0.003,216_1:1.012)106_1:2.142,(((216_6:0.017,216_7:1.017)207_5:1.036,(216_8:1.027,216_9:0.027)209_7:2.026)155_3:0.005,((216_12:0,216_13:0)201_8:1.327,216_11:2.327)155_4:2.731)106_2:1.096)59_1:1.846,(((216_20:0,216_21:0)175_12:4.463,(216_18:1.583,216_19:3.583)179_12:0.881)126_6:1.784,((216_16:0,216_17:0)177_10:1.153,(216_14:0,216_15:0)180_9:2.153)130_5:1.094)73_3:1.753)16_1:0)I0;
I0,0,0,0,0,0,0,0,0,0,0
16_1,0,0,0,0,0,0,0,0,0,0
73_3,0,0,0,0:0.12/2:0.88,0,0,0:0.12/2:0.88,0,0,0
130_5,0,0,0,0:0.02/2:0.98,0,0:0.12/2:0.88,0:0.02/2:0.98,0,0,0
180_9,0,1,0,2,1,2,2,0,0,0
216_15,0,1,0,2,1,2,2,0,0,0
216_14,0,1,0,2,1,2,2,0,0,0
177_10,0,0,0,2,2,2,2,0,0,0
216_17,0,0,0,2,2,2,2,0,0,0
216_16,0,0,0,2,2,2,2,0,0,0
126_6,0,0,0:0.21/1:0.79,0:0.03/2:0.97,0,0,0:0.03/2:0.97,0,0,0:0.21/2:0.79
179_12,0,0:0.4/1:0.6,0:0.08/1:0.92,0:0.01/2:0.99,0,0,0:0.01/2:0.99,0,0,0:0.08/2:0.92
216_19,2,1,1,2,1,2,2,0,0,2
216_18,1,1,1,2,0,0,2,0,0,2
175_12,2,0,1,2,0,1,2,1,1,2
216_21,2,0,1,2,0,1,2,1,1,2
216_20,2,0,1,2,0,1,2,1,1,2
59_1,0,0:0.08/2:0.92,0:0.08/2:0.92,0,0,0,0,0,0,0
106_2,0,2,2,0,0,0,0,0,0:0.05/2:0.95,0
155_4,0,2,2,0,0:0.11/1:0.89,0,0:0.11/2:0.89,0,0:0.01/2:0.99,0:0.11/2:0.89
216_11,0,2,2,1,1,0,2,1,2,2
201_8,1,2,2,0,1,0,2,0,2,2
216_13,1,2,2,0,1,0,2,0,2,2
216_12,1,2,2,0,1,0,2,0,2,2
155_3,0,2,2,0,0,0,0,0,0:0.05/2:0.95,0
209_7,0:0.01/2:0.99,2,2,0:0.01/1:0.99,0,0,0,0,2,0
216_9,2,2,2,1,0,0,0,0,2,0
216_8,2,2,2,1,0,1,0,0,2,0
207_5,0,2,2,0,0:0.02/2:0.98,0,0,0,2,0
216_7,0,2,2,0,2,0,0,2,2,0
216_6,0,2,2,0,2,0,0,0,2,0
106_1,0,2,2,0:0.01/1:0.99,0:0.01/2:0.99,0,0,0,0,0
216_1,0,2,2,1,2,0,0,2,0,0
159_2,0,2,2,1,2,0,0,0,0,0
216_5,0,2,2,1,2,0,1,0,0,0
212_3,0,2,2,1,2,0,0:0.12/2:0.88,0,0,0
216_4,0,2,2,1,2,0,2,0,1,0
216_3,0,2,2,1,2,1,2,0,0,0
