[&R] ((((((216_13:2.621,216_14:2.621)185_7:0.45,(216_15:1.005,216_16:0.005)187_9:0.066)136_4:2.574,216_12:3.645)77_2:1.381,(((216_3:3.235,216_4:0.235)196_2:0.928,(216_1:1.027,216_2:0.027)197_1:2.136)152_1:1.233,((216_6:0,216_5:0)208_5:1.158,(216_7:0,216_8:0)211_7:1.158)157_3:4.237)85_1:0.631)34_1:0.009,(((216_17:2.161,216_18:0.161)182_9:0.855,(216_19:0.009,216_20:1.009)186_12:0.008)140_7:1.011,((216_21:0,216_22:0)209_20:1.026,216_23:2.026)140_8:0.002)91_5:4.008)virtual:0.965)I0;
I0,0,0,0,0,0,0,0,0,0,0
virtual,0:0.04/1:0.96,0,0,0,0,0,0,0,0,0
91_5,1,0,0:0.01/1:0.99,0:0.01/2:0.99,0,0:0.01/2:0.99,0,0:0.01/1:0.99,0,0
140_8,1,0,0:0.01/1:0.99,0:0.01/2:0.99,0,0:0.01/2:0.99,0,0:0.01/1:0.99,0,0
216_23,1,2,1,2,0,2,0,1,1,0
209_20,1,0,1,2,1,2,0,1,0,0
216_22,1,0,1,2,1,2,0,1,0,0
216_21,1,0,1,2,1,2,0,1,0,0
140_7,1,0,1,2,0,2,0:0.02/1:0.98,1,0,0
186_12,1,0,1,2,0,2,0:0.01/1:0.99,1,0,0
216_20,1,0,1,2,1,2,1,1,0,0
216_19,1,0,1,2,0,2,1,1,0,0
182_9,1,0,1,2,0,2,1,1,0,0:0.16/1:0.84
216_18,1,0,1,2,0,2,1,1,0,1
216_17,1,2,1,2,0,2,1,1,2,1
34_1,0:0.03/1:0.97,0,0,0,0,0,0,0,0,0
85_1,0:0.01/1:0.99,0,0,0,0,0:0.39/1:0.61,0,0,0,0
157_3,1,0,0:0.04/1:0.96,0:0.04/1:0.96,0:0.04/1:0.96,0:0.01/1:0.99,0:0.04/1:0.96,0,0,0
211_7,1,0,1,1,1,1,1,0,0,2
216_8,1,0,1,1,1,1,1,0,0,2
216_7,1,0,1,1,1,1,1,0,0,2
208_5,1,0,1,1,1,1,1,1,0,0
216_5,1,0,1,1,1,1,1,1,0,0
216_6,1,0,1,1,1,1,1,1,0,0
152_1,1,0,0,0,0,0:0.04/1:0.96,0,0:0.12/1:0.88,0,0
197_1,1,0,0,0,0,1,0,1,0:0.01/1:0.99,0:0.01/2:0.99
216_2,1,0,0,0,0,1,0,1,1,2
216_1,1,0,0,0,0,1,2,1,1,2
196_2,1,0:0.2/2:0.8,0,0,0,0:0.01/1:0.99,0,0:0.02/1:0.98,0,0
216_4,1,2,0,0,0,1,0,1,0,0
216_3,1,2,2,2,0,1,2,1,0,0
77_2,0:0.01/1:0.99,0,0:0.32/2:0.68,0:0.32/1:0.68,0,0,0,0,0,0
216_12,1,1,2,1,2,0,0,0,0,1
136_4,1,0:0.03/2:0.97,0:0.01/2:0.99,0:0.01/1:0.99,0,0:0.03/2:0.97,0,0,0,0
187_9,1,2,2,1,0,2,0,0,0,0
216_16,1,2,2,1,0,2,0,0,0,0
216_15,1,2,2,1,0,2,0,0,2,0
185_7,1,0:0.02/2:0.98,2,1,0,0:0.02/2:0.98,0,0,0,0:0.58/2:0.42
216_14,1,2,2,1,1,2,0,0,1,2
216_13,1,2,2,1,0,2,2,0,2,2
