[&R] ((((((216_8:0,216_9:0)209_9:1.209,(216_6:0,216_7:0)210_8:1.209)166_5:2.049,(216_10:1.043,216_11:0.043)170_7:2.215)118_3:0.009,216_4:5.267)14_1:3.861,(((((216_17:0,216_18:0)184_16:0,(216_19:0,216_20:0)184_17:0)139_9:1.01,((216_22:0,216_23:0)201_23:1.009,216_21:1.009)152_11:0.001)103_5:1.054,((216_26:0.035,216_27:1.035)198_26:1.077,(216_24:0,216_25:0)202_26:1.112)160_15:0.952)64_4:3.054,((((216_34:1.136,216_35:0.136)208_35:2.398,(216_32:1.082,216_33:0.082)209_34:1.452)167_22:2.319,(216_30:0.344,216_31:2.344)170_21:3.508)115_10:2.058,(216_29:1.728,216_28:2.728)188_25:5.183)68_6:1.207)25_3:0.009)virtual:0.872)I0;
I0,0,0,0,0,0,0,0,0,0,0
virtual,0,0,0,0,0,0:0.13/1:0.87,0,0,0,0
25_3,0,0,0,0,0,0:0.12/1:0.88,0,0,0,0
68_6,0,0:0.43/1:0.57,0:0.43/1:0.57,0,0,0:0.05/1:0.95,0,0,0,0
188_25,0,0:0.05/1:0.95,0:0.05/1:0.95,0:0.12/1:0.88,0:0.12/2:0.88,0:0.01/1:0.99,0:0.12/1:0.88,0:0.12/1:0.88,0,0:0.12/1:0.88
216_28,2,1,1,1,2,1,1,1,1,1
216_29,1,1,1,1,2,1,1,1,0,1
115_10,0,0:0.13/1:0.87,0:0.13/1:0.87,0:0.29/2:0.71,0,0:0.01/1:0.99,0,0:0.29/2:0.71,0,0
170_21,0:0.09/1:0.91,0:0.01/1:0.99,0:0.01/1:0.99,0:0.03/2:0.97,0:0.09/2:0.91,1,0:0.09/1:0.91,0:0.03/2:0.97,0,0
216_31,1,1,1,2,2,1,1,2,2,1
216_30,1,1,1,2,2,1,1,2,0,0
167_22,0,0:0.02/1:0.98,0:0.02/1:0.98,0:0.05/2:0.95,0:0.19/1:0.81,1,0,0:0.05/2:0.95,0,0:0.19/1:0.81
209_34,0,1,1,2,0:0.01/1:0.99,1,0,2,0:0.05/2:0.95,0:0.01/1:0.99
216_33,0,1,1,2,1,1,0,2,2,1
216_32,0,1,1,2,1,1,1,2,2,1
208_35,0:0.05/2:0.95,1,1,2,0:0.01/1:0.99,1,0:0.05/1:0.95,2,0,0:0.01/1:0.99
216_35,2,1,1,2,1,1,1,2,0,1
216_34,2,1,1,2,1,1,1,2,2,1
64_4,0,0,0,0,0,1,0:0.02/1:0.98,0:0.02/1:0.98,0,0:0.02/1:0.98
160_15,0,0,0,0,0,1,1,1,0:0.1/2:0.9,1
202_26,0,0,0,0,2,1,1,1,2,1
216_25,0,0,0,0,2,1,1,1,2,1
216_24,0,0,0,0,2,1,1,1,2,1
198_26,0,0,0,0,0:0.03/1:0.97,1,1,1,2,1
216_27,0,1,0,0,1,1,1,1,2,1
216_26,0,0,0,0,1,1,1,1,2,1
103_5,0,0,0,0,0:0.01/1:0.99,1,1,1,0,1
152_11,0,0,0,0,0:0.01/1:0.99,1,1,1,0,1
216_21,0,0,0,0,1,1,1,1,1,1
201_23,0,0,0,0,1,1,1,1,2,1
216_23,0,0,0,0,1,1,1,1,2,1
216_22,0,0,0,0,1,1,1,1,2,1
139_9,0,0,0,0,1,1,1,1,1,1
184_17,0,0,0,0,1,1,1,1,1,1
216_20,0,0,0,0,1,1,1,1,1,1
216_19,0,0,0,0,1,1,1,1,1,1
184_16,0,0,0,0,1,1,1,1,1,1
216_18,0,0,0,0,1,1,1,1,1,1
216_17,0,0,0,0,1,1,1,1,1,1
14_1,0,0:0.06/1:0.94,0:0.06/1:0.94,0,0,0:0.01/1:0.99,0,0:0.06/2:0.94,0,0:0.06/1:0.94
216_4,1,1,1,1,2,1,1,2,2,1
118_3,0,0:0.06/1:0.94,0:0.06/1:0.94,0,0,0:0.01/1:0.99,0,0:0.06/2:0.94,0,0:0.06/1:0.94
170_7,0,1,1,0,0,1,0:0.02/1:0.98,2,0:0.02/2:0.98,1
216_11,0,1,1,0,0,1,1,2,2,1
216_10,0,1,1,1,0,1,1,2,2,1
166_5,0,0:0.01/1:0.99,0:0.01/1:0.99,0,0:0.09/1:0.91,1,0,0:0.01/2:0.99,0:0.09/1:0.91,0:0.01/1:0.99
210_8,0,1,1,2,1,1,0,2,1,1
216_7,0,1,1,2,1,1,0,2,1,1
216_6,0,1,1,2,1,1,0,2,1,1
209_9,0,1,1,0,1,1,1,2,1,1
216_9,0,1,1,0,1,1,1,2,1,1
216_8,0,1,1,0,1,1,1,2,1,1
