[&R] ((((((216_10:0,216_11:0)215_8:1.078,216_9:0.078)166_4:1.136,(216_12:0.076,216_13:1.076)171_6:1.137)119_2:4.942,(((216_3:0,216_4:0)206_2:2.08,(216_1:0,216_2:0)215_1:0.08)165_1:0.005,((216_7:0,216_8:0)213_5:0,(216_5:0,216_6:0)215_4:0)171_3:3.084)120_1:4.071)65_1:0.048,(((216_14:0,216_15:0)208_10:3.745,(216_16:0,216_17:0)208_11:1.745)167_7:1.455,((216_18:1,216_19:0)212_14:0,216_20:0)167_8:0.201)117_3:2.003)14_1:1.797)I0;
I0,0,0,0,0,0,0,0,0,0,0
14_1,0,0,0:0.1/2:0.9,0:0.1/2:0.9,0,0,0,0,0,0
117_3,0,0,0:0.01/2:0.99,0:0.01/2:0.99,0,0,0:0.09/1:0.91,0:0.09/2:0.91,0,0
167_8,0,0,2,2,0,0,1,2,0,0
216_20,0,0,2,2,0,0,1,2,0,0
212_14,0,0,2,2,0,0,1,2,0,0
216_19,0,0,2,2,0,0,1,2,0,0
216_18,0,0,2,2,0,0,1,2,2,0
167_7,0,0,2,2,0,0,0:0.03/1:0.97,0:0.03/2:0.97,0:0.34/1:0.66,0:0.34/1:0.66
208_11,0,2,2,2,0,0,1,2,1,1
216_17,0,2,2,2,0,0,1,2,1,1
216_16,0,2,2,2,0,0,1,2,1,1
208_10,1,0,2,2,2,1,1,2,1,1
216_15,1,0,2,2,2,1,1,2,1,1
216_14,1,0,2,2,2,1,1,2,1,1
65_1,0,0,0:0.1/2:0.9,0:0.1/2:0.9,0,0,0,0,0,0:0.96/2:0.04
120_1,0:0.02/1:0.98,0,2,2,0,0,0:0.02/2:0.98,0,0:0.02/2:0.98,0:0.02/2:0.98
171_3,1,1,2,2,2,0,2,1,2,2
215_4,1,1,2,2,2,0,2,1,2,2
216_6,1,1,2,2,2,0,2,1,2,2
216_5,1,1,2,2,2,0,2,1,2,2
213_5,1,1,2,2,2,0,2,1,2,2
216_8,1,1,2,2,2,0,2,1,2,2
216_7,1,1,2,2,2,0,2,1,2,2
165_1,0:0.02/1:0.98,0,2,2,0,0,0:0.02/2:0.98,0,0:0.02/2:0.98,0:0.02/2:0.98
215_1,1,0,2,2,0,0,2,0,2,2
216_2,1,0,2,2,0,0,2,0,2,2
216_1,1,0,2,2,0,0,2,0,2,2
206_2,1,0,2,2,2,0,2,2,2,2
216_4,1,0,2,2,2,0,2,2,2,2
216_3,1,0,2,2,2,0,2,2,2,2
119_2,0,0,2,2,0:0.04/2:0.96,0:0.04/2:0.96,0:0.04/1:0.96,0,0:0.04/1:0.96,0:0.04/2:0.96
171_6,0,0,2,2,2,2,1,0:0.06/2:0.94,1,2
216_13,1,0,2,2,2,2,1,2,1,2
216_12,0,0,2,2,2,2,1,2,1,2
166_4,0,0:0.06/2:0.94,2,2,2,2,1,0,1,2
216_9,0,2,2,2,2,2,1,0,1,2
215_8,2,2,2,2,2,2,1,0,1,2
216_11,2,2,2,2,2,2,1,0,1,2
216_10,2,2,2,2,2,2,1,0,1,2
