[&R] (((((216_1:1.143,216_2:1.143)210_1:4.873,(216_3:5.939,216_4:3.939)210_2:0.077)174_1:0.002,216_7:6.018)136_1:0.006,((216_10:3.137,216_11:2.137)185_6:0.006,(216_8:0,216_9:0)190_5:4.144)147_3:1.88)103_1:0.976)I0;
I0,0,0,0,0,0,0,0,0,0,0
103_1,0,0:0.02/1:0.98,0,0,0,0,0,0,0,0
147_3,0,1,0,0,0,0,0:0.07/1:0.93,0,0,0:0.07/1:0.93
190_5,1,1,1,0,2,0,1,2,0,1
216_9,1,1,1,0,2,0,1,2,0,1
216_8,1,1,1,0,2,0,1,2,0,1
185_6,0,1,0,0,0,0,0:0.07/1:0.93,0,0,0:0.07/1:0.93
216_11,2,1,0,0,1,0,1,0,0,1
216_10,1,1,1,0,0,0,1,2,0,1
136_1,0,0:0.02/1:0.98,0,0,0,0,0,0,0,0
216_7,1,1,1,1,0,0,1,2,0,1
174_1,0,0:0.02/1:0.98,0,0,0,0,0,0,0,0
210_2,0,0:0.01/1:0.99,0,0,0,0,0:0.92/1:0.08,0,0,0
216_4,2,1,0,2,1,0,1,0,0,0
216_3,1,1,1,0,0,0,1,2,1,1
210_1,0:0.03/1:0.97,1,0:0.03/1:0.97,0,0,0,0,0:0.03/2:0.97,0:0.03/1:0.97,0:0.03/1:0.97
216_2,1,1,1,0,0,0,1,2,1,1
216_1,1,1,1,0,0,0,2,2,1,1
