[&R] (((((216_4:1.026,216_5:0.026)172_4:2.979,(216_2:3.902,216_3:4.902)173_3:1.104)108_3:0.001,((216_6:3.002,216_7:0.002)167_5:0,(216_8:0,216_9:0)174_10:3.002)112_5:0.005)43_3:1.993,216_1:3)virtual:0)I0;
I0,0,0,0,0,0,0,0,0,0,0
virtual,0,0,0,0,0,0,0,0,0,0
216_1,0,2,0,0,0,0,0,0,2,1
43_3,0,1,0,0,0,0,1,0,0,0
112_5,0,1,0,0,0,0,1,0,0,0
174_10,2,1,0,0,1,0,1,0,0,1
216_9,2,1,0,0,1,0,1,0,0,1
216_8,2,1,0,0,1,0,1,0,0,1
167_5,0,1,0,0,0,0,1,0,0,0
216_7,0,1,0,0,0,0,1,0,0,0
216_6,2,1,0,0,1,1,1,0,0,0
108_3,0,1,0,0,0,0,1,0,0,0
173_3,0,1,0,0:0.45/1:0.55,0,0,1,0,0,0:0.45/1:0.55
216_3,0,1,2,1,2,0,1,1,2,1
216_2,2,1,0,1,1,0,1,2,0,1
172_4,0:0.01/2:0.99,1,0,0:0.01/2:0.99,0:0.01/1:0.99,0,1,0,0,0
216_5,2,1,0,2,1,0,1,0,0,0
216_4,2,1,0,2,1,1,1,0,0,0
