[&R] (((((216_5:0,216_6:0)176_3:6.245,(216_7:2.233,216_8:4.233)181_5:0.012)131_2:1.755,(216_1:1.177,216_2:2.177)184_1:2.823)85_1:0,((216_11:0,216_12:0)149_6:0,216_9:0)105_3:4)41_1:0)I0;
I0,0,0,0,0,0,0,0,0,0,0
41_1,0,0,0,0,0,0,0,0,0,0
105_3,2,1,0,0,1,0,1,0,0,0
216_9,2,1,0,0,1,0,1,0,0,0
149_6,2,1,0,0,1,0,1,0,0,0
216_12,2,1,0,0,1,0,1,0,0,0
216_11,2,1,0,0,1,0,1,0,0,0
85_1,0,0,0,0,0,0,0,0,0,0
184_1,0,0,0,0:0.06/2:0.94,0,0:0.06/1:0.94,0:0.06/1:0.94,0,0,0
216_2,2,0,0,2,1,1,1,0,0,0
216_1,0,1,0,2,0,1,1,0,0,0
131_2,0:0.12/2:0.88,0,0,0,0:0.12/1:0.88,0,0,0,0,0
181_5,0:0.12/2:0.88,0,0,0,0:0.12/1:0.88,0,0,0,0,0
216_8,2,0,0,2,1,1,0,0,2,1
216_7,2,1,0,0,1,0,1,0,0,0
176_3,2,1,0,2,1,1,1,0,2,1
216_6,2,1,0,2,1,1,1,0,2,1
216_5,2,1,0,2,1,1,1,0,2,1
