[&R] (((((216_5:0,216_6:0)189_3:0,216_7:0)146_2:1.205,((216_3:0,216_4:0)193_2:1.201,(216_1:0,216_2:0)194_1:1.201)150_1:0.004)93_1:0.878,(((216_13:0,216_14:0)187_7:0,216_15:0)150_5:2.082,(216_9:0.007,216_10:1.007)193_7:0.075)93_2:0.002)45_1:7.917)I0;
I0,0,0,0,0,0,0,0,0,0,0
45_1,0:0.01/1:0.99,0,0:0.01/1:0.99,0:0.01/1:0.99,0:0.01/1:0.99,0:0.01/1:0.99,0:0.01/1:0.99,0,0:0.01/1:0.99,0:0.01/1:0.99
93_2,0:0.01/1:0.99,0,0:0.01/1:0.99,0:0.01/1:0.99,0:0.01/1:0.99,0:0.01/1:0.99,0:0.01/1:0.99,0,0:0.01/1:0.99,0:0.01/1:0.99
193_7,1,0,1,1,1,1,1,0,1,1
216_10,1,1,1,1,1,1,1,0,1,1
216_9,1,0,1,1,1,1,1,0,1,1
150_5,1,1,1,1,1,1,1,1,1,1
216_15,1,1,1,1,1,1,1,1,1,1
187_7,1,1,1,1,1,1,1,1,1,1
216_14,1,1,1,1,1,1,1,1,1,1
216_13,1,1,1,1,1,1,1,1,1,1
93_1,1,0:0.19/1:0.81,1,1,1,1,1,0,1,1
150_1,1,0:0.19/1:0.81,1,1,1,1,1,0,1,1
194_1,1,1,1,1,1,1,1,1,1,1
216_2,1,1,1,1,1,1,1,1,1,1
216_1,1,1,1,1,1,1,1,1,1,1
193_2,1,1,1,1,1,1,1,2,1,1
216_4,1,1,1,1,1,1,1,2,1,1
216_3,1,1,1,1,1,1,1,2,1,1
146_2,1,1,1,1,1,1,1,2,1,1
216_7,1,1,1,1,1,1,1,2,1,1
189_3,1,1,1,1,1,1,1,2,1,1
216_6,1,1,1,1,1,1,1,2,1,1
216_5,1,1,1,1,1,1,1,2,1,1
