[&R] ((((((216_17:0,216_18:0)184_10:0,(216_19:0,216_20:0)185_12:0)138_5:0,((216_21:0,216_22:0)183_12:0,(216_23:0,216_24:0)183_13:0)138_6:0)93_3:8.258,(((216_29:0,216_30:0)193_22:0.083,(216_31:0,216_32:0)194_24:2.083)148_12:3.16,((216_25:2.196,216_26:2.196)194_20:0.009,(216_27:0,216_28:0)195_22:5.205)149_11:3.038)98_5:0.015)54_2:0.742,((((216_1:0,216_2:0)205_1:0,(216_3:0,216_4:0)205_2:0)162_1:1.021,(216_5:0,216_6:0)208_5:1.021)114_1:0.608,((216_13:0,216_14:0)191_9:1.209,(216_15:0,216_16:0)200_11:1.209)144_5:6.42)57_1:1.371)6_1:0)I0;
I0,0,0,0,0,0,0,0,0,0,0
6_1,0,0,0,0,0,0,0,0,0,0
57_1,0,0,0,0,0,0,0,0,0:0.31/2:0.69,0:0.31/1:0.69
144_5,0,0:0.03/1:0.97,0:0.03/1:0.97,0:0.03/2:0.97,0:0.03/2:0.97,0:0.03/1:0.97,0,0:0.03/2:0.97,0:0.01/2:0.99,0:0.01/1:0.99
200_11,0,1,1,2,2,1,2,2,2,1
216_16,0,1,1,2,2,1,2,2,2,1
216_15,0,1,1,2,2,1,2,2,2,1
191_9,0,1,1,2,2,1,1,2,2,1
216_14,0,1,1,2,2,1,1,2,2,1
216_13,0,1,1,2,2,1,1,2,2,1
114_1,0,0,0,0,0,0,0,0,0:0.01/2:0.99,0:0.01/1:0.99
208_5,0,0,0,0,0,1,0,0,2,1
216_6,0,0,0,0,0,1,0,0,2,1
216_5,0,0,0,0,0,1,0,0,2,1
162_1,0,0,0,0,0,0,0,2,2,1
205_2,0,0,0,0,0,0,0,2,2,1
216_4,0,0,0,0,0,0,0,2,2,1
216_3,0,0,0,0,0,0,0,2,2,1
205_1,0,0,0,0,0,0,0,2,2,1
216_2,0,0,0,0,0,0,0,2,2,1
216_1,0,0,0,0,0,0,0,2,2,1
54_2,0:0.26/2:0.74,0,0,0,0,0,0,0,0,0
98_5,0:0.24/2:0.76,0,0,0,0,0,0,0,0,0
149_11,0:0.02/2:0.98,0:0.06/1:0.94,0:0.06/1:0.94,0:0.06/2:0.94,0,0,0,0,0,0
195_22,2,1,1,2,2,1,1,2,0,1
216_28,2,1,1,2,2,1,1,2,0,1
216_27,2,1,1,2,2,1,1,2,0,1
194_20,0:0.01/2:0.99,0:0.06/1:0.94,0:0.06/1:0.94,0:0.06/2:0.94,0,0,0,0,0,0
216_26,2,1,1,2,0,0,0,2,0,1
216_25,2,1,1,2,2,1,0,0,0,0
148_12,0:0.01/2:0.99,0,0,0,0:0.03/2:0.97,0:0.03/1:0.97,0:0.03/2:0.97,0,0,0
194_24,2,0,0,0,2,1,2,0,2,1
216_32,2,0,0,0,2,1,2,0,2,1
216_31,2,0,0,0,2,1,2,0,2,1
193_22,2,0,0,0,2,1,2,0,0,0
216_30,2,0,0,0,2,1,2,0,0,0
216_29,2,0,0,0,2,1,2,0,0,0
93_3,2,1,1,2,0,1,1,2,2,1
138_6,2,1,1,2,0,1,1,2,2,1
183_13,2,1,1,2,0,1,1,2,2,1
216_24,2,1,1,2,0,1,1,2,2,1
216_23,2,1,1,2,0,1,1,2,2,1
183_12,2,1,1,2,0,1,1,2,2,1
216_22,2,1,1,2,0,1,1,2,2,1
216_21,2,1,1,2,0,1,1,2,2,1
138_5,2,1,1,2,0,1,1,2,2,1
185_12,2,1,1,2,0,1,1,2,2,1
216_20,2,1,1,2,0,1,1,2,2,1
216_19,2,1,1,2,0,1,1,2,2,1
184_10,2,1,1,2,0,1,1,2,2,1
216_18,2,1,1,2,0,1,1,2,2,1
216_17,2,1,1,2,0,1,1,2,2,1
