[&R] ((((((216_10:0.002,216_11:1.002)207_8:0.001,(216_8:0,216_9:0)210_7:0.003)166_6:2.425,((216_6:0,216_7:0)215_6:0,216_5:0)173_5:1.428)115_3:1.114,((216_14:0,216_15:0)205_10:2.831,(216_12:0,216_13:0)208_10:1.831)159_8:2.712)45_2:3.742,(216_3:1.031,216_4:0.031)186_2:5.254)virtual:0.715)I0;
I0,0,0,0,0,0,0,0,0,0,0
virtual,0,0:0.64/2:0.36,0,0:0.64/2:0.36,0,0,0,0,0,0
186_2,0,2,0:0.01/1:0.99,2,0:0.01/1:0.99,0,0:0.01/1:0.99,0,0,0:0.01/1:0.99
216_4,0,2,1,2,1,0,1,0,0,1
216_3,0,2,1,2,1,0,1,0,2,1
45_2,0,0:0.08/2:0.92,0,0:0.08/2:0.92,0:0.13/2:0.87,0:0.13/1:0.87,0,0:0.13/1:0.87,0,0
159_8,0,0:0.02/2:0.98,0:0.23/1:0.77,0:0.02/2:0.98,0:0.03/2:0.97,0:0.03/1:0.97,0,0:0.03/1:0.97,0:0.23/1:0.77,0:0.23/1:0.77
208_10,0,2,1,2,2,1,2,1,1,1
216_13,0,2,1,2,2,1,2,1,1,1
216_12,0,2,1,2,2,1,2,1,1,1
205_10,2,2,1,2,2,1,1,1,1,1
216_15,2,2,1,2,2,1,1,1,1,1
216_14,2,2,1,2,2,1,1,1,1,1
115_3,0:0.28/1:0.72,0:0.02/2:0.98,0,0:0.02/2:0.98,0:0.04/2:0.96,0:0.04/1:0.96,0,0:0.04/1:0.96,0,0
173_5,1,2,0,2,2,1,2,1,0,0
216_5,1,2,0,2,2,1,2,1,0,0
215_6,1,2,0,2,2,1,2,1,0,0
216_7,1,2,0,2,2,1,2,1,0,0
216_6,1,2,0,2,2,1,2,1,0,0
166_6,1,2,1,2,2,1,0,1,1,0
210_7,1,2,1,2,2,1,0,1,1,0
216_9,1,2,1,2,2,1,0,1,1,0
216_8,1,2,1,2,2,1,0,1,1,0
207_8,1,2,1,2,2,1,0,1,1,0
216_11,1,2,1,2,2,1,2,1,1,0
216_10,1,2,1,2,2,1,0,1,1,0
