[&R] ((((((216_13:0,216_14:0)185_7:1.823,(216_15:0,216_16:0)187_9:2.823)136_4:2.537,216_12:5.36)77_2:0.374,(((216_3:0,216_4:0)196_2:0,(216_1:0,216_2:0)197_1:0)152_1:0,((216_6:0,216_5:0)208_5:0,(216_7:0,216_8:0)211_7:0)157_3:0)85_1:4.734)34_1:2.566,(((216_17:0.203,216_18:2.203)182_9:1.37,(216_19:0,216_20:0)186_12:3.572)140_7:2.758,((216_21:5.464,216_22:4.464)209_20:0.091,216_23:4.556)140_8:0.775)91_5:0.969)virtual:1.701)I0;
I0,0,0,0,0,0,0,0,0,0,0
virtual,0,0,0,0,0,0:0.15/1:0.85,0,0,0,0:0.15/1:0.85
91_5,0,0,0,0,0,0:0.04/1:0.96,0,0,0:0.25/2:0.75,0:0.04/1:0.96
140_8,0,0:0.42/1:0.58,0,0,0,0:0.02/1:0.98,0,0,0:0.11/2:0.89,0:0.02/1:0.98
216_23,2,1,1,2,2,1,0,0,2,1
209_20,0,0:0.39/1:0.61,0,0,0,0:0.01/1:0.99,0:0.94/1:0.06,0,0:0.1/2:0.9,0:0.01/1:0.99
216_22,2,1,0,0,2,1,1,2,2,1
216_21,1,1,1,0,1,1,1,1,2,1
140_7,0,0,0:0.17/1:0.83,0,0,0:0.01/1:0.99,0:0.17/1:0.83,0:0.17/2:0.83,0:0.04/2:0.96,0:0.01/1:0.99
186_12,1,1,1,2,0,1,1,2,2,1
216_20,1,1,1,2,0,1,1,2,2,1
216_19,1,1,1,2,0,1,1,2,2,1
182_9,0,0,0:0.02/1:0.98,0:0.13/1:0.87,0,1,0:0.02/1:0.98,0:0.02/2:0.98,0:0.01/2:0.99,1
216_18,1,1,1,1,0,1,1,2,2,1
216_17,0,0,1,1,0,1,1,2,2,1
34_1,0,0:0.22/1:0.78,0:0.22/1:0.78,0,0,0:0.03/1:0.97,0:0.22/1:0.78,0,0,0:0.03/1:0.97
85_1,2,1,1,2,2,1,1,0,2,1
157_3,2,1,1,2,2,1,1,0,2,1
211_7,2,1,1,2,2,1,1,0,2,1
216_8,2,1,1,2,2,1,1,0,2,1
216_7,2,1,1,2,2,1,1,0,2,1
208_5,2,1,1,2,2,1,1,0,2,1
216_5,2,1,1,2,2,1,1,0,2,1
216_6,2,1,1,2,2,1,1,0,2,1
152_1,2,1,1,2,2,1,1,0,2,1
197_1,2,1,1,2,2,1,1,0,2,1
216_2,2,1,1,2,2,1,1,0,2,1
216_1,2,1,1,2,2,1,1,0,2,1
196_2,2,1,1,2,2,1,1,0,2,1
216_4,2,1,1,2,2,1,1,0,2,1
216_3,2,1,1,2,2,1,1,0,2,1
77_2,0,0:0.17/1:0.83,0:0.17/1:0.83,0,0,0:0.03/1:0.97,0:0.17/1:0.83,0:0.78/1:0.22,0,0:0.03/1:0.97
216_12,1,1,1,1,1,1,1,1,1,1
136_4,0:0.24/2:0.76,0:0.04/1:0.96,0:0.04/1:0.96,0,0:0.24/2:0.76,0:0.01/1:0.99,0:0.04/1:0.96,0:0.19/1:0.81,0,0:0.01/1:0.99
187_9,2,1,1,1,2,1,1,1,2,1
216_16,2,1,1,1,2,1,1,1,2,1
216_15,2,1,1,1,2,1,1,1,2,1
185_7,2,1,1,0,2,1,1,1,1,1
216_14,2,1,1,0,2,1,1,1,1,1
216_13,2,1,1,0,2,1,1,1,1,1
