[&R] (((((216_7:0.049,216_8:1.049)207_5:1.316,216_10:2.365)130_4:3.278,(((216_14:0,216_15:0)213_13:2.164,216_16:0.164)173_8:0.963,((216_18:0,216_19:0)215_18:1.035,216_21:0.035)177_11:1.092)130_5:2.516)81_2:2.207,((216_5:0,216_6:0)213_5:1.036,216_4:0.036)171_2:5.815)31_1:0.149)I0;
I0,0,0,0,0,0,0,0,0,0,0
31_1,0,0,0,0,0,0,0,0,0,0:0.85/1:0.15
171_2,0:0.01/1:0.99,0,0:0.01/1:0.99,0,0:0.01/2:0.99,0,0:0.01/2:0.99,0:0.01/2:0.99,0,0:0.01/1:0.99
216_4,1,0,1,0,2,0,2,2,0,1
213_5,1,1,1,0,2,0,2,2,0,1
216_6,1,1,1,0,2,0,2,2,0,1
216_5,1,1,1,0,2,0,2,2,0,1
81_2,0,0,0,0,0,0:0.23/1:0.77,0:0.23/1:0.77,0,0,0:0.19/1:0.81
130_5,0:0.05/2:0.95,0,0,0,0,0:0.01/1:0.99,0:0.01/1:0.99,0:0.05/1:0.95,0,0:0.01/1:0.99
177_11,2,0,0,0:0.03/2:0.97,0,1,1,1,0,1
216_21,2,0,0,2,0,1,1,1,0,1
215_18,2,0,2,2,0,1,1,1,0,1
216_19,2,0,2,2,0,1,1,1,0,1
216_18,2,0,2,2,0,1,1,1,0,1
173_8,0:0.01/2:0.99,0,0,0,0,1,1,0:0.01/1:0.99,0:0.15/1:0.85,1
216_16,2,0,0,0,0,1,1,1,1,1
213_13,2,0,2,0,2,1,1,1,1,1
216_15,2,0,2,0,2,1,1,1,1,1
216_14,2,0,2,0,2,1,1,1,1,1
130_4,0,0:0.1/2:0.9,0,0,0:0.1/1:0.9,0:0.02/1:0.98,0:0.02/1:0.98,0:0.1/2:0.9,0,0:0.02/1:0.98
216_10,0,2,0,1,1,1,1,2,1,1
207_5,0:0.04/1:0.96,2,0,0,1,1,1,2,0,1
216_8,1,2,0,0,1,1,1,2,2,1
216_7,1,2,0,0,1,1,1,2,0,1
