[&R] (((((216_7:0,216_8:0)207_5:0.116,216_10:2.116)130_4:0.992,(((216_14:0.005,216_15:1.005)213_13:0.002,216_16:1.006)173_8:1.264,((216_18:0,216_19:0)215_18:0,216_21:0)177_11:2.27)130_5:0.838)81_2:2.636,((216_5:0,216_6:0)213_5:0.034,216_4:1.034)171_2:4.71)31_1:1.256)I0;
I0,0,0,0,0,0,0,0,0,0,0
31_1,0:0.37/2:0.63,0,0,0:0.37/2:0.63,0,0,0,0,0,0
171_2,2,0:0.01/1:0.99,0,2,0,0:0.01/1:0.99,0,0:0.01/2:0.99,0:0.01/1:0.99,0
216_4,2,1,0,2,0,1,0,2,1,1
213_5,2,1,0,2,0,1,0,2,1,0
216_6,2,1,0,2,0,1,0,2,1,0
216_5,2,1,0,2,0,1,0,2,1,0
81_2,0:0.01/2:0.99,0,0,0:0.01/2:0.99,0,0,0,0,0:0.04/2:0.96,0:0.04/1:0.96
130_5,2,0,0,2,0:0.24/2:0.76,0,0,0,0:0.01/2:0.99,0:0.01/1:0.99
177_11,2,0,1,2,2,0,0,2,2,1
216_21,2,0,1,2,2,0,0,2,2,1
215_18,2,0,1,2,2,0,0,2,2,1
216_19,2,0,1,2,2,0,0,2,2,1
216_18,2,0,1,2,2,0,0,2,2,1
173_8,2,0,0,2,2,0:0.01/1:0.99,0,0,2,1
216_16,2,0,0,2,2,1,0,2,2,1
213_13,2,0,0,2,2,1,0,0,2,1
216_15,2,0,2,2,2,1,0,0,2,1
216_14,2,0,0,2,2,1,0,0,2,1
130_4,2,0,0:0.1/2:0.9,2,0,0,0,0,2,1
216_10,2,1,2,2,2,0,0,0,2,1
207_5,2,0,2,2,0,0,0,0,2,1
216_8,2,0,2,2,0,0,0,0,2,1
216_7,2,0,2,2,0,0,0,0,2,1
