[&R] ((((((216_12:1.225,216_9:1.225)162_5:0.965,((216_5:0,216_6:0)204_3:0,(216_7:0,216_8:0)205_5:0)165_5:1.19)124_5:1.084,(((216_19:0,216_20:0)209_16:0,216_17:0)169_10:0.229,((216_13:0,216_14:0)205_10:0,(216_15:0,216_16:0)213_14:0)170_9:2.228)129_7:2.045)85_3:4.399,(((216_21:1.098,216_22:2.098)176_13:0.068,(216_23:1.058,216_24:0.058)180_15:4.108)130_9:1.001,(((216_25:0,216_26:0)209_21:1.007,(216_27:0,216_28:0)213_24:0.007)172_15:0.082,(216_29:0.043,216_30:1.043)178_18:2.046)132_11:2.079)86_5:2.505)42_2:0.327,((216_1:1.002,216_2:0.002)207_1:0.001,(216_3:0,216_4:0)213_3:0.003)163_3:7.997)virtual:0)I0;
I0,0,0,0,0,0,0,0,0,0,0
virtual,0,0,0,0,0,0,0,0,0,0
163_3,2,2,1,1,2,0,2,1,0,1
213_3,2,2,1,1,2,0,2,1,0,1
216_4,2,2,1,1,2,0,2,1,0,1
216_3,2,2,1,1,2,0,2,1,0,1
207_1,2,2,1,1,2,0,2,1,0,1
216_2,2,2,1,1,2,0,2,1,0,1
216_1,2,2,1,1,2,2,2,1,0,1
42_2,0,0,0,0:0.67/2:0.33,0,0,0,0,0,0
86_5,0,0,0,0:0.04/2:0.96,0,0,0:0.06/1:0.94,0,0,0:0.06/2:0.94
132_11,0:0.04/1:0.96,0,0,2,0,0,1,0,0:0.04/2:0.96,2
178_18,1,0,0,2,0:0.02/1:0.98,0,1,0:0.02/2:0.98,2,2
216_30,1,0,0,2,1,2,1,2,2,2
216_29,1,0,0,2,1,0,1,2,2,2
172_15,1,0,0,2,0,0,1,0,2,2
213_24,1,0,0,2,0,0,1,0,2,2
216_28,1,0,0,2,0,0,1,0,2,2
216_27,1,0,0,2,0,0,1,0,2,2
209_21,1,2,0,2,0,0,1,0,2,2
216_26,1,2,0,2,0,0,1,0,2,2
216_25,1,2,0,2,0,0,1,0,2,2
130_9,0,0,0,0:0.01/2:0.99,0:0.14/1:0.86,0,0:0.01/1:0.99,0,0,0:0.01/2:0.99
180_15,0:0.01/2:0.99,0,0:0.01/1:0.99,2,1,0:0.01/1:0.99,1,0,0:0.01/1:0.99,2
216_24,2,0,1,2,1,1,1,0,1,2
216_23,2,2,1,2,1,1,1,0,1,2
176_13,0,0,0,2,0:0.08/1:0.92,0,0:0.01/1:0.99,0,0,0:0.01/2:0.99
216_22,0,2,1,2,1,0,1,0,0,2
216_21,0,0,2,2,1,0,1,0,0,2
85_3,0,0:0.06/2:0.94,0:0.06/1:0.94,0:0.04/2:0.96,0,0:0.06/1:0.94,0:0.06/2:0.94,0,0,0
129_7,0:0.1/1:0.9,0:0.01/2:0.99,0:0.01/1:0.99,2,0:0.1/2:0.9,0:0.01/1:0.99,0:0.01/2:0.99,0,0,0
170_9,1,2,1,2,2,1,2,2,2,0
213_14,1,2,1,2,2,1,2,2,2,0
216_16,1,2,1,2,2,1,2,2,2,0
216_15,1,2,1,2,2,1,2,2,2,0
205_10,1,2,1,2,2,1,2,2,2,0
216_14,1,2,1,2,2,1,2,2,2,0
216_13,1,2,1,2,2,1,2,2,2,0
169_10,1,2,1,2,2,1,2,0,0,0
216_17,1,2,1,2,2,1,2,0,0,0
209_16,1,2,1,2,2,1,2,0,0,0
216_20,1,2,1,2,2,1,2,0,0,0
216_19,1,2,1,2,2,1,2,0,0,0
124_5,0,0:0.01/2:0.99,0:0.01/1:0.99,0:0.01/2:0.99,0,0:0.01/1:0.99,0:0.01/2:0.99,0:0.15/2:0.85,0,0
165_5,0,2,1,2,2,1,2,2,0,0
205_5,0,2,1,2,2,1,2,2,0,0
216_8,0,2,1,2,2,1,2,2,0,0
216_7,0,2,1,2,2,1,2,2,0,0
204_3,0,2,1,2,2,1,2,2,0,0
216_6,0,2,1,2,2,1,2,2,0,0
216_5,0,2,1,2,2,1,2,2,0,0
162_5,0,2,1,2,0,1,2,0:0.03/2:0.97,0:0.19/2:0.81,0
216_9,1,2,1,2,0,1,2,2,2,0
216_12,0,2,1,2,0,1,2,2,2,1
