[&R] ((((((216_12:1.097,216_9:1.097)162_5:1.903,((216_5:0,216_6:0)204_3:1,(216_7:0.023,216_8:1.023)205_5:1.977)165_5:0)124_5:0,(((216_19:1.021,216_20:0.021)209_16:1.007,216_17:0.029)169_10:0.971,((216_13:0,216_14:0)205_10:1.201,(216_15:0,216_16:0)213_14:2.201)170_9:0.799)129_7:0)85_3:0.001,(((216_21:1.004,216_22:2.004)176_13:0.001,(216_23:1.026,216_24:0.026)180_15:1.978)130_9:0.005,(((216_25:0,216_26:0)209_21:0,(216_27:0,216_28:0)213_24:0)172_15:0.001,(216_29:1,216_30:0)178_18:0.001)132_11:2.008)86_5:0.991)42_2:1.687,((216_1:0,216_2:0)207_1:0,(216_3:0,216_4:0)213_3:0)163_3:7.688)virtual:0.312)I0;
I0,0,0,0,0,0,0,0,0,0,0
virtual,0,0,0,0,0,0,0,0,0,0:0.69/1:0.31
163_3,1,0,2,1,1,1,0,1,2,1
213_3,1,0,2,1,1,1,0,1,2,1
216_4,1,0,2,1,1,1,0,1,2,1
216_3,1,0,2,1,1,1,0,1,2,1
207_1,1,0,2,1,1,1,0,1,2,1
216_2,1,0,2,1,1,1,0,1,2,1
216_1,1,0,2,1,1,1,0,1,2,1
42_2,0,0,0,0,0,0,1,0,0,1
86_5,0,0,0:0.01/2:0.99,0,0,0,1,0,0,1
132_11,0,1,2,0,0,1,1,0,0,1
178_18,0,1,2,0,0,1,1,0,0,1
216_30,0,1,2,0,0,1,1,0,0,1
216_29,0,1,2,0,0,1,1,1,0,1
172_15,0,1,2,0,0,1,1,0,0,1
213_24,0,1,2,0,0,1,1,0,0,1
216_28,0,1,2,0,0,1,1,0,0,1
216_27,0,1,2,0,0,1,1,0,0,1
209_21,0,1,2,0,0,1,1,0,0,1
216_26,0,1,2,0,0,1,1,0,0,1
216_25,0,1,2,0,0,1,1,0,0,1
130_9,0,0,2,0,0,0,1,0,0,1
180_15,0:0.01/1:0.99,0,2,0,0,0:0.01/1:0.99,1,0,0,1
216_24,1,0,2,0,0,1,1,0,0,1
216_23,1,2,2,0,0,1,1,0,0,1
176_13,0,0,2,0,0,0,1,0,0,1
216_22,0,0,2,0,1,0,1,2,0,1
216_21,2,0,2,0,0,0,1,0,0,1
85_3,0,0,0,0,0,0,1,0,0,1
129_7,0,0,0,0,0,0,1,0,0,1
170_9,0:0.2/2:0.8,0,0,0,0,0,1,0,0,1
213_14,2,1,0,0,0,0,1,0,2,1
216_16,2,1,0,0,0,0,1,0,2,1
216_15,2,1,0,0,0,0,1,0,2,1
205_10,2,0,0,0,0,0,1,2,0,1
216_14,2,0,0,0,0,0,1,2,0,1
216_13,2,0,0,0,0,0,1,2,0,1
169_10,0,0,0,0,0,0,1,0:0.03/2:0.97,0,1
216_17,0,0,0,0,0,0,1,2,0,1
209_16,0,0,0:0.02/2:0.98,0,0,0,1,2,0,1
216_20,0,0,2,0,0,0,1,2,0,1
216_19,0,0,2,1,0,0,1,2,0,1
124_5,0,0,0,0,0,0,1,0,0,1
165_5,0,0,0,0,0,0,1,0,0,1
205_5,0,0:0.01/2:0.99,0,0,0,0,1,0,0:0.01/2:0.99,1
216_8,0,2,0,0,0,0,1,1,2,1
216_7,0,2,0,0,0,0,1,0,2,1
204_3,0,0,0,0,0,0,1,2,0,1
216_6,0,0,0,0,0,0,1,2,0,1
216_5,0,0,0,0,0,0,1,2,0,1
162_5,0,0:0.05/1:0.95,0,0:0.05/2:0.95,0,0,1,0,0,1
216_9,0,1,0,2,0,1,1,0,0,1
216_12,0,1,2,2,0,0,1,0,0,1
