[&R] ((((((216_12:0.158,216_9:2.158)162_5:2.901,((216_5:1.099,216_6:1.099)204_3:0.904,(216_7:0,216_8:0)205_5:0.003)165_5:0.056)124_5:0.005,(((216_19:0,216_20:0)209_16:0.048,216_17:1.048)169_10:0.963,((216_13:0,216_14:0)205_10:1.01,(216_15:0,216_16:0)213_14:0.01)170_9:0.002)129_7:4.052)85_3:2.198,(((216_21:1.645,216_22:3.645)176_13:0.5,(216_23:1.035,216_24:0.035)180_15:1.111)130_9:1.953,(((216_25:0,216_26:0)209_21:1.243,(216_27:0,216_28:0)213_24:2.243)172_15:0.76,(216_29:0.001,216_30:2.001)178_18:0.002)132_11:0.095)86_5:2.164)42_2:0.738,((216_1:1.014,216_2:0.014)207_1:0.003,(216_3:0,216_4:0)213_3:1.016)163_3:7.984)virtual:0)I0;
I0,0,0,0,0,0,0,0,0,0,0
virtual,0,0,0,0,0,0,0,0,0,0
163_3,1,1,1,1,1,0,1,2,1,0
213_3,1,1,1,1,1,0,1,2,1,2
216_4,1,1,1,1,1,0,1,2,1,2
216_3,1,1,1,1,1,0,1,2,1,2
207_1,1,1,1,1,1,0,1,2,1,0
216_2,1,1,1,1,1,0,1,2,1,0
216_1,1,1,1,1,1,0,1,2,1,2
42_2,0:0.26/2:0.74,0,0,0,0,0,0,0,0,0
86_5,0:0.01/2:0.99,0,0,0:0.04/2:0.96,0:0.04/1:0.96,0,0,0,0,0
132_11,2,0,0,2,1,0,0,0,0,0
178_18,2,0,0,2,1,0,0,0,0,0
216_30,2,0,0,2,1,1,2,0,0,0
216_29,2,0,0,2,1,0,0,0,0,0
172_15,2,0,0,2,1,0,0,0,0:0.24/1:0.76,0
213_24,2,0,2,2,1,0,0,2,1,0
216_28,2,0,2,2,1,0,0,2,1,0
216_27,2,0,2,2,1,0,0,2,1,0
209_21,2,0,0,2,1,0,0,0,1,2
216_26,2,0,0,2,1,0,0,0,1,2
216_25,2,0,0,2,1,0,0,0,1,2
130_9,2,0:0.07/2:0.93,0:0.07/1:0.93,2,1,0,0,0,0,0
180_15,2,2,1,2,1,0,0,0,0,0:0.03/2:0.97
216_24,2,2,1,2,1,0,0,0,0,2
216_23,2,2,1,2,1,0,2,0,0,2
176_13,2,0:0.04/2:0.96,0:0.04/1:0.96,2,1,0,0,0,0:0.56/2:0.44,0
216_22,2,2,1,2,1,2,0,2,2,2
216_21,2,2,1,2,1,0,2,0,2,0
85_3,0:0.01/2:0.99,0,0,0,0,0,0:0.03/2:0.97,0:0.03/1:0.97,0,0
129_7,2,2,1,0,0,2,2,1,2,0
170_9,2,2,1,0,0,2,2,1,2,0
213_14,2,2,1,0,0,2,2,1,2,0
216_16,2,2,1,0,0,2,2,1,2,0
216_15,2,2,1,0,0,2,2,1,2,0
205_10,2,2,1,0,0,2,2,1,2,2
216_14,2,2,1,0,0,2,2,1,2,2
216_13,2,2,1,0,0,2,2,1,2,2
169_10,2,2,1,0,0,2,2,1,2,0:0.05/2:0.95
216_17,2,2,1,2,0,2,2,1,2,2
209_16,2,2,1,0,0,2,2,1,2,2
216_20,2,2,1,0,0,2,2,1,2,2
216_19,2,2,1,0,0,2,2,1,2,2
124_5,0:0.01/2:0.99,0,0,0,0,0,0:0.03/2:0.97,0:0.03/1:0.97,0,0
165_5,2,0,0,0,0,0,2,1,0,0
205_5,2,0,0,0,0,0,2,1,0,0
216_8,2,0,0,0,0,0,2,1,0,0
216_7,2,0,0,0,0,0,2,1,0,0
204_3,2,0,0,0,0,0:0.1/2:0.9,2,1,0,0
216_6,2,0,0,0,2,2,2,1,0,0
216_5,2,0,0,0,1,2,2,1,0,0
162_5,2,0,0,0,0:0.05/1:0.95,0,2,1,0:0.05/1:0.95,0:0.05/2:0.95
216_9,2,0,2,1,1,0,2,1,1,2
216_12,2,0,0,0,1,0,2,1,1,2
