[&R] ((((((216_12:1.048,216_9:1.048)162_5:0.003,((216_5:0,216_6:0)204_3:0,(216_7:0,216_8:0)205_5:0)165_5:0.052)124_5:0.983,(((216_19:0,216_20:0)209_16:0.008,216_17:1.008)169_10:0,((216_13:0,216_14:0)205_10:0,(216_15:0,216_16:0)213_14:0)170_9:1.008)129_7:0.027)85_3:1.181,(((216_21:0,216_22:0)176_13:1.056,(216_23:1.053,216_24:0.053)180_15:0.003)130_9:0.982,(((216_25:0,216_26:0)209_21:0,(216_27:0,216_28:0)213_24:0)172_15:0.036,(216_29:0.169,216_30:1.169)178_18:0.868)132_11:0.002)86_5:1.177)42_2:6.74,((216_1:0,216_2:0)207_1:1.134,(216_3:0,216_4:0)213_3:1.134)163_3:5.821)virtual:0.045)I0;
I0,0,0,0,0,0,0,0,0,0,0
virtual,0:0.98/2:0.02,0:0.98/1:0.02,0,0,0,0,0,0,0,0
163_3,0:0.02/2:0.98,0:0.02/1:0.98,0,0:0.02/1:0.98,0,0,0:0.02/1:0.98,0,0:0.02/2:0.98,0:0.02/1:0.98
213_3,2,1,0,1,0,0,1,1,2,1
216_4,2,1,0,1,0,0,1,1,2,1
216_3,2,1,0,1,0,0,1,1,2,1
207_1,2,1,0,1,0,1,1,0,2,1
216_2,2,1,0,1,0,1,1,0,2,1
216_1,2,1,0,1,0,1,1,0,2,1
42_2,0:0.03/2:0.97,0:0.03/1:0.97,0:0.03/2:0.97,0,0:0.03/2:0.97,0,0,0:0.03/1:0.97,0:0.03/1:0.97,0:0.03/2:0.97
86_5,2,1,2,0:0.03/2:0.97,2,0,0,1,1,2
132_11,2,1,2,0:0.03/2:0.97,2,0,0,1,1,2
178_18,2,1,2,2,2,0,0:0.16/1:0.84,1,1,2
216_30,2,1,2,2,2,2,1,1,1,2
216_29,2,1,2,2,2,0,1,1,1,2
172_15,2,1,2,2,2,0,0,1,1,2
213_24,2,1,2,2,2,0,0,1,1,2
216_28,2,1,2,2,2,0,0,1,1,2
216_27,2,1,2,2,2,0,0,1,1,2
209_21,2,1,2,2,2,0,0,1,1,2
216_26,2,1,2,2,2,0,0,1,1,2
216_25,2,1,2,2,2,0,0,1,1,2
130_9,2,1,2,2,2,0:0.05/1:0.95,0,1,1,2
180_15,2,1,2,2,2,0:0.05/1:0.95,0,1,1,2
216_24,2,1,2,2,2,1,0,1,1,2
216_23,2,1,2,2,2,1,2,1,1,2
176_13,2,1,2,2,2,1,1,1,1,2
216_22,2,1,2,2,2,1,1,1,1,2
216_21,2,1,2,2,2,1,1,1,1,2
85_3,2,1,2,0,2,0,0:0.03/1:0.97,1,1,2
129_7,2,1,2,0,2,0,0:0.01/1:0.99,1,1,2
170_9,2,1,2,0,2,2,1,1,1,2
213_14,2,1,2,0,2,2,1,1,1,2
216_16,2,1,2,0,2,2,1,1,1,2
216_15,2,1,2,0,2,2,1,1,1,2
205_10,2,1,2,0,2,2,1,1,1,2
216_14,2,1,2,0,2,2,1,1,1,2
216_13,2,1,2,0,2,2,1,1,1,2
169_10,2,1,2,0,2,0,0:0.01/1:0.99,1,1,2
216_17,2,1,2,0,2,1,1,1,1,2
209_16,2,1,2,0,2,0,1,1,1,2
216_20,2,1,2,0,2,0,1,1,1,2
216_19,2,1,2,0,2,0,1,1,1,2
124_5,2,1,2,0,2,0:0.05/1:0.95,1,1,1,2
165_5,2,1,2,0,2,1,1,1,1,2
205_5,2,1,2,0,2,1,1,1,1,2
216_8,2,1,2,0,2,1,1,1,1,2
216_7,2,1,2,0,2,1,1,1,1,2
204_3,2,1,2,0,2,1,1,1,1,2
216_6,2,1,2,0,2,1,1,1,1,2
216_5,2,1,2,0,2,1,1,1,1,2
162_5,2,1,2,0,2,0:0.05/1:0.95,1,1,1,2
216_9,2,1,2,2,2,1,1,1,1,2
216_12,2,1,2,1,2,1,1,1,1,2
