[&R] ((((((216_12:17.437,216_9:10.437)162_5:20.73,((216_5:3.034,216_6:1.034)204_3:12.283,(216_7:2.036,216_8:2.036)205_5:15.281)165_5:15.849)124_5:16.937,(((216_19:1.034,216_20:3.034)209_16:12.036,216_17:13.07)169_10:9.939,((216_13:1.055,216_14:4.055)205_10:9.885,(216_15:2.037,216_16:2.037)213_14:12.904)170_9:14.069)129_7:22.094)85_3:36.231,(((216_21:7.393,216_22:6.393)176_13:19.448,(216_23:14.221,216_24:11.221)180_15:13.62)130_9:23.864,(((216_25:2.028,216_26:2.028)209_21:4.266,(216_27:1.008,216_28:1.008)213_24:9.286)172_15:22.829,(216_29:9.273,216_30:16.273)178_18:30.849)132_11:9.583)86_5:37.628)42_2:57.883,((216_1:2.009,216_2:0.009)207_1:7.666,(216_3:0.002,216_4:1.002)213_3:10.673)163_3:137.541)virtual:0.784)I0;
I0,0,0,0,0,0,0,0,0,0,0,0,0,0,0,0,0,0,0,0,0,0,0,0,0,0,0,0,0,0,0,0,0,0,0,0,0,0,0,0,0,0,0,0,0,0,0,0,0,0,0,0,0,0,0,0,0,0,0,0,0,0,0,0,0,0,0,0,0,0,0,0,0,0,0,0,0,0,0,0,0,0,0,0,0,0,0,0,0,0,0,0,0,0,0,0,0,0,0,0,0,0,0,0,0,0,0,0,0,0,0,0,0,0,0,0,0,0,0,0,0,0,0,0,0,0,0,0,0,0,0,0,0,0,0,0,0,0,0,0,0,0,0,0,0,0,0,0,0,0,0,0,0,0,0,0,0,0,0,0,0,0,0,0,0,0,0,0,0,0,0,0,0,0,0,0,0,0,0,0,0,0,0,0,0,0,0,0,0,0,0,0,0,0,0,0,0,0,0,0,0
virtual,0,0,0,0,0,0,0,0,0,0,0,0,0:0.96/2:0.04,0,0,0,0:0.96/2:0.04,0,0,0,0:0.96/2:0.04,0:0.96/1:0.04,0:0.96/2:0.04,0,0,0,0,0,0,0,0,0,0,0,0,0,0:0.96/1:0.04,0,0,0,0,0,0,0,0,0,0,0,0,0,0,0,0,0,0:0.96/1:0.04,0,0,0,0,0,0,0:0.96/2:0.04,0,0,0,0,0,0,0,0,0:0.96/2:0.04,0,0,0,0,0,0,0,0,0,0,0,0,0,0,0,0,0,0,0,0,0,0,0,0,0,0,0,0,0,0,0,0,0,0,0,0,0,0,0,0,0,0,0,0:0.96/2:0.04,0,0,0,0,0,0,0,0,0,0,0,0,0,0,0,0:0.96/2:0.04,0,0,0,0,0,0,0,0,0,0,0:0.96/2:0.04,0,0,0,0,0,0,0:0.96/2:0.04,0:0.96/1:0.04,0,0,0,0,0,0,0,0,0,0,0,0:0.96/1:0.04,0,0,0,0,0,0,0,0,0,0:0.96/1:0.04,0,0,0,0,0,0,0,0,0,0,0:0.96/2:0.04,0,0,0,0,0,0,0,0,0,0,0,0,0,0,0:0.96/1:0.04,0,0
163_3,2,2,0,1,1,0,1,0,2,1,0,1,2,0,0,0,2,2,2,1,2,1,2,1,2,2,0,0,1,2,0,2,0,1,0,2,1,0,0,1,2,1,1,1,0,1,2,0,1,1,0,1,2,1,1,2,2,1,1,2,0,2,1,2,2,0,0,1,1,1,2,2,0,1,1,0,2,2,1,2,1,2,2,1,1,1,2,0,2,0,0,1,2,0,0,2,0,2,2,0,1,2,2,2,0,1,1,0,2,1,0,0,1,1,2,2,2,2,2,0,2,2,2,2,1,1,1,0,0,0,2,2,0,0,0,2,0,0,2,0,0,2,2,1,0,2,2,0,2,1,0,2,0,0,1,2,0,2,0,0,1,1,1,1,1,2,2,0,1,1,2,1,2,1,0,1,2,1,0,2,0,0,2,2,0,0,1,0,2,2,1,2,0,1,2,2,1,1,2,2
213_3,2,2,2,1,1,0,1,0,2,1,0,1,2,2,0,1,2,2,2,1,2,1,2,1,2,2,0,0,1,2,0,2,0,1,0,2,1,1,0,1,2,1,1,1,1,1,2,0,1,1,0,1,2,1,1,2,2,1,1,2,0,2,1,2,2,0,0,1,1,1,2,2,0,1,1,0,2,2,1,2,1,2,2,1,1,1,2,0,2,0,0,1,2,0,1,2,0,2,2,0,1,2,2,2,0,1,1,1,2,1,0,0,1,1,2,2,2,2,2,0,2,2,2,2,1,1,1,0,0,0,2,2,0,0,0,2,0,0,2,2,0,2,2,1,0,2,2,0,2,1,0,2,1,0,1,2,0,2,0,0,1,1,1,1,1,2,2,0,1,1,2,1,2,1,0,1,2,1,0,2,0,0,2,2,1,0,1,0,2,2,1,2,0,1,2,2,1,1,2,2
216_4,2,2,2,1,1,0,1,0,2,1,0,1,2,2,0,1,2,2,2,1,2,1,2,1,2,2,0,0,1,2,0,2,0,1,0,2,1,1,0,1,2,1,1,1,1,1,2,0,1,1,0,1,2,1,1,2,2,1,1,2,0,2,1,2,2,0,0,1,1,1,2,2,0,1,1,0,2,2,1,2,1,2,2,1,1,1,2,0,2,0,0,1,2,0,1,2,0,2,2,0,1,2,2,2,0,1,1,1,2,1,0,0,1,1,2,2,2,2,2,0,2,2,2,2,1,1,1,0,0,0,2,2,0,0,0,2,0,0,2,2,0,2,2,1,0,2,2,0,2,1,0,2,1,0,1,2,0,2,0,2,1,1,1,1,1,2,2,0,1,1,2,1,2,1,0,1,2,1,0,2,0,0,2,2,1,0,1,0,2,2,1,2,0,1,2,2,1,1,2,2
216_3,2,2,2,1,1,0,1,0,2,1,0,1,2,2,0,1,2,2,2,1,2,1,2,1,2,2,0,0,1,2,0,2,0,1,0,2,1,1,0,1,2,1,1,1,1,1,2,0,1,1,0,1,2,1,1,2,2,1,1,2,0,2,1,2,2,0,0,1,1,1,2,2,0,1,1,0,2,2,1,2,1,2,2,1,1,1,2,0,2,0,0,1,2,0,1,2,0,2,2,0,1,2,2,2,0,1,1,1,2,1,0,0,1,1,2,2,2,2,2,0,2,2,2,2,1,1,1,0,0,0,2,2,0,0,0,2,0,0,2,2,0,2,2,1,0,2,2,0,2,1,0,2,1,0,1,2,0,2,0,0,1,1,1,1,1,2,2,0,1,1,2,1,2,1,0,1,2,1,0,2,0,0,2,2,1,0,1,0,2,2,1,2,0,1,2,2,1,1,2,2
207_1,2,2,0,1,1,0,1,0,2,1,0,1,2,0,0,0,2,2,2,1,2,1,2,1,2,2,0,0,1,2,0,2,0,1,1,2,1,0,0,1,2,1,1,1,0,1,2,0,1,1,1,1,2,1,1,2,2,1,1,2,1,2,1,2,2,0,0,1,1,1,2,2,0,1,1,0,2,2,1,2,1,2,2,1,1,1,2,0,2,0,0,1,2,0,0,2,0,2,2,0,1,2,2,2,0,1,1,0,2,1,0,1,1,1,2,2,2,2,2,0,2,2,2,2,1,1,1,0,0,0,2,2,0,0,0,2,0,0,2,0,2,2,2,1,0,2,2,0,2,1,0,2,0,0,1,2,0,2,0,1,1,1,1,1,1,2,2,0,1,1,2,1,2,1,0,1,2,1,0,2,0,0,2,2,0,0,1,1,2,2,1,2,0,1,2,2,1,1,2,2
216_2,2,2,0,1,1,0,1,0,2,1,0,1,2,0,0,0,2,2,2,1,2,1,2,1,2,2,0,0,1,2,0,2,0,1,1,2,1,0,0,1,2,1,1,1,0,1,2,0,1,1,1,1,2,1,1,2,2,1,1,2,1,2,1,2,2,0,0,1,1,1,2,2,0,1,1,0,2,2,1,2,1,2,2,1,1,1,2,0,2,0,0,1,2,0,0,2,0,2,2,0,1,2,2,2,0,1,1,0,2,1,0,1,1,1,2,2,2,2,2,0,2,2,2,2,1,1,1,0,0,0,2,2,0,0,0,2,0,0,2,0,2,2,2,1,0,2,2,0,2,1,0,2,0,0,1,2,0,2,0,1,1,1,1,1,1,2,2,0,1,1,2,1,2,1,0,1,2,1,0,2,0,0,2,2,0,0,1,1,2,2,1,2,0,1,2,2,1,1,2,2
216_1,2,2,0,1,1,0,1,0,2,1,0,1,2,0,0,0,2,2,2,1,2,1,2,1,2,2,0,0,1,2,0,2,0,1,1,2,1,0,0,1,2,1,1,1,0,1,2,1,1,1,1,1,2,1,1,2,2,1,1,2,1,2,1,2,2,0,0,1,1,1,2,2,0,1,1,0,2,2,1,2,1,2,2,1,1,1,2,0,2,0,0,1,2,0,0,2,0,2,2,0,1,2,2,2,0,1,1,0,2,1,0,1,1,1,2,2,2,2,2,0,2,2,2,2,1,1,1,0,0,0,2,2,0,2,0,2,0,0,2,0,2,2,2,1,0,2,2,0,2,1,0,2,0,0,1,2,0,2,0,1,1,1,1,1,1,2,2,0,1,1,2,1,2,1,0,1,2,1,0,2,0,0,2,2,0,0,1,1,2,2,1,2,0,1,2,2,1,1,2,2
42_2,0,0:0.08/1:0.92,0:0.08/2:0.92,0,0,0:0.08/2:0.92,0:0.08/2:0.92,0:0.08/2:0.92,0,0,0,0,0:0.08/2:0.92,0,0:0.08/1:0.92,0,0:0.08/2:0.92,0,0,0,0:0.08/2:0.92,0:0.08/1:0.92,0:0.08/2:0.92,0,0:0.08/1:0.92,0,0,0:0.08/2:0.92,0,0,0,0,0,0,0:0.08/2:0.92,0,0:0.08/1:0.92,0,0,0:0.08/2:0.92,0,0,0,0,0:0.08/2:0.92,0:0.08/2:0.92,0:0.08/1:0.92,0,0,0,0:0.08/2:0.92,0:0.08/2:0.92,0,0,0:0.08/1:0.92,0,0,0,0,0:0.08/1:0.92,0:0.08/2:0.92,0:0.08/2:0.92,0,0,0,0,0:0.08/2:0.92,0,0,0,0:0.08/2:0.92,0,0,0,0,0,0,0,0,0,0,0,0,0,0,0,0,0,0,0,0,0,0:0.08/1:0.92,0,0,0,0,0,0,0:0.08/1:0.92,0,0,0,0,0,0,0,0:0.08/2:0.92,0:0.08/1:0.92,0,0:0.08/2:0.92,0,0:0.08/2:0.92,0:0.08/2:0.92,0:0.08/2:0.92,0,0:0.08/1:0.92,0,0:0.08/1:0.92,0:0.08/1:0.92,0,0:0.08/1:0.92,0,0,0,0,0:0.08/2:0.92,0,0,0,0:0.08/2:0.92,0,0:0.08/1:0.92,0,0:0.08/2:0.92,0,0,0,0,0:0.08/2:0.92,0,0:0.08/2:0.92,0,0,0,0,0:0.08/1:0.92,0:0.08/2:0.92,0:0.08/2:0.92,0:0.08/1:0.92,0:0.08/1:0.92,0,0,0,0,0,0,0,0:0.08/1:0.92,0,0,0:0.08/1:0.92,0,0,0,0,0,0:0.08/2:0.92,0,0,0:0.08/1:0.92,0:0.08/1:0.92,0,0,0,0,0,0,0,0,0:0.08/2:0.92,0,0:0.08/2:0.92,0:0.08/1:0.92,0,0,0:0.08/2:0.92,0:0.08/1:0.92,0,0:0.08/1:0.92,0,0,0:0.08/1:0.92,0,0,0:0.08/1:0.92,0,0:0.08/1:0.92,0,0
86_5,0,1,2,0:0.04/1:0.96,0,2,2,2,0,0,0:0.04/2:0.96,0,2,0:0.04/1:0.96,1,0,2,0,0,0,2,1,2,0,1,0,0,2,0:0.04/1:0.96,0,0,0:0.04/1:0.96,0,0,2,0,1,0,0:0.04/2:0.96,2,0,0,0,0:0.04/2:0.96,2,2,1,0:0.04/1:0.96,0,0,2,2,0,0,1,0,0,0,0,1,2,2,0:0.04/1:0.96,0,0,0:0.04/2:0.96,2,0,0,0:0.04/2:0.96,2,0,0:0.04/2:0.96,0,0,0,0,0,0,0,0:0.04/1:0.96,0:0.04/2:0.96,0:0.04/1:0.96,0,0,0,0,0,0,0,0,0,1,0,0,0,0,0,0,1,0,0,0:0.04/2:0.96,0:0.04/2:0.96,0:0.04/1:0.96,0,0,2,1,0,2,0,2,2,2,0,1,0,1,1,0,1,0,0,0:0.04/1:0.96,0,2,0,0,0,2,0,1,0:0.04/2:0.96,2,0,0,0:0.04/2:0.96,0:0.04/2:0.96,2,0,2,0:0.04/1:0.96,0,0:0.04/2:0.96,0,1,2,2,1,1,0,0:0.04/2:0.96,0:0.04/2:0.96,0:0.04/1:0.96,0,0:0.04/1:0.96,0,1,0,0,1,0,0:0.04/1:0.96,0,0:0.04/2:0.96,0,2,0,0:0.04/1:0.96,1,1,0,0,0,0:0.04/2:0.96,0,0:0.04/1:0.96,0,0,2,0,2,1,0,0,2,1,0,1,0,0,1,0,0,1,0,1,0,0:0.04/1:0.96
132_11,0,1,2,0:0.01/1:0.99,0:0.3/1:0.7,2,2,2,0,0,0:0.01/2:0.99,0,2,0:0.01/1:0.99,1,0,2,0,0,0,2,1,2,0,1,0:0.3/2:0.7,0,2,0:0.01/1:0.99,0,0,0:0.01/1:0.99,0,0,2,0:0.3/1:0.7,1,0,0:0.01/2:0.99,2,0,0,0,0:0.01/2:0.99,2,2,1,0:0.01/1:0.99,0,0,2,2,0,0,1,0,0,0,0,1,2,2,0:0.01/1:0.99,0,0,0:0.01/2:0.99,2,0,0,0:0.01/2:0.99,2,0,0:0.01/2:0.99,0,0:0.3/1:0.7,0,0,0,0,0,0:0.01/1:0.99,0:0.01/2:0.99,0:0.01/1:0.99,0,0,0,0,0,0,0,0,0,1,0,0,0,0,0,0,1,0,0,0:0.01/2:0.99,0:0.01/2:0.99,0:0.01/1:0.99,0,0,2,1,0,2,0,2,2,2,0,1,0,1,1,0:0.3/1:0.7,1,0,0,0:0.01/1:0.99,0,2,0,0:0.3/1:0.7,0,2,0:0.3/1:0.7,1,0:0.01/2:0.99,2,0,0,0:0.01/2:0.99,0:0.01/2:0.99,2,0,2,0:0.01/1:0.99,0,0:0.01/2:0.99,0,1,2,2,1,1,0,0:0.01/2:0.99,0:0.01/2:0.99,0:0.01/1:0.99,0:0.3/2:0.7,0:0.01/1:0.99,0,1,0,0,1,0,0:0.01/1:0.99,0,0:0.01/2:0.99,0,2,0,0:0.01/1:0.99,1,1,0,0:0.3/1:0.7,0,0:0.01/2:0.99,0,0:0.01/1:0.99,0,0,2,0,2,1,0,0,2,1,0:0.3/2:0.7,1,0,0:0.3/1:0.7,1,0:0.3/2:0.7,0,1,0,1,0,0:0.01/1:0.99
178_18,0,1,2,1,0:0.01/1:0.99,2,2,2,0,0,2,0:0.04/2:0.96,2,1,1,0,2,0:0.04/1:0.96,0,0,2,1,2,0:0.04/2:0.96,1,0:0.01/2:0.99,0,2,1,0,0,1,0,0,2,0:0.01/1:0.99,1,0,2,2,0,0:0.04/2:0.96,0,2,2,2,1,1,0,0,2,2,0,0,1,0,0,0:0.04/2:0.96,0,1,2,2,1,0,0:0.04/1:0.96,2,2,0:0.04/2:0.96,0:0.04/1:0.96,2,2,0,2,0,0:0.01/1:0.99,0,0:0.04/2:0.96,0:0.04/2:0.96,0,0,1,2,1,0:0.04/2:0.96,0,0,0:0.04/2:0.96,0,0:0.04/2:0.96,0,0:0.04/2:0.96,0:0.04/1:0.96,1,0,0,0,0:0.04/2:0.96,0,0,1,0,0,2,2,1,0,0:0.04/2:0.96,2,1,0,2,0,2,2,2,0,1,0,1,1,0:0.01/1:0.99,1,0,0,1,0:0.04/2:0.96,2,0,0:0.01/1:0.99,0:0.04/2:0.96,2,0:0.01/1:0.99,1,2,2,0,0:0.04/1:0.96,2,2,2,0:0.04/2:0.96,2,1,0,2,0,1,2,2,1,1,0:0.04/2:0.96,2,2,1,0:0.01/2:0.99,1,0,1,0:0.04/2:0.96,0,1,0,1,0,2,0,2,0,1,1,1,0:0.04/2:0.96,0:0.01/1:0.99,0,2,0,1,0,0:0.04/1:0.96,2,0,2,1,0,0:0.04/2:0.96,2,1,0:0.01/2:0.99,1,0,0:0.01/1:0.99,1,0:0.01/2:0.99,0:0.04/2:0.96,1,0:0.04/1:0.96,1,0,1
216_30,1,1,2,1,1,2,2,2,2,1,2,2,2,1,1,1,2,1,0,0,2,1,2,2,1,2,0,2,1,0,0,1,0,1,2,1,1,0,2,2,0,2,0,2,2,2,1,1,2,0,2,2,0,0,1,0,0,2,0,1,2,2,1,0,1,2,2,2,1,2,2,2,2,0,1,0,2,2,0,0,1,2,1,2,0,1,2,0,2,0,2,1,1,0,0,0,2,2,2,1,0,0,2,2,1,0,2,2,1,2,2,0,2,2,2,0,1,0,1,1,1,1,0,0,1,2,2,0,1,2,2,1,1,2,2,2,1,2,2,2,2,2,1,0,2,0,1,2,2,1,1,2,2,2,1,2,1,0,1,2,0,1,0,1,0,2,1,2,1,1,1,1,2,1,0,2,0,1,0,1,2,0,2,1,0,2,2,1,2,1,2,1,1,2,2,1,1,1,0,1
216_29,0,1,2,1,1,2,2,2,0,0,2,2,2,1,1,0,2,1,0,0,2,1,2,2,1,2,0,2,1,0,0,1,0,0,2,1,1,0,2,2,2,2,0,2,2,2,1,1,0,0,2,2,2,0,1,0,0,2,0,1,2,2,1,0,1,2,2,2,1,2,2,0,2,0,1,1,2,2,0,0,1,2,1,2,0,0,2,0,2,0,2,1,1,0,0,0,2,1,0,1,0,0,2,2,1,0,2,2,1,0,2,0,2,2,2,0,1,0,1,1,1,1,0,0,1,2,2,1,1,2,2,1,1,2,2,0,1,2,2,2,2,2,1,0,2,0,1,2,2,1,1,2,2,2,1,2,1,0,1,2,2,1,0,1,0,2,0,2,2,1,1,1,2,1,2,2,0,1,0,1,2,0,2,1,0,2,2,1,2,1,0,1,1,2,2,1,1,1,0,1
172_15,0,1,2,1,1,2,2,2,0,0,2,0,2,1,1,0,2,0,0,0:0.01/2:0.99,2,1,2,0,1,2,0:0.01/2:0.99,2,1,0,0,1,0,0,2,1,1,0,2,2,0:0.01/2:0.99,0,0:0.01/2:0.99,2,2,2,1,1,0,0,2,2,0,0:0.01/2:0.99,1,0,0:0.01/2:0.99,0,0:0.01/2:0.99,1,2,2,1,0,0,2,2,0,0,2,2,0,2,0,1,0,0:0.01/1:0.99,0,0,0,1,2,1,0,0,0,0,0:0.01/2:0.99,0,0:0.01/1:0.99,0,0,1,0,0:0.01/1:0.99,0,0,0,0,1,0,0,2,2,1,0:0.01/2:0.99,0:0.01/1:0.99,2,1,0,2,0,2,2,2,0,1,0:0.01/2:0.99,1,1,1,1,0,0,1,0,2,0,1,0:0.01/1:0.99,2,1,1,2,2,0,0,2,2,2,0,2,1,0,2,0,1,2,2,1,1,0,2,2,1,2,1,0,1,0,0,1,0,1,0:0.01/1:0.99,2,0:0.01/2:0.99,2,0,1,1,1,0,1,0,2,0:0.01/1:0.99,1,0:0.01/2:0.99,0,2,0,2,1,0,0,2,1,2,1,0,1,1,2,0,1,0,1,0,1
213_24,0,1,2,1,1,2,2,2,0,2,2,0,2,1,1,0,2,0,0,2,2,1,2,0,1,2,2,2,1,0,0,1,0,0,2,1,1,0,2,2,2,1,2,2,2,2,1,1,0,0,2,2,0,2,1,0,2,0,2,1,2,2,1,0,0,2,2,0,0,2,2,2,2,0,1,0,1,0,0,0,1,2,1,0,0,0,1,2,0,1,0,0,1,0,1,1,0,0,0,1,0,0,2,2,1,2,1,2,1,0,2,0,2,2,2,0,1,2,1,1,1,1,0,0,1,0,2,0,1,1,2,1,1,2,2,0,0,2,2,2,0,2,1,0,2,0,1,2,2,1,1,2,2,2,1,2,1,0,1,0,0,1,0,1,1,2,2,2,0,1,1,1,1,1,0,2,1,1,2,1,2,0,2,1,0,0,2,1,2,1,0,1,1,2,0,1,2,1,0,1
216_28,0,1,2,1,1,2,2,2,0,2,2,0,2,1,1,0,2,0,0,2,2,1,2,0,1,2,2,2,1,0,0,1,0,0,2,1,1,0,2,2,2,1,2,2,2,2,1,1,0,0,2,2,0,2,1,0,2,0,2,1,2,2,1,0,0,2,2,0,0,2,2,2,2,0,1,0,1,0,0,0,1,2,1,0,0,0,1,2,0,1,0,0,1,0,1,1,2,0,0,1,0,0,2,2,1,2,1,2,1,0,2,0,2,2,2,0,1,2,1,1,1,1,0,0,1,0,2,0,1,1,2,1,1,2,2,0,0,2,2,2,0,2,1,0,2,0,1,2,2,1,1,2,2,2,1,2,1,0,1,0,0,1,0,1,1,2,2,2,0,1,1,1,1,1,0,2,1,1,2,1,2,0,2,1,0,0,2,1,2,1,0,1,1,2,0,1,2,1,0,1
216_27,0,1,2,1,1,2,2,2,0,2,2,0,2,1,1,0,2,0,0,2,2,1,2,0,1,2,2,2,1,0,0,1,0,0,2,1,1,0,2,2,2,1,2,2,2,2,1,1,0,0,2,2,0,2,1,0,2,0,2,1,2,2,1,0,0,2,2,0,0,2,2,2,2,0,1,0,1,0,0,0,1,2,1,0,0,0,1,2,0,1,0,0,1,0,1,1,0,0,0,1,0,0,2,2,1,2,1,2,1,0,2,0,2,2,2,0,1,2,1,1,1,1,0,0,1,0,2,0,1,1,2,1,1,2,2,0,0,2,2,2,0,2,1,0,2,0,1,2,2,1,1,2,2,2,1,2,1,0,1,0,1,1,0,1,1,2,2,2,0,1,1,1,1,1,0,2,1,1,2,1,2,0,2,1,0,0,2,1,2,1,0,1,1,2,0,1,2,1,0,1
209_21,0,1,2,1,1,2,2,2,0,0,2,0,2,1,1,0,2,0,0,2,2,1,2,0,1,2,2,2,1,0,0,1,0,0,2,1,1,0,2,2,2,0,2,2,2,2,1,1,0,0,2,2,0,2,1,0,2,0,2,1,2,2,1,0,0,2,2,0,0,2,2,0,2,0:0.01/1:0.99,1,0:0.01/2:0.99,1,0,0,0,1,2,1,0:0.01/2:0.99,0,0,0,2,0,1,0,0,1,0,1,0,0,0,0,1,0,0,2,2,1,2,1,2,1,0,2,0,2,2,2,0,1,2,1,1,1,1,0,0,1,0,2,0,1,1,2,1,1,2,2,0,0,2,2,2,0,2,1,0,2,0,1,2,2,1,1,0,2,2,1,2,1,0:0.01/2:0.99,1,0,0,1,0,1,1,2,2,2,0,1,1,1,0,1,0,2,1,1,2,0,2,0,2,1,0,0,2,1,2,1,0,1,1,2,0,1,0,1,0,1
216_26,0,1,2,1,1,2,2,2,0,0,2,0,2,1,1,0,2,0,0,2,2,1,2,0,1,2,2,2,1,0,0,1,0,0,2,1,1,0,2,2,2,0,2,2,2,2,1,1,0,0,2,2,0,2,1,0,2,0,2,1,2,2,1,0,0,2,2,0,0,2,2,0,2,1,1,2,1,0,0,0,1,2,1,2,0,0,0,2,0,1,0,0,1,0,1,0,0,0,2,1,0,0,2,2,1,2,1,2,1,0,2,0,2,2,2,0,1,2,1,1,1,1,0,0,1,0,2,0,1,1,2,1,1,2,2,0,0,2,2,2,0,2,1,0,2,0,1,2,2,1,1,0,2,2,1,2,1,2,1,0,0,1,0,1,1,2,2,2,0,1,1,1,0,1,0,2,1,1,2,0,2,0,2,1,0,0,2,1,2,1,0,1,1,2,1,1,0,1,0,1
216_25,0,1,2,1,1,2,2,2,0,0,2,0,2,1,1,0,2,0,0,2,2,1,2,0,1,2,2,2,1,0,0,1,0,0,2,1,1,0,2,2,2,0,2,2,2,2,1,1,0,0,2,2,0,2,1,0,2,0,2,1,2,2,1,0,0,2,2,2,0,2,2,0,2,1,1,2,1,0,0,0,1,2,1,2,0,0,0,2,0,1,0,0,1,0,1,0,0,0,0,1,0,0,2,2,1,2,1,2,1,0,2,0,2,2,2,0,1,2,1,1,1,1,0,0,1,0,2,0,1,1,2,1,1,2,2,0,0,2,2,2,0,2,1,0,2,0,1,2,2,1,1,0,2,2,1,2,1,2,1,0,0,1,0,1,1,2,2,2,0,1,1,1,0,1,0,2,1,1,2,0,2,0,2,1,0,0,2,1,2,1,0,1,1,2,2,1,0,1,0,1
130_9,0,1,2,1,0,2,2,2,0:0.07/1:0.93,0:0.07/2:0.93,2,0,2,1,1,0,2,0,0,0,2,1,2,0,1,0,0,2,1,0,0,1,0:0.07/1:0.93,0,2,0,1,0,2,2,0,0:0.07/1:0.93,0,2,2,2,1,1,0:0.07/1:0.93,0,2,2,0,0,1,0:0.07/1:0.93,0,0,0,1,2,2,1,0,0,2,2,0,0,2,2,0,2,0,0:0.07/2:0.93,0,0,0,0,0:0.07/2:0.93,1,2,1,0,0,0,0:0.07/1:0.93,0,0:0.07/1:0.93,0:0.07/1:0.93,0,0,1,0,0,0,0,0,0,1,0:0.07/1:0.93,0,2,2,1,0,0:0.07/1:0.93,2,1,0:0.07/1:0.93,2,0,2,2,2,0,1,0,1,1,0,1,0,0,1,0,2,0,0:0.07/2:0.93,0,2,0,1,2,2,0,0,2,2,2,0,2,1,0:0.07/2:0.93,2,0:0.07/2:0.93,1,2,2,1,1,0,2,2,1,0,1,0,1,0,0:0.07/2:0.93,1,0:0.07/2:0.93,1,0,2,0,2,0:0.07/2:0.93,1,1,1,0:0.07/2:0.93,0,0:0.07/2:0.93,2,0,1,0:0.07/2:0.93,0,2,0:0.07/2:0.93,2,1,0,0,2,1,0,1,0,0,1,0,0,1,0,1,0,1
180_15,0,1,2,1,0,2,2,2,0:0.01/1:0.99,0:0.01/2:0.99,2,0,2,1,1,0,2,0,0:0.08/2:0.92,0,2,1,2,0,1,0,0,2,1,0,0,1,0:0.01/1:0.99,0,2,0,1,0,2,2,0:0.08/2:0.92,0:0.01/1:0.99,0,2,2,2,1,1,0:0.01/1:0.99,0,2,2,0,0:0.08/1:0.92,1,0:0.01/1:0.99,0:0.08/2:0.92,0,0,1,2,2,1,0,0:0.08/2:0.92,2,2,0,0,2,2,0,2,0,0:0.01/2:0.99,0,0,0,0,0:0.01/2:0.99,1,2,1,0,0,0,0:0.01/1:0.99,0,0:0.01/1:0.99,0:0.01/1:0.99,0,0,1,0,0,0,0,0,0,1,0:0.01/1:0.99,0,2,2,1,0,0:0.01/1:0.99,2,1,0:0.01/1:0.99,2,0,2,2,2,0,1,0,1,1,0,1,0:0.08/1:0.92,0,1,0,2,0,0:0.01/2:0.99,0,2,0,1,2,2,0:0.08/1:0.92,0,2,2,2,0:0.08/2:0.92,2,1,0:0.01/2:0.99,2,0:0.01/2:0.99,1,2,2,1,1,0,2,2,1,0:0.08/2:0.92,1,0,1,0,0:0.01/2:0.99,1,0:0.01/2:0.99,1,0,2,0:0.08/2:0.92,2,0:0.01/2:0.99,1,1,1,0:0.01/2:0.99,0,0:0.01/2:0.99,2,0:0.08/1:0.92,1,0:0.01/2:0.99,0:0.08/2:0.92,2,0:0.01/2:0.99,2,1,0,0,2,1,0,1,0,0:0.08/1:0.92,1,0,0,1,0,1,0,1
216_24,0,1,2,1,1,2,2,2,1,2,2,0,2,1,1,0,2,0,2,0,2,1,2,0,1,0,0,2,1,0,0,1,1,0,2,0,1,0,2,2,2,1,2,2,2,2,1,1,1,2,2,2,0,1,1,1,2,2,0,1,2,2,1,0,2,2,2,0,0,2,2,0,2,0,2,0,1,0,0,2,1,2,1,0,0,0,1,1,1,1,0,0,1,0,0,0,0,0,0,1,1,0,2,2,1,0,1,2,1,1,2,0,2,2,2,0,1,0,1,1,0,1,1,0,1,0,2,0,2,0,2,0,1,2,2,1,0,2,2,2,2,2,1,2,2,2,1,2,2,1,1,0,2,2,1,2,1,0,1,0,2,1,2,1,0,2,2,2,2,1,1,1,2,1,2,2,1,1,2,2,2,2,2,1,0,2,2,1,2,1,0,1,1,0,0,1,0,1,2,1
216_23,0,1,2,1,0,2,2,2,1,2,2,1,2,1,1,0,2,1,2,0,2,1,2,0,1,0,0,2,1,0,0,1,1,0,2,0,1,1,2,2,2,1,0,2,2,2,1,1,1,0,2,2,0,1,1,1,2,0,0,1,2,2,1,1,2,2,2,0,2,2,2,0,2,0,2,0,0,0,0,2,1,2,1,0,1,0,1,0,1,1,0,0,1,0,0,0,1,0,1,1,1,1,2,2,1,0,1,2,1,1,2,0,2,2,2,0,1,0,1,1,0,1,1,0,1,0,2,0,2,0,2,0,1,2,2,1,1,2,2,2,2,2,1,2,2,2,1,2,2,1,1,0,2,2,1,2,1,2,1,0,2,1,2,1,0,2,2,2,2,1,1,1,2,2,2,2,1,1,2,2,2,2,2,1,0,0,2,1,0,1,1,1,1,0,0,1,0,1,0,1
176_13,0,1,2,1,0,2,2,2,1,2,2,0,2,1,1,0,2,0,0,0,2,1,2,0:0.02/1:0.98,1,0,0,2,1,0,0,1,1,0,2,0:0.02/2:0.98,1,0,2,2,0:0.02/1:0.98,1,0,2,2,2,1,1,1,0,2,2,0,0,1,1,0,0,0,1,2,2,1,0,0,2,2,0,0,2,2,0,2,0:0.02/2:0.98,2,0,0,0:0.02/2:0.98,0:0.02/2:0.98,2,1,2,1,0:0.02/2:0.98,0,0:0.02/2:0.98,1,0,1,1,0,0:0.02/1:0.98,1,0,0,0,0,0,0:0.02/2:0.98,1,1,0,2,2,1,0,1,2,1,1,2,0,2,2,2,0:0.02/1:0.98,1,0,1,1,0,1,0:0.02/2:0.98,0,1,0:0.02/1:0.98,2,0,2,0,2,0,1,2,2,0,0,2,2,2,0,2,1,2,2,2,1,2,2,1,1,0:0.02/2:0.98,2,2,1,0,1,0:0.02/2:0.98,1,0,2,1,2,1,0,2,0,2,2,1,1,1,2,0,2,2,0,1,2,0:0.02/1:0.98,2,2,2,1,0,0,2,1,0:0.02/2:0.98,1,0:0.02/2:0.98,0,1,0,0,1,0,1,0,1
216_22,0,1,2,1,0,2,2,2,1,2,2,0,2,1,1,0,2,0,0,2,2,1,2,1,1,0,0,2,1,0,0,1,1,0,2,2,1,1,2,2,1,1,0,2,2,2,1,1,1,0,2,2,0,0,1,1,0,0,2,1,2,2,1,0,2,2,2,0,0,2,2,0,2,2,2,0,0,2,2,2,1,2,1,2,0,2,1,0,1,1,0,1,1,0,0,0,0,0,2,1,1,0,2,2,1,0,1,2,1,1,2,0,2,2,2,1,1,0,1,1,0,1,2,0,1,1,2,2,2,0,2,0,1,2,2,0,0,2,2,2,0,2,1,2,2,2,1,2,2,1,1,2,2,2,1,0,1,2,1,0,2,1,2,1,0,2,0,2,2,1,1,1,2,0,2,2,0,1,2,1,2,2,2,1,0,0,2,1,2,1,2,1,1,0,0,1,0,1,0,1
216_21,0,1,2,1,0,2,2,2,1,2,2,0,2,1,1,2,2,0,0,0,2,1,2,1,1,0,0,2,1,0,1,1,1,0,2,2,1,0,2,2,1,1,0,2,2,2,1,1,1,0,2,2,0,0,1,1,1,0,0,1,2,2,1,0,0,2,2,0,0,2,2,0,2,2,2,0,0,2,2,2,1,2,1,2,0,2,1,1,1,1,0,1,1,1,0,0,0,0,2,1,1,1,2,2,1,2,1,2,1,1,2,0,2,2,2,1,1,0,1,1,0,1,2,0,1,1,2,0,2,0,2,0,1,2,2,0,0,2,2,2,0,2,1,2,2,2,1,2,2,1,1,2,2,2,1,0,1,2,1,0,2,1,2,1,0,2,0,2,2,1,1,1,2,0,2,2,0,1,2,1,2,2,2,1,0,0,2,1,2,1,2,0,1,0,0,1,0,1,0,1
85_3,0,1,2,0,0,2,2,2,0,0,0,0,2,0,1,0,2,0:0.05/1:0.95,0,0,2,1,2,0,1,0,0:0.05/1:0.95,2,0,0:0.05/2:0.95,0:0.05/1:0.95,0,0,0:0.05/2:0.95,2,0,1,0,0,2,0,0,0,0,2,2,1,0,0:0.05/2:0.95,0,2,2,0,0,1,0,0,0,0,1,2,2,0,0,0,0,2,0:0.05/2:0.95,0:0.05/1:0.95,0,2,0,0,0:0.05/2:0.95,0,0,0:0.05/1:0.95,0,0,0,0:0.05/2:0.95,0,0,0,0,0,0,0,0,0,0:0.05/2:0.95,0,1,0,0:0.05/1:0.95,0,0,0,0:0.05/2:0.95,1,0,0:0.05/2:0.95,0,0,0:0.05/2:0.95,0,0,2,1,0,2,0:0.05/1:0.95,2,2,2,0,1,0,1,1,0,1,0:0.05/1:0.95,0,0,0,2,0:0.05/1:0.95,0:0.05/2:0.95,0:0.05/1:0.95,2,0,1,0,2,0,0,0:0.05/1:0.95,0,2,0:0.05/1:0.95,2,0,0:0.05/2:0.95,0,0,1,2,2,1,1,0,0,0,0,0,0,0,1,0:0.05/2:0.95,0:0.05/2:0.95,1,0,0,0,0,0:0.05/1:0.95,2,0,0,1,1,0,0:0.05/2:0.95,0,0,0:0.05/1:0.95,0,0,0,2,0,2,1,0:0.05/2:0.95,0,2,1,0:0.05/2:0.95,1,0,0,1,0,0:0.05/1:0.95,1,0,1,0:0.05/2:0.95,0
129_7,0,1,2,0:0.04/1:0.96,0,2,2,2,0,0,0,0,2,0,1,0,2,1,0,0,2,1,2,0,1,0,1,2,0:0.04/1:0.96,2,1,0,0,2,2,0:0.04/2:0.96,1,0,0,2,0,0,0,0,2,2,1,0,2,0,2,2,0,0,1,0,0,0:0.04/1:0.96,0,1,2,2,0:0.04/1:0.96,0,0:0.04/2:0.96,0,2,2,1,0,2,0,0,2,0,0:0.04/1:0.96,1,0,0,0:0.04/1:0.96,2,0:0.04/1:0.96,0:0.04/2:0.96,0,0,0,0:0.04/1:0.96,0,0,0,2,0,1,0,1,0,0:0.04/2:0.96,0,2,1,0,2,0,0,2,0,0,2,1,0,2,1,2,2,2,0,1,0,1,1,0,1,1,0,0,0,2,1,2,1,2,0,1,0,2,0:0.04/2:0.96,0,1,0,2,1,2,0,2,0,0:0.04/2:0.96,1,2,2,1,1,0:0.04/1:0.96,0,0,0,0:0.04/1:0.96,0,0,1,2,2,1,0,0:0.04/2:0.96,0,0,1,2,0,0:0.04/1:0.96,1,1,0,2,0,0,1,0:0.04/2:0.96,0,0,2,0,2,1,2,0,2,1,2,1,0,0:0.04/2:0.96,1,0:0.04/2:0.96,1,1,0,1,2,0
170_9,0:0.06/1:0.94,1,2,1,0,2,2,2,0,0,0,0,2,0,1,0:0.06/2:0.94,2,1,0,0,2,1,2,0,1,0,1,2,1,2,1,0,0,2,2,2,1,0,0,2,0:0.06/2:0.94,0,0,0:0.06/2:0.94,2,2,1,0,2,0,2,2,0:0.06/2:0.94,0,1,0,0,1,0,1,2,2,1,0,2,0,2,2,1,0,2,0,0,2,0,1,1,0,0,1,2,1,2,0,0,0,1,0,0,0:0.06/2:0.94,2,0:0.06/2:0.94,1,0,1,0,2,0,2,1,0:0.06/2:0.94,2,0,0,2,0,0,2,1,0,2,1,2,2,2,0,1,0,1,1,0,1,1,0,0,0,2,1,2,1,2,0,1,0,2,2,0,1,0:0.06/1:0.94,2,1,2,0,2,0,2,1,2,2,1,1,1,0:0.06/2:0.94,0,0,1,0,0,1,2,2,1,0,2,0,0,1,2,0,1,1,1,0:0.06/2:0.94,2,0:0.06/2:0.94,0,1,2,0,0,2,0,2,1,2,0,2,1,2,1,0:0.06/1:0.94,2,1,2,1,1,0:0.06/1:0.94,1,2,0
213_14,1,1,2,1,1,2,2,2,0,2,0,2,2,0,1,2,2,1,0,0,2,1,2,0,1,0,1,2,1,2,1,0,0,2,2,2,1,0,0,2,2,0,0,2,2,2,1,0,2,0,2,2,2,0,1,2,0,1,0,1,2,2,1,0,2,0,2,2,1,0,2,0,0,2,0,1,1,1,0,1,2,1,2,1,0,1,1,0,0,2,2,2,1,0,1,0,2,0,2,1,2,2,0,2,2,0,0,2,1,0,2,1,2,2,2,0,1,1,1,1,0,1,1,0,0,0,2,1,2,1,2,0,1,0,2,2,0,1,1,2,1,2,0,2,0,2,1,2,2,1,1,1,2,2,0,1,0,2,1,2,2,1,0,2,0,0,1,2,0,1,1,1,2,2,2,1,1,2,0,0,2,0,2,1,2,0,2,1,2,1,1,2,1,2,1,1,1,1,2,0
216_16,1,1,2,1,1,2,2,2,0,2,0,2,2,0,1,2,2,1,2,0,2,1,2,0,1,0,1,2,1,2,1,0,0,2,2,2,1,0,0,2,2,0,0,2,2,2,1,0,2,0,2,2,2,0,1,2,0,1,0,1,2,2,1,0,2,0,2,2,1,0,2,0,0,2,0,1,1,1,0,1,2,1,2,1,0,1,1,0,0,2,2,2,1,0,1,0,2,0,2,1,2,2,0,2,2,0,0,2,1,0,2,1,2,2,2,0,1,1,1,1,0,1,1,0,0,0,2,1,2,1,2,0,1,2,2,2,0,1,1,2,1,2,0,2,0,2,1,2,2,1,1,1,2,2,0,1,0,2,1,2,2,1,0,2,0,0,1,2,0,1,1,1,2,2,2,1,1,2,0,0,2,0,2,1,2,0,2,1,2,1,1,2,1,2,1,1,1,1,2,0
216_15,1,1,2,1,1,2,2,2,0,2,0,2,2,0,1,2,2,1,0,0,2,1,2,0,1,0,1,2,1,2,1,0,0,2,2,2,1,0,0,2,2,0,1,2,2,2,1,0,2,0,2,2,2,0,1,2,0,1,0,1,2,2,1,0,2,0,2,2,1,0,2,0,0,2,0,1,1,1,0,1,2,1,2,1,0,1,1,0,0,2,2,2,1,0,1,2,2,0,2,1,2,2,0,2,2,0,0,2,1,0,2,1,2,2,2,0,1,1,1,1,0,1,1,0,0,0,2,1,2,1,2,0,1,0,2,2,0,1,1,2,1,2,0,2,0,2,1,2,2,1,1,1,2,2,0,1,0,2,1,2,2,1,0,2,0,0,1,2,0,1,1,1,2,2,2,1,1,2,0,0,2,0,2,1,2,0,2,1,2,1,1,2,1,2,1,1,1,1,2,0
205_10,1,1,2,1,0:0.01/2:0.99,2,2,2,0,0,0,0,2,0,1,2,2,1,0:0.01/2:0.99,0,2,1,2,0,1,0,1,2,1,2,1,0,0,2,2,2,1,0:0.01/1:0.99,0,2,2,0,0,2,2,2,1,0,2,0,2,2,2,0,1,0,0,1,0,1,2,2,1,0,2,0,2,2,1,0,2,0,0,2,0,1,1,0,0,1,2,1,2,0:0.01/2:0.99,0,0,1,0,0,2,2,2,1,0:0.01/1:0.99,1,0,2,0,2,1,2,2,0,0,2,0,0:0.01/1:0.99,2,1,0:0.01/2:0.99,2,1,2,2,2,0,1,0,1,1,0,1,1,0,0,0,2,1,2,1,2,0,1,0,2,2,0,1,1,2,1,2,0,2,0,2,1,2,2,1,1,1,2,0:0.01/1:0.99,0,1,0,0,1,2,2,1,0,2,0,0,1,2,0,1,1,1,2,2,2,0:0.01/2:0.99,1,2,0,0,2,0,2,1,2,0,2,1,2,1,1,2,1,2,1,1,1,1,2,0
216_14,1,1,2,1,2,2,2,2,0,0,0,0,2,0,1,2,2,1,2,0,2,1,2,0,1,0,1,2,1,2,1,0,0,2,2,2,1,1,1,2,2,0,0,2,2,2,1,0,2,0,2,2,2,0,1,0,0,1,0,1,2,2,1,0,2,0,2,2,1,0,2,0,0,2,0,1,1,0,0,1,2,1,2,2,0,0,1,2,0,2,2,2,1,1,1,0,2,0,2,1,2,2,0,0,2,0,1,2,1,2,2,1,2,2,2,0,1,0,1,1,0,1,1,0,0,0,2,1,2,1,2,0,1,0,2,2,0,1,1,2,1,2,0,2,0,2,1,2,2,1,1,1,2,1,0,1,0,1,1,2,2,1,0,2,1,0,1,2,0,1,1,1,2,2,2,2,1,2,0,0,2,0,2,1,2,0,2,1,2,1,1,2,1,2,1,1,1,1,2,0
216_13,1,1,2,1,2,2,2,2,0,0,0,0,2,0,1,2,2,1,2,0,2,1,2,0,1,0,1,2,1,2,1,0,0,2,2,2,1,1,0,2,2,0,0,2,2,2,1,0,2,0,2,2,2,0,1,0,0,1,0,1,2,2,1,0,2,0,2,2,1,0,2,0,0,2,0,1,1,0,0,1,2,1,2,2,0,0,1,0,0,2,2,2,1,1,1,0,2,0,2,1,2,2,0,0,2,0,1,2,1,2,2,1,2,2,2,0,1,0,1,1,0,1,1,0,0,0,2,1,2,1,2,0,1,0,2,2,0,1,1,2,1,2,0,2,0,2,1,2,2,1,1,1,2,1,0,1,0,0,1,2,2,1,0,2,0,0,1,2,0,1,1,1,2,2,2,2,1,2,0,2,2,0,2,1,2,0,2,1,2,1,1,2,1,2,1,1,1,1,2,0
169_10,0,1,2,1,0,2,2,2,0,0:0.1/2:0.9,0,0,2,0,1,0,2,1,0,0,2,1,2,0,1,0,1,2,1,2,1,0,0,2,2,2,1,0,0,2,0,0,0,0,2,2,1,0,2,0,2,2,0,0,1,0:0.1/1:0.9,0,1,0,1,2,2,1,0:0.1/2:0.9,2,0:0.1/1:0.9,2,2,1,0,2,0,0,2,0:0.1/2:0.9,1,1,0,0,1,2,1,2,0,0:0.1/2:0.9,0,1,0,0,0,2,0,1,0,1,0:0.1/2:0.9,2,0,2,1,0,2,0,0,2,0,0,2,1,0,2,1,2,2,2,0,1,0,1,1,0,1,1,0:0.1/1:0.9,0,0,2,1,2,1,2,0,1,0,2,2,0,1,0,2,1,2,0,2,0,2,1,2,2,1,1,1,0,0,0:0.1/1:0.9,1,0,0,1,2,2,1,0,2,0,0,1,2,0,1,1,1,0,2,0,0,1,2,0:0.1/1:0.9,0,2,0,2,1,2,0,2,1,2,1,0,2,1,2,1,1,0,1,2,0
216_17,0,1,2,1,1,2,2,2,0,2,2,0,2,0,1,0,2,1,0,0,2,1,2,0,1,0,1,2,1,2,1,0,0,2,2,2,1,2,0,2,2,0,0,0,2,2,1,0,2,1,2,2,0,0,1,1,0,1,2,1,2,2,1,2,2,1,2,2,1,0,2,0,0,2,2,1,1,0,0,1,2,1,2,1,2,2,1,0,0,0,2,0,1,0,1,2,2,0,2,1,0,2,0,0,2,0,0,2,1,0,2,1,2,2,2,1,1,2,1,1,0,1,1,1,2,0,2,1,2,1,2,0,1,0,2,2,0,1,0,2,1,2,0,2,0,2,1,2,2,1,1,1,0,0,1,1,0,0,1,2,2,1,0,2,0,0,1,2,0,1,1,1,0,2,0,0,1,2,1,1,2,0,2,1,2,0,2,1,2,1,0,2,1,2,1,1,0,1,2,0
209_16,0,1,2,1,0,2,2,2,0,2,0,0,2,0,1,0,2,1,0,0,2,1,2,0,1,0,1,2,1,2,1,0,0,2,2,2,1,0,0,2,0,0,2,0,2,2,1,0,2,2,2,2,0,0,1,1,0,1,0,1,2,2,1,2,2,1,2,2,1,0,2,0,0,2,2,1,1,0,0,1,2,1,2,0,2,0,1,1,2,0,2,0,1,0,1,2,2,0,2,1,0,2,0,0,2,0,0,2,1,0,2,1,2,2,2,0,1,0,1,1,0,1,1,1,0,1,2,1,2,1,2,0,1,0,2,2,0,1,2,2,1,2,0,2,0,2,1,2,2,1,1,1,2,2,1,1,0,0,1,2,2,1,2,2,2,0,1,2,2,1,1,1,0,2,0,0,1,2,1,0,2,0,2,1,2,0,2,1,2,1,0,2,1,2,1,1,0,1,2,0
216_20,0,1,2,1,0,2,2,2,1,2,0,0,2,1,1,0,2,1,0,0,2,1,2,0,1,0,1,2,1,2,1,0,0,2,2,2,1,0,0,2,0,0,2,0,2,2,1,0,2,2,2,2,0,0,1,1,0,1,0,1,2,2,1,2,2,1,2,2,1,0,2,0,0,2,2,1,1,0,0,1,2,1,2,0,2,0,1,1,2,0,2,0,1,0,1,2,2,0,2,1,2,2,0,0,2,0,0,2,1,0,2,1,2,2,2,0,1,0,1,1,0,1,1,1,0,1,2,1,2,1,2,0,1,0,2,2,0,1,2,2,1,2,0,2,0,2,1,2,2,1,1,1,2,2,1,1,0,0,1,2,2,1,2,2,2,0,1,2,2,1,1,1,0,2,0,0,1,2,1,0,2,0,2,1,2,0,2,1,2,1,0,2,1,2,1,1,0,1,2,0
216_19,0,1,2,1,0,2,2,2,0,2,0,0,2,0,1,0,2,1,0,0,2,1,2,0,1,0,1,2,1,2,1,0,0,2,2,2,1,0,0,2,0,0,2,0,2,2,1,0,2,2,2,2,0,0,1,1,0,1,0,1,2,2,1,2,2,1,2,2,1,0,2,0,0,2,2,1,1,0,0,1,2,1,2,0,2,0,1,1,2,0,2,0,1,0,1,2,2,0,2,1,0,2,0,0,2,0,0,2,1,1,2,1,2,2,2,0,1,0,1,1,0,1,1,1,0,1,2,1,2,1,2,0,1,0,2,2,0,1,2,2,1,2,0,2,0,2,1,2,2,1,1,1,2,2,1,1,0,0,1,2,2,1,2,2,2,0,1,2,2,1,1,1,0,2,0,0,1,2,1,0,2,0,2,1,2,0,2,1,2,1,0,2,1,2,1,1,0,1,2,0
124_5,0:0.11/1:0.89,1,2,0,0:0.11/2:0.89,2,2,2,0,0,0,0:0.11/2:0.89,2,0,1,0,2,0:0.01/1:0.99,0,0,2,1,2,0:0.11/1:0.89,1,0,0:0.01/1:0.99,2,0:0.11/2:0.89,0:0.01/2:0.99,0:0.01/1:0.99,0,0,0:0.01/2:0.99,2,0,1,0,0,2,0,0,0,0,2,2,1,0,0:0.01/2:0.99,0,2,2,0,0:0.11/2:0.89,1,0,0,0,0,1,2,2,0,0,0,0:0.11/2:0.89,2,0:0.01/2:0.99,0:0.01/1:0.99,0,2,0,0,0:0.01/2:0.99,0:0.11/1:0.89,0,0:0.01/1:0.99,0,0,0:0.11/2:0.89,0:0.01/2:0.99,0,0,0,0,0,0,0,0,0,0:0.01/2:0.99,0,1,0,0:0.01/1:0.99,0,0:0.11/1:0.89,0,0:0.01/2:0.99,1,0:0.11/1:0.89,0:0.01/2:0.99,0,0,0:0.01/2:0.99,0,0,2,1,0,2,0:0.01/1:0.99,2,2,2,0,1,0,1,1,0,1,0:0.01/1:0.99,0,0,0,2,0:0.01/1:0.99,0:0.01/2:0.99,0:0.01/1:0.99,2,0,1,0,2,0,0,0:0.01/1:0.99,0,2,0:0.01/1:0.99,2,0,0:0.01/2:0.99,0,0,1,2,2,1,1,0,0:0.11/1:0.89,0,0,0,0,0,1,0:0.01/2:0.99,0:0.01/2:0.99,1,0,0,0,0,0:0.01/1:0.99,2,0:0.11/1:0.89,0,1,1,0,0:0.01/2:0.99,0:0.11/2:0.89,0:0.11/2:0.89,0:0.01/1:0.99,0,0,0,2,0:0.11/2:0.89,2,1,0:0.01/2:0.99,0:0.11/1:0.89,2,1,0:0.01/2:0.99,1,0,0,1,0,0:0.01/1:0.99,1,0,1,0:0.01/2:0.99,0
165_5,0:0.01/1:0.99,1,2,0,0:0.01/2:0.99,2,2,2,0,0:0.08/2:0.92,0,0:0.01/2:0.99,2,0,1,0,2,1,0,0,2,1,2,0:0.01/1:0.99,1,0,1,2,0:0.01/2:0.99,2,1,0:0.08/1:0.92,0,2,2,0,1,0,0,2,0,0:0.08/2:0.92,0,0,2,2,1,0,2,0,2,2,0,0:0.01/2:0.99,1,0,0,0:0.08/2:0.92,0,1,2,2,0,0,0,0:0.01/2:0.99,2,2,1,0,2,0,0,2,0:0.01/1:0.99,0,1,0,0:0.08/1:0.92,0:0.01/2:0.99,2,0,0,0,0:0.08/2:0.92,0:0.08/1:0.92,0:0.08/2:0.92,0:0.08/2:0.92,0,0,2,0,1,0,1,0,0:0.01/1:0.99,0,2,1,0:0.01/1:0.99,2,0,0,2,0,0,2,1,0:0.08/2:0.92,2,1,2,2,2,0,1,0,1,1,0,1,1,0,0:0.08/1:0.92,0,2,1,2,1,2,0:0.08/2:0.92,1,0,2,0,0,1,0,2,1,2,0,2,0,0,1,2,2,1,1,0:0.08/1:0.92,0:0.01/1:0.99,0:0.08/1:0.92,0,0,0,0,1,2,2,1,0,0:0.08/2:0.92,0,0,1,2,0:0.01/1:0.99,0,1,1,0,2,0:0.01/2:0.99,0:0.01/2:0.99,1,0,0,0,2,0:0.01/2:0.99,2,1,2,0:0.01/1:0.99,2,1,2,1,0,0,1,0,1,1,0,1,2,0
205_5,1,1,2,0,2,2,2,2,0,2,1,2,2,1,1,0,2,1,0,0,2,1,2,1,1,0,1,2,2,2,1,1,0,2,2,0,1,0,0,2,2,2,0,0,2,2,1,0,2,0,2,2,1,2,1,0,1,2,0,1,2,2,2,0,0,2,2,2,1,0,2,0,0,2,1,0,1,0,1,2,2,0,1,2,2,1,2,2,0,0,2,0,1,0,1,0,1,2,2,1,1,2,0,0,2,0,0,2,1,2,2,1,2,2,2,0,1,0,1,1,0,1,1,0,1,0,2,1,2,1,2,2,1,0,2,0,0,1,0,2,1,2,0,2,0,0,1,2,2,1,1,1,1,1,0,0,0,1,1,2,2,1,0,2,2,0,1,2,1,2,1,1,0,2,2,2,1,1,0,0,2,2,2,1,2,1,2,1,2,1,0,0,1,0,1,1,1,1,2,0
216_8,1,1,2,0,2,2,2,2,0,2,1,2,2,1,1,0,2,1,0,0,2,1,2,1,1,0,1,2,2,2,1,1,0,2,2,0,1,0,0,2,2,2,0,0,2,2,1,0,2,0,2,2,1,2,1,0,1,2,0,1,2,2,2,0,0,2,2,2,1,0,2,0,0,2,1,0,1,0,1,2,2,0,1,2,2,1,2,2,0,0,2,0,1,0,1,0,1,2,2,1,1,2,0,0,2,0,0,2,1,2,2,1,2,2,2,0,1,0,1,1,0,1,1,0,1,0,2,1,2,1,2,2,1,0,2,0,0,1,2,2,1,2,0,2,0,0,1,2,2,1,1,1,1,1,0,0,0,1,1,2,2,1,0,2,2,2,1,2,1,2,1,1,0,2,2,2,1,1,0,0,2,2,2,1,2,1,2,1,2,1,0,0,1,0,1,1,1,1,2,0
216_7,1,1,2,0,2,2,2,2,0,2,1,2,2,1,1,0,2,1,0,0,2,1,2,1,1,0,1,2,2,2,1,1,0,2,2,0,1,0,0,2,2,2,0,0,2,2,1,0,2,0,2,2,1,2,1,0,1,2,0,1,2,2,2,0,0,2,2,2,1,0,2,0,0,2,1,0,1,0,1,2,2,0,1,2,2,1,2,2,0,0,2,0,1,0,1,0,1,2,2,1,1,2,0,0,2,2,0,2,1,2,2,1,2,2,2,0,1,0,1,1,0,1,1,0,1,0,2,1,2,1,2,2,1,0,2,0,0,1,0,2,1,2,0,2,0,0,1,2,2,1,1,1,1,1,0,0,0,1,1,2,2,1,0,2,2,0,1,2,1,2,1,1,0,2,2,2,1,1,0,0,2,2,2,1,2,1,2,1,2,1,0,0,1,1,1,1,1,1,2,0
204_3,1,1,2,0,2,2,2,2,1,2,0,2,2,2,1,2,2,1,0,2,2,1,2,1,1,0,1,2,2,2,1,1,0,2,2,0,1,0,0,2,0,2,1,2,2,2,1,0,2,0,2,2,0,2,1,0,0,2,0,1,2,2,0,0,0,2,2,2,1,0,2,0,0,2,1,0,1,0,1,2,2,0,0,0,2,1,2,2,0,0,2,0,1,0,1,0,1,1,2,1,1,2,0,0,2,2,0,2,1,2,2,1,2,2,2,0,1,0,1,1,0,1,1,1,1,2,2,1,2,1,2,2,1,0,2,0,0,1,2,2,1,2,0,2,0,0,1,2,2,1,1,1,1,1,0,0,0,0,1,2,2,1,0,2,0,0,1,2,1,0,1,1,0,2,2,2,1,0,0,0,2,2,2,1,2,1,2,1,2,1,0,0,1,0,1,1,0,1,2,0
216_6,1,1,2,0,2,2,2,2,1,2,0,2,2,2,1,2,2,1,0,2,2,1,2,1,1,0,1,2,2,2,1,1,0,2,2,0,1,0,0,2,0,2,1,2,2,2,1,0,2,0,2,2,0,2,1,0,0,2,0,1,2,2,0,0,0,2,2,2,1,0,2,0,0,2,1,0,1,0,1,2,2,0,0,0,2,1,2,2,0,0,2,0,1,0,1,0,1,1,2,1,1,2,0,0,2,2,0,2,1,2,2,1,2,2,2,0,1,0,1,1,0,1,1,1,1,2,2,1,2,1,2,2,1,0,2,0,1,1,2,2,1,2,0,2,0,0,1,2,2,1,1,1,1,1,0,0,0,0,1,2,2,1,0,2,0,0,1,2,1,0,1,1,0,2,2,2,1,0,0,0,2,2,2,1,2,1,2,1,2,1,0,0,1,0,1,1,0,1,2,0
216_5,1,1,2,0,2,2,2,2,1,2,0,2,2,2,1,2,2,1,0,2,2,1,2,1,1,0,1,2,2,2,1,1,0,2,2,0,1,1,0,2,0,2,1,2,2,2,1,0,2,0,2,2,0,2,1,0,0,2,0,1,2,2,0,0,0,2,2,2,1,0,2,0,0,2,1,0,1,0,1,2,2,0,0,0,2,1,2,2,0,0,2,0,1,0,1,0,1,1,2,1,1,2,0,0,2,2,0,2,1,2,2,1,2,2,2,0,1,0,1,1,0,1,1,1,1,2,2,1,2,1,2,2,1,0,2,1,0,1,2,2,1,2,0,2,0,0,1,2,2,1,1,1,1,1,0,0,0,0,1,2,2,1,0,2,0,0,1,2,1,1,1,1,0,2,2,2,1,0,0,0,2,2,2,1,2,1,2,1,2,1,0,0,1,0,1,1,0,1,2,0
162_5,0:0.01/1:0.99,1,2,0,0:0.01/2:0.99,2,2,2,0,0,0,0:0.01/2:0.99,2,0,1,0,2,1,0,0:0.06/1:0.94,2,1,2,0:0.01/1:0.99,1,0,1,2,0:0.01/2:0.99,2,1,0,0:0.06/1:0.94,2,2,0:0.06/1:0.94,1,0,0,2,0,0,0:0.06/1:0.94,0,2,2,1,0,2,0:0.06/1:0.94,2,2,0,0:0.01/2:0.99,1,0,0,0,0,1,2,2,0:0.06/2:0.94,0,0:0.06/2:0.94,0:0.01/2:0.99,2,2,1,0,2,0,0,2,0:0.01/1:0.99,0:0.06/2:0.94,1,0,0:0.06/2:0.94,0:0.01/2:0.99,2,0,0,0:0.06/1:0.94,0:0.06/1:0.94,0,0:0.06/1:0.94,0,0,0,2,0,1,0,1,0,0:0.01/1:0.99,0,2,1,0:0.01/1:0.99,2,0:0.06/2:0.94,0,2,0,0,2,1,0,2,1,2,2,2,0,1,0:0.06/1:0.94,1,1,0:0.06/2:0.94,1,1,0,0,0,2,1,2,1,2,0,1,0,2,0,0,1,0,2,1,2,0,2,0,0,1,2,2,1,1,0,0:0.01/1:0.99,0,0,0:0.06/2:0.94,0,0:0.06/2:0.94,1,2,2,1,0:0.06/2:0.94,0,0,0,1,2,0:0.01/1:0.99,0,1,1,0,2,0:0.01/2:0.99,0:0.01/2:0.99,1,0,0,0:0.06/1:0.94,2,0:0.01/2:0.99,2,1,2,0:0.01/1:0.99,2,1,2,1,0,0,1,0,1,1,0:0.06/2:0.94,1,2,0
216_9,1,1,2,0,2,2,2,2,0,2,0,2,2,0,1,0,2,1,0,1,2,1,2,1,1,0,1,2,2,2,1,0,1,2,2,1,1,0,0,2,0,0,1,0,2,2,1,0,2,1,2,2,2,2,1,0,0,0,0,1,2,2,2,0,2,2,2,2,1,2,2,0,0,2,1,2,1,0,2,2,2,0,0,1,1,0,1,0,0,0,2,0,1,0,1,0,1,1,2,1,1,2,2,0,2,0,0,2,1,0,2,1,2,2,2,0,1,1,1,1,2,1,1,0,0,0,2,1,2,1,2,0,1,1,2,0,0,1,2,2,1,2,0,2,0,0,1,2,2,1,1,0,1,1,0,2,0,2,1,2,2,1,2,0,0,0,1,2,1,0,1,1,0,2,2,2,1,0,0,1,2,2,2,1,2,1,2,1,2,1,1,1,1,0,1,1,2,1,2,0
216_12,1,1,2,0,2,2,2,2,2,0,0,2,2,2,1,0,2,1,0,1,2,1,2,1,1,1,1,2,2,2,1,0,1,2,2,1,1,0,0,2,0,0,1,0,2,2,1,1,2,1,2,2,0,2,1,0,1,0,1,1,2,2,2,0,2,2,2,2,1,0,2,0,2,2,1,2,1,0,2,2,2,0,0,1,1,0,1,0,2,1,2,0,1,0,1,2,1,0,2,1,1,2,2,0,2,0,0,2,1,0,2,1,2,2,2,0,1,1,1,1,2,1,1,0,0,2,2,1,2,1,2,0,1,0,2,0,0,1,0,2,1,2,0,2,0,0,1,2,2,1,1,0,1,2,0,2,0,2,1,2,2,1,2,2,0,0,1,2,1,0,1,1,1,2,2,2,1,0,1,1,2,2,2,1,2,1,2,1,2,1,0,0,1,0,1,1,2,1,2,1
