[&R] ((((((216_13:0,216_14:0)187_8:1.066,(216_11:0.049,216_12:1.049)190_7:1.017)139_4:0.006,(216_9:0,216_10:0)203_8:3.072)91_3:4.281,(((216_19:0,216_20:0)186_13:2.047,(216_21:1.006,216_22:0.006)188_16:0.041)136_6:2.648,((216_17:0,216_18:0)182_10:0.294,(216_15:1.237,216_16:1.237)183_9:2.056)138_5:3.402)91_4:0.658)44_2:1.647,(((216_3:0.035,216_4:1.035)195_2:1.087,(216_1:1.035,216_2:0.035)196_1:1.087)153_1:4.027,(216_7:0,216_8:0)198_6:5.149)106_1:0.851)virtual:0)I0;
I0,0,0,0,0,0,0,0,0,0,0
virtual,0,0,0,0,0,0,0,0,0,0
106_1,0,0,0:0.57/1:0.43,0,0,0,0:0.57/2:0.43,0,0,0
198_6,1,0,1,0,1,1,2,1,0,0
216_8,1,0,1,0,1,1,2,1,0,0
216_7,1,0,1,0,1,1,2,1,0,0
153_1,0:0.03/2:0.97,0,0:0.02/1:0.98,0:0.03/2:0.97,0,0,0:0.02/2:0.98,0,0:0.03/1:0.97,0
196_1,2,0,1,2,0,0,2,0:0.03/2:0.97,1,0
216_2,2,0,1,2,0,0,2,2,1,0
216_1,2,0,1,2,0,0,2,2,1,1
195_2,2,0,1,2,0,0,2,0:0.03/1:0.97,1,0
216_4,2,1,1,2,0,0,2,1,1,0
216_3,2,0,1,2,0,0,2,1,1,0
44_2,0,0,0:0.18/2:0.82,0:0.18/1:0.82,0,0,0,0,0,0
91_4,0,0:0.51/1:0.49,0:0.09/2:0.91,0:0.09/1:0.91,0,0,0,0,0,0
138_5,0,0:0.04/1:0.96,0:0.01/2:0.99,0:0.01/1:0.99,0:0.08/2:0.92,0,0:0.08/2:0.92,0,0:0.08/1:0.92,0
183_9,0,1,2,1,0:0.01/2:0.99,0,0:0.01/2:0.99,0:0.1/1:0.9,0:0.01/1:0.99,0:0.1/1:0.9
216_16,0,1,2,1,2,1,2,1,1,1
216_15,0,1,2,1,2,2,2,1,1,1
182_10,0,1,2,1,2,0,2,0,1,0
216_18,0,1,2,1,2,0,2,0,1,0
216_17,0,1,2,1,2,0,2,0,1,0
136_6,0,0:0.01/1:0.99,2,1,0,0,0,0,0:0.02/2:0.98,0:0.02/1:0.98
188_16,0,1,2,1,0,0,0,0,2,1
216_22,0,1,2,1,0,0,0,0,2,1
216_21,0,1,2,1,0,0,0,1,2,1
186_13,0,1,2,1,0,2,2,0,2,1
216_20,0,1,2,1,0,2,2,0,2,1
216_19,0,1,2,1,0,2,2,0,2,1
91_3,0:0.02/2:0.98,0:0.02/2:0.98,2,1,0,0,0,0,0:0.02/1:0.98,0:0.02/1:0.98
203_8,2,2,2,1,2,1,0,2,1,1
216_10,2,2,2,1,2,1,0,2,1,1
216_9,2,2,2,1,2,1,0,2,1,1
139_4,0:0.02/2:0.98,0:0.02/2:0.98,2,1,0,0,0,0,0:0.02/1:0.98,0:0.02/1:0.98
190_7,2,2,2,1,0:0.05/1:0.95,0,0,0,1,1
216_12,2,2,2,1,1,1,0,0,1,1
216_11,2,2,2,1,1,0,0,0,1,1
187_8,2,2,2,1,2,0,0,0,1,1
216_14,2,2,2,1,2,0,0,0,1,1
216_13,2,2,2,1,2,0,0,0,1,1
