[&R] (((((((216_22:0,216_23:0)214_22:1.32,216_24:2.32)171_12:0.725,(216_25:0.005,216_26:1.005)176_14:0.04)131_7:4.955,((216_27:1.076,216_28:1.076)173_15:2.003,(216_29:2.286,216_30:2.286)179_19:0.793)131_8:0.921)84_4:0,(((216_20:0.043,216_21:1.043)177_11:2.013,(216_18:2.052,216_19:1.052)184_10:0.005)134_6:2.584,216_17:3.64)91_3:2.36)42_2:0,((((216_1:1,216_2:0)195_1:0.001,(216_3:0,216_4:0)202_3:2.001)147_1:0,((216_5:1.054,216_6:0.054)193_3:2.194,(216_7:0,216_8:0)200_6:0.248)153_3:0.753)95_1:0.004,(((216_11:0,216_12:0)201_9:0,(216_9:0,216_10:0)206_9:0)151_4:0.049,((216_15:0,216_16:0)193_8:0,216_14:0)151_5:1.049)104_3:0.957)51_1:5.994)virtual:0)I0;
I0,0,0,0,0,0,0,0,0,0,0
virtual,0,0,0,0,0,0,0,0,0,0
51_1,2,2,0,0,1,0,0,1,2,2
104_3,2,2,0,0,1,0:0.05/1:0.95,0,1,2,2
151_5,2,2,0,0,1,1,2,1,2,2
216_14,2,2,0,0,1,1,2,1,2,2
193_8,2,2,0,0,1,1,2,1,2,2
216_16,2,2,0,0,1,1,2,1,2,2
216_15,2,2,0,0,1,1,2,1,2,2
151_4,2,2,0,0,1,1,0,1,2,2
206_9,2,2,0,0,1,1,0,1,2,2
216_10,2,2,0,0,1,1,0,1,2,2
216_9,2,2,0,0,1,1,0,1,2,2
201_9,2,2,0,0,1,1,0,1,2,2
216_12,2,2,0,0,1,1,0,1,2,2
216_11,2,2,0,0,1,1,0,1,2,2
95_1,2,2,0,0,1,0,0,1,2,2
153_3,2,2,0,0,1,0:0.25/1:0.75,0,1,2,2
200_6,2,2,0,0,1,1,0,1,2,2
216_8,2,2,0,0,1,1,0,1,2,2
216_7,2,2,0,0,1,1,0,1,2,2
193_3,2,2,0:0.02/1:0.98,0:0.02/1:0.98,1,0:0.01/1:0.99,0,1,2,2
216_6,2,2,1,1,1,1,0,1,2,2
216_5,2,2,1,1,1,1,2,1,2,2
147_1,2,2,0,0,1,0,0,1,2,2
202_3,2,2,1,0,1,0,1,1,2,2
216_4,2,2,1,0,1,0,1,1,2,2
216_3,2,2,1,0,1,0,1,1,2,2
195_1,2,2,0,0,1,0,0,1,2,2
216_2,2,2,0,0,1,0,0,1,2,2
216_1,2,2,0,0,1,0,1,1,2,2
42_2,0,0,0,0,0,0,0,0,0,0
91_3,0,0,0:0.21/2:0.79,0:0.21/1:0.79,0,0,0,0,0,0:0.21/1:0.79
216_17,2,1,2,1,0,0,0,1,0,1
134_6,0,0,2,1,0,0,0:0.02/2:0.98,0:0.02/2:0.98,0,1
184_10,0,0,2,1,0,0,0:0.02/2:0.98,0:0.02/2:0.98,0,1
216_19,0,1,2,1,0,0,2,2,0,1
216_18,2,0,2,1,0,0,2,2,2,1
177_11,0:0.02/1:0.98,0,2,1,0,0,2,2,0:0.02/1:0.98,1
216_21,1,0,2,1,0,2,2,2,1,1
216_20,1,0,2,1,0,0,2,2,1,1
84_4,0,0,0,0,0,0,0,0,0,0
131_8,0,0,0,0,0,0,0:0.08/1:0.92,0,0,0
179_19,0,0:0.27/1:0.73,0,0,0,0,0:0.02/1:0.98,0,0,0
216_30,2,1,0,0,0,1,1,0,0,0
216_29,0,1,0,0,0,0,1,1,0,2
173_15,0:0.04/1:0.96,0,0,0,0,0,1,0,0,0:0.04/2:0.96
216_28,1,0,0,0,0,1,1,0,0,2
216_27,1,0,2,0,0,0,1,0,0,2
131_7,0:0.01/2:0.99,0:0.01/2:0.99,0,0:0.01/2:0.99,0,0,0,0,0:0.01/2:0.99,0:0.01/1:0.99
176_14,2,2,0,2,0,0,0,0,2,1
216_26,2,2,0,2,1,0,0,0,2,1
216_25,2,2,0,2,0,0,0,0,2,1
171_12,2,2,0,2,0:0.31/2:0.69,0,0,0,2,1
216_24,2,2,2,2,2,2,0,0,2,1
214_22,2,2,0,2,2,0,1,0,2,1
216_23,2,2,0,2,2,0,1,0,2,1
216_22,2,2,0,2,2,0,1,0,2,1
