[&R] (((((216_1:1.04,216_2:0.04)179_1:1.037,(216_3:0,216_4:0)191_3:2.077)131_1:0.003,((216_5:1.019,216_6:0.019)190_4:0.002,(216_7:0,216_8:0)192_7:1.021)141_3:2.059)81_1:1.219,(((216_13:1.142,216_14:0.142)176_7:1.23,(216_15:0,216_16:0)180_10:1.372)133_5:0.938,(216_9:0,216_10:0)190_6:1.31)83_3:1.989)33_1:4.701)I0;
I0,0,0,0,0,0,0,0,0,0,0
33_1,0,0:0.06/2:0.94,0,0,0:0.06/2:0.94,0:0.06/2:0.94,0,0,0:0.06/2:0.94,0:0.06/1:0.94
83_3,0,0:0.01/2:0.99,0:0.13/2:0.87,0,0:0.01/2:0.99,0:0.01/2:0.99,0,0:0.13/1:0.87,0:0.01/2:0.99,0:0.01/1:0.99
190_6,0,2,2,0,2,2,1,1,2,1
216_10,0,2,2,0,2,2,1,1,2,1
216_9,0,2,2,0,2,2,1,1,2,1
133_5,0:0.28/2:0.72,2,0:0.04/2:0.96,0,2,2,0,0:0.04/1:0.96,2,1
180_10,2,2,2,0,2,2,1,1,2,1
216_16,2,2,2,0,2,2,1,1,2,1
216_15,2,2,2,0,2,2,1,1,2,1
176_7,0:0.03/2:0.97,2,2,0:0.1/2:0.9,2,2,0,1,2,1
216_14,2,2,2,2,2,2,0,1,2,1
216_13,2,2,2,2,2,2,2,1,2,1
81_1,0:0.06/2:0.94,2,0,0,2,2,0,0,2,1
141_3,2,2,0,0,2,2,0:0.01/1:0.99,0:0.01/2:0.99,2,1
192_7,2,2,1,0,2,2,1,2,2,1
216_8,2,2,1,0,2,2,1,2,2,1
216_7,2,2,1,0,2,2,1,2,2,1
190_4,2,2,0,0,2,2,0:0.01/1:0.99,0:0.01/2:0.99,2,1
216_6,2,2,0,0,2,2,1,2,2,1
216_5,2,2,0,1,2,2,1,2,2,1
131_1,0:0.06/2:0.94,2,0,0,2,2,0,0,2,1
191_3,2,2,2,0,2,2,1,0,2,1
216_4,2,2,2,0,2,2,1,0,2,1
216_3,2,2,2,0,2,2,1,0,2,1
179_1,2,2,0,0,2,2,0,0:0.04/2:0.96,2,1
216_2,2,2,0,0,2,2,0,2,2,1
216_1,2,2,0,1,2,2,0,2,2,1
