[&R] ((((((216_9:0.001,216_10:1.001)207_7:0.016,(216_11:0,216_12:0)209_9:3.017)154_4:0.002,((216_5:0,216_6:0)211_5:2.374,(216_7:0,216_8:0)213_7:1.374)159_3:0.645)104_2:2.376,((216_3:0,216_4:0)170_2:1.027,(216_1:2.024,216_2:1.024)174_1:0.003)108_1:2.368)47_1:1.886,(((216_16:1.007,216_17:1.007)187_11:0.001,(216_18:1.12,216_19:1.12)188_13:0.888)127_6:1.556,((216_14:0.007,216_15:1.007)199_10:0.002,216_13:1.01)136_5:4.555)57_3:1.717)5_1:0.719)I0;
I0,0,0,0,0,0,0,0,0,0,0
5_1,0,0,0,0,0,0,0:0.28/2:0.72,0,0,0
57_3,0,0:0.25/1:0.75,0,0,0:0.25/1:0.75,0,0:0.07/2:0.93,0,0,0
136_5,0,1,0,0,1,2,2,2,2,1
216_13,0,1,0,2,1,2,2,2,2,1
199_10,0,1,0,0,1,2,2,2,2,1
216_15,0,1,1,0,1,2,2,2,2,1
216_14,0,1,0,0,1,2,2,2,2,1
127_6,0:0.01/2:0.99,1,0,0,1,0,2,0,0,0
188_13,2,1,0,0,1,0,2,0,0,0:0.12/2:0.88
216_19,2,1,2,0,1,0,2,0,0,2
216_18,2,1,0,0,1,0,2,2,0,2
187_11,2,1,0,0,1,0,2,0,0,0
216_17,2,1,0,1,1,0,2,0,0,0
216_16,2,1,0,2,1,0,2,0,0,0
47_1,0:0.17/2:0.83,0,0,0:0.17/2:0.83,0,0,0:0.05/2:0.95,0,0,0
108_1,2,0:0.01/1:0.99,0,2,0:0.01/2:0.99,0,2,0,0,0
174_1,2,0:0.01/1:0.99,0,2,0:0.01/2:0.99,0,2,0,0,0
216_2,2,1,0,2,2,0,2,0,2,0
216_1,2,1,0,2,2,2,2,0,0,1
170_2,2,1,0,2,2,0,2,0,2,0
216_4,2,1,0,2,2,0,2,0,2,0
216_3,2,1,0,2,2,0,2,0,2,0
104_2,2,0,0:0.01/2:0.99,2,0,0:0.01/1:0.99,2,0,0,0
159_3,2,0:0.37/2:0.63,2,2,0,1,2,0,0,0
213_7,2,2,2,2,2,1,2,0,0,0
216_8,2,2,2,2,2,1,2,0,0,0
216_7,2,2,2,2,2,1,2,0,0,0
211_5,2,2,2,2,1,1,2,2,0,0
216_6,2,2,2,2,1,1,2,2,0,0
216_5,2,2,2,2,1,1,2,2,0,0
154_4,2,0,0:0.01/2:0.99,2,0,0:0.01/1:0.99,2,0,0,0
209_9,2,0,2,2,1,1,2,2,0,1
216_12,2,0,2,2,1,1,2,2,0,1
216_11,2,0,2,2,1,1,2,2,0,1
207_7,2,0,2,2,0,1,2,0,0,0
216_10,2,0,2,2,0,1,2,0,0,2
216_9,2,0,2,2,0,1,2,0,0,0
