[&R] ((((((216_9:1.006,216_10:0.006)207_7:0.203,(216_11:1.041,216_12:0.041)209_9:3.168)154_4:2.334,((216_5:0,216_6:0)211_5:3.595,(216_7:0,216_8:0)213_7:1.595)159_3:2.948)104_2:1.457,((216_3:1.16,216_4:1.16)170_2:3.467,(216_1:1.308,216_2:2.308)174_1:2.319)108_1:2.373)47_1:0,(((216_16:1.024,216_17:0.024)187_11:1.394,(216_18:0,216_19:0)188_13:3.418)127_6:0.881,((216_14:0.039,216_15:1.039)199_10:1.023,216_13:0.062)136_5:3.237)57_3:2.701)5_1:0)I0;
I0,0,0,0,0,0,0,0,0,0,0
5_1,0,0,0,0,0,0,0,0,0,0
57_3,0,0,0:0.1/2:0.9,0:0.1/1:0.9,0,0,0,0,0,0:0.1/1:0.9
136_5,0:0.02/1:0.98,0,2,1,0:0.02/1:0.98,0,0:0.02/1:0.98,0,0,1
216_13,1,0,2,1,1,0,1,0,0,1
199_10,1,0:0.04/2:0.96,2,1,1,0,1,0,0,1
216_15,1,2,2,1,1,0,1,1,0,1
216_14,1,2,2,1,1,0,1,0,0,1
127_6,0,0,0:0.03/2:0.97,0:0.03/1:0.97,0,0,0,0:0.32/1:0.68,0,0:0.03/1:0.97
188_13,0,2,2,1,1,2,0,1,0,1
216_19,0,2,2,1,1,2,0,1,0,1
216_18,0,2,2,1,1,2,0,1,0,1
187_11,0,0,2,1,0,0,0,0:0.01/1:0.99,0:0.02/2:0.98,1
216_17,0,0,2,1,0,0,0,1,2,1
216_16,0,0,2,1,0,1,0,1,2,1
47_1,0,0,0,0,0,0,0,0,0,0
108_1,0:0.21/1:0.79,0,0,0,0,0:0.21/2:0.79,0,0:0.21/2:0.79,0,0
174_1,0:0.02/1:0.98,0,0,0:0.12/1:0.88,0,0:0.02/2:0.98,0,0:0.02/2:0.98,0:0.12/1:0.88,0
216_2,1,1,0,1,0,2,0,2,1,2
216_1,1,0,0,1,1,2,0,2,1,0
170_2,0:0.01/1:0.99,0,0:0.04/2:0.96,0,0,0:0.01/2:0.99,0:0.04/1:0.96,0:0.01/2:0.99,0,0:0.04/2:0.96
216_4,1,1,2,0,0,2,1,2,0,2
216_3,1,0,2,0,2,2,1,2,0,2
104_2,0,0,0,0,0,0,0,0,0:0.27/1:0.73,0:0.27/1:0.73
159_3,0,0:0.17/1:0.83,0,0,0,0,0:0.17/2:0.83,0:0.17/2:0.83,0:0.05/1:0.95,0:0.05/1:0.95
213_7,1,1,0,0,0,0,2,2,1,1
216_8,1,1,0,0,0,0,2,2,1,1
216_7,1,1,0,0,0,0,2,2,1,1
211_5,0,1,0,2,1,1,2,2,1,1
216_6,0,1,0,2,1,1,2,2,1,1
216_5,0,1,0,2,1,1,2,2,1,1
154_4,0,0,0,0,0,0,0:0.08/1:0.92,0:0.08/1:0.92,0:0.02/1:0.98,0:0.02/1:0.98
209_9,0:0.01/2:0.99,0:0.01/1:0.99,0:0.01/2:0.99,0,0,0,1,1,1,1
216_12,2,1,2,0,0,0,1,1,1,1
216_11,2,1,2,1,0,0,1,1,1,1
207_7,0,0,0,0,0,0,1,1,1,1
216_10,0,0,0,0,0,0,1,1,1,1
216_9,0,0,0,0,1,0,1,1,1,1
