[&R] ((((((216_9:0,216_10:0)207_7:0.015,(216_11:0,216_12:0)209_9:3.015)154_4:0.001,((216_5:0,216_6:0)211_5:2.305,(216_7:0,216_8:0)213_7:1.305)159_3:0.711)104_2:1.357,((216_3:0.061,216_4:1.061)170_2:2.376,(216_1:0,216_2:0)174_1:1.437)108_1:2.937)47_1:1.908,(((216_16:0.035,216_17:1.035)187_11:2.766,(216_18:1.048,216_19:0.048)188_13:3.753)127_6:0.491,((216_14:0.048,216_15:1.048)199_10:1.122,216_13:1.17)136_5:3.122)57_3:1.99)5_1:0.719)I0;
I0,0,0,0,0,0,0,0,0,0,0
5_1,0,0,0,0,0,0,0:0.28/2:0.72,0,0,0
57_3,0,0:0.13/2:0.87,0,0,0,0,0:0.04/2:0.96,0,0:0.13/2:0.87,0
136_5,0,0:0.01/2:0.99,0:0.05/1:0.95,0:0.05/2:0.95,0,0:0.05/2:0.95,2,0,0:0.01/2:0.99,0
216_13,0,2,1,2,0,2,2,2,2,0
199_10,0,2,1,2,0:0.04/1:0.96,2,2,0,2,0
216_15,0,2,1,2,1,2,2,0,2,2
216_14,0,2,1,2,1,2,2,0,2,0
127_6,0:0.62/2:0.38,0:0.08/2:0.92,0,0,0,0,0:0.02/2:0.98,0,0:0.08/2:0.92,0
188_13,0:0.01/2:0.99,2,0,0,0:0.01/1:0.99,0:0.01/2:0.99,2,0:0.01/1:0.99,2,0
216_19,2,2,0,0,1,2,2,1,2,0
216_18,2,2,1,0,1,2,2,1,2,0
187_11,0:0.01/2:0.99,2,0:0.01/2:0.99,0,0,0:0.01/1:0.99,2,0,2,0
216_17,2,2,2,0,0,1,2,2,2,0
216_16,2,2,2,0,0,1,2,0,2,0
47_1,0,0,0:0.16/1:0.84,0,0,0:0.16/2:0.84,0:0.05/2:0.95,0,0,0
108_1,0:0.13/2:0.87,0,0:0.02/1:0.98,0:0.13/2:0.87,0,0:0.02/2:0.98,0:0.01/2:0.99,0,0:0.13/2:0.87,0
174_1,2,0,1,2,2,2,2,0,2,0
216_2,2,0,1,2,2,2,2,0,2,0
216_1,2,0,1,2,2,2,2,0,2,0
170_2,2,0:0.02/1:0.98,1,2,0,2,2,0,2,0:0.02/1:0.98
216_4,2,1,1,2,0,2,2,1,2,1
216_3,2,1,1,2,0,2,2,0,2,1
104_2,0,0:0.01/1:0.99,1,0,0,2,2,0,0,0
159_3,0,1,1,0,0:0.3/2:0.7,2,2,0,0,0
213_7,0,1,1,0,2,2,2,0,0,1
216_8,0,1,1,0,2,2,2,0,0,1
216_7,0,1,1,0,2,2,2,0,0,1
211_5,0,1,1,2,2,2,2,0,0,2
216_6,0,1,1,2,2,2,2,0,0,2
216_5,0,1,1,2,2,2,2,0,0,2
154_4,0,0:0.01/1:0.99,1,0,0,2,2,0,0,0
209_9,1,1,1,2,0,2,2,2,0,0
216_12,1,1,1,2,0,2,2,2,0,0
216_11,1,1,1,2,0,2,2,2,0,0
207_7,0,1,1,0,0,2,2,0,0,0
216_10,0,1,1,0,0,2,2,0,0,0
216_9,0,1,1,0,0,2,2,0,0,0
