[&R] ((((((216_9:0,216_10:0)207_7:1.032,(216_11:0,216_12:0)209_9:0.032)154_4:1.998,((216_5:1,216_6:0)211_5:0.003,(216_7:1.028,216_8:0.028)213_7:0.975)159_3:0.027)104_2:2.737,((216_3:0,216_4:0)170_2:1.006,(216_1:0.005,216_2:1.005)174_1:0.002)108_1:4.761)47_1:1.232,(((216_16:0,216_17:0)187_11:0.047,(216_18:0,216_19:0)188_13:1.047)127_6:2.225,((216_14:0,216_15:0)199_10:0.16,216_13:2.16)136_5:1.112)57_3:4.728)5_1:0)I0;
I0,0,0,0,0,0,0,0,0,0,0
5_1,0,0,0,0,0,0,0,0,0,0
57_3,0:0.05/2:0.95,0:0.05/2:0.95,0:0.05/2:0.95,0,0,0:0.05/1:0.95,0,0,0,0:0.05/2:0.95
136_5,0:0.01/2:0.99,0:0.01/2:0.99,0:0.01/2:0.99,0,0,0:0.01/1:0.99,0:0.13/1:0.87,0,0,0:0.01/2:0.99
216_13,2,2,2,2,1,1,1,0,0,2
199_10,2,2,2,0,0,1,1,0,0,2
216_15,2,2,2,0,0,1,1,0,0,2
216_14,2,2,2,0,0,1,1,0,0,2
127_6,2,2,2,0:0.02/2:0.98,0,1,0:0.02/2:0.98,0,0,2
188_13,2,2,2,2,0,1,2,0,1,2
216_19,2,2,2,2,0,1,2,0,1,2
216_18,2,2,2,2,0,1,2,0,1,2
187_11,2,2,2,2,0,1,2,0,0,2
216_17,2,2,2,2,0,1,2,0,0,2
216_16,2,2,2,2,0,1,2,0,0,2
47_1,0:0.38/1:0.62,0,0,0,0,0:0.38/2:0.62,0,0,0,0
108_1,1,0,0,1,2,2,1,0,0,1
174_1,1,0,0,1,2,2,1,0,0,1
216_2,1,0,0,1,2,2,1,1,0,1
216_1,1,0,0,1,2,2,1,0,0,1
170_2,1,0,1,1,2,2,1,0,0,1
216_4,1,0,1,1,2,2,1,0,0,1
216_3,1,0,1,1,2,2,1,0,0,1
104_2,1,0,0,0,0,2,0,0:0.01/2:0.99,0:0.01/2:0.99,0
159_3,1,0,0,0,0,2,0,2,2,0
213_7,1,0,0,0:0.03/1:0.97,0,2,0,2,2,0
216_8,1,0,0,1,0,2,0,2,2,0
216_7,1,0,0,1,0,2,0,2,2,2
211_5,1,0,0,0,0,2,0,2,2,0
216_6,1,0,0,0,0,2,0,2,2,0
216_5,1,0,0,0,0,2,0,2,2,2
154_4,1,0,0,0,0:0.02/1:0.98,2,0:0.02/1:0.98,2,2,0
209_9,1,0,0,0,1,2,1,2,2,0
216_12,1,0,0,0,1,2,1,2,2,0
216_11,1,0,0,0,1,2,1,2,2,0
207_7,1,1,0,0,1,2,1,2,2,0
216_10,1,1,0,0,1,2,1,2,2,0
216_9,1,1,0,0,1,2,1,2,2,0
