[&R] ((((((216_17:0,216_18:0)184_10:0.078,(216_19:0,216_20:0)185_12:1.078)138_5:2.302,((216_21:0,216_22:0)183_12:0.235,(216_23:0,216_24:0)183_13:2.235)138_6:1.146)93_3:0.744,(((216_29:0,216_30:0)193_22:0.078,(216_31:0,216_32:0)194_24:1.078)148_12:2.336,((216_25:0,216_26:0)194_20:0.045,(216_27:0,216_28:0)195_22:1.045)149_11:1.369)98_5:0.71)54_2:4.054,((((216_1:0,216_2:1)205_1:0,(216_3:0,216_4:1)205_2:0)162_1:0.002,(216_5:0,216_6:0)208_5:1.002)114_1:1.128,((216_13:0,216_14:0)191_9:2.126,(216_15:0,216_16:0)200_11:3.126)144_5:0.004)57_1:5.048)6_1:0.821)I0;
I0,0,0,0,0,0,0,0,0,0,0
6_1,0,0:0.59/2:0.41,0,0,0,0,0,0:0.59/2:0.41,0,0
57_1,0:0.03/2:0.97,0:0.01/2:0.99,0:0.03/1:0.97,0,0:0.03/1:0.97,0,0,0:0.01/2:0.99,0,0:0.03/2:0.97
144_5,0:0.02/2:0.98,0:0.01/2:0.99,0:0.02/1:0.98,0,0:0.02/1:0.98,0,0,0:0.01/2:0.99,0,0:0.02/2:0.98
200_11,2,2,1,2,1,0,2,2,1,2
216_16,2,2,1,2,1,0,2,2,1,2
216_15,2,2,1,2,1,0,2,2,1,2
191_9,2,2,1,1,1,1,0,2,0,2
216_14,2,2,1,1,1,1,0,2,0,2
216_13,2,2,1,1,1,1,0,2,0,2
114_1,2,2,1,0,1,0,2,2,0,2
208_5,2,2,1,2,1,0,2,2,0,2
216_6,2,2,1,2,1,0,2,2,0,2
216_5,2,2,1,2,1,0,2,2,0,2
162_1,2,2,1,0,1,0,2,2,0,2
205_2,2,2,1,0,1,0,2,2,0,2
216_4,2,2,1,1,1,0,2,2,0,2
216_3,2,2,1,0,1,0,2,2,0,2
205_1,2,2,1,0,1,0,2,2,0,2
216_2,2,2,1,1,1,0,2,2,0,2
216_1,2,2,1,0,1,0,2,2,0,2
54_2,0,0:0.02/2:0.98,0:0.03/2:0.97,0:0.03/2:0.97,0,0,0:0.03/1:0.97,0:0.02/2:0.98,0,0
98_5,0,0:0.01/2:0.99,0:0.01/2:0.99,0:0.01/2:0.99,0,0,0:0.01/1:0.99,0:0.01/2:0.99,0:0.37/2:0.63,0
149_11,0:0.03/1:0.97,2,2,2,0,0,1,2,0:0.01/2:0.99,0
195_22,1,2,2,2,0,1,1,2,2,0
216_28,1,2,2,2,0,1,1,2,2,0
216_27,1,2,2,2,0,1,1,2,2,0
194_20,1,2,2,2,0,0,1,2,2,0
216_26,1,2,2,2,0,0,1,2,2,0
216_25,1,2,2,2,0,0,1,2,2,0
148_12,0:0.03/2:0.97,2,2,2,0,0:0.03/2:0.97,1,2,0:0.01/2:0.99,0
194_24,2,2,2,2,1,2,1,2,2,0
216_32,2,2,2,2,1,2,1,2,2,0
216_31,2,2,2,2,1,2,1,2,2,0
193_22,2,2,2,2,0,2,1,2,2,0
216_30,2,2,2,2,0,2,1,2,2,0
216_29,2,2,2,2,0,2,1,2,2,0
93_3,0,0:0.01/2:0.99,0:0.01/2:0.99,0:0.01/2:0.99,0,0:0.34/1:0.66,0:0.01/1:0.99,0:0.01/2:0.99,0,0
138_6,0,2,2,2,0:0.17/1:0.83,0:0.06/1:0.94,1,2,0,0
183_13,1,2,2,2,1,1,1,2,0,2
216_24,1,2,2,2,1,1,1,2,0,2
216_23,1,2,2,2,1,1,1,2,0,2
183_12,0,2,2,2,1,1,1,2,0,0
216_22,0,2,2,2,1,1,1,2,0,0
216_21,0,2,2,2,1,1,1,2,0,0
138_5,0,2,2,2,0,0:0.01/1:0.99,1,2,0:0.03/1:0.97,0:0.03/1:0.97
185_12,1,2,2,2,0,1,1,2,1,1
216_20,1,2,2,2,0,1,1,2,1,1
216_19,1,2,2,2,0,1,1,2,1,1
184_10,0,2,2,2,0,1,1,2,1,1
216_18,0,2,2,2,0,1,1,2,1,1
216_17,0,2,2,2,0,1,1,2,1,1
