[&R] ((((216_1:0,216_2:0)195_1:0,(216_3:0,216_4:0)196_3:0)153_1:2.121,((216_5:0,216_6:0)202_5:1.069,(216_7:0,216_8:0)205_7:1.069)161_3:1.053)113_2:0.879)I0;
I0,0,0,0,0,0,0,0,0,0,0
113_2,0,0,0,0:0.12/2:0.88,0,0,0,0,0,0
161_3,0,0:0.06/1:0.94,0,0:0.01/2:0.99,0,0,0,0,0,0
205_7,0,1,2,2,0,0,0,0,0,0
216_8,0,1,2,2,0,0,0,0,0,0
216_7,0,1,2,2,0,0,0,0,0,0
202_5,0,1,1,2,0,0,0,0,0,0
216_6,0,1,1,2,0,0,0,0,0,0
216_5,0,1,1,2,0,0,0,0,0,0
153_1,0,2,2,2,0,0,0,0,0,0
196_3,0,2,2,2,0,0,0,0,0,0
216_4,0,2,2,2,0,0,0,0,0,0
216_3,0,2,2,2,0,0,0,0,0,0
195_1,0,2,2,2,0,0,0,0,0,0
216_2,0,2,2,2,0,0,0,0,0,0
216_1,0,2,2,2,0,0,0,0,0,0
