[&R] ((((((216_13:0,216_14:0)189_11:1.049,216_11:0.049)143_6:2.243,((216_9:1.001,216_10:1.001)190_8:0,(216_7:0.001,216_8:1.001)191_7:0)150_5:1.291)103_3:1.067,216_22:3.359)57_2:3.35,(((216_3:1.049,216_4:1.049)165_2:0.004,216_5:3.053)112_2:1.309,(216_1:0,216_2:0)171_1:3.362)68_1:3.347)17_1:0.291)I0;
I0,0,0,0,0,0,0,0,0,0,0
17_1,0,0,0,0,0,0,0:0.71/1:0.29,0,0,0
68_1,0,0:0.1/1:0.9,0,0:0.1/2:0.9,0,0,0:0.07/1:0.93,0,0,0:0.1/2:0.9
171_1,0,1,1,2,2,0,1,0,2,2
216_2,0,1,1,2,2,0,1,0,2,2
216_1,0,1,1,2,2,0,1,0,2,2
112_2,0,1,0,2,0,0,1,0:0.04/2:0.96,0,2
216_5,2,1,0,2,1,0,1,2,2,2
165_2,0,1,0,2,0,0,1,0:0.04/2:0.96,0,2
216_4,0,1,0,2,0,0,1,2,1,2
216_3,0,1,1,2,0,0,1,2,0,2
57_2,0,0,0:0.1/2:0.9,0,0:0.1/2:0.9,0,0:0.07/1:0.93,0:0.1/1:0.9,0,0
216_22,0,0,2,2,2,0,1,1,1,2
103_3,0,0,0:0.02/2:0.98,0,0:0.02/2:0.98,0:0.21/1:0.79,0:0.01/1:0.99,0:0.02/1:0.98,0,0
150_5,0,0,2,2,2,1,1,1,0,0
191_7,0,0,2,2,2,1,1,1,0,0
216_8,0,0,2,2,2,1,1,1,2,0
216_7,0,0,2,2,2,1,1,1,0,0
190_8,0,0,2,2,2,1,1,1,0,0
216_10,0,0,2,2,2,1,1,1,0,1
216_9,0,0,2,2,2,1,1,1,2,0
143_6,0:0.02/2:0.98,0,2,0,2,1,1,1,0,0:0.02/2:0.98
216_11,2,0,2,0,2,1,1,1,0,2
189_11,2,0,2,2,2,1,1,1,0,2
216_14,2,0,2,2,2,1,1,1,0,2
216_13,2,0,2,2,2,1,1,1,0,2
