[&R] ((((((216_13:1,216_14:0)189_11:0,216_11:1)143_6:0.036,((216_9:0,216_10:1)190_8:0.001,(216_7:0,216_8:0)191_7:0.001)150_5:2.035)103_3:1.547,216_22:7.584)57_2:0.416,(((216_3:0.019,216_4:1.019)165_2:0.987,216_5:0.007)112_2:0.046,(216_1:0,216_2:0)171_1:3.052)68_1:1.948)17_1:0)I0;
I0,0,0,0,0,0,0,0,0,0,0
17_1,0,0,0,0,0,0,0,0,0,0
68_1,0,0:0.03/2:0.97,0,0,0,0,0,0:0.03/2:0.97,0,0
171_1,2,2,0,1,0,0,2,2,0,0
216_2,2,2,0,1,0,0,2,2,0,0
216_1,2,2,0,1,0,0,2,2,0,0
112_2,0,2,0,0,0,0,0,2,0,0
216_5,0,2,0,0,0,0,0,2,0,0
165_2,0,2,0,0,0:0.02/2:0.98,0,0,2,0,0
216_4,0,2,0,0,2,0,2,2,0,0
216_3,0,2,0,0,2,0,0,2,0,0
57_2,0,0,0,0,0,0,0,0,0:0.58/2:0.42,0
216_22,1,1,0,1,1,2,1,1,2,0
103_3,0,0,0,0:0.02/2:0.98,0,0,0,0,0:0.01/2:0.99,0
150_5,0,1,0,2,1,0,0,0,2,0
191_7,0,1,0,2,1,0,0,0,2,0
216_8,0,1,0,2,1,0,0,0,2,0
216_7,0,1,0,2,1,0,0,0,2,0
190_8,0,1,0,2,1,0,0,0,2,0
216_10,0,1,1,2,1,0,0,0,2,0
216_9,0,1,0,2,1,0,0,0,2,0
143_6,0,0,0,2,0,0,0,0,2,0
216_11,1,0,0,2,0,0,0,0,2,0
189_11,0,0,0,2,0,0,0,0,2,0
216_14,0,0,0,2,0,0,0,0,2,0
216_13,0,0,0,2,0,2,0,0,2,0
