[&R] ((((((216_13:1.001,216_14:0.001)189_11:0.001,216_11:0.002)143_6:3.025,((216_9:0.019,216_10:1.019)190_8:0.998,(216_7:0.019,216_8:1.019)191_7:0.998)150_5:0.01)103_3:1.054,216_22:3.081)57_2:0.006,(((216_3:0.01,216_4:1.01)165_2:0.003,216_5:1.013)112_2:2.313,(216_1:0.049,216_2:1.049)171_1:1.277)68_1:3.761)17_1:1.913)I0;
I0,0,0,0,0,0,0,0,0,0,0
17_1,0,0:0.04/2:0.96,0,0,0,0:0.04/2:0.96,0,0,0,0
68_1,0:0.08/1:0.92,2,0,0:0.08/2:0.92,0:0.08/1:0.92,2,0:0.08/2:0.92,0,0,0
171_1,1,2,0,2,1,2,2,0:0.04/2:0.96,0,0
216_2,1,2,1,2,1,2,2,2,0,0
216_1,1,2,0,2,1,2,2,2,0,0
112_2,1,2,0:0.01/2:0.99,2,1,2,2,0,0:0.01/2:0.99,0
216_5,1,2,2,2,1,2,2,2,2,0
165_2,1,2,2,2,1,2,2,0,2,0
216_4,1,2,2,2,1,2,2,1,2,0
216_3,1,2,2,2,1,2,2,0,2,0
57_2,0,0:0.04/2:0.96,0,0,0,0:0.04/2:0.96,0,0,0,0
216_22,0,2,0,0,1,2,0,2,1,0
103_3,0,2,0,0,0,2,0:0.03/2:0.97,0,0,0
150_5,0,2,0,0,0,2,0:0.02/2:0.98,0,0,0
191_7,0:0.02/2:0.98,2,0,0,0,2,2,0,0,0
216_8,2,2,2,0,0,2,2,0,0,0
216_7,2,2,0,0,0,2,2,0,0,0
190_8,0,2,0,0,0:0.02/2:0.98,2,2,0,0,0
216_10,0,2,0,0,2,2,2,1,0,0
216_9,0,2,0,0,2,2,2,0,0,0
143_6,0,2,1,2,0,2,2,0,2,0
216_11,0,2,1,2,0,2,2,0,2,0
189_11,0,2,1,2,0,2,2,0,2,0
216_14,0,2,1,2,0,2,2,0,2,0
216_13,0,2,1,2,2,2,2,0,2,0
