[&R] ((((((216_12:2.996,216_13:4.996)183_13:2.054,(216_10:1.616,216_11:4.616)189_11:1.434)135_6:0.007,(216_8:1.122,216_9:2.122)181_9:0.936)89_3:1.942,(((216_14:1.275,216_15:2.275)193_14:0.819,216_16:0.094)138_9:4.906,((216_19:3.042,216_20:6.042)189_17:1.958,(216_17:0.034,216_18:1.034)199_18:5.966)139_11:0)94_5:0)46_2:0,(((216_6:2.709,216_7:3.709)169_5:2.298,(216_4:4.007,216_5:4.007)172_5:0)104_2:0.002,((216_2:2.14,216_3:0.14)167_2:3.869,216_1:1.009)114_1:0)46_1:1.991)virtual:0)I0;
I0,0,0,0,0,0,0,0,0,0,0
virtual,0,0,0,0,0,0,0,0,0,0
46_1,0,1,0,0,0,0,1,0,0,0
114_1,0,1,0,0,0,0,1,0,0,0
216_1,1,1,0,0,0,0,1,0,0,0
167_2,0,1,0,0:0.03/2:0.97,0,0:0.03/1:0.97,1,0,0:0.03/2:0.97,0:0.03/1:0.97
216_3,0,1,0,2,0,1,1,0,2,1
216_2,1,1,1,2,0,1,1,0,2,1
104_2,0,1,0,0,0,0,1,0,0,0
172_5,0,1,0,0,0,0,1,0,0,0
216_5,1,1,1,1,0,0,1,0,1,0
216_4,2,1,0,2,1,1,1,0,0,0
169_5,0:0.24/1:0.76,1,0,0,0,0,1,0,0:0.24/2:0.76,0:0.24/1:0.76
216_7,1,1,0,2,0,1,1,2,2,1
216_6,1,1,1,0,2,0,1,0,2,1
46_2,0,0,0,0,0,0,0,0,0,0
94_5,0,0,0,0,0,0,0,0,0,0
139_11,0,0,0,0,0,0,0,0,0,0
199_18,0:0.01/1:0.99,0:0.01/1:0.99,0,0:0.01/1:0.99,0,0,0:0.01/1:0.99,0:0.01/2:0.99,0,0:0.01/1:0.99
216_18,1,1,1,1,0,0,1,2,0,1
216_17,1,1,0,1,0,0,1,2,0,1
189_17,0:0.35/2:0.65,0,0,0,0:0.35/1:0.65,0,0,0,0:0.35/2:0.65,0
216_20,2,0,1,1,1,0,2,2,2,1
216_19,2,1,0,0,1,0,1,0,2,0
138_9,0,0:0.02/1:0.98,0,0:0.02/2:0.98,0:0.02/2:0.98,0:0.02/1:0.98,0:0.02/1:0.98,0,0,0
216_16,0,1,0,2,2,1,1,0,0,0
193_14,0:0.25/1:0.75,1,0,2,2,1,1,0,0,0
216_15,1,1,1,2,2,1,1,2,0,0
216_14,1,1,0,2,2,1,1,0,0,1
89_3,0,0:0.03/1:0.97,0,0,0,0,0:0.03/1:0.97,0,0,0
181_9,0,1,0,0:0.12/1:0.88,0,0,1,0,0,0
216_9,1,1,1,1,0,0,1,0,0,0
216_8,2,1,0,1,0,0,1,0,0,0
135_6,0,0:0.03/1:0.97,0,0,0,0,0:0.03/1:0.97,0,0,0
189_11,0:0.3/2:0.7,0:0.01/1:0.99,0,0,0:0.3/1:0.7,0,0:0.01/1:0.99,0,0,0
216_11,2,1,1,1,1,0,1,0,2,1
216_10,2,1,0,2,1,0,1,0,0,0
183_13,0,0:0.01/1:0.99,0,0:0.33/2:0.67,0,0:0.33/1:0.67,0:0.01/1:0.99,0,0:0.33/2:0.67,0
216_13,2,1,0,2,1,1,1,2,2,1
216_12,1,1,1,2,0,1,1,0,2,0
