[&R] (((((216_1:1.104,216_2:0.104)172_1:3.435,(216_3:0,216_4:0)173_3:0.539)121_1:3.861,((216_7:0.027,216_8:1.027)182_6:1.571,(216_5:1.075,216_6:0.075)183_5:3.523)125_3:2.803)77_1:0.016,((216_9:0,216_10:0)203_9:0,(216_11:0,216_12:0)206_11:0)160_5:7.416)30_1:1.584)I0;
I0,0,0,0,0,0,0,0,0,0,0
30_1,0,0,0,0:0.21/2:0.79,0,0,0:0.21/1:0.79,0,0,0
160_5,2,2,0,2,1,1,1,2,2,2
206_11,2,2,0,2,1,1,1,2,2,2
216_12,2,2,0,2,1,1,1,2,2,2
216_11,2,2,0,2,1,1,1,2,2,2
203_9,2,2,0,2,1,1,1,2,2,2
216_10,2,2,0,2,1,1,1,2,2,2
216_9,2,2,0,2,1,1,1,2,2,2
77_1,0,0,0,0:0.2/2:0.8,0,0,0:0.2/1:0.8,0,0,0
125_3,0,0,0:0.18/1:0.82,0:0.04/2:0.96,0:0.18/2:0.82,0,0:0.04/1:0.96,0,0,0:0.18/2:0.82
183_5,0:0.02/2:0.98,0,1,2,2,0:0.02/1:0.98,1,0:0.02/2:0.98,0,2
216_6,2,0,1,2,2,1,1,2,0,2
216_5,2,0,1,2,2,1,1,2,1,2
182_6,0:0.02/1:0.98,0,1,2,2,0,1,0,0,2
216_8,1,0,1,2,2,0,1,2,0,2
216_7,1,0,1,2,2,0,1,0,0,2
121_1,0,0,0,0:0.02/2:0.98,0:0.12/1:0.88,0:0.12/1:0.88,0:0.02/1:0.98,0:0.12/2:0.88,0,0:0.12/1:0.88
173_3,0,0,0,2,1,1,1,2,0,1
216_4,0,0,0,2,1,1,1,2,0,1
216_3,0,0,0,2,1,1,1,2,0,1
172_1,0:0.03/1:0.97,0:0.03/2:0.97,0,2,1,1,1,2,0:0.03/2:0.97,1
216_2,1,2,0,2,1,1,1,2,2,1
216_1,1,2,2,2,1,1,1,2,2,1
