[&R] (((((216_1:0,216_2:0)194_1:5.001,(216_3:1.082,216_4:1.082)209_3:1.919)134_1:0,((216_5:0,216_6:0)199_4:0,(216_7:0,216_8:0)200_6:0)135_3:5.001)75_1:0,(((216_15:5.001,216_16:2.001)181_8:0,216_14:5.001)132_4:0,((216_11:3.057,216_12:1.057)185_6:0.004,(216_9:0.034,216_10:1.034)190_5:2.028)135_4:1.939)83_3:0.001)24_1:1.999)I0;
I0,0,0,0,0,0,0,0,0,0,0
24_1,0,1,0,0,0,0,1,0,0,0
83_3,0,1,0,0,0,0,1,0,0,0
135_4,0,1,0,0,0:0.03/2:0.97,0,1,0,0,0:0.03/1:0.97
190_5,0:0.02/1:0.98,1,0:0.02/1:0.98,0,2,0,1,0,0,1
216_10,1,1,1,1,2,0,1,0,0,1
216_9,1,1,1,0,2,0,1,0,0,1
185_6,0,1,0,0,0:0.03/2:0.97,0,1,0,0,0:0.03/1:0.97
216_12,0,1,0,1,2,0,1,0,0,1
216_11,0,1,1,2,2,1,1,0,0,1
132_4,0,1,0,0,0,0,1,0,0,0
216_14,1,1,1,0,0,0,1,2,1,1
181_8,0,1,0,0,0,0,1,0,0,0
216_16,2,1,0,0,1,0,1,0,0,0
216_15,0,1,1,1,0,0,1,2,1,1
75_1,0,1,0,0,0,0,1,0,0,0
135_3,1,1,1,1,0,0,1,2,0,1
200_6,1,1,1,1,0,0,1,2,0,1
216_8,1,1,1,1,0,0,1,2,0,1
216_7,1,1,1,1,0,0,1,2,0,1
199_4,1,1,1,1,0,0,1,2,0,1
216_6,1,1,1,1,0,0,1,2,0,1
216_5,1,1,1,1,0,0,1,2,0,1
134_1,0,1,0,0,0,0,1,0,0,0
209_3,0,1,0,0:0.04/2:0.96,0,0:0.04/1:0.96,1,0,0,0
216_4,2,1,0,2,0,1,1,0,0,0
216_3,0,1,1,2,0,1,1,0,0,0
194_1,0,1,1,1,0,0,1,2,1,1
216_2,0,1,1,1,0,0,1,2,1,1
216_1,0,1,1,1,0,0,1,2,1,1
