[&R] (((((216_6:0,216_7:0)200_4:0.002,(216_4:1.001,216_5:0.001)206_4:0.001)157_2:2.331,(216_1:0,216_2:0)204_1:1.333)90_1:2.055,(((216_12:1.035,216_13:0.035)191_7:0.966,(216_14:0.001,216_15:2.001)193_9:0)142_4:0.002,((216_10:1.001,216_11:1.001)194_6:0,(216_8:1.001,216_9:0.001)195_5:0)150_3:1.002)91_3:2.385)33_1:2.612)I0;
I0,0,0,0,0,0,0,0,0,0,0
33_1,0:0.13/1:0.87,0,0:0.13/1:0.87,0,0,0:0.13/2:0.87,0,0,0,0
91_3,1,0,1,0,0,2,0,0,1,1
150_3,1,0,1,0,1,2,0,0,1,1
195_5,1,0,1,0,1,2,0,0,1,1
216_9,1,0,1,0,1,2,0,0,1,1
216_8,1,0,1,0,1,2,0,1,1,1
194_6,1,0,1,0,1,2,0,0,1,1
216_11,1,0,1,0,1,2,0,2,1,1
216_10,1,0,1,2,1,2,0,0,1,1
142_4,1,0,1,0,0,2,0,0,1,1
193_9,1,0,1,0,0,2,0,0,1,1
216_15,1,0,1,1,0,2,2,0,1,1
216_14,1,0,1,0,0,2,0,0,1,1
191_7,1,0,1,0,0,2,0,0:0.04/2:0.96,1,1
216_13,1,0,1,0,0,2,0,2,1,1
216_12,1,0,1,1,0,2,0,2,1,1
90_1,0:0.02/1:0.98,0,0:0.02/1:0.98,0:0.14/1:0.86,0,0:0.02/2:0.98,0,0:0.14/2:0.86,0,0
204_1,1,0,1,1,1,2,0,2,0,0
216_2,1,0,1,1,1,2,0,2,0,0
216_1,1,0,1,1,1,2,0,2,0,0
157_2,1,2,1,1,0,2,0,2,0,1
206_4,1,2,1,1,0,2,0,2,0,1
216_5,1,2,1,1,0,2,0,2,0,1
216_4,1,2,1,1,0,2,0,2,1,1
200_4,1,2,1,1,0,2,0,2,0,1
216_7,1,2,1,1,0,2,0,2,0,1
216_6,1,2,1,1,0,2,0,2,0,1
