[&R] (((((216_6:2.092,216_7:5.092)200_4:11.517,(216_4:1.007,216_5:1.007)206_4:7.602)157_2:26.844,(216_1:0.007,216_2:2.007)204_1:34.446)90_1:32.805,(((216_12:2.027,216_13:2.027)191_7:11.596,(216_14:3.059,216_15:3.059)193_9:9.564)142_4:12.686,((216_10:5.221,216_11:6.221)194_6:9.397,(216_8:0.045,216_9:5.045)195_5:10.574)150_3:18.69)91_3:37.95)33_1:60.742)I0;
I0,0,0,0,0,0,0,0,0,0,0,0,0,0,0,0,0,0,0,0,0,0,0,0,0,0,0,0,0,0,0,0,0,0,0,0,0,0,0,0,0,0,0,0,0,0,0,0,0,0,0,0,0,0,0,0,0,0,0,0,0,0,0,0,0,0,0,0,0,0,0,0,0,0,0,0,0,0,0,0,0,0,0,0,0,0,0,0,0,0,0,0,0,0,0,0,0,0,0,0,0,0,0,0,0,0,0,0,0,0,0,0,0,0,0,0,0,0,0,0,0,0,0,0,0,0,0,0,0,0,0,0,0,0,0,0,0,0,0,0,0,0,0,0,0,0,0,0,0,0,0,0,0,0,0,0,0,0,0,0,0,0,0,0,0,0,0,0,0,0,0,0,0,0,0,0,0,0,0,0,0,0,0,0,0,0,0,0,0,0,0,0,0,0,0,0,0,0,0,0,0
33_1,0:0.08/1:0.92,0,0,0:0.08/2:0.92,0,0,0,0,0,0,0:0.08/1:0.92,0:0.08/2:0.92,0,0:0.08/1:0.92,0,0,0:0.08/1:0.92,0,0,0,0,0,0:0.08/1:0.92,0:0.08/1:0.92,0:0.08/2:0.92,0,0,0,0,0:0.08/1:0.92,0,0:0.08/1:0.92,0:0.08/2:0.92,0,0:0.08/1:0.92,0,0,0,0,0,0:0.08/1:0.92,0:0.08/1:0.92,0:0.08/2:0.92,0,0,0:0.08/2:0.92,0,0,0:0.08/2:0.92,0,0:0.08/1:0.92,0,0:0.08/1:0.92,0,0,0:0.08/2:0.92,0:0.08/1:0.92,0,0:0.08/2:0.92,0:0.08/1:0.92,0,0,0,0,0:0.08/2:0.92,0:0.08/2:0.92,0,0,0,0,0,0,0,0,0,0,0,0,0,0:0.08/1:0.92,0,0,0,0,0:0.08/2:0.92,0:0.08/2:0.92,0,0,0:0.08/1:0.92,0,0:0.08/1:0.92,0,0,0,0:0.08/1:0.92,0,0,0:0.08/1:0.92,0:0.08/1:0.92,0,0,0,0,0,0,0:0.08/2:0.92,0,0,0:0.08/1:0.92,0,0,0,0,0,0:0.08/2:0.92,0,0,0,0:0.08/1:0.92,0,0:0.08/2:0.92,0,0,0:0.08/1:0.92,0,0,0,0:0.08/2:0.92,0,0,0:0.08/1:0.92,0,0,0,0,0:0.08/1:0.92,0,0,0:0.08/2:0.92,0:0.08/2:0.92,0:0.08/1:0.92,0,0,0,0,0,0:0.08/2:0.92,0,0,0,0,0:0.08/1:0.92,0,0:0.08/1:0.92,0:0.08/2:0.92,0,0,0,0,0:0.08/1:0.92,0,0:0.08/1:0.92,0,0,0:0.08/1:0.92,0,0,0,0,0,0:0.08/2:0.92,0:0.08/2:0.92,0,0:0.08/1:0.92,0:0.08/1:0.92,0,0:0.08/1:0.92,0,0,0,0,0:0.08/2:0.92,0,0:0.08/2:0.92,0:0.08/1:0.92,0:0.08/2:0.92,0,0:0.08/2:0.92,0:0.08/1:0.92,0,0,0,0:0.08/2:0.92,0,0,0,0,0:0.08/2:0.92,0,0
91_3,1,0,0,2,0,0,0,0,0,0,1,2,0,1,0,0,1,0,0,0,0:0.03/2:0.97,0:0.03/1:0.97,1,1,2,0:0.03/2:0.97,0:0.03/2:0.97,0,0,1,0:0.03/2:0.97,1,2,0,1,0,0:0.03/1:0.97,0,0,0:0.03/1:0.97,1,1,2,0,0:0.03/1:0.97,2,0,0,2,0,1,0,1,0,0:0.03/2:0.97,2,1,0,2,1,0:0.03/1:0.97,0,0,0,2,2,0,0,0,0:0.03/2:0.97,0,0,0,0,0:0.03/1:0.97,0,0,0,0,1,0,0:0.03/2:0.97,0,0,2,2,0:0.03/2:0.97,0,1,0,1,0,0,0,1,0,0:0.03/2:0.97,1,1,0,0,0,0,0,0,2,0:0.03/1:0.97,0,1,0,0,0,0,0:0.03/1:0.97,2,0:0.03/1:0.97,0,0:0.03/1:0.97,1,0,2,0,0:0.03/1:0.97,1,0,0,0,2,0,0,1,0:0.03/1:0.97,0,0,0,1,0,0:0.03/1:0.97,2,2,1,0,0,0,0,0:0.03/1:0.97,2,0:0.03/2:0.97,0,0,0,1,0:0.03/2:0.97,1,2,0:0.03/1:0.97,0,0,0:0.03/1:0.97,1,0:0.03/1:0.97,1,0,0:0.03/1:0.97,1,0,0,0,0:0.03/2:0.97,0:0.03/2:0.97,2,2,0:0.03/1:0.97,1,1,0,1,0,0,0,0,2,0,2,1,2,0,2,1,0:0.03/2:0.97,0,0:0.03/1:0.97,2,0,0,0,0,2,0,0
150_3,1,0,0,2,0,0,0:0.03/2:0.97,0,0,0,1,2,0,1,0,0:0.03/1:0.97,1,0,0:0.03/1:0.97,0:0.03/2:0.97,2,1,1,1,2,2,2,0:0.03/1:0.97,0,1,2,1,2,0,1,0:0.03/2:0.97,1,0,0,1,1,1,2,0,1,2,0:0.03/2:0.97,0:0.03/2:0.97,2,0,1,0:0.03/2:0.97,1,0,2,2,1,0,2,1,1,0,0,0:0.03/2:0.97,2,2,0,0,0,2,0,0,0,0,1,0,0,0:0.03/1:0.97,0,1,0,2,0,0,2,2,2,0,1,0:0.03/1:0.97,1,0,0,0,1,0,2,1,1,0,0,0,0,0,0,2,1,0,1,0,0,0,0,1,2,1,0:0.03/2:0.97,1,1,0,2,0,1,1,0,0,0:0.03/2:0.97,2,0,0,1,1,0,0,0:0.03/2:0.97,1,0,1,2,2,1,0,0,0,0,1,2,2,0,0,0,1,2,1,2,1,0,0,1,1,1,1,0,1,1,0,0,0,2,2,2,2,1,1,1,0,1,0,0:0.03/1:0.97,0,0,2,0,2,1,2,0,2,1,2,0:0.03/1:0.97,1,2,0:0.03/1:0.97,0,0,0,2,0,0
195_5,1,0,0,2,0,0,2,0,2,0,1,2,0,1,0,1,1,0,1,2,2,1,1,1,2,2,2,1,2,1,2,1,2,0,1,2,1,0,0,1,1,1,2,1,1,2,2,2,2,0,1,2,1,0,2,2,1,0,2,1,1,0,0,2,2,2,0,0,2,2,0,1,0,0,1,0,0,1,0,1,0,2,0,0,2,2,2,0,1,1,1,0,1,0,1,1,2,1,1,0,0,0,0,0,0,2,1,0,1,0,0,0,0,1,2,1,2,1,1,0,2,0,1,1,0,0,2,2,0,0,1,1,0,0,2,1,0,1,2,2,1,0,0,0,0,1,2,2,0,0,0,1,2,1,2,1,0,0,1,1,1,1,0,1,1,0,0,0,2,2,2,2,1,1,1,0,1,0,1,0,2,2,2,2,1,2,0,2,1,2,1,1,2,1,0,0,2,2,0,0
216_9,1,0,0,2,0,0,2,0,2,0,1,2,0,1,0,1,1,0,1,2,2,1,1,1,2,2,2,1,2,1,2,1,2,0,1,2,1,0,0,1,1,1,2,1,1,2,2,2,2,0,1,2,1,0,2,2,1,2,2,1,1,0,0,2,2,2,0,0,2,2,0,1,0,0,1,0,0,1,2,1,0,2,0,0,2,2,2,2,1,1,1,0,1,0,1,1,2,1,1,0,0,0,0,0,0,2,1,0,1,0,0,0,0,1,2,1,2,1,1,0,2,0,1,1,0,0,2,2,0,0,1,1,0,0,2,1,0,1,2,2,1,2,0,2,0,1,2,2,0,0,0,1,2,1,2,1,0,0,1,1,1,1,0,1,1,0,0,0,2,2,2,2,1,1,1,0,1,0,1,0,2,2,2,2,1,2,0,2,1,2,1,1,2,1,0,0,2,2,0,0
216_8,1,0,0,2,0,0,2,0,2,0,1,2,0,1,0,1,1,0,1,2,2,1,1,1,2,2,2,1,2,1,2,1,2,0,1,2,1,0,0,1,1,1,2,1,1,2,2,2,2,0,1,2,1,0,2,2,1,0,2,1,1,0,0,2,2,2,0,0,2,2,0,1,0,0,1,0,0,1,0,1,0,2,0,0,2,2,2,0,1,1,1,0,1,0,1,1,2,1,1,0,0,0,0,0,0,2,1,0,1,0,0,0,0,1,2,1,2,1,1,0,2,0,1,1,0,0,2,2,0,0,1,1,0,0,2,1,0,1,2,2,1,0,0,0,0,1,2,2,0,0,0,1,2,1,2,1,0,0,1,1,1,1,0,1,1,0,0,0,2,2,2,2,1,1,1,0,1,0,1,0,2,2,2,2,1,2,0,2,1,2,1,1,2,1,0,0,2,2,0,0
194_6,1,0:0.02/1:0.98,0,2,0,0,2,0,0,0:0.02/2:0.98,1,2,0,1,0,1,1,0,1,2,2,1,1,1,2,2,2,1,0,1,2,1,2,0,1,2,1,0,0,1,1,1,2,0,1,2,2,2,2,0,1,2,1,0,2,2,1,0,2,1,1,0,0,2,2,2,0:0.02/1:0.98,0,0,2,0,0,0,0,1,0,0,1,0,1,0,2,0:0.02/1:0.98,0,2,2,2,0,1,1,1,0,0,0,1,0,2,1,1,0,0,0,0,0,0,2,1,0,1,0,0,0,0,1,2,1,2,1,1,0,2,0:0.02/1:0.98,1,1,0,0,2,2,0,0,1,1,0,0,2,1,0,1,2,2,1,0,0,0:0.02/1:0.98,0:0.02/2:0.98,1,2,2,0,0,0,1,2,1,2,1,0,0,1,1,1,1,0:0.02/2:0.98,1,1,0,0,0,2,2,2,2,1,1,1,0,1,0,1,0,0,2,0,2,1,2,0,2,1,2,1,1,2,1,0,0:0.02/2:0.98,0,2,0,0
216_11,1,1,0,2,0,0,2,0,0,2,1,2,0,1,0,1,1,0,1,2,2,1,1,1,2,2,2,1,0,1,2,1,2,0,1,2,1,0,0,1,1,1,2,2,1,2,2,2,2,0,1,2,1,0,2,2,1,0,2,1,1,0,0,2,2,2,1,0,0,2,0,2,0,0,1,0,1,1,0,1,0,2,1,0,2,2,2,0,1,1,1,0,0,0,1,2,2,1,1,0,0,0,0,0,0,2,1,0,1,2,0,0,0,1,2,1,2,1,1,0,2,1,1,1,0,0,2,2,0,0,1,1,0,0,2,1,0,1,2,2,1,0,0,1,2,1,2,2,0,0,0,1,2,1,2,1,1,0,1,1,1,1,2,1,1,0,0,0,2,2,2,2,1,1,1,0,1,0,1,0,0,2,0,2,1,2,0,2,1,2,1,1,2,1,0,2,0,2,0,0
216_10,1,1,0,2,0,0,2,0,0,2,1,2,0,1,0,1,1,0,1,2,2,1,1,1,2,2,2,1,0,1,2,1,2,0,1,2,1,0,0,1,1,1,2,0,1,2,2,2,2,0,1,2,1,0,2,2,1,0,2,1,1,0,0,2,2,2,1,0,0,2,0,0,0,0,1,0,0,1,0,1,2,2,1,0,2,2,2,0,1,1,1,0,0,1,1,0,2,1,1,0,0,0,0,0,2,2,1,0,1,0,2,1,0,1,2,1,2,1,1,0,2,1,1,1,0,0,2,2,0,0,1,1,0,0,2,1,0,1,2,2,1,0,0,1,2,1,2,2,0,0,0,1,2,1,2,1,0,0,1,1,1,1,2,1,1,0,0,0,2,2,2,2,1,1,1,0,1,0,1,0,0,2,0,2,1,2,0,2,1,2,1,1,2,1,0,2,0,2,0,0
142_4,1,0:0.05/2:0.95,0,2,0,0,0,0,0:0.05/1:0.95,0:0.05/2:0.95,1,2,0,1,0,0,1,0,0:0.05/2:0.95,0,2,1,1,1,2,2,2,0,0,1,2,1,2,0,1,0,1,0:0.05/1:0.95,0,1,1,1,2,0,1,2,0,0,2,0:0.05/1:0.95,1,0,1,0,2,2,1,0,2,1,1,0,0,0,2,2,0:0.05/2:0.95,0,0,2,0,0,0,0,1,0,0:0.05/1:0.95,0,0,1,0,2,0,0,2,2,2,0:0.05/1:0.95,1,0,1,0,0,0,1,0,2,1,1,0,0:0.05/2:0.95,0:0.05/1:0.95,0,0,0,2,1,0,1,0,0,0,0,1,2,1,0,1,1,0,2,0:0.05/2:0.95,1,1,0,0,0,2,0,0,1,1,0,0,0,1,0,1,2,2,1,0,0,0,0,1,2,2,0,0,0,1,2,1,2,1,0,0,1,1,1,1,0,1,1,0,0,0,2,2,2,2,1,1,1,0,1,0,0,0,0,2,0,2,1,2,0,2,1,2,0,1,2,0,0,0,0,2,0,0
193_9,1,2,0,2,0,0,0,0,1,2,1,2,0,1,0,0,1,0:0.01/1:0.99,2,0,2,1,1,1,2,2,2,0,0:0.01/2:0.99,1,2,1,2,0,1,0:0.01/1:0.99,1,1,0,1,1,1,2,0,1,2,0,0,2,1,1,0,1,0,2,2,1,0,2,1,1,0,0,0,2,2,2,0:0.01/1:0.99,0,2,0:0.01/2:0.99,0,0,0,1,0,1,0,0,1,0,2,0,0,2,2,2,1,1,0,1,0,0,0,1,0,2,1,1,0,2,1,0,0:0.01/2:0.99,0,2,1,0,1,0,0,0:0.01/2:0.99,0,1,2,1,0,1,1,0,2,2,1,1,0,0,0,2,0,0,1,1,0,0,0,1,0,1,2,2,1,0,0,0,0,1,2,2,0,0,0,1,2,1,2,1,0,0,1,1,1,1,0,1,1,0:0.01/1:0.99,0,0,2,2,2,2,1,1,1,0,1,0:0.01/2:0.99,0,0,0,2,0,2,1,2,0,2,1,2,0,1,2,0,0,0,0,2,0,0
216_15,1,2,0,2,0,0,0,0,1,2,1,2,0,1,0,1,1,1,2,0,2,1,1,1,2,2,2,0,2,1,2,1,2,0,1,1,1,1,0,1,1,1,2,0,1,2,0,0,2,1,1,0,1,0,2,2,1,0,2,1,1,0,0,0,2,2,2,1,0,2,2,0,0,0,1,0,1,0,0,1,0,2,0,1,2,2,2,1,1,0,1,0,0,0,1,0,2,1,1,0,2,1,0,2,0,2,1,0,1,0,0,2,0,1,2,1,0,1,1,1,2,2,1,1,0,0,0,2,0,0,1,1,0,0,0,1,0,1,2,2,1,0,0,0,0,1,2,2,0,0,0,1,2,1,2,1,0,0,1,1,1,1,0,1,1,1,0,0,2,2,2,2,1,1,1,0,1,2,0,0,0,2,0,2,1,2,0,2,1,2,0,1,2,0,0,0,0,2,0,0
216_14,1,2,0,2,2,0,0,0,1,2,1,2,0,1,0,0,1,1,2,0,2,1,1,1,2,2,2,0,2,1,2,1,2,0,1,1,1,1,0,1,1,1,2,0,1,2,0,0,2,1,1,0,1,0,2,2,1,0,2,1,1,0,0,0,2,2,2,1,0,2,2,0,0,0,1,0,1,0,0,1,0,2,0,0,2,2,2,1,1,0,1,0,0,0,1,0,2,1,1,0,2,1,0,2,0,2,1,0,1,0,2,2,0,1,2,1,0,1,1,0,2,2,1,1,0,0,0,2,0,0,1,1,0,0,0,1,0,1,2,2,1,0,0,0,0,1,2,2,0,0,0,1,2,1,2,1,0,0,1,1,1,1,0,1,1,1,0,0,2,2,2,2,1,1,1,0,1,2,0,0,0,2,0,2,1,2,0,2,1,2,0,1,2,2,0,0,0,2,0,0
191_7,1,2,0,2,0,0,0,0,1,2,1,2,2,1,0,0,1,0,2,0,2,1,1,1,2,2,2,0,0,1,2,1,2,0,1,0,1,1,0,1,1,1,2,0,1,2,0,0,2,1,1,2,1,0,2,2,1,0,2,1,1,2,0,0,2,2,2,0,2,2,1,0,0,0,1,0,1,0,0,1,0,2,0,0,2,2,2,1,1,0,1,0,0,0,1,1,2,1,1,1,2,1,1,0,0,2,1,0,1,0,0,0,0,1,2,1,0,1,1,0,2,2,1,1,0,0,0,2,0,0,1,1,0,0,0,1,0,1,2,2,1,0,0,0,2,1,2,2,0,0,0,1,2,1,2,1,2,0,1,1,1,1,0,1,1,0,0,0,2,2,2,2,1,1,1,0,1,0,0,0,2,2,0,2,1,2,0,2,1,2,0,1,2,0,0,0,0,2,0,0
216_13,1,2,0,2,0,0,0,0,1,2,1,2,2,1,0,0,1,0,2,0,2,1,1,1,2,2,2,0,0,1,2,1,2,0,1,0,1,1,0,1,1,1,2,0,1,2,0,0,2,1,1,2,1,0,2,2,1,0,2,1,1,2,0,0,2,2,2,0,2,2,1,0,0,0,1,0,1,0,1,1,0,2,0,0,2,2,2,1,1,0,1,0,0,0,1,1,2,1,1,1,2,1,1,0,0,2,1,0,1,0,2,0,0,1,2,1,0,1,1,0,2,2,1,1,0,0,0,2,0,0,1,1,0,0,0,1,0,1,2,2,1,0,0,0,2,1,2,2,0,0,0,1,2,1,2,1,2,0,1,1,1,1,0,1,1,0,0,0,2,2,2,2,1,1,1,0,1,0,0,0,2,2,0,2,1,2,0,2,1,2,0,1,2,0,0,0,0,2,0,0
216_12,1,2,0,2,0,0,0,0,1,2,1,2,2,1,0,0,1,0,2,0,2,1,1,1,2,2,2,0,0,1,2,1,2,0,1,0,1,1,0,1,1,1,2,0,1,2,0,0,2,1,1,2,1,0,2,2,1,0,2,1,1,2,0,0,2,2,2,0,2,2,1,0,0,0,1,0,1,0,0,1,0,2,0,0,2,2,2,1,1,0,1,0,0,0,1,1,2,1,1,1,2,1,1,0,0,2,1,0,1,0,0,0,0,1,2,1,0,1,1,0,2,2,1,1,0,0,0,2,0,0,1,1,0,0,0,1,0,1,2,2,1,0,1,0,2,1,2,2,0,0,2,1,2,1,2,1,2,0,1,1,1,1,0,1,1,0,0,0,2,2,2,2,1,1,1,0,1,0,0,0,2,2,0,2,1,2,0,2,1,2,0,1,2,0,0,0,0,2,0,0
90_1,0:0.01/1:0.99,0,0:0.12/2:0.88,0:0.01/2:0.99,0,0,0:0.12/1:0.88,0,0:0.12/2:0.88,0:0.12/2:0.88,0:0.01/1:0.99,0:0.01/2:0.99,0,0:0.01/1:0.99,0,0,0:0.01/1:0.99,0:0.12/2:0.88,0,0,0,0,0:0.01/1:0.99,0:0.01/1:0.99,0:0.01/2:0.99,0,0,0:0.12/1:0.88,0,0:0.01/1:0.99,0,0:0.01/1:0.99,0:0.01/2:0.99,0,0:0.01/1:0.99,0,0:0.12/2:0.88,0,0:0.12/2:0.88,0,0:0.01/1:0.99,0:0.01/1:0.99,0:0.01/2:0.99,0:0.12/1:0.88,0,0:0.01/2:0.99,0,0,0:0.01/2:0.99,0,0:0.01/1:0.99,0,0:0.01/1:0.99,0,0,0:0.01/2:0.99,0:0.01/1:0.99,0,0:0.01/2:0.99,0:0.01/1:0.99,0,0:0.12/2:0.88,0,0,0:0.01/2:0.99,0:0.01/2:0.99,0,0,0,0,0,0,0:0.12/2:0.88,0,0,0,0,0:0.12/2:0.88,0,0:0.01/1:0.99,0:0.12/1:0.88,0,0,0,0:0.01/2:0.99,0:0.01/2:0.99,0,0:0.12/1:0.88,0:0.01/1:0.99,0,0:0.01/1:0.99,0,0,0,0:0.01/1:0.99,0:0.12/1:0.88,0,0:0.01/1:0.99,0:0.01/1:0.99,0:0.12/2:0.88,0,0,0,0,0,0:0.01/2:0.99,0,0,0:0.01/1:0.99,0,0:0.12/1:0.88,0,0,0,0:0.01/2:0.99,0,0,0,0:0.01/1:0.99,0:0.12/1:0.88,0:0.01/2:0.99,0,0:0.12/2:0.88,0:0.01/1:0.99,0,0,0,0:0.01/2:0.99,0,0:0.12/1:0.88,0:0.01/1:0.99,0,0,0,0,0:0.01/1:0.99,0,0,0:0.01/2:0.99,0:0.01/2:0.99,0:0.01/1:0.99,0,0,0:0.12/2:0.88,0,0,0:0.01/2:0.99,0:0.12/1:0.88,0:0.12/2:0.88,0,0,0:0.01/1:0.99,0,0:0.01/1:0.99,0:0.01/2:0.99,0:0.12/2:0.88,0:0.12/2:0.88,0,0,0:0.01/1:0.99,0:0.12/2:0.88,0:0.01/1:0.99,0,0,0:0.01/1:0.99,0:0.12/1:0.88,0,0:0.12/1:0.88,0:0.12/1:0.88,0,0:0.01/2:0.99,0:0.01/2:0.99,0:0.12/2:0.88,0:0.01/1:0.99,0:0.01/1:0.99,0,0:0.01/1:0.99,0,0,0:0.12/2:0.88,0,0:0.01/2:0.99,0,0:0.01/2:0.99,0:0.01/1:0.99,0:0.01/2:0.99,0,0:0.01/2:0.99,0:0.01/1:0.99,0,0:0.12/1:0.88,0,0:0.01/2:0.99,0,0,0,0,0:0.01/2:0.99,0,0
204_1,1,0,2,2,0,0,1,2,2,2,1,2,2,1,0,1,1,2,0,0,0,0,1,1,2,2,0,1,0,1,0,1,2,0,1,0,2,0,2,0,1,1,2,1,0,2,0,0,2,0,1,0,1,2,1,2,1,0,2,1,2,2,0,0,2,2,0,2,0,0,0,0,2,0,1,0,2,2,0,1,1,0,1,0,2,2,1,1,1,1,1,2,0,0,1,1,0,1,1,2,0,2,2,0,2,2,0,0,1,0,1,0,0,0,2,0,0,0,1,1,2,0,2,1,0,0,0,2,2,1,1,1,1,1,0,1,0,0,2,2,1,0,1,2,0,0,2,1,2,2,0,1,0,1,2,2,2,1,2,1,2,1,0,0,1,1,0,1,1,2,2,2,2,1,1,2,1,1,1,2,0,2,0,2,1,2,0,2,1,0,1,0,2,0,0,0,1,2,0,0
216_2,1,0,2,2,0,0,1,2,2,2,1,2,2,1,0,1,1,2,0,0,0,0,1,1,2,2,0,1,0,1,0,1,2,0,1,0,2,0,2,0,1,1,2,1,0,2,0,0,2,0,1,0,1,2,1,2,1,0,2,1,2,2,0,0,2,2,0,2,0,0,0,0,2,0,1,0,2,2,0,1,1,0,1,0,2,2,1,1,1,1,1,2,0,0,1,1,0,1,1,2,0,2,2,0,2,2,0,2,1,0,1,0,0,0,2,0,0,0,1,1,2,0,2,1,0,0,0,2,2,1,1,1,1,1,0,1,0,0,2,2,1,0,1,2,0,0,2,1,2,2,0,1,0,1,2,2,2,1,2,1,2,1,0,0,1,1,0,1,1,2,2,2,2,1,1,2,1,1,1,2,0,2,0,2,1,2,0,2,1,0,1,0,2,0,0,0,1,2,0,2
216_1,1,0,2,2,0,0,1,2,2,2,1,2,2,1,0,1,1,2,0,0,0,0,1,1,2,2,0,1,0,1,0,1,2,0,1,0,2,0,2,0,1,1,2,1,0,2,0,0,2,0,1,0,1,2,1,2,1,0,2,1,2,2,0,0,2,2,0,2,0,0,0,0,2,0,1,0,2,2,0,1,1,0,1,0,2,2,1,1,1,1,1,2,0,0,1,1,0,1,1,2,0,2,2,0,2,2,0,0,1,0,1,0,0,0,2,0,0,0,1,1,2,0,2,1,0,0,0,2,2,1,1,1,1,1,0,1,0,0,2,2,1,0,1,2,0,0,2,1,2,2,0,1,0,1,2,2,2,1,2,1,2,1,0,0,1,1,0,1,1,2,2,2,2,1,1,2,1,1,1,2,0,2,0,2,1,2,0,2,1,0,1,0,2,0,0,0,1,2,0,0
157_2,1,0,2,2,0,0,1,0,2,2,1,2,0,1,0,0:0.02/2:0.98,1,2,0:0.02/2:0.98,0:0.02/1:0.98,0,0,1,1,2,0,0,1,0,1,0,1,2,0,1,0,2,0,2,0,1,1,2,1,0:0.02/1:0.98,2,0,0,2,0,1,0,1,0,0,2,1,0,2,1,0,2,0,0:0.02/1:0.98,2,2,0,0,0:0.02/1:0.98,0:0.02/1:0.98,0:0.02/1:0.98,0,2,0,0,0,0,2,0,1,1,0,0,0,2,2,0,1,1,0,1,0,0,0,1,1,0,1,1,2,0:0.02/1:0.98,0,0,0,0,2,0:0.02/2:0.98,0,1,0,1,0,0,0,2,0,0,0:0.02/2:0.98,1,1,2,0:0.02/1:0.98,2,1,0:0.02/2:0.98,0,0,2,0,1,1,0:0.02/2:0.98,0,0,0:0.02/2:0.98,1,0:0.02/2:0.98,0,2,2,1,0,0,2,0,0:0.02/2:0.98,2,1,2,0:0.02/1:0.98,0:0.02/2:0.98,1,0,1,2,2,2,0,0,1,2,1,0,0,1,1,0,1,1,0:0.02/1:0.98,2,2,2,1,1,0,1,0:0.02/2:0.98,0,2,0,2,0,2,1,2,0,2,1,0,1,0:0.02/2:0.98,2,0,0,0:0.02/2:0.98,0,2,0,0
206_4,1,0,2,2,0,0,1,0,2,2,1,2,0,1,0,2,1,2,2,1,0,0,1,1,2,0,0,1,0,1,2,1,2,0,1,0,2,0,2,0,1,1,2,1,1,2,0,0,2,0,1,0,1,0,0,2,1,0,2,1,0,2,0,1,2,2,0,0,1,1,1,0,2,0,0,0,0,2,0,1,1,0,0,0,2,2,0,1,1,1,1,0,0,0,1,1,0,1,1,2,1,0,0,0,0,2,2,0,1,0,1,0,0,0,2,0,0,2,1,1,2,1,2,1,2,0,0,2,0,1,1,2,0,0,2,1,2,0,2,2,1,0,0,2,0,2,2,1,2,1,2,1,0,1,2,2,2,0,0,1,2,1,0,2,1,1,0,1,1,1,2,2,2,1,1,2,1,2,0,2,2,2,0,2,1,2,1,2,1,0,1,2,2,0,0,2,0,2,0,2
216_5,1,0,2,2,0,0,1,0,2,2,1,2,0,1,0,2,1,2,2,1,0,0,1,1,2,0,0,1,0,1,2,1,2,0,1,0,2,0,2,0,1,1,2,1,1,2,0,0,2,0,1,0,1,0,0,2,1,0,2,1,0,2,0,1,2,2,0,0,1,1,1,0,2,0,0,0,0,2,0,1,1,0,0,0,2,2,0,1,1,1,1,0,0,0,1,1,2,1,1,2,1,0,0,0,0,2,2,0,1,0,1,0,0,0,2,0,0,2,1,1,2,1,2,1,2,0,0,2,0,1,1,2,0,0,2,1,2,0,2,2,1,0,0,2,0,2,2,1,2,1,2,1,0,1,2,2,2,0,0,1,2,1,0,2,1,1,0,1,1,1,2,2,2,1,1,2,1,2,0,2,2,2,0,2,1,2,1,2,1,0,1,2,2,0,0,2,0,2,0,2
216_4,1,0,2,2,0,0,1,0,2,2,1,2,0,1,0,2,1,2,2,1,0,0,1,1,2,0,0,1,0,1,2,1,2,0,1,0,2,0,2,0,1,1,2,1,1,2,0,0,2,0,1,2,1,0,0,2,1,0,2,1,0,2,0,1,2,2,0,0,1,1,1,0,2,0,0,0,0,2,0,1,1,0,0,0,2,2,0,1,1,1,1,0,0,0,1,1,0,1,1,2,1,0,0,0,0,2,2,0,1,0,1,0,0,0,2,0,0,2,1,1,2,1,2,1,2,0,0,2,0,1,1,2,0,0,2,1,2,0,2,2,1,0,0,2,0,2,2,1,2,1,2,1,0,1,2,2,2,0,0,1,2,1,0,2,1,1,0,1,1,1,2,2,2,1,1,2,1,2,0,2,2,2,0,2,1,2,1,2,1,0,1,2,2,0,0,2,0,2,0,2
200_4,1,0,2,2,0,0,1,0:0.01/2:0.99,2,2,1,2,0,1,0,2,1,2,2,1,0,0:0.01/2:0.99,1,1,2,0,0,1,0,1,0,1,2,0,1,0,2,0,2,0,1,1,2,1,1,2,0,0,2,0,1,0,1,0:0.01/2:0.99,0,2,1,0,2,1,0,2,0,1,2,2,0,0,1,1,1,0,2,0,0,0,0,2,0,1,1,0,0,0,2,2,0,1,1,0,1,0,0:0.01/1:0.99,0,1,1,0,1,1,2,1,0,0:0.01/2:0.99,0,0,2,2,0,1,0,1,0,0,0,2,0,0:0.01/2:0.99,2,1,1,2,1,2,1,2,0,0:0.01/1:0.99,2,0,1,1,2,0,0,2,1,2,0,2,2,1,0,0,2,0:0.01/1:0.99,2,2,1,2,1,2,1,0,1,2,2,2,0,0,1,2,1,0,0:0.01/1:0.99,1,1,0,1,1,1,2,2,2,1,1,0,1,2,0:0.01/1:0.99,2,0,2,0,2,1,2,0,2,1,0,1,2,2,0,0,2,0,2,0:0.01/2:0.99,0
216_7,1,0,2,2,1,0,1,2,2,2,1,2,0,1,0,2,1,2,2,1,1,2,1,1,2,0,0,1,0,1,0,1,2,0,1,0,2,0,2,0,1,1,2,1,1,2,1,0,2,0,1,0,1,2,0,2,1,0,2,1,0,2,0,1,2,2,0,0,1,1,1,0,2,0,0,0,0,2,0,1,1,2,0,0,2,2,0,1,1,0,1,0,1,0,1,1,0,1,1,2,1,0,2,0,0,2,2,1,1,0,1,0,0,0,2,0,2,2,1,1,2,1,2,1,2,0,1,2,0,1,1,2,0,0,2,1,2,0,2,2,1,0,0,2,1,2,2,1,2,1,2,1,0,1,2,2,2,0,0,1,2,1,0,1,1,1,0,1,1,1,2,2,2,1,1,0,1,2,1,2,0,2,0,2,1,2,0,2,1,0,1,2,2,0,0,2,0,2,2,0
216_6,1,0,2,2,0,0,1,2,2,2,1,2,0,1,0,2,1,2,2,1,0,2,1,1,2,0,0,1,0,1,0,1,2,1,1,0,2,2,2,0,1,1,2,1,1,2,0,0,2,0,1,0,1,2,0,2,1,0,2,1,0,2,0,1,2,2,0,0,1,1,1,0,2,0,0,0,0,2,0,1,1,0,0,0,2,2,0,1,1,0,1,0,1,0,1,1,0,1,1,2,1,0,2,0,0,2,2,0,1,0,1,0,0,0,2,0,2,2,1,1,2,1,2,1,2,0,1,2,0,1,1,2,0,0,2,1,2,0,2,2,1,0,0,2,1,2,2,1,2,1,2,1,0,1,2,2,2,0,0,1,2,1,0,1,1,1,0,1,1,1,2,2,2,1,1,0,1,2,1,2,0,2,0,2,1,2,0,2,1,0,1,2,2,0,0,2,0,2,2,0
