[&R] (((((216_9:0,216_11:0)166_4:1.192,((216_5:0,216_6:0)204_5:1.219,(216_7:0,216_8:0)213_7:1.219)168_3:0.973)118_2:2.029,((216_1:1.031,216_2:0.031)178_1:1.51,216_3:3.541)124_1:0.679)66_1:3.779,(((216_17:1.029,216_18:0.029)193_11:1.097,216_19:3.126)131_6:0.006,((216_15:0,216_16:0)215_15:0,216_13:0)134_5:3.132)72_3:4.867)8_1:0)I0;
I0,0,0,0,0,0,0,0,0,0,0
8_1,0,0,0,0,0,0,0,0,0,0
72_3,0:0.03/1:0.97,0:0.03/2:0.97,0,0:0.03/2:0.97,0:0.03/1:0.97,0,0,0,0:0.03/2:0.97,0
134_5,1,2,2,2,1,2,0,0,2,2
216_13,1,2,2,2,1,2,0,0,2,2
215_15,1,2,2,2,1,2,0,0,2,2
216_16,1,2,2,2,1,2,0,0,2,2
216_15,1,2,2,2,1,2,0,0,2,2
131_6,0:0.03/1:0.97,0:0.03/2:0.97,0,0:0.03/2:0.97,0:0.03/1:0.97,0,0,0,0:0.03/2:0.97,0
216_19,1,2,0,2,1,2,2,0,2,1
193_11,1,2,0,2,1,0,0,0,2,0:0.03/2:0.97
216_18,1,2,0,2,1,0,0,0,2,2
216_17,1,2,0,2,1,0,1,0,2,2
66_1,0:0.06/2:0.94,0,0,0,0,0,0:0.06/1:0.94,0:0.06/2:0.94,0,0:0.06/2:0.94
124_1,0:0.02/2:0.98,0,0,0,0,0:0.44/2:0.56,0:0.02/1:0.98,0:0.02/2:0.98,0,0:0.02/2:0.98
216_3,2,0,1,1,1,2,1,2,0,2
178_1,2,0,0,0,0,0:0.01/2:0.99,1,2,0:0.02/2:0.98,2
216_2,2,0,0,0,0,2,1,2,2,2
216_1,2,0,0,1,0,2,1,2,2,2
118_2,2,0:0.09/1:0.91,0,0,0:0.09/1:0.91,0,1,2,0,2
168_3,2,0:0.02/1:0.98,0,0:0.18/1:0.82,0:0.02/1:0.98,0,1,2,0,2
213_7,2,1,0,1,1,0,1,2,2,2
216_8,2,1,0,1,1,0,1,2,2,2
216_7,2,1,0,1,1,0,1,2,2,2
204_5,2,1,1,1,1,0,1,2,0,2
216_6,2,1,1,1,1,0,1,2,0,2
216_5,2,1,1,1,1,0,1,2,0,2
166_4,2,1,0,0,1,1,1,2,0,2
216_11,2,1,0,0,1,1,1,2,0,2
216_9,2,1,0,0,1,1,1,2,0,2
