[&R] ((((((216_16:0,216_17:0)215_16:3.057,216_18:0.057)176_8:0.002,(216_19:2.219,216_20:0.219)200_15:1.84)129_5:1.133,((216_9:1.011,216_11:0.011)177_5:0.054,(216_14:0,216_15:0)210_12:2.065)131_4:2.127)73_2:1.178,(((216_3:1.022,216_4:0.022)183_2:0.171,(216_1:1.11,216_2:0.11)185_1:2.083)128_1:0.885,((216_5:0.23,216_6:2.23)190_5:0.844,216_8:4.074)140_3:0.004)75_1:3.292)32_1:2.63)I0;
I0,0,0,0,0,0,0,0,0,0,0
32_1,0:0.12/1:0.88,0,0:0.12/1:0.88,0,0,0,0,0,0,0:0.12/1:0.88
75_1,1,0,1,0:0.02/1:0.98,0,0:0.02/2:0.98,0,0:0.02/2:0.98,0,1
140_3,1,0,1,0:0.02/1:0.98,0,0:0.02/2:0.98,0,0:0.02/2:0.98,0,1
216_8,1,1,1,1,1,2,1,2,1,1
190_5,1,0,1,1,0:0.21/2:0.79,2,0,2,0,1
216_6,1,1,1,1,2,2,1,2,0,1
216_5,1,0,1,1,2,2,0,2,0,1
128_1,1,0,1,1,0,2,0,2,0:0.18/1:0.82,1
185_1,1,0,1,1,0:0.05/2:0.95,2,0:0.05/2:0.95,2,0:0.01/1:0.99,1
216_2,1,0,1,1,2,2,2,2,1,1
216_1,1,2,1,1,2,2,2,2,1,1
183_2,1,0,1,1,0,2,0,2,0:0.02/1:0.98,1
216_4,1,0,1,1,0,2,0,2,1,1
216_3,1,0,1,1,0,2,2,2,1,1
73_2,0:0.02/1:0.98,0,0:0.02/1:0.98,0,0,0,0,0,0:0.14/2:0.86,0:0.02/1:0.98
131_4,1,0,1,0,0,0:0.03/1:0.97,0,0:0.03/2:0.97,2,1
210_12,1,0,1,2,0,1,2,2,2,1
216_15,1,0,1,2,0,1,2,2,2,1
216_14,1,0,1,2,0,1,2,2,2,1
177_5,1,0,1,0,0,1,0,2,2,1
216_11,1,0,1,0,0,1,0,2,2,1
216_9,1,0,1,0,2,1,0,2,2,1
129_5,1,0,1,0,0,0:0.05/2:0.95,0,0,0:0.01/2:0.99,1
200_15,1,0,1,0,0,0:0.01/2:0.99,0:0.11/1:0.89,0:0.11/2:0.89,2,1
216_20,1,0,1,0,0,2,1,2,2,1
216_19,1,0,1,1,2,2,1,2,2,1
176_8,1,0,1,0,0,0:0.05/2:0.95,0,0,0:0.01/2:0.99,1
216_18,1,0,1,0,0,2,0,0,2,1
215_16,1,1,1,1,2,2,0,0,2,1
216_17,1,1,1,1,2,2,0,0,2,1
216_16,1,1,1,1,2,2,0,0,2,1
