[&R] ((((((216_16:0,216_17:0)215_16:0,216_18:0)176_8:0.232,(216_19:0,216_20:0)200_15:2.232)129_5:3.921,((216_9:0.064,216_11:1.064)177_5:1.023,(216_14:0,216_15:0)210_12:0.087)131_4:4.066)73_2:0.037,(((216_3:1.046,216_4:0.046)183_2:1.004,(216_1:0,216_2:0)185_1:0.05)128_1:1.516,((216_5:0,216_6:0)190_5:1.075,216_8:0.075)140_3:3.491)75_1:1.624)32_1:2.81)I0;
I0,0,0,0,0,0,0,0,0,0,0
32_1,0,0,0:0.06/1:0.94,0,0,0,0,0:0.06/2:0.94,0,0:0.06/2:0.94
75_1,0,0,0:0.02/1:0.98,0,0,0:0.26/2:0.74,0,0:0.02/2:0.98,0:0.26/2:0.74,0:0.02/2:0.98
140_3,0,0,1,0:0.02/1:0.98,0:0.02/1:0.98,0:0.01/2:0.99,0:0.02/1:0.98,2,0:0.01/2:0.99,2
216_8,0,0,1,1,1,2,1,2,2,2
190_5,1,0,1,1,1,2,1,2,2,2
216_6,1,0,1,1,1,2,1,2,2,2
216_5,1,0,1,1,1,2,1,2,2,2
128_1,0:0.03/2:0.97,0,1,0,0,0:0.01/2:0.99,0,2,0:0.01/2:0.99,2
185_1,2,0,1,0,0,2,0,2,2,2
216_2,2,0,1,0,0,2,0,2,2,2
216_1,2,0,1,0,0,2,0,2,2,2
183_2,2,0,1,0,0:0.04/1:0.96,2,0,2,2,2
216_4,2,0,1,0,1,2,0,2,2,2
216_3,2,1,1,0,1,2,0,2,2,2
73_2,0,0:0.97/2:0.03,0:0.06/1:0.94,0,0,0,0,0:0.06/2:0.94,0,0:0.06/2:0.94
131_4,0,0:0.02/2:0.98,1,0:0.02/2:0.98,0:0.02/1:0.98,0,0:0.02/1:0.98,2,0,2
210_12,0,2,1,2,1,0,1,2,0,2
216_15,0,2,1,2,1,0,1,2,0,2
216_14,0,2,1,2,1,0,1,2,0,2
177_5,0,2,1,2,1,0:0.06/1:0.94,1,2,0,2
216_11,2,2,1,2,1,1,1,2,0,2
216_9,0,2,1,2,1,1,1,2,0,2
129_5,0,0:0.05/2:0.95,1,0,0:0.06/2:0.94,0:0.06/2:0.94,0,2,0:0.06/1:0.94,2
200_15,1,2,1,1,2,2,0,2,1,2
216_20,1,2,1,1,2,2,0,2,1,2
216_19,1,2,1,1,2,2,0,2,1,2
176_8,0,2,1,0,2,2,0,2,1,2
216_18,0,2,1,0,2,2,0,2,1,2
215_16,0,2,1,0,2,2,0,2,1,2
216_17,0,2,1,0,2,2,0,2,1,2
216_16,0,2,1,0,2,2,0,2,1,2
