[&R] ((((((216_16:0,216_17:0)215_16:0,216_18:0)176_8:0.001,(216_19:1.001,216_20:0.001)200_15:0.001)129_5:1.025,((216_9:1.152,216_11:1.152)177_5:0.869,(216_14:0,216_15:0)210_12:2.021)131_4:0.005)73_2:2.206,(((216_3:2,216_4:0)183_2:0,(216_1:0,216_2:0)185_1:0)128_1:0.032,((216_5:0,216_6:0)190_5:0,216_8:0)140_3:2.032)75_1:1.199)32_1:2.768)I0;
I0,0,0,0,0,0,0,0,0,0,0
32_1,0,0:0.08/2:0.92,0,0,0,0,0,0:0.08/2:0.92,0:0.08/2:0.92,0
75_1,0,2,0,0:0.03/1:0.97,0,0,0,2,2,0
140_3,0,2,2,1,0,0,0,2,2,1
216_8,0,2,2,1,0,0,0,2,2,1
190_5,0,2,2,1,0,0,0,2,2,1
216_6,0,2,2,1,0,0,0,2,2,1
216_5,0,2,2,1,0,0,0,2,2,1
128_1,0,2,0,1,0,0,0,2,2,0
185_1,0,2,0,1,0,0,0,2,2,0
216_2,0,2,0,1,0,0,0,2,2,0
216_1,0,2,0,1,0,0,0,2,2,0
183_2,0,2,0,1,0,0,0,2,2,0
216_4,0,2,0,1,0,0,0,2,2,0
216_3,0,2,1,1,0,0,1,2,2,0
73_2,0,2,0,0,0,0:0.01/2:0.99,0:0.01/1:0.99,2,2,0
131_4,0,2,0,0,0,0:0.01/2:0.99,0:0.01/1:0.99,2,2,0
210_12,0,2,1,0,1,2,1,2,2,0
216_15,0,2,1,0,1,2,1,2,2,0
216_14,0,2,1,0,1,2,1,2,2,0
177_5,0,2,0,0,0,2,1,2,2,0:0.15/1:0.85
216_11,0,2,0,2,0,2,1,2,2,1
216_9,0,2,1,0,0,2,1,2,2,1
129_5,2,2,0,0,0,2,1,2,2,0
200_15,2,2,0,0,0,2,1,2,2,0
216_20,2,2,0,0,0,2,1,2,2,0
216_19,2,2,0,0,2,2,1,2,2,0
176_8,2,2,0,0,0,2,1,2,2,0
216_18,2,2,0,0,0,2,1,2,2,0
215_16,2,2,0,0,0,2,1,2,2,0
216_17,2,2,0,0,0,2,1,2,2,0
216_16,2,2,0,0,0,2,1,2,2,0
