[&R] ((((((216_16:0,216_17:0)215_16:0,216_18:0)176_8:1.051,(216_19:0,216_20:0)200_15:0.051)129_5:4.191,((216_9:0,216_11:1)177_5:0,(216_14:1,216_15:0)210_12:0)131_4:4.241)73_2:1.28,(((216_3:1.063,216_4:0.063)183_2:2.064,(216_1:0.011,216_2:1.011)185_1:0.116)128_1:1.347,((216_5:0,216_6:0)190_5:0,216_8:0)140_3:3.474)75_1:3.048)32_1:1.478)I0;
I0,0,0,0,0,0,0,0,0,0,0
32_1,0,0,0,0,0:0.26/1:0.74,0,0:0.26/2:0.74,0,0,0
75_1,0:0.13/1:0.87,0,0,0,0:0.04/1:0.96,0,0:0.04/2:0.96,0:0.13/1:0.87,0:0.13/2:0.87,0
140_3,1,1,0,0,1,1,2,1,2,1
216_8,1,1,0,0,1,1,2,1,2,1
190_5,1,1,0,0,1,1,2,1,2,1
216_6,1,1,0,0,1,1,2,1,2,1
216_5,1,1,0,0,1,1,2,1,2,1
128_1,0:0.01/1:0.99,0,0:0.09/1:0.91,0,1,0,2,0:0.01/1:0.99,0:0.01/2:0.99,0
185_1,1,0,0:0.01/1:0.99,0,1,0,2,1,2,0
216_2,1,0,1,0,1,1,2,1,2,0
216_1,1,0,1,0,1,0,2,1,2,0
183_2,1,0,1,0:0.03/2:0.97,1,0:0.03/2:0.97,2,1,2,0
216_4,1,0,1,2,1,2,2,1,2,0
216_3,1,0,1,2,1,2,2,1,2,2
73_2,0,0,0,0:0.49/1:0.51,0:0.13/1:0.87,0,0:0.13/2:0.87,0:0.49/2:0.51,0,0
131_4,2,2,0,1,1,0,2,2,0,2
210_12,2,2,0,1,1,0,2,2,0,2
216_15,2,2,0,1,1,0,2,2,0,2
216_14,2,2,0,1,1,0,2,2,1,2
177_5,2,2,0,1,1,0,2,2,0,2
216_11,2,2,0,1,1,1,2,2,0,2
216_9,2,2,0,1,1,0,2,2,0,2
129_5,0,0:0.01/1:0.99,0,0:0.01/1:0.99,1,0,2,0:0.01/2:0.99,0:0.01/1:0.99,0:0.01/1:0.99
200_15,0,1,0,1,1,0,2,2,1,1
216_20,0,1,0,1,1,0,2,2,1,1
216_19,0,1,0,1,1,0,2,2,1,1
176_8,2,1,0,1,1,0,2,2,1,1
216_18,2,1,0,1,1,0,2,2,1,1
215_16,2,1,0,1,1,0,2,2,1,1
216_17,2,1,0,1,1,0,2,2,1,1
216_16,2,1,0,1,1,0,2,2,1,1
