[&R] ((((((216_3:0,216_4:0)212_3:0,216_5:0)159_2:0,216_1:0)106_1:0.002,(((216_6:1,216_7:1)207_5:0,(216_8:1,216_9:0)209_7:0)155_3:0,((216_12:0,216_13:0)201_8:0,216_11:0)155_4:0)106_2:0.001)59_1:4.079,(((216_20:2.133,216_21:3.133)175_12:0.005,(216_18:0.047,216_19:1.047)179_12:3.092)126_6:0.933,((216_16:0,216_17:0)177_10:1.079,(216_14:2.074,216_15:2.074)180_9:0.005)130_5:2.993)73_3:0.009)16_1:2.919)I0;
I0,0,0,0,0,0,0,0,0,0,0
16_1,0,0:0.03/1:0.97,0,0,0,0,0:0.03/1:0.97,0,0,0:0.03/1:0.97
73_3,0,0:0.02/1:0.98,0,0,0,0,0:0.02/1:0.98,0,0,0:0.02/1:0.98
130_5,0:0.03/1:0.97,1,0:0.03/1:0.97,0,0,0,1,0,0:0.03/1:0.97,1
180_9,0:0.02/1:0.98,1,0:0.02/1:0.98,0,0,0,1,0,0:0.02/1:0.98,1
216_15,1,1,1,1,1,0,1,0,1,1
216_14,1,1,1,2,0,1,1,0,1,1
177_10,1,1,1,1,0,0,1,0,1,1
216_17,1,1,1,1,0,0,1,0,1,1
216_16,1,1,1,1,0,0,1,0,1,1
126_6,0,1,0,0:0.13/1:0.87,0,0,1,0,0,1
179_12,0:0.01/1:0.99,1,0:0.01/1:0.99,1,0,0,1,0,0:0.01/1:0.99,1
216_19,1,1,1,1,1,0,1,0,1,1
216_18,1,1,1,1,0,0,1,0,1,1
175_12,0,1,0,0:0.12/1:0.88,0,0,1,0,0,1
216_21,1,1,1,1,0,0,1,0,1,1
216_20,2,1,0,1,1,0,1,0,0,1
59_1,1,1,1,1,0,0,1,0,1,1
106_2,1,1,1,1,0,0,1,0,1,1
155_4,1,1,1,1,0,0,1,0,1,1
216_11,1,1,1,1,0,0,1,0,1,1
201_8,1,1,1,1,0,0,1,0,1,1
216_13,1,1,1,1,0,0,1,0,1,1
216_12,1,1,1,1,0,0,1,0,1,1
155_3,1,1,1,1,0,0,1,0,1,1
209_7,1,1,1,1,0,0,1,0,1,1
216_9,1,1,1,1,0,0,1,0,1,1
216_8,1,1,1,1,1,0,1,0,1,1
207_5,1,1,1,1,0,0,1,0,1,1
216_7,1,1,1,1,0,1,1,0,1,1
216_6,1,1,1,1,1,0,1,0,1,1
106_1,1,1,1,1,0,0,1,0,1,1
216_1,1,1,1,1,0,0,1,0,1,1
159_2,1,1,1,1,0,0,1,0,1,1
216_5,1,1,1,1,0,0,1,0,1,1
212_3,1,1,1,1,0,0,1,0,1,1
216_4,1,1,1,1,0,0,1,0,1,1
216_3,1,1,1,1,0,0,1,0,1,1
