[&R] ((((((216_5:1.015,216_6:0.015)193_3:0.003,(216_7:0,216_8:0)195_5:1.018)153_2:3.401,((216_3:0,216_4:0)198_2:2.806,(216_1:0,216_2:0)199_1:2.806)155_1:0.613)108_1:1.844,(((216_9:0.035,216_10:1.035)199_8:1.086,(216_11:0.035,216_12:1.035)201_11:1.086)158_5:0.962,((216_15:0.034,216_16:1.034)205_14:1.005,(216_13:0,216_14:0)207_13:0.038)162_7:1.046)108_2:1.178)59_1:2.738,((((216_29:1.007,216_30:0.007)193_15:0.001,(216_31:0.043,216_32:1.043)197_20:0.965)149_8:2.022,((216_25:0.033,216_26:1.033)194_14:1.271,(216_27:1.048,216_28:0.048)200_20:2.255)151_7:0.726)105_4:0.004,(((216_17:0,216_18:0)201_14:1.013,(216_19:0,216_20:0)202_17:0.013)160_8:0.094,((216_21:0,216_22:0)210_21:0.055,(216_23:0,216_24:0)215_23:1.055)161_10:2.051)112_5:1.927)60_3:3.966)13_1:0)I0;
I0,0,0,0,0,0,0,0,0,0,0
13_1,0,0,0,0,0,0,0,0,0,0
60_3,0,0,0,0:0.01/1:0.99,0,0,0:0.01/1:0.99,0:0.01/1:0.99,0,0:0.01/1:0.99
112_5,0,0,0,1,0,0:0.05/2:0.95,1,1,0:0.05/1:0.95,1
161_10,0:0.03/1:0.97,0:0.03/1:0.97,0,1,0,2,1,1,1,1
215_23,1,1,0,1,1,2,1,1,1,1
216_24,1,1,0,1,1,2,1,1,1,1
216_23,1,1,0,1,1,2,1,1,1,1
210_21,1,1,0,1,0,2,1,1,1,1
216_22,1,1,0,1,0,2,1,1,1,1
216_21,1,1,0,1,0,2,1,1,1,1
160_8,0,0,0,1,0,0:0.01/2:0.99,1,1,0:0.01/1:0.99,1
202_17,0,0,0,1,0,2,1,1,1,1
216_20,0,0,0,1,0,2,1,1,1,1
216_19,0,0,0,1,0,2,1,1,1,1
201_14,1,0,0,1,0,2,1,1,1,1
216_18,1,0,0,1,0,2,1,1,1,1
216_17,1,0,0,1,0,2,1,1,1,1
105_4,0,0,0,0:0.01/1:0.99,0,0,0:0.01/1:0.99,0:0.01/1:0.99,0,0:0.01/1:0.99
151_7,0,0,0,1,0,0,1,1,0:0.29/1:0.71,1
200_20,0:0.02/2:0.98,0,0,1,0:0.02/2:0.98,0,1,1,0:0.01/1:0.99,1
216_28,2,0,0,1,2,0,1,1,1,1
216_27,2,2,0,1,2,0,1,1,1,1
194_14,0:0.03/1:0.97,0,0,1,0,0,1,1,0:0.01/1:0.99,1
216_26,1,0,1,1,0,0,1,1,1,1
216_25,1,0,0,1,0,0,1,1,1,1
149_8,0,1,1,1,0,0,1,1,0,1
197_20,0,1,1,1,0,0,1,1,0:0.04/2:0.96,1
216_32,2,1,1,1,0,0,1,1,2,1
216_31,0,1,1,1,0,0,1,1,2,1
193_15,0,1,1,1,0,0,1,1,0,1
216_30,0,1,1,1,0,0,1,1,0,1
216_29,0,1,1,1,1,0,1,1,0,1
59_1,0:0.09/2:0.91,0,0,0,0:0.09/1:0.91,0:0.09/2:0.91,0,0,0,0
108_2,0:0.01/2:0.99,0,0,0,0:0.01/1:0.99,0:0.01/2:0.99,0,0,0,0:0.07/1:0.93
162_7,2,0,0,0,1,2,0,0:0.04/1:0.96,0,1
207_13,2,0,0,0,1,2,0,1,0,1
216_14,2,0,0,0,1,2,0,1,0,1
216_13,2,0,0,0,1,2,0,1,0,1
205_14,2,0:0.03/2:0.97,0,0,1,2,0,1,0,1
216_16,2,2,0,0,1,2,0,1,2,1
216_15,2,2,0,0,1,2,0,1,0,1
158_5,2,0,0,0,1,2,0,0:0.11/2:0.89,0,0:0.01/1:0.99
201_11,2,0,0,0,1,2,0,2,0:0.03/1:0.97,1
216_12,2,0,0,2,1,2,0,2,1,1
216_11,2,0,0,0,1,2,0,2,1,1
199_8,2,0:0.03/1:0.97,0,0,1,2,0,2,0,1
216_10,2,1,0,0,1,2,1,2,0,1
216_9,2,1,0,0,1,2,0,2,0,1
108_1,0:0.02/2:0.98,0:0.18/1:0.82,0:0.18/1:0.82,0,0:0.02/1:0.98,0:0.02/2:0.98,0,0,0,0
155_1,0:0.01/2:0.99,0:0.11/1:0.89,0:0.11/1:0.89,0:0.57/2:0.43,0:0.01/1:0.99,0:0.01/2:0.99,0,0,0,0
199_1,2,1,1,2,1,2,1,0,1,0
216_2,2,1,1,2,1,2,1,0,1,0
216_1,2,1,1,2,1,2,1,0,1,0
198_2,2,1,1,2,1,2,0,1,2,0
216_4,2,1,1,2,1,2,0,1,2,0
216_3,2,1,1,2,1,2,0,1,2,0
153_2,2,1,1,0,1,2,0:0.01/1:0.99,0,0:0.01/1:0.99,0:0.01/1:0.99
195_5,2,1,1,0,1,2,1,2,1,1
216_8,2,1,1,0,1,2,1,2,1,1
216_7,2,1,1,0,1,2,1,2,1,1
193_3,2,1,1,0,1,2,1,0,1,1
216_6,2,1,1,0,1,2,1,0,1,1
216_5,2,1,1,0,1,2,1,2,1,1
