165.0 262.0 159.0 263.0
165.0 262.0 166.0 257.0
175.0 260.0 169.0 263.0
175.0 260.0 184.0 254.0
165.0 282.0 157.0 282.0
165.0 282.0 172.0 282.0
151.0 276.0 146.0 278.0
151.0 276.0 159.0 272.0
170.0 256.0 161.0 256.0
170.0 256.0 171.0 254.0
192.0 237.0 202.0 243.0
192.0 237.0 187.0 232.0
179.0 273.0 183.0 275.0
179.0 273.0 181.0 269.0
142.0 285.0 148.0 297.0
142.0 285.0 138.0 274.0
152.0 289.0 159.0 293.0
152.0 289.0 153.0 281.0
122.0 244.0 114.0 253.0
122.0 244.0 127.0 244.0
158.0 254.0 166.0 259.0
158.0 254.0 159.0 249.0
215.0 228.0 208.0 232.0
215.0 228.0 226.0 225.0
141.0 209.0 141.0 218.0
141.0 209.0 142.0 206.0
195.0 243.0 189.0 248.0
195.0 243.0 203.0 238.0
189.0 265.0 189.0 279.0
189.0 265.0 191.0 255.0
208.0 232.0 211.0 237.0
208.0 232.0 197.0 229.0
186.0 282.0 182.0 287.0
186.0 282.0 189.0 279.0
200.0 254.0 206.0 255.0
200.0 254.0 192.0 256.0
177.0 234.0 172.0 241.0
177.0 234.0 181.0 226.0
222.0 241.0 225.0 243.0
222.0 241.0 214.0 234.0
208.0 272.0 210.0 280.0
208.0 272.0 203.0 260.0
177.0 298.0 173.0 305.0
177.0 298.0 190.0 294.0
239.0 267.0 230.0 271.0
239.0 267.0 238.0 263.0
166.0 228.0 177.0 233.0
166.0 228.0 161.0 227.0
142.0 243.0 145.0 252.0
142.0 243.0 144.0 232.0
189.0 207.0 182.0 209.0
189.0 207.0 196.0 208.0
203.0 226.0 199.0 235.0
203.0 226.0 206.0 219.0
250.0 238.0 243.0 240.0
250.0 238.0 250.0 234.0
192.0 251.0 189.0 254.0
192.0 251.0 201.0 247.0
184.0 285.0 186.0 292.0
184.0 285.0 181.0 278.0
162.0 303.0 167.0 311.0
162.0 303.0 161.0 297.0
201.0 294.0 198.0 300.0
201.0 294.0 201.0 288.0
272.0 294.0 274.0 296.0
272.0 294.0 265.0 287.0
285.0 288.0 291.0 290.0
285.0 288.0 280.0 285.0
268.0 283.0 264.0 289.0
268.0 283.0 270.0 278.0
275.0 288.0 271.0 293.0
275.0 288.0 284.0 284.0
276.0 309.0 273.0 315.0
276.0 309.0 282.0 302.0
298.0 292.0 299.0 301.0
298.0 292.0 300.0 283.0
256.0 293.0 251.0 301.0
256.0 293.0 261.0 286.0
273.0 261.0 268.0 267.0
273.0 261.0 275.0 262.0
294.0 318.0 291.0 323.0
294.0 318.0 298.0 312.0
304.0 290.0 309.0 299.0
304.0 290.0 299.0 283.0
260.0 318.0 264.0 323.0
260.0 318.0 254.0 311.0
279.0 301.0 268.0 307.0
279.0 301.0 286.0 301.0
234.0 280.0 232.0 285.0
234.0 280.0 241.0 277.0
288.0 335.0 293.0 339.0
288.0 335.0 281.0 335.0
257.0 260.0 249.0 266.0
257.0 260.0 261.0 259.0
304.0 302.0 309.0 305.0
304.0 302.0 301.0 295.0
280.0 258.0 282.0 263.0
280.0 258.0 276.0 253.0
243.0 297.0 244.0 301.0
243.0 297.0 242.0 292.0
261.0 286.0 266.0 286.0
261.0 286.0 256.0 283.0
293.0 281.0 294.0 288.0
293.0 281.0 297.0 275.0
232.0 304.0 231.0 305.0
232.0 304.0 242.0 308.0
260.0 330.0 258.0 335.0
260.0 330.0 263.0 322.0
258.0 306.0 255.0 313.0
258.0 306.0 262.0 300.0
312.0 310.0 307.0 314.0
312.0 310.0 316.0 308.0
282.0 301.0 289.0 304.0
282.0 301.0 278.0 296.0
329.0 267.0 323.0 268.0
329.0 267.0 333.0 266.0
338.0 242.0 331.0 254.0
338.0 242.0 343.0 240.0
316.0 273.0 311.0 281.0
316.0 273.0 329.0 272.0
339.0 274.0 340.0 274.0
339.0 274.0 328.0 274.0
328.0 259.0 319.0 264.0
328.0 259.0 336.0 254.0
312.0 278.0 317.0 286.0
312.0 278.0 309.0 269.0
357.0 248.0 364.0 252.0
357.0 248.0 355.0 248.0
319.0 254.0 314.0 261.0
319.0 254.0 321.0 248.0
354.0 266.0 360.0 274.0
354.0 266.0 355.0 262.0
320.0 220.0 326.0 224.0
320.0 220.0 316.0 216.0
310.0 220.0 315.0 225.0
310.0 220.0 305.0 214.0
334.0 221.0 328.0 228.0
334.0 221.0 341.0 216.0
294.0 209.0 303.0 209.0
294.0 209.0 290.0 209.0
287.0 216.0 291.0 224.0
287.0 216.0 281.0 212.0
319.0 208.0 313.0 213.0
319.0 208.0 327.0 201.0
334.0 227.0 333.0 240.0
334.0 227.0 341.0 224.0
312.0 204.0 321.0 203.0
312.0 204.0 305.0 202.0
281.0 201.0 273.0 201.0
281.0 201.0 288.0 196.0
337.0 195.0 348.0 203.0
337.0 195.0 335.0 188.0
332.0 217.0 333.0 217.0
332.0 217.0 325.0 216.0
307.0 229.0 313.0 233.0
307.0 229.0 300.0 226.0
289.0 204.0 296.0 206.0
289.0 204.0 278.0 205.0
364.0 210.0 359.0 213.0
364.0 210.0 361.0 204.0
336.0 247.0 339.0 254.0
336.0 247.0 333.0 240.0
331.0 188.0 328.0 190.0
331.0 188.0 342.0 183.0
314.0 219.0 310.0 224.0
314.0 219.0 322.0 213.0
350.0 225.0 342.0 225.0
350.0 225.0 358.0 224.0
338.0 198.0 337.0 204.0
338.0 198.0 345.0 193.0
326.0 233.0 326.0 232.0
326.0 233.0 319.0 234.0
359.0 237.0 354.0 240.0
359.0 237.0 368.0 233.0
286.0 228.0 285.0 238.0
286.0 228.0 292.0 221.0
177.0 369.0 174.0 370.0
177.0 369.0 183.0 365.0
162.0 373.0 153.0 378.0
162.0 373.0 171.0 369.0
188.0 363.0 185.0 370.0
188.0 363.0 193.0 360.0
155.0 367.0 162.0 365.0
155.0 367.0 150.0 363.0
200.0 379.0 207.0 387.0
200.0 379.0 193.0 372.0
195.0 347.0 191.0 356.0
195.0 347.0 203.0 345.0
315.0 148.0 318.0 156.0
315.0 148.0 314.0 145.0
312.0 144.0 305.0 150.0
312.0 144.0 320.0 143.0
320.0 154.0 318.0 162.0
320.0 154.0 318.0 148.0
323.0 141.0 330.0 145.0
323.0 141.0 318.0 132.0
196.0 114.0 204.0 121.0
196.0 114.0 191.0 107.0
237.0 107.0 228.0 111.0
237.0 107.0 249.0 103.0
178.0 117.0 176.0 130.0
178.0 117.0 184.0 107.0
191.0 102.0 191.0 107.0
191.0 102.0 191.0 97.0
164.0 118.0 165.0 125.0
164.0 118.0 165.0 110.0
265.0 110.0 254.0 113.0
265.0 110.0 270.0 107.0
221.0 120.0 216.0 125.0
221.0 120.0 226.0 114.0
420.0 180.0 427.0 182.0
420.0 180.0 414.0 182.0
442.0 214.0 427.0 210.0
442.0 214.0 453.0 217.0
400.0 168.0 407.0 175.0
400.0 168.0 401.0 158.0
431.0 226.0 423.0 231.0
431.0 226.0 436.0 224.0
440.0 215.0 443.0 218.0
440.0 215.0 433.0 212.0
413.0 250.0 409.0 259.0
413.0 250.0 415.0 243.0
151.0 283.0 155.0 285.0
151.0 283.0 147.0 281.0
130.0 260.0 131.0 260.0
130.0 260.0 121.0 251.0
195.0 303.0 191.0 310.0
195.0 303.0 201.0 296.0
187.0 212.0 182.0 221.0
187.0 212.0 192.0 208.0
178.0 392.0 178.0 399.0
178.0 392.0 180.0 386.0
125.0 234.0 133.0 236.0
125.0 234.0 120.0 232.0
152.0 235.0 159.0 237.0
152.0 235.0 144.0 229.0
133.0 233.0 129.0 238.0
133.0 233.0 134.0 227.0
179.0 389.0 174.0 392.0
179.0 389.0 186.0 390.0
178.0 396.0 170.0 399.0
178.0 396.0 184.0 390.0
179.0 410.0 180.0 416.0
179.0 410.0 179.0 404.0
167.0 405.0 169.0 410.0
167.0 405.0 166.0 400.0
201.0 392.0 199.0 400.0
201.0 392.0 206.0 387.0
170.0 418.0 166.0 428.0
170.0 418.0 176.0 413.0
207.0 380.0 200.0 384.0
207.0 380.0 216.0 371.0
190.0 403.0 188.0 410.0
190.0 403.0 196.0 399.0
165.0 380.0 165.0 386.0
165.0 380.0 166.0 371.0
151.0 427.0 160.0 424.0
151.0 427.0 143.0 427.0
171.0 408.0 178.0 409.0
171.0 408.0 165.0 405.0
176.0 431.0 166.0 435.0
176.0 431.0 182.0 431.0
207.0 395.0 205.0 401.0
207.0 395.0 211.0 387.0
203.0 432.0 209.0 440.0
203.0 432.0 196.0 429.0
193.0 369.0 190.0 376.0
193.0 369.0 195.0 359.0
165.0 368.0 164.0 374.0
165.0 368.0 162.0 357.0
221.0 372.0 230.0 372.0
221.0 372.0 214.0 368.0
162.0 393.0 167.0 394.0
162.0 393.0 157.0 389.0
196.0 443.0 191.0 449.0
196.0 443.0 199.0 439.0
156.0 440.0 157.0 442.0
156.0 440.0 150.0 434.0
158.0 407.0 159.0 412.0
158.0 407.0 150.0 396.0
173.0 427.0 181.0 437.0
173.0 427.0 167.0 427.0
182.0 411.0 188.0 417.0
182.0 411.0 180.0 406.0
180.0 203.0 187.0 210.0
180.0 203.0 175.0 196.0
168.0 242.0 161.0 242.0
168.0 242.0 175.0 243.0
186.0 222.0 184.0 225.0
186.0 222.0 182.0 213.0
179.0 199.0 173.0 200.0
179.0 199.0 185.0 203.0
170.0 249.0 178.0 257.0
170.0 249.0 168.0 240.0
144.0 242.0 140.0 243.0
144.0 242.0 152.0 239.0
175.0 237.0 174.0 244.0
175.0 237.0 177.0 230.0
169.0 256.0 173.0 263.0
169.0 256.0 165.0 247.0
178.0 213.0 178.0 214.0
178.0 213.0 188.0 212.0
164.0 205.0 166.0 217.0
164.0 205.0 159.0 201.0
115.0 242.0 115.0 256.0
115.0 242.0 115.0 234.0
132.0 242.0 125.0 249.0
132.0 242.0 135.0 232.0
158.0 230.0 154.0 232.0
158.0 230.0 158.0 221.0
173.0 271.0 173.0 279.0
173.0 271.0 174.0 262.0
146.0 256.0 135.0 263.0
146.0 256.0 155.0 249.0
161.0 287.0 157.0 294.0
161.0 287.0 168.0 280.0
151.0 279.0 138.0 281.0
151.0 279.0 155.0 272.0
176.0 234.0 164.0 235.0
176.0 234.0 180.0 234.0
154.0 203.0 146.0 206.0
154.0 203.0 159.0 201.0
203.0 222.0 203.0 229.0
203.0 222.0 206.0 212.0
164.0 221.0 158.0 222.0
164.0 221.0 170.0 215.0
100.0 255.0 106.0 254.0
100.0 255.0 92.0 252.0
101.0 222.0 98.0 226.0
101.0 222.0 112.0 220.0
139.0 228.0 136.0 232.0
139.0 228.0 136.0 219.0
111.0 204.0 102.0 208.0
111.0 204.0 115.0 199.0
176.0 187.0 176.0 193.0
176.0 187.0 180.0 185.0
112.0 241.0 122.0 247.0
112.0 241.0 106.0 234.0
125.0 272.0 126.0 279.0
125.0 272.0 126.0 266.0
185.0 294.0 185.0 303.0
185.0 294.0 183.0 288.0
163.0 302.0 168.0 307.0
163.0 302.0 160.0 297.0
167.0 278.0 166.0 285.0
167.0 278.0 174.0 272.0
144.0 255.0 149.0 264.0
144.0 255.0 137.0 249.0
137.0 285.0 145.0 292.0
137.0 285.0 129.0 284.0
168.0 255.0 177.0 260.0
168.0 255.0 162.0 252.0
162.0 271.0 155.0 280.0
162.0 271.0 164.0 268.0
152.0 240.0 143.0 240.0
152.0 240.0 164.0 241.0
198.0 207.0 200.0 216.0
198.0 207.0 200.0 199.0
197.0 239.0 203.0 247.0
197.0 239.0 203.0 230.0
178.0 239.0 187.0 244.0
178.0 239.0 174.0 232.0
178.0 211.0 180.0 219.0
178.0 211.0 178.0 204.0
133.0 202.0 133.0 206.0
133.0 202.0 136.0 198.0
161.0 218.0 159.0 225.0
161.0 218.0 168.0 213.0
138.0 218.0 137.0 223.0
138.0 218.0 147.0 212.0
156.0 190.0 151.0 195.0
156.0 190.0 164.0 187.0
238.0 340.0 236.0 346.0
238.0 340.0 239.0 338.0
248.0 297.0 247.0 303.0
248.0 297.0 245.0 291.0
238.0 271.0 230.0 280.0
238.0 271.0 245.0 274.0
240.0 355.0 246.0 364.0
240.0 355.0 236.0 350.0
234.0 314.0 228.0 321.0
234.0 314.0 236.0 306.0
241.0 291.0 238.0 294.0
241.0 291.0 241.0 284.0
228.0 374.0 229.0 380.0
228.0 374.0 227.0 372.0
232.0 322.0 230.0 325.0
232.0 322.0 233.0 317.0
212.0 321.0 209.0 331.0
212.0 321.0 217.0 317.0
230.0 354.0 220.0 356.0
230.0 354.0 238.0 352.0
209.0 300.0 203.0 299.0
209.0 300.0 213.0 296.0
241.0 287.0 239.0 290.0
241.0 287.0 248.0 284.0
250.0 256.0 250.0 259.0
250.0 256.0 254.0 252.0
265.0 293.0 266.0 299.0
265.0 293.0 264.0 286.0
214.0 383.0 215.0 392.0
214.0 383.0 220.0 375.0
236.0 286.0 234.0 289.0
236.0 286.0 241.0 285.0
219.0 326.0 224.0 327.0
219.0 326.0 213.0 326.0
191.0 330.0 185.0 338.0
191.0 330.0 192.0 326.0
212.0 307.0 211.0 310.0
212.0 307.0 221.0 300.0
235.0 348.0 236.0 360.0
235.0 348.0 234.0 338.0
206.0 362.0 206.0 369.0
206.0 362.0 200.0 356.0
285.0 264.0 283.0 271.0
285.0 264.0 290.0 259.0
248.0 308.0 245.0 312.0
248.0 308.0 254.0 307.0
271.0 296.0 261.0 299.0
271.0 296.0 272.0 298.0
283.0 313.0 283.0 319.0
283.0 313.0 287.0 312.0
298.0 304.0 292.0 305.0
298.0 304.0 302.0 301.0
323.0 233.0 325.0 241.0
323.0 233.0 320.0 231.0
346.0 239.0 341.0 244.0
346.0 239.0 356.0 231.0
305.0 240.0 300.0 246.0
305.0 240.0 308.0 237.0
372.0 245.0 365.0 251.0
372.0 245.0 381.0 241.0
326.0 268.0 320.0 273.0
326.0 268.0 330.0 264.0
326.0 211.0 335.0 215.0
326.0 211.0 318.0 212.0
287.0 253.0 297.0 256.0
287.0 253.0 280.0 254.0
370.0 265.0 366.0 272.0
370.0 265.0 372.0 260.0
392.0 241.0 395.0 244.0
392.0 241.0 387.0 236.0
305.0 276.0 302.0 282.0
305.0 276.0 310.0 273.0
336.0 248.0 332.0 251.0
336.0 248.0 340.0 247.0
376.0 153.0 370.0 159.0
376.0 153.0 387.0 146.0
406.0 184.0 411.0 181.0
406.0 184.0 398.0 185.0
374.0 174.0 380.0 170.0
374.0 174.0 369.0 175.0
423.0 167.0 431.0 166.0
423.0 167.0 416.0 165.0
405.0 152.0 395.0 149.0
405.0 152.0 414.0 149.0
366.0 183.0 362.0 183.0
366.0 183.0 373.0 174.0
457.0 147.0 462.0 155.0
457.0 147.0 453.0 139.0
402.0 153.0 401.0 153.0
402.0 153.0 406.0 146.0
414.0 158.0 411.0 161.0
414.0 158.0 421.0 152.0
376.0 151.0 369.0 154.0
376.0 151.0 382.0 146.0
359.0 186.0 365.0 190.0
359.0 186.0 351.0 180.0
357.0 162.0 359.0 168.0
357.0 162.0 358.0 155.0
378.0 203.0 384.0 207.0
378.0 203.0 373.0 201.0
456.0 153.0 466.0 158.0
456.0 153.0 446.0 152.0
447.0 142.0 441.0 151.0
447.0 142.0 453.0 140.0
419.0 157.0 416.0 161.0
419.0 157.0 420.0 153.0
408.0 133.0 401.0 140.0
408.0 133.0 416.0 130.0
366.0 184.0 379.0 188.0
366.0 184.0 356.0 185.0
378.0 165.0 368.0 163.0
378.0 165.0 385.0 160.0
403.0 182.0 410.0 183.0
403.0 182.0 398.0 179.0
318.0 186.0 323.0 192.0
318.0 186.0 307.0 179.0
324.0 179.0 316.0 185.0
324.0 179.0 328.0 176.0
352.0 204.0 351.0 207.0
352.0 204.0 356.0 200.0
74.0 370.0 74.0 377.0
74.0 370.0 75.0 362.0
58.0 343.0 65.0 343.0
58.0 343.0 48.0 337.0
71.0 383.0 81.0 385.0
71.0 383.0 67.0 383.0
96.0 373.0 87.0 373.0
96.0 373.0 104.0 369.0
43.0 388.0 39.0 397.0
43.0 388.0 43.0 381.0
81.0 342.0 87.0 347.0
81.0 342.0 78.0 340.0
40.0 330.0 40.0 333.0
40.0 330.0 36.0 317.0
130.0 183.0 133.0 190.0
130.0 183.0 134.0 175.0
124.0 211.0 126.0 214.0
124.0 211.0 120.0 204.0
136.0 158.0 128.0 164.0
136.0 158.0 145.0 155.0
122.0 216.0 130.0 220.0
122.0 216.0 118.0 212.0
124.0 231.0 118.0 232.0
124.0 231.0 132.0 229.0
166.0 162.0 175.0 165.0
166.0 162.0 160.0 155.0
129.0 163.0 131.0 167.0
129.0 163.0 125.0 158.0
107.0 212.0 107.0 215.0
107.0 212.0 106.0 208.0
129.0 211.0 131.0 215.0
129.0 211.0 128.0 207.0
150.0 166.0 145.0 172.0
150.0 166.0 151.0 158.0
118.0 232.0 126.0 238.0
118.0 232.0 117.0 226.0
139.0 222.0 138.0 230.0
139.0 222.0 142.0 215.0
124.0 169.0 129.0 169.0
124.0 169.0 114.0 167.0
140.0 179.0 136.0 180.0
140.0 179.0 148.0 181.0
184.0 166.0 181.0 171.0
184.0 166.0 185.0 157.0
310.0 154.0 316.0 156.0
310.0 154.0 307.0 153.0
310.0 178.0 305.0 184.0
310.0 178.0 314.0 172.0
325.0 160.0 331.0 161.0
325.0 160.0 322.0 157.0
308.0 161.0 314.0 165.0
308.0 161.0 303.0 152.0
329.0 179.0 330.0 184.0
329.0 179.0 328.0 172.0
322.0 203.0 329.0 207.0
322.0 203.0 313.0 198.0
288.0 141.0 288.0 141.0
288.0 141.0 291.0 136.0
361.0 161.0 358.0 167.0
361.0 161.0 366.0 156.0
316.0 161.0 319.0 166.0
316.0 161.0 322.0 157.0
348.0 207.0 345.0 214.0
348.0 207.0 352.0 202.0
335.0 188.0 333.0 194.0
335.0 188.0 337.0 182.0
315.0 209.0 315.0 214.0
315.0 209.0 315.0 196.0
332.0 163.0 340.0 166.0
332.0 163.0 327.0 160.0
310.0 155.0 308.0 155.0
310.0 155.0 313.0 148.0
300.0 110.0 286.0 113.0
300.0 110.0 303.0 109.0
297.0 174.0 299.0 178.0
297.0 174.0 298.0 169.0
324.0 227.0 332.0 231.0
324.0 227.0 318.0 225.0
336.0 225.0 343.0 228.0
336.0 225.0 333.0 222.0
352.0 188.0 347.0 195.0
352.0 188.0 360.0 184.0
326.0 185.0 323.0 188.0
326.0 185.0 329.0 175.0
327.0 205.0 329.0 209.0
327.0 205.0 326.0 196.0
224.0 165.0 224.0 168.0
224.0 165.0 224.0 158.0
224.0 163.0 234.0 162.0
224.0 163.0 215.0 159.0
200.0 152.0 193.0 159.0
200.0 152.0 211.0 154.0
247.0 181.0 255.0 183.0
247.0 181.0 240.0 176.0
268.0 173.0 272.0 174.0
268.0 173.0 261.0 171.0
236.0 150.0 241.0 156.0
236.0 150.0 233.0 149.0
282.0 179.0 270.0 184.0
282.0 179.0 283.0 171.0
182.0 199.0 176.0 206.0
182.0 199.0 185.0 199.0
284.0 210.0 283.0 216.0
284.0 210.0 288.0 205.0
295.0 200.0 291.0 205.0
295.0 200.0 297.0 196.0
285.0 225.0 284.0 233.0
285.0 225.0 285.0 219.0
281.0 188.0 283.0 193.0
281.0 188.0 275.0 180.0
289.0 201.0 290.0 211.0
289.0 201.0 282.0 195.0
302.0 177.0 305.0 186.0
302.0 177.0 297.0 173.0
262.0 182.0 266.0 187.0
262.0 182.0 259.0 173.0
274.0 213.0 271.0 219.0
274.0 213.0 276.0 208.0
290.0 191.0 292.0 195.0
290.0 191.0 285.0 181.0
302.0 189.0 298.0 194.0
302.0 189.0 311.0 185.0
260.0 232.0 253.0 236.0
260.0 232.0 274.0 232.0
254.0 162.0 254.0 162.0
254.0 162.0 247.0 153.0
261.0 207.0 264.0 209.0
261.0 207.0 258.0 195.0
279.0 244.0 278.0 248.0
279.0 244.0 282.0 235.0
289.0 212.0 288.0 216.0
289.0 212.0 296.0 205.0
282.0 189.0 282.0 195.0
282.0 189.0 277.0 182.0
278.0 140.0 284.0 142.0
278.0 140.0 270.0 147.0
300.0 208.0 304.0 217.0
300.0 208.0 295.0 198.0
258.0 214.0 265.0 217.0
258.0 214.0 255.0 209.0
298.0 239.0 306.0 245.0
298.0 239.0 296.0 231.0
274.0 219.0 281.0 223.0
274.0 219.0 271.0 215.0
308.0 201.0 312.0 200.0
308.0 201.0 306.0 198.0
266.0 237.0 271.0 243.0
266.0 237.0 264.0 230.0
273.0 180.0 273.0 178.0
273.0 180.0 269.0 168.0
307.0 172.0 309.0 175.0
307.0 172.0 308.0 166.0
270.0 200.0 267.0 197.0
270.0 200.0 275.0 196.0
286.0 200.0 284.0 201.0
286.0 200.0 277.0 200.0
289.0 173.0 288.0 175.0
289.0 173.0 285.0 165.0
314.0 121.0 322.0 127.0
314.0 121.0 312.0 113.0
288.0 187.0 292.0 185.0
288.0 187.0 281.0 182.0
334.0 351.0 338.0 351.0
334.0 351.0 327.0 347.0
349.0 341.0 352.0 341.0
349.0 341.0 345.0 336.0
306.0 348.0 310.0 355.0
306.0 348.0 302.0 344.0
313.0 354.0 313.0 362.0
313.0 354.0 314.0 347.0
295.0 322.0 302.0 327.0
295.0 322.0 289.0 316.0
302.0 323.0 297.0 330.0
302.0 323.0 312.0 321.0
310.0 364.0 301.0 370.0
310.0 364.0 313.0 364.0
286.0 310.0 284.0 317.0
286.0 310.0 293.0 301.0
316.0 349.0 308.0 355.0
316.0 349.0 326.0 348.0
305.0 319.0 300.0 326.0
305.0 319.0 307.0 313.0
292.0 337.0 289.0 341.0
292.0 337.0 294.0 331.0
299.0 369.0 294.0 380.0
299.0 369.0 305.0 368.0
287.0 323.0 284.0 328.0
287.0 323.0 295.0 319.0
319.0 351.0 320.0 358.0
319.0 351.0 326.0 340.0
302.0 294.0 293.0 292.0
302.0 294.0 312.0 290.0
86.0 397.0 87.0 403.0
86.0 397.0 82.0 394.0
90.0 408.0 98.0 411.0
90.0 408.0 81.0 408.0
87.0 399.0 81.0 396.0
87.0 399.0 98.0 396.0
62.0 386.0 57.0 388.0
62.0 386.0 63.0 383.0
92.0 401.0 97.0 408.0
92.0 401.0 89.0 400.0
76.0 387.0 71.0 396.0
76.0 387.0 81.0 384.0
111.0 415.0 112.0 417.0
111.0 415.0 112.0 408.0
68.0 383.0 67.0 391.0
68.0 383.0 69.0 380.0
36.0 407.0 35.0 413.0
36.0 407.0 27.0 402.0
86.0 400.0 83.0 400.0
86.0 400.0 89.0 394.0
87.0 362.0 88.0 367.0
87.0 362.0 86.0 354.0
115.0 436.0 108.0 448.0
115.0 436.0 119.0 432.0
62.0 417.0 55.0 420.0
62.0 417.0 76.0 414.0
100.0 432.0 98.0 437.0
100.0 432.0 98.0 423.0
140.0 270.0 137.0 277.0
140.0 270.0 144.0 267.0
121.0 286.0 130.0 290.0
121.0 286.0 123.0 279.0
136.0 256.0 134.0 263.0
136.0 256.0 140.0 251.0
124.0 285.0 119.0 289.0
124.0 285.0 132.0 281.0
132.0 291.0 129.0 299.0
132.0 291.0 135.0 287.0
161.0 257.0 164.0 263.0
161.0 257.0 154.0 252.0
141.0 271.0 140.0 275.0
141.0 271.0 139.0 266.0
137.0 278.0 142.0 282.0
137.0 278.0 132.0 273.0
115.0 288.0 113.0 294.0
115.0 288.0 118.0 279.0
165.0 295.0 170.0 303.0
165.0 295.0 158.0 289.0
122.0 304.0 125.0 304.0
122.0 304.0 112.0 299.0
194.0 249.0 195.0 253.0
194.0 249.0 195.0 245.0
157.0 251.0 160.0 259.0
157.0 251.0 156.0 241.0
131.0 239.0 135.0 245.0
131.0 239.0 119.0 235.0
146.0 297.0 143.0 299.0
146.0 297.0 150.0 291.0
120.0 265.0 125.0 267.0
120.0 265.0 120.0 262.0
107.0 288.0 102.0 288.0
107.0 288.0 115.0 284.0
105.0 265.0 100.0 269.0
105.0 265.0 109.0 258.0
78.0 179.0 81.0 179.0
78.0 179.0 71.0 171.0
88.0 179.0 93.0 181.0
88.0 179.0 81.0 178.0
71.0 169.0 62.0 172.0
71.0 169.0 78.0 166.0
56.0 175.0 51.0 179.0
56.0 175.0 67.0 172.0
78.0 168.0 90.0 172.0
78.0 168.0 76.0 164.0
68.0 170.0 72.0 173.0
68.0 170.0 63.0 165.0
48.0 175.0 48.0 178.0
48.0 175.0 46.0 170.0
70.0 166.0 74.0 167.0
70.0 166.0 63.0 166.0
85.0 151.0 87.0 154.0
85.0 151.0 76.0 151.0
85.0 168.0 86.0 170.0
85.0 168.0 82.0 161.0
99.0 162.0 107.0 169.0
99.0 162.0 96.0 158.0
131.0 65.0 127.0 68.0
131.0 65.0 136.0 63.0
112.0 77.0 105.0 85.0
112.0 77.0 120.0 76.0
116.0 96.0 107.0 99.0
116.0 96.0 123.0 95.0
119.0 105.0 113.0 107.0
119.0 105.0 129.0 102.0
85.0 112.0 90.0 119.0
85.0 112.0 85.0 106.0
104.0 93.0 106.0 94.0
104.0 93.0 95.0 89.0
127.0 88.0 131.0 91.0
127.0 88.0 124.0 83.0
115.0 104.0 108.0 109.0
115.0 104.0 122.0 102.0
139.0 114.0 132.0 121.0
139.0 114.0 145.0 111.0
74.0 101.0 81.0 101.0
74.0 101.0 67.0 99.0
80.0 114.0 74.0 115.0
80.0 114.0 88.0 112.0
106.0 82.0 107.0 84.0
106.0 82.0 111.0 76.0
94.0 97.0 94.0 106.0
94.0 97.0 87.0 97.0
138.0 95.0 141.0 104.0
138.0 95.0 131.0 92.0
261.0 140.0 254.0 152.0
261.0 140.0 264.0 139.0
264.0 137.0 264.0 137.0
264.0 137.0 268.0 129.0
238.0 162.0 243.0 165.0
238.0 162.0 233.0 156.0
268.0 117.0 263.0 121.0
268.0 117.0 280.0 108.0
253.0 151.0 248.0 152.0
253.0 151.0 258.0 143.0
254.0 149.0 254.0 149.0
254.0 149.0 256.0 137.0
275.0 117.0 285.0 124.0
275.0 117.0 271.0 112.0
270.0 140.0 280.0 142.0
270.0 140.0 260.0 140.0
263.0 121.0 268.0 123.0
263.0 121.0 256.0 116.0
295.0 131.0 296.0 136.0
295.0 131.0 303.0 121.0
263.0 101.0 276.0 103.0
263.0 101.0 256.0 102.0
249.0 160.0 244.0 164.0
249.0 160.0 255.0 153.0
230.0 160.0 230.0 157.0
230.0 160.0 231.0 149.0
261.0 327.0 255.0 324.0
261.0 327.0 267.0 324.0
286.0 301.0 289.0 307.0
286.0 301.0 283.0 290.0
241.0 327.0 230.0 330.0
241.0 327.0 250.0 322.0
233.0 283.0 230.0 291.0
233.0 283.0 231.0 277.0
218.0 327.0 217.0 333.0
218.0 327.0 219.0 319.0
299.0 322.0 289.0 329.0
299.0 322.0 305.0 319.0
242.0 311.0 246.0 310.0
242.0 311.0 233.0 310.0
288.0 335.0 290.0 338.0
288.0 335.0 285.0 331.0
231.0 273.0 233.0 277.0
231.0 273.0 228.0 267.0
307.0 339.0 307.0 347.0
307.0 339.0 309.0 334.0
220.0 298.0 226.0 300.0
220.0 298.0 213.0 297.0
240.0 313.0 240.0 319.0
240.0 313.0 241.0 304.0
258.0 346.0 260.0 350.0
258.0 346.0 261.0 336.0
245.0 349.0 235.0 349.0
245.0 349.0 250.0 347.0
192.0 286.0 199.0 290.0
192.0 286.0 186.0 282.0
213.0 265.0 221.0 265.0
213.0 265.0 210.0 260.0
199.0 278.0 205.0 276.0
199.0 278.0 193.0 277.0
199.0 251.0 190.0 258.0
199.0 251.0 200.0 244.0
314.0 285.0 324.0 283.0
314.0 285.0 308.0 283.0
306.0 289.0 314.0 296.0
306.0 289.0 298.0 285.0
300.0 282.0 308.0 284.0
300.0 282.0 292.0 271.0
324.0 288.0 332.0 293.0
324.0 288.0 320.0 277.0
321.0 299.0 324.0 302.0
321.0 299.0 315.0 299.0
284.0 288.0 278.0 298.0
284.0 288.0 291.0 281.0
307.0 272.0 311.0 281.0
307.0 272.0 309.0 264.0
292.0 264.0 284.0 270.0
292.0 264.0 293.0 256.0
320.0 267.0 324.0 272.0
320.0 267.0 321.0 261.0
329.0 315.0 327.0 325.0
329.0 315.0 329.0 310.0
268.0 312.0 262.0 313.0
268.0 312.0 275.0 311.0
277.0 283.0 284.0 288.0
277.0 283.0 271.0 278.0
305.0 306.0 295.0 308.0
305.0 306.0 315.0 306.0
311.0 290.0 315.0 292.0
311.0 290.0 307.0 284.0
285.0 277.0 285.0 281.0
285.0 277.0 291.0 268.0
310.0 252.0 311.0 259.0
310.0 252.0 312.0 242.0
328.0 261.0 333.0 268.0
328.0 261.0 329.0 249.0
296.0 240.0 298.0 245.0
296.0 240.0 296.0 234.0
342.0 281.0 344.0 290.0
342.0 281.0 342.0 277.0
294.0 324.0 293.0 332.0
294.0 324.0 297.0 320.0
257.0 276.0 267.0 275.0
257.0 276.0 250.0 272.0
329.0 332.0 339.0 333.0
329.0 332.0 321.0 329.0
288.0 298.0 293.0 307.0
288.0 298.0 289.0 289.0
324.0 317.0 329.0 317.0
324.0 317.0 312.0 315.0
276.0 322.0 269.0 327.0
276.0 322.0 281.0 316.0
337.0 303.0 339.0 309.0
337.0 303.0 332.0 297.0
244.0 316.0 248.0 322.0
244.0 316.0 237.0 313.0
305.0 302.0 312.0 306.0
305.0 302.0 299.0 301.0
336.0 391.0 342.0 393.0
336.0 391.0 329.0 393.0
341.0 384.0 340.0 395.0
341.0 384.0 343.0 381.0
327.0 384.0 324.0 391.0
327.0 384.0 332.0 374.0
327.0 387.0 328.0 395.0
327.0 387.0 324.0 379.0
345.0 376.0 353.0 377.0
345.0 376.0 342.0 370.0
341.0 390.0 346.0 397.0
341.0 390.0 335.0 389.0
326.0 371.0 326.0 377.0
326.0 371.0 328.0 362.0
333.0 395.0 331.0 401.0
333.0 395.0 337.0 396.0
350.0 374.0 347.0 375.0
350.0 374.0 358.0 371.0
314.0 414.0 319.0 409.0
314.0 414.0 309.0 416.0
312.0 386.0 309.0 393.0
312.0 386.0 316.0 378.0
338.0 378.0 342.0 383.0
338.0 378.0 335.0 374.0
336.0 353.0 340.0 357.0
336.0 353.0 334.0 350.0
329.0 391.0 339.0 396.0
329.0 391.0 321.0 389.0
330.0 426.0 323.0 430.0
330.0 426.0 340.0 426.0
301.0 410.0 293.0 412.0
301.0 410.0 305.0 410.0
303.0 380.0 309.0 386.0
303.0 380.0 294.0 382.0
332.0 374.0 319.0 374.0
332.0 374.0 332.0 374.0
314.0 407.0 319.0 408.0
314.0 407.0 309.0 402.0
347.0 381.0 350.0 386.0
347.0 381.0 346.0 371.0
361.0 335.0 363.0 341.0
361.0 335.0 363.0 326.0
230.0 288.0 235.0 286.0
230.0 288.0 223.0 285.0
231.0 285.0 227.0 290.0
231.0 285.0 244.0 288.0
248.0 299.0 243.0 299.0
248.0 299.0 251.0 291.0
240.0 290.0 233.0 295.0
240.0 290.0 245.0 282.0
267.0 302.0 265.0 309.0
267.0 302.0 271.0 297.0
259.0 295.0 251.0 302.0
259.0 295.0 260.0 284.0
241.0 299.0 241.0 303.0
241.0 299.0 243.0 295.0
237.0 294.0 241.0 298.0
237.0 294.0 232.0 290.0
255.0 268.0 246.0 267.0
255.0 268.0 263.0 267.0
281.0 292.0 274.0 292.0
281.0 292.0 286.0 290.0
222.0 280.0 223.0 280.0
222.0 280.0 222.0 274.0
226.0 263.0 228.0 265.0
226.0 263.0 217.0 264.0
243.0 292.0 245.0 297.0
243.0 292.0 243.0 283.0
292.0 274.0 288.0 276.0
292.0 274.0 302.0 271.0
277.0 278.0 277.0 281.0
277.0 278.0 272.0 274.0
258.0 258.0 260.0 263.0
258.0 258.0 257.0 246.0
265.0 316.0 267.0 319.0
265.0 316.0 252.0 312.0
244.0 245.0 241.0 247.0
244.0 245.0 250.0 241.0
303.0 283.0 311.0 289.0
303.0 283.0 299.0 279.0
287.0 307.0 279.0 308.0
287.0 307.0 295.0 310.0
283.0 282.0 287.0 288.0
283.0 282.0 287.0 274.0
265.0 268.0 264.0 276.0
265.0 268.0 265.0 259.0
297.0 268.0 301.0 275.0
297.0 268.0 293.0 260.0
243.0 260.0 248.0 262.0
243.0 260.0 239.0 258.0
281.0 251.0 279.0 256.0
281.0 251.0 285.0 240.0
243.0 156.0 242.0 164.0
243.0 156.0 250.0 149.0
237.0 138.0 228.0 142.0
237.0 138.0 238.0 134.0
214.0 153.0 209.0 156.0
214.0 153.0 218.0 146.0
214.0 140.0 216.0 146.0
214.0 140.0 208.0 137.0
204.0 178.0 211.0 182.0
204.0 178.0 201.0 173.0
217.0 161.0 225.0 164.0
217.0 161.0 212.0 160.0
209.0 145.0 206.0 147.0
209.0 145.0 212.0 139.0
226.0 184.0 228.0 187.0
226.0 184.0 219.0 182.0
225.0 190.0 227.0 195.0
225.0 190.0 217.0 186.0
205.0 140.0 212.0 146.0
205.0 140.0 201.0 133.0
319.0 145.0 319.0 151.0
319.0 145.0 317.0 138.0
320.0 112.0 329.0 113.0
320.0 112.0 311.0 113.0
308.0 133.0 309.0 132.0
308.0 133.0 297.0 131.0
331.0 111.0 333.0 122.0
331.0 111.0 328.0 104.0
307.0 127.0 307.0 134.0
307.0 127.0 305.0 118.0
316.0 82.0 321.0 82.0
316.0 82.0 310.0 83.0
345.0 123.0 339.0 130.0
345.0 123.0 356.0 121.0
312.0 166.0 316.0 170.0
312.0 166.0 306.0 157.0
317.0 75.0 321.0 86.0
317.0 75.0 316.0 70.0
351.0 210.0 360.0 210.0
351.0 210.0 342.0 210.0
297.0 70.0 291.0 79.0
297.0 70.0 300.0 61.0
365.0 117.0 365.0 122.0
365.0 117.0 361.0 114.0
343.0 141.0 340.0 143.0
343.0 141.0 357.0 144.0
360.0 143.0 357.0 145.0
360.0 143.0 359.0 135.0
386.0 160.0 395.0 165.0
386.0 160.0 381.0 158.0
358.0 135.0 359.0 143.0
358.0 135.0 360.0 126.0
347.0 158.0 347.0 162.0
347.0 158.0 347.0 149.0
415.0 167.0 418.0 171.0
415.0 167.0 405.0 167.0
370.0 158.0 369.0 168.0
370.0 158.0 368.0 153.0
381.0 148.0 386.0 156.0
381.0 148.0 387.0 147.0
340.0 189.0 333.0 194.0
340.0 189.0 350.0 184.0
366.0 160.0 356.0 165.0
366.0 160.0 373.0 156.0
397.0 192.0 392.0 193.0
397.0 192.0 401.0 184.0
363.0 178.0 366.0 186.0
363.0 178.0 377.0 174.0
395.0 148.0 400.0 154.0
395.0 148.0 392.0 145.0
401.0 129.0 405.0 135.0
401.0 129.0 400.0 122.0
409.0 158.0 416.0 164.0
409.0 158.0 407.0 153.0
468.0 177.0 462.0 185.0
468.0 177.0 475.0 171.0
390.0 157.0 388.0 167.0
390.0 157.0 392.0 151.0
430.0 143.0 421.0 141.0
430.0 143.0 440.0 140.0
431.0 114.0 434.0 121.0
431.0 114.0 432.0 108.0
462.0 205.0 472.0 207.0
462.0 205.0 452.0 196.0
438.0 83.0 438.0 89.0
438.0 83.0 443.0 72.0
454.0 126.0 452.0 133.0
454.0 126.0 453.0 121.0
488.0 168.0 492.0 176.0
488.0 168.0 480.0 163.0
380.0 117.0 379.0 123.0
380.0 117.0 382.0 112.0
379.0 109.0 383.0 116.0
379.0 109.0 376.0 105.0
376.0 91.0 376.0 91.0
376.0 91.0 367.0 88.0
375.0 91.0 379.0 101.0
375.0 91.0 382.0 79.0
337.0 102.0 340.0 109.0
337.0 102.0 347.0 100.0
397.0 122.0 394.0 132.0
397.0 122.0 401.0 111.0
392.0 80.0 394.0 88.0
392.0 80.0 394.0 72.0
380.0 88.0 381.0 97.0
380.0 88.0 381.0 81.0
369.0 66.0 372.0 71.0
369.0 66.0 361.0 58.0
345.0 80.0 354.0 86.0
345.0 80.0 338.0 78.0
399.0 121.0 394.0 132.0
399.0 121.0 403.0 124.0
407.0 107.0 410.0 109.0
407.0 107.0 399.0 101.0
381.0 62.0 387.0 65.0
381.0 62.0 379.0 53.0
399.0 77.0 408.0 79.0
399.0 77.0 390.0 83.0
323.0 71.0 327.0 75.0
323.0 71.0 320.0 62.0
328.0 46.0 324.0 54.0
328.0 46.0 329.0 36.0
346.0 77.0 343.0 84.0
346.0 77.0 355.0 71.0
408.0 129.0 412.0 135.0
408.0 129.0 407.0 127.0
372.0 64.0 370.0 68.0
372.0 64.0 375.0 55.0
392.0 155.0 395.0 159.0
392.0 155.0 399.0 145.0
371.0 110.0 368.0 117.0
371.0 110.0 379.0 107.0
347.0 48.0 338.0 46.0
347.0 48.0 352.0 47.0
423.0 112.0 423.0 123.0
423.0 112.0 425.0 103.0
369.0 33.0 380.0 40.0
369.0 33.0 363.0 26.0
406.0 275.0 404.0 279.0
406.0 275.0 409.0 264.0
384.0 278.0 382.0 281.0
384.0 278.0 388.0 274.0
390.0 305.0 398.0 308.0
390.0 305.0 386.0 293.0
365.0 295.0 363.0 301.0
365.0 295.0 367.0 282.0
387.0 255.0 377.0 259.0
387.0 255.0 400.0 254.0
374.0 261.0 381.0 269.0
374.0 261.0 367.0 246.0
364.0 285.0 355.0 289.0
364.0 285.0 368.0 282.0
404.0 334.0 408.0 335.0
404.0 334.0 401.0 328.0
371.0 312.0 360.0 315.0
371.0 312.0 378.0 312.0
401.0 241.0 392.0 249.0
401.0 241.0 408.0 231.0
309.0 363.0 314.0 374.0
309.0 363.0 307.0 362.0
295.0 345.0 302.0 353.0
295.0 345.0 292.0 339.0
319.0 392.0 318.0 397.0
319.0 392.0 313.0 385.0
320.0 399.0 324.0 406.0
320.0 399.0 319.0 390.0
276.0 303.0 281.0 304.0
276.0 303.0 268.0 303.0
304.0 369.0 307.0 372.0
304.0 369.0 302.0 361.0
297.0 372.0 297.0 372.0
297.0 372.0 298.0 382.0
335.0 411.0 341.0 412.0
335.0 411.0 326.0 407.0
273.0 299.0 273.0 299.0
273.0 299.0 264.0 293.0
294.0 362.0 297.0 364.0
294.0 362.0 288.0 355.0
268.0 318.0 277.0 329.0
268.0 318.0 265.0 316.0
326.0 378.0 333.0 384.0
326.0 378.0 318.0 372.0
314.0 396.0 315.0 402.0
314.0 396.0 313.0 392.0
349.0 385.0 359.0 389.0
349.0 385.0 338.0 380.0
347.0 433.0 354.0 439.0
347.0 433.0 342.0 425.0
307.0 411.0 315.0 411.0
307.0 411.0 302.0 410.0
426.0 398.0 424.0 403.0
426.0 398.0 435.0 393.0
295.0 400.0 302.0 403.0
295.0 400.0 290.0 396.0
323.0 425.0 317.0 429.0
323.0 425.0 329.0 422.0
328.0 446.0 320.0 446.0
328.0 446.0 332.0 447.0
256.0 358.0 255.0 362.0
256.0 358.0 261.0 349.0
254.0 343.0 245.0 346.0
254.0 343.0 260.0 339.0
245.0 348.0 238.0 349.0
245.0 348.0 251.0 349.0
269.0 344.0 272.0 355.0
269.0 344.0 274.0 334.0
256.0 336.0 247.0 334.0
256.0 336.0 261.0 338.0
255.0 355.0 255.0 355.0
255.0 355.0 245.0 356.0
238.0 349.0 234.0 347.0
238.0 349.0 246.0 350.0
259.0 347.0 260.0 346.0
259.0 347.0 270.0 343.0
268.0 360.0 274.0 364.0
268.0 360.0 264.0 355.0
263.0 330.0 265.0 335.0
263.0 330.0 262.0 319.0
240.0 355.0 242.0 362.0
240.0 355.0 241.0 351.0
255.0 358.0 253.0 367.0
255.0 358.0 263.0 361.0
251.0 324.0 251.0 326.0
251.0 324.0 254.0 321.0
239.0 335.0 237.0 340.0
239.0 335.0 239.0 328.0
225.0 350.0 230.0 351.0
225.0 350.0 217.0 341.0
269.0 343.0 272.0 344.0
269.0 343.0 265.0 343.0
249.0 348.0 249.0 354.0
249.0 348.0 248.0 342.0
267.0 324.0 271.0 331.0
267.0 324.0 270.0 315.0
260.0 360.0 260.0 361.0
260.0 360.0 264.0 355.0
248.0 366.0 242.0 374.0
248.0 366.0 250.0 361.0
264.0 338.0 259.0 340.0
264.0 338.0 271.0 335.0
366.0 208.0 363.0 213.0
366.0 208.0 372.0 205.0
366.0 211.0 366.0 219.0
366.0 211.0 373.0 207.0
377.0 198.0 382.0 202.0
377.0 198.0 373.0 189.0
365.0 169.0 370.0 175.0
365.0 169.0 357.0 168.0
366.0 221.0 363.0 227.0
366.0 221.0 367.0 218.0
375.0 211.0 377.0 219.0
375.0 211.0 371.0 204.0
385.0 207.0 391.0 211.0
385.0 207.0 380.0 196.0
365.0 165.0 365.0 164.0
365.0 165.0 356.0 167.0
354.0 186.0 365.0 192.0
354.0 186.0 353.0 185.0
378.0 172.0 372.0 177.0
378.0 172.0 387.0 160.0
388.0 209.0 381.0 214.0
388.0 209.0 396.0 204.0
350.0 221.0 359.0 224.0
350.0 221.0 348.0 217.0
375.0 231.0 367.0 234.0
375.0 231.0 381.0 228.0
351.0 200.0 345.0 201.0
351.0 200.0 359.0 199.0
366.0 214.0 358.0 219.0
366.0 214.0 372.0 208.0
112.0 271.0 122.0 269.0
112.0 271.0 108.0 268.0
78.0 232.0 75.0 234.0
78.0 232.0 78.0 226.0
107.0 260.0 101.0 264.0
107.0 260.0 114.0 253.0
122.0 267.0 116.0 271.0
122.0 267.0 127.0 263.0
67.0 241.0 67.0 246.0
67.0 241.0 67.0 235.0
70.0 229.0 66.0 233.0
70.0 229.0 72.0 226.0
111.0 249.0 106.0 254.0
111.0 249.0 117.0 246.0
82.0 253.0 89.0 255.0
82.0 253.0 76.0 252.0
95.0 269.0 107.0 268.0
95.0 269.0 92.0 268.0
55.0 264.0 54.0 272.0
55.0 264.0 57.0 258.0
61.0 232.0 59.0 237.0
61.0 232.0 73.0 230.0
25.0 240.0 28.0 242.0
25.0 240.0 18.0 239.0
129.0 258.0 131.0 263.0
129.0 258.0 121.0 250.0
45.0 223.0 37.0 225.0
45.0 223.0 55.0 219.0
115.0 272.0 107.0 272.0
115.0 272.0 121.0 266.0
98.0 266.0 95.0 270.0
98.0 266.0 101.0 257.0
64.0 243.0 69.0 242.0
64.0 243.0 64.0 231.0
77.0 213.0 71.0 214.0
77.0 213.0 86.0 206.0
74.0 256.0 70.0 264.0
74.0 256.0 79.0 252.0
45.0 229.0 50.0 234.0
45.0 229.0 34.0 225.0
45.0 264.0 43.0 273.0
45.0 264.0 43.0 258.0
99.0 292.0 100.0 292.0
99.0 292.0 104.0 283.0
79.0 269.0 82.0 275.0
79.0 269.0 79.0 261.0
57.0 187.0 54.0 195.0
57.0 187.0 62.0 179.0
170.0 233.0 180.0 240.0
170.0 233.0 167.0 227.0
173.0 238.0 162.0 244.0
173.0 238.0 187.0 235.0
178.0 224.0 179.0 227.0
178.0 224.0 187.0 222.0
148.0 208.0 150.0 222.0
148.0 208.0 150.0 204.0
213.0 239.0 213.0 239.0
213.0 239.0 212.0 227.0
202.0 203.0 200.0 213.0
202.0 203.0 202.0 199.0
187.0 206.0 189.0 209.0
187.0 206.0 189.0 199.0
171.0 220.0 177.0 227.0
171.0 220.0 168.0 217.0
152.0 223.0 155.0 235.0
152.0 223.0 148.0 215.0
219.0 221.0 225.0 227.0
219.0 221.0 214.0 215.0
215.0 240.0 220.0 248.0
215.0 240.0 211.0 234.0
185.0 220.0 185.0 220.0
185.0 220.0 182.0 210.0
191.0 199.0 184.0 201.0
191.0 199.0 198.0 198.0
197.0 228.0 192.0 240.0
197.0 228.0 204.0 225.0
215.0 197.0 212.0 201.0
215.0 197.0 222.0 187.0
204.0 388.0 197.0 387.0
204.0 388.0 209.0 386.0
203.0 410.0 205.0 416.0
203.0 410.0 205.0 402.0
189.0 411.0 192.0 420.0
189.0 411.0 190.0 402.0
209.0 416.0 217.0 418.0
209.0 416.0 202.0 414.0
191.0 394.0 199.0 393.0
191.0 394.0 183.0 388.0
198.0 449.0 212.0 451.0
198.0 449.0 189.0 444.0
191.0 404.0 183.0 409.0
191.0 404.0 203.0 408.0
219.0 425.0 220.0 431.0
219.0 425.0 222.0 416.0
191.0 419.0 189.0 429.0
191.0 419.0 195.0 414.0
188.0 395.0 182.0 407.0
188.0 395.0 191.0 386.0
208.0 413.0 204.0 416.0
208.0 413.0 214.0 404.0
191.0 396.0 182.0 402.0
191.0 396.0 196.0 392.0
216.0 411.0 218.0 419.0
216.0 411.0 225.0 403.0
186.0 436.0 187.0 444.0
186.0 436.0 189.0 428.0
200.0 434.0 199.0 442.0
200.0 434.0 202.0 426.0
173.0 440.0 174.0 453.0
173.0 440.0 177.0 436.0
199.0 389.0 193.0 390.0
199.0 389.0 205.0 383.0
208.0 412.0 210.0 419.0
208.0 412.0 215.0 411.0
175.0 408.0 178.0 413.0
175.0 408.0 174.0 399.0
171.0 429.0 164.0 433.0
171.0 429.0 179.0 432.0
289.0 273.0 292.0 283.0
289.0 273.0 291.0 265.0
294.0 307.0 291.0 315.0
294.0 307.0 301.0 301.0
292.0 249.0 291.0 251.0
292.0 249.0 291.0 260.0
293.0 237.0 282.0 237.0
293.0 237.0 301.0 237.0
291.0 260.0 292.0 260.0
291.0 260.0 281.0 257.0
288.0 336.0 290.0 346.0
288.0 336.0 289.0 329.0
309.0 301.0 301.0 303.0
309.0 301.0 317.0 300.0
329.0 241.0 331.0 255.0
329.0 241.0 325.0 232.0
262.0 251.0 261.0 254.0
262.0 251.0 268.0 246.0
299.0 264.0 302.0 266.0
299.0 264.0 294.0 262.0
257.0 233.0 259.0 233.0
257.0 233.0 253.0 224.0
404.0 212.0 407.0 214.0
404.0 212.0 404.0 202.0
400.0 205.0 400.0 207.0
400.0 205.0 394.0 197.0
387.0 204.0 388.0 212.0
387.0 204.0 381.0 194.0
402.0 199.0 403.0 206.0
402.0 199.0 400.0 194.0
381.0 189.0 389.0 183.0
381.0 189.0 371.0 194.0
399.0 171.0 397.0 173.0
399.0 171.0 407.0 168.0
396.0 210.0 400.0 211.0
396.0 210.0 385.0 208.0
399.0 186.0 398.0 191.0
399.0 186.0 402.0 183.0
407.0 212.0 400.0 212.0
407.0 212.0 417.0 212.0
337.0 195.0 348.0 209.0
337.0 195.0 329.0 191.0
410.0 169.0 412.0 174.0
410.0 169.0 412.0 160.0
379.0 248.0 371.0 261.0
379.0 248.0 384.0 242.0
401.0 205.0 399.0 211.0
401.0 205.0 401.0 195.0
429.0 158.0 441.0 157.0
429.0 158.0 425.0 157.0
346.0 253.0 352.0 252.0
346.0 253.0 336.0 249.0
285.0 272.0 288.0 277.0
285.0 272.0 283.0 265.0
277.0 286.0 284.0 297.0
277.0 286.0 271.0 279.0
297.0 232.0 298.0 240.0
297.0 232.0 296.0 225.0
262.0 286.0 270.0 292.0
262.0 286.0 251.0 279.0
276.0 194.0 270.0 199.0
276.0 194.0 283.0 190.0
301.0 302.0 296.0 304.0
301.0 302.0 309.0 301.0
239.0 251.0 229.0 251.0
239.0 251.0 248.0 253.0
272.0 297.0 259.0 301.0
272.0 297.0 279.0 301.0
229.0 266.0 228.0 272.0
229.0 266.0 230.0 262.0
318.0 334.0 317.0 347.0
318.0 334.0 324.0 330.0
261.0 202.0 256.0 205.0
261.0 202.0 269.0 207.0
222.0 242.0 222.0 246.0
222.0 242.0 234.0 238.0
302.0 334.0 303.0 340.0
302.0 334.0 304.0 329.0
262.0 268.0 254.0 281.0
262.0 268.0 263.0 264.0
294.0 315.0 289.0 320.0
294.0 315.0 303.0 309.0
247.0 258.0 243.0 266.0
247.0 258.0 255.0 250.0
209.0 180.0 216.0 176.0
209.0 180.0 203.0 171.0
162.0 181.0 160.0 189.0
162.0 181.0 161.0 169.0
245.0 181.0 238.0 180.0
245.0 181.0 255.0 180.0
156.0 185.0 164.0 194.0
156.0 185.0 156.0 179.0
169.0 166.0 169.0 166.0
169.0 166.0 151.0 157.0
184.0 232.0 198.0 235.0
184.0 232.0 183.0 220.0
160.0 177.0 165.0 185.0
160.0 177.0 151.0 171.0
191.0 291.0 194.0 299.0
191.0 291.0 191.0 286.0
211.0 285.0 205.0 298.0
211.0 285.0 219.0 283.0
206.0 277.0 217.0 282.0
206.0 277.0 196.0 277.0
213.0 279.0 215.0 284.0
213.0 279.0 208.0 272.0
179.0 276.0 172.0 284.0
179.0 276.0 188.0 270.0
225.0 302.0 221.0 307.0
225.0 302.0 228.0 291.0
219.0 265.0 218.0 276.0
219.0 265.0 222.0 261.0
192.0 271.0 198.0 277.0
192.0 271.0 189.0 265.0
166.0 290.0 171.0 296.0
166.0 290.0 156.0 282.0
220.0 311.0 225.0 319.0
220.0 311.0 212.0 306.0
239.0 286.0 233.0 289.0
239.0 286.0 248.0 277.0
236.0 277.0 225.0 279.0
236.0 277.0 241.0 270.0
277.0 322.0 272.0 327.0
277.0 322.0 284.0 322.0
261.0 336.0 270.0 342.0
261.0 336.0 257.0 328.0
273.0 312.0 266.0 315.0
273.0 312.0 281.0 305.0
248.0 344.0 244.0 344.0
248.0 344.0 252.0 344.0
267.0 318.0 272.0 325.0
267.0 318.0 258.0 316.0
294.0 301.0 288.0 305.0
294.0 301.0 305.0 296.0
271.0 315.0 277.0 322.0
271.0 315.0 268.0 307.0
297.0 337.0 296.0 344.0
297.0 337.0 287.0 332.0
258.0 312.0 255.0 316.0
258.0 312.0 262.0 304.0
267.0 342.0 276.0 344.0
267.0 342.0 259.0 338.0
222.0 363.0 230.0 366.0
222.0 363.0 217.0 356.0
306.0 273.0 311.0 279.0
306.0 273.0 303.0 266.0
280.0 283.0 273.0 288.0
280.0 283.0 281.0 273.0
299.0 297.0 301.0 304.0
299.0 297.0 296.0 289.0
284.0 320.0 279.0 321.0
284.0 320.0 292.0 320.0
274.0 305.0 267.0 305.0
274.0 305.0 279.0 303.0
246.0 319.0 243.0 328.0
246.0 319.0 249.0 315.0
302.0 351.0 302.0 356.0
302.0 351.0 302.0 349.0
265.0 335.0 271.0 337.0
265.0 335.0 263.0 332.0
286.0 332.0 287.0 338.0
286.0 332.0 289.0 329.0
313.0 393.0 317.0 398.0
313.0 393.0 309.0 389.0
325.0 404.0 319.0 410.0
325.0 404.0 328.0 400.0
302.0 384.0 304.0 385.0
302.0 384.0 295.0 380.0
288.0 367.0 282.0 371.0
288.0 367.0 302.0 365.0
311.0 390.0 304.0 394.0
311.0 390.0 321.0 384.0
307.0 369.0 300.0 372.0
307.0 369.0 309.0 359.0
272.0 387.0 267.0 396.0
272.0 387.0 274.0 376.0
353.0 401.0 361.0 407.0
353.0 401.0 347.0 396.0
287.0 422.0 289.0 430.0
287.0 422.0 289.0 411.0
380.0 325.0 384.0 330.0
380.0 325.0 374.0 319.0
412.0 331.0 412.0 331.0
412.0 331.0 403.0 334.0
338.0 322.0 342.0 330.0
338.0 322.0 328.0 316.0
362.0 346.0 363.0 354.0
362.0 346.0 358.0 343.0
412.0 329.0 406.0 330.0
412.0 329.0 415.0 325.0
338.0 337.0 345.0 347.0
338.0 337.0 340.0 333.0
305.0 314.0 305.0 323.0
305.0 314.0 310.0 308.0
376.0 375.0 375.0 382.0
376.0 375.0 372.0 373.0
358.0 335.0 361.0 339.0
358.0 335.0 359.0 325.0
342.0 326.0 344.0 332.0
342.0 326.0 339.0 318.0
313.0 334.0 309.0 339.0
313.0 334.0 313.0 324.0
376.0 344.0 382.0 343.0
376.0 344.0 367.0 345.0
326.0 288.0 323.0 295.0
326.0 288.0 331.0 281.0
462.0 323.0 455.0 324.0
462.0 323.0 470.0 325.0
364.0 352.0 370.0 355.0
364.0 352.0 362.0 346.0
367.0 387.0 377.0 390.0
367.0 387.0 365.0 382.0
339.0 295.0 343.0 295.0
339.0 295.0 330.0 297.0
338.0 342.0 334.0 350.0
338.0 342.0 339.0 340.0
175.0 244.0 181.0 247.0
175.0 244.0 166.0 244.0
164.0 218.0 161.0 223.0
164.0 218.0 172.0 213.0
191.0 212.0 196.0 206.0
191.0 212.0 184.0 211.0
178.0 243.0 179.0 253.0
178.0 243.0 184.0 239.0
166.0 234.0 166.0 239.0
166.0 234.0 169.0 225.0
207.0 266.0 217.0 261.0
207.0 266.0 202.0 264.0
212.0 208.0 220.0 215.0
212.0 208.0 210.0 203.0
168.0 266.0 167.0 280.0
168.0 266.0 173.0 266.0
148.0 244.0 142.0 252.0
148.0 244.0 151.0 239.0
171.0 236.0 180.0 240.0
171.0 236.0 167.0 232.0
204.0 235.0 201.0 242.0
204.0 235.0 209.0 228.0
190.0 217.0 184.0 221.0
190.0 217.0 200.0 218.0
240.0 242.0 245.0 249.0
240.0 242.0 238.0 234.0
221.0 248.0 228.0 255.0
221.0 248.0 219.0 245.0
156.0 269.0 154.0 274.0
156.0 269.0 159.0 268.0
180.0 227.0 186.0 230.0
180.0 227.0 177.0 229.0
169.0 246.0 176.0 243.0
169.0 246.0 162.0 242.0
182.0 217.0 174.0 220.0
182.0 217.0 190.0 211.0
240.0 218.0 236.0 219.0
240.0 218.0 244.0 217.0
176.0 195.0 178.0 192.0
176.0 195.0 175.0 187.0
186.0 185.0 177.0 191.0
186.0 185.0 197.0 184.0
192.0 198.0 191.0 200.0
192.0 198.0 200.0 197.0
201.0 187.0 199.0 190.0
201.0 187.0 203.0 185.0
190.0 195.0 187.0 203.0
190.0 195.0 191.0 187.0
176.0 194.0 174.0 202.0
176.0 194.0 179.0 189.0
210.0 190.0 210.0 190.0
210.0 190.0 209.0 182.0
184.0 165.0 188.0 170.0
184.0 165.0 178.0 159.0
208.0 176.0 213.0 177.0
208.0 176.0 200.0 181.0
191.0 179.0 183.0 182.0
191.0 179.0 195.0 181.0
188.0 201.0 193.0 206.0
188.0 201.0 182.0 201.0
165.0 203.0 161.0 207.0
165.0 203.0 172.0 202.0
214.0 188.0 222.0 187.0
214.0 188.0 211.0 186.0
241.0 186.0 249.0 189.0
241.0 186.0 231.0 190.0
160.0 181.0 156.0 188.0
160.0 181.0 163.0 175.0
198.0 174.0 192.0 178.0
198.0 174.0 202.0 169.0
236.0 166.0 242.0 163.0
236.0 166.0 230.0 169.0
182.0 202.0 176.0 206.0
182.0 202.0 189.0 203.0
208.0 214.0 215.0 219.0
208.0 214.0 206.0 213.0
147.0 204.0 160.0 206.0
147.0 204.0 139.0 204.0
195.0 187.0 202.0 186.0
195.0 187.0 189.0 185.0
170.0 196.0 165.0 197.0
170.0 196.0 176.0 196.0
304.0 106.0 303.0 109.0
304.0 106.0 311.0 105.0
311.0 116.0 312.0 118.0
311.0 116.0 301.0 115.0
329.0 105.0 338.0 109.0
329.0 105.0 323.0 109.0
315.0 86.0 315.0 85.0
315.0 86.0 314.0 79.0
321.0 117.0 318.0 121.0
321.0 117.0 326.0 112.0
316.0 114.0 311.0 119.0
316.0 114.0 324.0 112.0
333.0 84.0 333.0 95.0
333.0 84.0 338.0 73.0
322.0 114.0 327.0 114.0
322.0 114.0 318.0 110.0
305.0 114.0 311.0 123.0
305.0 114.0 302.0 108.0
354.0 20.0 358.0 29.0
354.0 20.0 356.0 14.0
97.0 259.0 102.0 259.0
97.0 259.0 88.0 253.0
98.0 243.0 98.0 250.0
98.0 243.0 98.0 238.0
114.0 270.0 127.0 269.0
114.0 270.0 109.0 268.0
138.0 265.0 133.0 271.0
138.0 265.0 144.0 254.0
116.0 281.0 116.0 288.0
116.0 281.0 120.0 276.0
105.0 268.0 102.0 272.0
105.0 268.0 111.0 258.0
97.0 254.0 93.0 257.0
97.0 254.0 101.0 248.0
157.0 252.0 164.0 255.0
157.0 252.0 152.0 251.0
125.0 327.0 130.0 334.0
125.0 327.0 122.0 325.0
100.0 300.0 109.0 301.0
100.0 300.0 93.0 300.0
142.0 290.0 142.0 293.0
142.0 290.0 145.0 281.0
110.0 275.0 111.0 282.0
110.0 275.0 111.0 270.0
122.0 249.0 130.0 254.0
122.0 249.0 114.0 248.0
88.0 283.0 88.0 283.0
88.0 283.0 81.0 283.0
222.0 263.0 214.0 265.0
222.0 263.0 230.0 261.0
199.0 275.0 189.0 274.0
199.0 275.0 204.0 275.0
220.0 239.0 215.0 246.0
220.0 239.0 224.0 230.0
205.0 256.0 209.0 263.0
205.0 256.0 199.0 255.0
196.0 277.0 190.0 281.0
196.0 277.0 203.0 272.0
183.0 267.0 187.0 274.0
183.0 267.0 186.0 259.0
254.0 157.0 257.0 157.0
254.0 157.0 251.0 161.0
241.0 170.0 244.0 176.0
241.0 170.0 238.0 164.0
252.0 171.0 259.0 180.0
252.0 171.0 246.0 167.0
270.0 186.0 278.0 190.0
270.0 186.0 270.0 187.0
225.0 168.0 225.0 172.0
225.0 168.0 226.0 162.0
246.0 191.0 249.0 201.0
246.0 191.0 244.0 190.0
260.0 186.0 261.0 193.0
260.0 186.0 260.0 180.0
236.0 212.0 243.0 218.0
236.0 212.0 228.0 212.0
215.0 141.0 214.0 155.0
215.0 141.0 219.0 138.0
249.0 185.0 250.0 192.0
249.0 185.0 252.0 177.0
293.0 187.0 303.0 192.0
293.0 187.0 291.0 186.0
277.0 208.0 280.0 216.0
277.0 208.0 274.0 200.0
279.0 185.0 282.0 191.0
279.0 185.0 276.0 180.0
262.0 177.0 256.0 183.0
262.0 177.0 265.0 177.0
261.0 194.0 265.0 198.0
261.0 194.0 260.0 191.0
319.0 190.0 314.0 195.0
319.0 190.0 322.0 183.0
306.0 181.0 311.0 186.0
306.0 181.0 298.0 181.0
303.0 168.0 296.0 169.0
303.0 168.0 311.0 169.0
299.0 173.0 300.0 182.0
299.0 173.0 307.0 170.0
306.0 185.0 305.0 190.0
306.0 185.0 313.0 181.0
281.0 181.0 282.0 189.0
281.0 181.0 284.0 175.0
283.0 156.0 287.0 162.0
283.0 156.0 282.0 149.0
331.0 158.0 331.0 162.0
331.0 158.0 336.0 159.0
302.0 190.0 299.0 192.0
302.0 190.0 308.0 182.0
318.0 163.0 320.0 168.0
318.0 163.0 320.0 159.0
297.0 207.0 294.0 211.0
297.0 207.0 305.0 205.0
281.0 216.0 283.0 222.0
281.0 216.0 277.0 212.0
305.0 160.0 298.0 169.0
305.0 160.0 311.0 160.0
296.0 144.0 298.0 147.0
296.0 144.0 289.0 135.0
279.0 159.0 281.0 164.0
279.0 159.0 278.0 156.0
317.0 176.0 326.0 180.0
317.0 176.0 313.0 171.0
337.0 164.0 341.0 175.0
337.0 164.0 337.0 158.0
304.0 210.0 310.0 219.0
304.0 210.0 304.0 206.0
331.0 146.0 325.0 144.0
331.0 146.0 339.0 149.0
345.0 128.0 354.0 135.0
345.0 128.0 342.0 120.0
321.0 217.0 322.0 226.0
321.0 217.0 323.0 213.0
302.0 234.0 308.0 241.0
302.0 234.0 301.0 230.0
282.0 234.0 286.0 238.0
282.0 234.0 274.0 230.0
316.0 191.0 325.0 198.0
316.0 191.0 316.0 189.0
297.0 208.0 300.0 212.0
297.0 208.0 296.0 203.0
298.0 174.0 302.0 182.0
298.0 174.0 301.0 166.0
320.0 150.0 325.0 151.0
320.0 150.0 311.0 151.0
276.0 147.0 280.0 146.0
276.0 147.0 269.0 137.0
289.0 167.0 289.0 177.0
289.0 167.0 288.0 161.0
298.0 143.0 300.0 147.0
298.0 143.0 296.0 137.0
281.0 113.0 287.0 108.0
281.0 113.0 282.0 101.0
259.0 125.0 265.0 129.0
259.0 125.0 251.0 123.0
255.0 129.0 254.0 138.0
255.0 129.0 252.0 119.0
264.0 148.0 259.0 151.0
264.0 148.0 273.0 147.0
244.0 163.0 246.0 171.0
244.0 163.0 246.0 160.0
242.0 143.0 242.0 150.0
242.0 143.0 239.0 140.0
275.0 138.0 267.0 143.0
275.0 138.0 283.0 135.0
265.0 160.0 271.0 165.0
265.0 160.0 265.0 153.0
257.0 161.0 251.0 166.0
257.0 161.0 258.0 153.0
249.0 186.0 253.0 192.0
249.0 186.0 243.0 180.0
236.0 160.0 237.0 165.0
236.0 160.0 238.0 155.0
242.0 140.0 247.0 142.0
242.0 140.0 242.0 128.0
307.0 132.0 310.0 136.0
307.0 132.0 301.0 126.0
280.0 141.0 277.0 141.0
280.0 141.0 286.0 141.0
269.0 176.0 271.0 182.0
269.0 176.0 268.0 172.0
245.0 161.0 245.0 168.0
245.0 161.0 244.0 157.0
264.0 156.0 271.0 160.0
264.0 156.0 266.0 148.0
240.0 181.0 242.0 191.0
240.0 181.0 240.0 178.0
258.0 209.0 260.0 213.0
258.0 209.0 250.0 203.0
242.0 128.0 241.0 131.0
242.0 128.0 242.0 114.0
233.0 150.0 232.0 154.0
233.0 150.0 234.0 145.0
220.0 179.0 214.0 180.0
220.0 179.0 225.0 182.0
314.0 115.0 315.0 121.0
314.0 115.0 314.0 104.0
245.0 139.0 245.0 146.0
245.0 139.0 245.0 135.0
218.0 276.0 220.0 284.0
218.0 276.0 216.0 272.0
209.0 289.0 206.0 285.0
209.0 289.0 214.0 287.0
208.0 254.0 204.0 266.0
208.0 254.0 212.0 250.0
185.0 295.0 181.0 298.0
185.0 295.0 174.0 292.0
195.0 317.0 184.0 320.0
195.0 317.0 204.0 321.0
191.0 257.0 202.0 266.0
191.0 257.0 191.0 253.0
215.0 229.0 215.0 242.0
215.0 229.0 216.0 222.0
196.0 313.0 199.0 317.0
196.0 313.0 192.0 307.0
164.0 294.0 172.0 299.0
164.0 294.0 158.0 283.0
173.0 314.0 158.0 316.0
173.0 314.0 183.0 315.0
210.0 225.0 211.0 224.0
210.0 225.0 201.0 222.0
240.0 225.0 250.0 232.0
240.0 225.0 234.0 219.0
209.0 274.0 219.0 273.0
209.0 274.0 202.0 272.0
231.0 201.0 223.0 199.0
231.0 201.0 240.0 200.0
187.0 302.0 189.0 309.0
187.0 302.0 186.0 293.0
212.0 321.0 206.0 319.0
212.0 321.0 219.0 316.0
161.0 321.0 170.0 327.0
161.0 321.0 152.0 315.0
159.0 296.0 154.0 301.0
159.0 296.0 167.0 294.0
194.0 273.0 198.0 279.0
194.0 273.0 187.0 268.0
189.0 258.0 185.0 264.0
189.0 258.0 193.0 250.0
222.0 282.0 219.0 291.0
222.0 282.0 232.0 284.0
174.0 275.0 174.0 275.0
174.0 275.0 165.0 283.0
296.0 378.0 288.0 376.0
296.0 378.0 307.0 372.0
330.0 389.0 326.0 389.0
330.0 389.0 334.0 380.0
273.0 381.0 270.0 391.0
273.0 381.0 279.0 373.0
311.0 373.0 311.0 384.0
311.0 373.0 311.0 366.0
324.0 395.0 322.0 404.0
324.0 395.0 320.0 389.0
339.0 378.0 338.0 390.0
339.0 378.0 341.0 372.0
265.0 406.0 266.0 413.0
265.0 406.0 261.0 399.0
290.0 364.0 290.0 374.0
290.0 364.0 285.0 354.0
312.0 394.0 315.0 404.0
312.0 394.0 307.0 386.0
317.0 350.0 320.0 359.0
317.0 350.0 318.0 342.0
306.0 371.0 300.0 373.0
306.0 371.0 313.0 374.0
331.0 409.0 324.0 415.0
331.0 409.0 337.0 409.0
264.0 448.0 270.0 452.0
264.0 448.0 259.0 443.0
247.0 394.0 244.0 398.0
247.0 394.0 256.0 395.0
283.0 412.0 287.0 422.0
283.0 412.0 284.0 406.0
283.0 349.0 287.0 352.0
283.0 349.0 282.0 344.0
316.0 413.0 311.0 422.0
316.0 413.0 321.0 406.0
316.0 323.0 317.0 323.0
316.0 323.0 312.0 313.0
312.0 393.0 304.0 389.0
312.0 393.0 315.0 394.0
323.0 377.0 313.0 378.0
323.0 377.0 331.0 371.0
308.0 356.0 303.0 362.0
308.0 356.0 318.0 357.0
279.0 374.0 289.0 384.0
279.0 374.0 271.0 369.0
320.0 441.0 324.0 447.0
320.0 441.0 317.0 435.0
338.0 413.0 343.0 424.0
338.0 413.0 340.0 404.0
260.0 445.0 252.0 448.0
260.0 445.0 268.0 441.0
289.0 477.0 279.0 478.0
289.0 477.0 297.0 479.0
211.0 394.0 197.0 393.0
211.0 394.0 216.0 396.0
263.0 354.0 253.0 351.0
263.0 354.0 271.0 352.0
317.0 397.0 310.0 401.0
317.0 397.0 326.0 395.0
299.0 414.0 299.0 420.0
299.0 414.0 288.0 407.0
246.0 406.0 251.0 412.0
246.0 406.0 243.0 396.0
275.0 327.0 267.0 330.0
275.0 327.0 278.0 323.0
268.0 392.0 269.0 398.0
268.0 392.0 264.0 385.0
304.0 315.0 299.0 325.0
304.0 315.0 308.0 307.0
295.0 387.0 298.0 395.0
295.0 387.0 293.0 384.0
290.0 351.0 295.0 356.0
290.0 351.0 288.0 350.0
286.0 425.0 287.0 430.0
286.0 425.0 279.0 424.0
328.0 383.0 322.0 391.0
328.0 383.0 329.0 375.0
322.0 339.0 326.0 345.0
322.0 339.0 315.0 336.0
319.0 292.0 317.0 300.0
319.0 292.0 322.0 284.0
319.0 426.0 316.0 434.0
319.0 426.0 328.0 422.0
299.0 370.0 296.0 373.0
299.0 370.0 308.0 367.0
344.0 406.0 346.0 408.0
344.0 406.0 334.0 407.0
274.0 375.0 267.0 378.0
274.0 375.0 281.0 374.0
357.0 425.0 348.0 427.0
357.0 425.0 364.0 422.0
322.0 362.0 312.0 362.0
322.0 362.0 326.0 364.0
374.0 332.0 364.0 337.0
374.0 332.0 383.0 334.0
361.0 343.0 364.0 352.0
361.0 343.0 352.0 337.0
385.0 325.0 387.0 325.0
385.0 325.0 374.0 319.0
349.0 369.0 355.0 370.0
349.0 369.0 343.0 364.0
361.0 330.0 346.0 333.0
361.0 330.0 366.0 329.0
392.0 329.0 396.0 331.0
392.0 329.0 385.0 323.0
377.0 320.0 379.0 325.0
377.0 320.0 379.0 310.0
400.0 342.0 400.0 342.0
400.0 342.0 389.0 345.0
350.0 376.0 364.0 380.0
350.0 376.0 341.0 379.0
360.0 319.0 350.0 329.0
360.0 319.0 364.0 318.0
331.0 330.0 337.0 331.0
331.0 330.0 324.0 327.0
399.0 315.0 390.0 317.0
399.0 315.0 406.0 316.0
346.0 360.0 338.0 364.0
346.0 360.0 354.0 359.0
378.0 329.0 383.0 331.0
378.0 329.0 372.0 324.0
399.0 294.0 404.0 301.0
399.0 294.0 395.0 287.0
373.0 298.0 371.0 305.0
373.0 298.0 375.0 294.0
355.0 306.0 344.0 310.0
355.0 306.0 368.0 304.0
325.0 292.0 328.0 300.0
325.0 292.0 329.0 284.0
378.0 301.0 371.0 306.0
378.0 301.0 383.0 301.0
425.0 171.0 425.0 171.0
425.0 171.0 429.0 168.0
430.0 173.0 430.0 176.0
430.0 173.0 426.0 166.0
428.0 198.0 430.0 205.0
428.0 198.0 422.0 194.0
421.0 180.0 421.0 179.0
421.0 180.0 418.0 168.0
447.0 202.0 441.0 205.0
447.0 202.0 453.0 195.0
423.0 201.0 418.0 202.0
423.0 201.0 430.0 199.0
403.0 178.0 399.0 178.0
403.0 178.0 409.0 164.0
430.0 192.0 436.0 199.0
430.0 192.0 435.0 185.0
469.0 181.0 461.0 182.0
469.0 181.0 477.0 184.0
452.0 219.0 450.0 220.0
452.0 219.0 456.0 212.0
409.0 210.0 409.0 216.0
409.0 210.0 415.0 207.0
439.0 209.0 433.0 210.0
439.0 209.0 443.0 210.0
414.0 161.0 412.0 167.0
414.0 161.0 413.0 152.0
316.0 179.0 310.0 183.0
316.0 179.0 322.0 171.0
331.0 164.0 334.0 170.0
331.0 164.0 323.0 158.0
300.0 202.0 293.0 207.0
300.0 202.0 313.0 194.0
318.0 174.0 318.0 183.0
318.0 174.0 322.0 163.0
307.0 144.0 303.0 152.0
307.0 144.0 313.0 137.0
290.0 173.0 283.0 174.0
290.0 173.0 293.0 166.0
312.0 234.0 314.0 241.0
312.0 234.0 311.0 230.0
307.0 130.0 298.0 138.0
307.0 130.0 316.0 137.0
339.0 130.0 328.0 119.0
339.0 130.0 348.0 126.0
273.0 155.0 274.0 163.0
273.0 155.0 270.0 150.0
328.0 222.0 328.0 222.0
328.0 222.0 334.0 212.0
333.0 202.0 342.0 196.0
333.0 202.0 329.0 194.0
173.0 134.0 179.0 134.0
173.0 134.0 166.0 129.0
217.0 115.0 211.0 118.0
217.0 115.0 224.0 115.0
164.0 113.0 175.0 124.0
164.0 113.0 158.0 111.0
215.0 120.0 217.0 129.0
215.0 120.0 213.0 111.0
230.0 106.0 237.0 111.0
230.0 106.0 228.0 104.0
204.0 127.0 197.0 128.0
204.0 127.0 211.0 123.0
228.0 129.0 225.0 137.0
228.0 129.0 232.0 128.0
213.0 115.0 208.0 122.0
213.0 115.0 219.0 114.0
212.0 95.0 219.0 98.0
212.0 95.0 206.0 87.0
237.0 122.0 236.0 123.0
237.0 122.0 242.0 113.0
164.0 114.0 154.0 109.0
164.0 114.0 172.0 109.0
175.0 123.0 171.0 126.0
175.0 123.0 181.0 120.0
193.0 133.0 186.0 139.0
193.0 133.0 198.0 127.0
215.0 135.0 212.0 146.0
215.0 135.0 213.0 127.0
228.0 141.0 228.0 141.0
228.0 141.0 239.0 135.0
222.0 136.0 222.0 136.0
222.0 136.0 232.0 130.0
145.0 125.0 137.0 132.0
145.0 125.0 146.0 112.0
224.0 113.0 228.0 118.0
224.0 113.0 220.0 105.0
267.0 105.0 259.0 107.0
267.0 105.0 275.0 105.0
159.0 123.0 156.0 133.0
159.0 123.0 164.0 113.0
221.0 72.0 213.0 72.0
221.0 72.0 230.0 72.0
188.0 132.0 185.0 131.0
188.0 132.0 195.0 131.0
227.0 84.0 224.0 90.0
227.0 84.0 234.0 76.0
172.0 141.0 179.0 149.0
172.0 141.0 171.0 133.0
190.0 117.0 190.0 117.0
190.0 117.0 184.0 116.0
229.0 132.0 233.0 135.0
229.0 132.0 219.0 124.0
217.0 155.0 210.0 159.0
217.0 155.0 226.0 154.0
228.0 170.0 220.0 176.0
228.0 170.0 239.0 175.0
251.0 118.0 257.0 125.0
251.0 118.0 245.0 112.0
229.0 115.0 231.0 119.0
229.0 115.0 225.0 110.0
213.0 145.0 209.0 145.0
213.0 145.0 220.0 146.0
246.0 158.0 254.0 158.0
246.0 158.0 241.0 157.0
228.0 125.0 226.0 125.0
228.0 125.0 226.0 125.0
209.0 98.0 200.0 93.0
209.0 98.0 221.0 91.0
247.0 134.0 250.0 142.0
247.0 134.0 242.0 127.0
207.0 115.0 207.0 120.0
207.0 115.0 212.0 106.0
124.0 158.0 115.0 158.0
124.0 158.0 130.0 150.0
245.0 56.0 242.0 59.0
245.0 56.0 243.0 49.0
159.0 109.0 159.0 109.0
159.0 109.0 153.0 111.0
195.0 65.0 189.0 62.0
195.0 65.0 204.0 63.0
147.0 140.0 139.0 136.0
147.0 140.0 150.0 141.0
84.0 289.0 77.0 292.0
84.0 289.0 91.0 288.0
82.0 271.0 78.0 271.0
82.0 271.0 94.0 269.0
60.0 265.0 63.0 275.0
60.0 265.0 63.0 259.0
103.0 256.0 105.0 266.0
103.0 256.0 100.0 254.0
46.0 253.0 54.0 260.0
46.0 253.0 36.0 247.0
39.0 275.0 32.0 272.0
39.0 275.0 45.0 277.0
120.0 253.0 118.0 259.0
120.0 253.0 124.0 244.0
101.0 258.0 103.0 263.0
101.0 258.0 104.0 255.0
56.0 263.0 56.0 268.0
56.0 263.0 49.0 262.0
253.0 277.0 248.0 282.0
253.0 277.0 256.0 269.0
247.0 259.0 256.0 258.0
247.0 259.0 238.0 257.0
234.0 283.0 225.0 290.0
234.0 283.0 243.0 284.0
238.0 280.0 233.0 275.0
238.0 280.0 252.0 290.0
274.0 253.0 280.0 253.0
274.0 253.0 264.0 255.0
219.0 312.0 216.0 314.0
219.0 312.0 224.0 306.0
233.0 254.0 237.0 260.0
233.0 254.0 236.0 245.0
265.0 276.0 276.0 286.0
265.0 276.0 267.0 274.0
235.0 275.0 231.0 275.0
235.0 275.0 241.0 276.0
296.0 225.0 295.0 232.0
296.0 225.0 298.0 219.0
234.0 306.0 227.0 310.0
234.0 306.0 244.0 305.0
273.0 227.0 272.0 234.0
273.0 227.0 281.0 220.0
219.0 310.0 224.0 318.0
219.0 310.0 213.0 304.0
256.0 203.0 257.0 207.0
256.0 203.0 256.0 197.0
264.0 251.0 256.0 253.0
264.0 251.0 273.0 253.0
269.0 276.0 266.0 282.0
269.0 276.0 277.0 272.0
233.0 266.0 229.0 264.0
233.0 266.0 238.0 266.0
257.0 302.0 251.0 312.0
257.0 302.0 259.0 295.0
280.0 293.0 274.0 295.0
280.0 293.0 287.0 289.0
254.0 266.0 247.0 273.0
254.0 266.0 256.0 262.0
296.0 196.0 296.0 203.0
296.0 196.0 300.0 189.0
220.0 293.0 214.0 297.0
220.0 293.0 225.0 290.0
242.0 296.0 237.0 299.0
242.0 296.0 248.0 292.0
277.0 233.0 268.0 236.0
277.0 233.0 283.0 231.0
232.0 273.0 243.0 273.0
232.0 273.0 225.0 269.0
250.0 268.0 251.0 268.0
250.0 268.0 252.0 259.0
213.0 267.0 204.0 268.0
213.0 267.0 221.0 258.0
251.0 253.0 248.0 260.0
251.0 253.0 254.0 249.0
191.0 284.0 202.0 295.0
191.0 284.0 190.0 275.0
215.0 263.0 226.0 273.0
215.0 263.0 211.0 260.0
207.0 288.0 202.0 291.0
207.0 288.0 216.0 294.0
184.0 253.0 184.0 264.0
184.0 253.0 190.0 250.0
216.0 263.0 206.0 266.0
216.0 263.0 222.0 257.0
209.0 248.0 206.0 245.0
209.0 248.0 215.0 242.0
292.0 255.0 293.0 266.0
292.0 255.0 293.0 249.0
274.0 212.0 277.0 215.0
274.0 212.0 271.0 205.0
261.0 231.0 280.0 233.0
261.0 231.0 257.0 234.0
202.0 261.0 202.0 261.0
202.0 261.0 213.0 258.0
201.0 220.0 205.0 221.0
201.0 220.0 194.0 218.0
226.0 231.0 229.0 239.0
226.0 231.0 223.0 224.0
234.0 278.0 229.0 282.0
234.0 278.0 241.0 279.0
209.0 247.0 207.0 248.0
209.0 247.0 220.0 250.0
202.0 283.0 208.0 287.0
202.0 283.0 200.0 276.0
233.0 251.0 238.0 250.0
233.0 251.0 227.0 249.0
185.0 272.0 179.0 272.0
185.0 272.0 194.0 269.0
418.0 459.0 409.0 460.0
418.0 459.0 419.0 455.0
424.0 449.0 426.0 448.0
424.0 449.0 417.0 452.0
409.0 455.0 409.0 455.0
409.0 455.0 399.0 459.0
418.0 449.0 418.0 451.0
418.0 449.0 421.0 460.0
450.0 444.0 450.0 444.0
450.0 444.0 437.0 444.0
423.0 453.0 428.0 462.0
423.0 453.0 417.0 447.0
418.0 439.0 416.0 445.0
418.0 439.0 431.0 448.0
443.0 442.0 448.0 443.0
443.0 442.0 431.0 454.0
464.0 424.0 469.0 428.0
464.0 424.0 460.0 420.0
413.0 454.0 417.0 461.0
413.0 454.0 405.0 453.0
426.0 473.0 434.0 478.0
426.0 473.0 420.0 472.0
400.0 435.0 402.0 431.0
400.0 435.0 393.0 438.0
429.0 454.0 431.0 454.0
429.0 454.0 426.0 445.0
431.0 440.0 441.0 446.0
431.0 440.0 427.0 432.0
467.0 443.0 458.0 445.0
467.0 443.0 475.0 441.0
412.0 433.0 411.0 440.0
412.0 433.0 415.0 428.0
444.0 407.0 449.0 410.0
444.0 407.0 442.0 397.0
398.0 450.0 403.0 452.0
398.0 450.0 389.0 451.0
466.0 422.0 463.0 426.0
466.0 422.0 467.0 415.0
354.0 368.0 354.0 376.0
354.0 368.0 354.0 362.0
343.0 394.0 343.0 394.0
343.0 394.0 331.0 390.0
317.0 304.0 317.0 310.0
317.0 304.0 317.0 297.0
309.0 390.0 305.0 401.0
309.0 390.0 315.0 387.0
259.0 391.0 259.0 390.0
259.0 391.0 251.0 386.0
304.0 391.0 297.0 400.0
304.0 391.0 304.0 384.0
229.0 244.0 217.0 246.0
229.0 244.0 234.0 242.0
230.0 231.0 242.0 231.0
230.0 231.0 222.0 226.0
209.0 240.0 209.0 240.0
209.0 240.0 210.0 232.0
234.0 234.0 234.0 233.0
234.0 234.0 227.0 227.0
219.0 218.0 212.0 219.0
219.0 218.0 235.0 213.0
207.0 247.0 210.0 252.0
207.0 247.0 204.0 234.0
219.0 232.0 219.0 232.0
219.0 232.0 209.0 226.0
242.0 233.0 236.0 238.0
242.0 233.0 246.0 227.0
237.0 219.0 232.0 225.0
237.0 219.0 241.0 214.0
225.0 144.0 216.0 148.0
225.0 144.0 234.0 141.0
235.0 128.0 237.0 132.0
235.0 128.0 235.0 120.0
197.0 138.0 204.0 137.0
197.0 138.0 190.0 137.0
238.0 96.0 238.0 96.0
238.0 96.0 241.0 87.0
250.0 109.0 250.0 114.0
250.0 109.0 253.0 103.0
187.0 122.0 192.0 128.0
187.0 122.0 179.0 115.0
152.0 115.0 148.0 119.0
152.0 115.0 160.0 119.0
266.0 70.0 260.0 74.0
266.0 70.0 272.0 63.0
242.0 128.0 253.0 137.0
242.0 128.0 241.0 121.0
268.0 124.0 274.0 133.0
268.0 124.0 260.0 124.0
261.0 104.0 269.0 105.0
261.0 104.0 257.0 97.0
287.0 53.0 279.0 60.0
287.0 53.0 296.0 49.0
161.0 163.0 157.0 172.0
161.0 163.0 168.0 158.0
237.0 114.0 232.0 122.0
237.0 114.0 247.0 114.0
268.0 87.0 272.0 88.0
268.0 87.0 264.0 85.0
260.0 145.0 251.0 149.0
260.0 145.0 267.0 141.0
346.0 185.0 350.0 188.0
346.0 185.0 344.0 181.0
353.0 183.0 359.0 185.0
353.0 183.0 350.0 175.0
337.0 165.0 335.0 171.0
337.0 165.0 339.0 159.0
355.0 188.0 368.0 189.0
355.0 188.0 345.0 183.0
337.0 174.0 334.0 183.0
337.0 174.0 340.0 170.0
340.0 165.0 347.0 168.0
340.0 165.0 332.0 154.0
346.0 188.0 346.0 195.0
346.0 188.0 347.0 180.0
339.0 161.0 345.0 167.0
339.0 161.0 334.0 160.0
364.0 173.0 368.0 181.0
364.0 173.0 363.0 167.0
331.0 190.0 335.0 197.0
331.0 190.0 331.0 184.0
322.0 153.0 314.0 150.0
322.0 153.0 329.0 155.0
356.0 159.0 361.0 161.0
356.0 159.0 347.0 154.0
135.0 407.0 127.0 409.0
135.0 407.0 142.0 406.0
130.0 392.0 134.0 403.0
130.0 392.0 136.0 385.0
119.0 402.0 117.0 407.0
119.0 402.0 123.0 395.0
107.0 411.0 111.0 419.0
107.0 411.0 102.0 406.0
120.0 407.0 121.0 416.0
120.0 407.0 133.0 406.0
135.0 382.0 138.0 388.0
135.0 382.0 138.0 380.0
140.0 402.0 142.0 404.0
140.0 402.0 136.0 401.0
106.0 402.0 99.0 413.0
106.0 402.0 99.0 399.0
134.0 419.0 132.0 430.0
134.0 419.0 131.0 420.0
128.0 402.0 135.0 402.0
128.0 402.0 126.0 392.0
116.0 413.0 114.0 422.0
116.0 413.0 112.0 408.0
145.0 393.0 149.0 395.0
145.0 393.0 141.0 389.0
142.0 363.0 151.0 368.0
142.0 363.0 138.0 360.0
129.0 382.0 132.0 386.0
129.0 382.0 128.0 375.0
138.0 438.0 144.0 450.0
138.0 438.0 133.0 432.0
142.0 402.0 149.0 404.0
142.0 402.0 137.0 398.0
142.0 383.0 149.0 386.0
142.0 383.0 138.0 374.0
98.0 417.0 102.0 423.0
98.0 417.0 96.0 409.0
84.0 393.0 88.0 400.0
84.0 393.0 75.0 389.0
162.0 405.0 172.0 408.0
162.0 405.0 156.0 400.0
159.0 366.0 154.0 368.0
159.0 366.0 167.0 368.0
134.0 357.0 124.0 357.0
134.0 357.0 138.0 352.0
394.0 289.0 394.0 297.0
394.0 289.0 394.0 279.0
364.0 272.0 370.0 273.0
364.0 272.0 359.0 272.0
386.0 262.0 394.0 268.0
386.0 262.0 383.0 258.0
345.0 280.0 350.0 280.0
345.0 280.0 339.0 279.0
394.0 283.0 398.0 288.0
394.0 283.0 387.0 283.0
411.0 273.0 412.0 278.0
411.0 273.0 413.0 266.0
363.0 222.0 377.0 225.0
363.0 222.0 352.0 220.0
321.0 279.0 322.0 285.0
321.0 279.0 324.0 270.0
389.0 261.0 386.0 268.0
389.0 261.0 393.0 253.0
377.0 278.0 369.0 287.0
377.0 278.0 379.0 281.0
399.0 289.0 399.0 289.0
399.0 289.0 395.0 279.0
408.0 241.0 403.0 248.0
408.0 241.0 410.0 233.0
407.0 290.0 403.0 299.0
407.0 290.0 407.0 285.0
380.0 258.0 389.0 260.0
380.0 258.0 378.0 254.0
370.0 271.0 372.0 280.0
370.0 271.0 368.0 264.0
332.0 301.0 335.0 307.0
332.0 301.0 331.0 296.0
346.0 270.0 346.0 282.0
346.0 270.0 345.0 265.0
393.0 274.0 394.0 282.0
393.0 274.0 401.0 269.0
364.0 289.0 359.0 295.0
364.0 289.0 367.0 288.0
314.0 281.0 314.0 281.0
314.0 281.0 305.0 279.0
306.0 279.0 310.0 284.0
306.0 279.0 304.0 268.0
327.0 327.0 326.0 326.0
327.0 327.0 325.0 318.0
300.0 267.0 302.0 275.0
300.0 267.0 298.0 260.0
285.0 257.0 287.0 253.0
285.0 257.0 275.0 254.0
298.0 275.0 298.0 282.0
298.0 275.0 301.0 269.0
298.0 261.0 291.0 263.0
298.0 261.0 306.0 256.0
270.0 254.0 276.0 257.0
270.0 254.0 265.0 254.0
310.0 265.0 303.0 267.0
310.0 265.0 316.0 261.0
299.0 290.0 301.0 292.0
299.0 290.0 287.0 290.0
333.0 96.0 325.0 97.0
333.0 96.0 340.0 95.0
346.0 66.0 345.0 68.0
346.0 66.0 348.0 60.0
345.0 84.0 341.0 89.0
345.0 84.0 352.0 81.0
320.0 106.0 324.0 107.0
320.0 106.0 309.0 109.0
327.0 85.0 329.0 88.0
327.0 85.0 318.0 81.0
340.0 83.0 340.0 86.0
340.0 83.0 340.0 71.0
301.0 124.0 300.0 132.0
301.0 124.0 301.0 120.0
314.0 85.0 317.0 91.0
314.0 85.0 312.0 79.0
348.0 112.0 348.0 116.0
348.0 112.0 348.0 108.0
361.0 141.0 367.0 149.0
361.0 141.0 356.0 138.0
362.0 99.0 362.0 98.0
362.0 99.0 354.0 106.0
331.0 115.0 330.0 123.0
331.0 115.0 337.0 111.0
369.0 71.0 379.0 70.0
369.0 71.0 364.0 73.0
339.0 90.0 336.0 96.0
339.0 90.0 341.0 85.0
332.0 81.0 324.0 81.0
332.0 81.0 339.0 81.0
371.0 154.0 375.0 159.0
371.0 154.0 367.0 150.0
303.0 135.0 301.0 141.0
303.0 135.0 310.0 128.0
317.0 103.0 311.0 103.0
317.0 103.0 324.0 96.0
289.0 127.0 285.0 131.0
289.0 127.0 296.0 127.0
376.0 94.0 386.0 102.0
376.0 94.0 370.0 88.0
372.0 135.0 381.0 137.0
372.0 135.0 371.0 134.0
358.0 127.0 362.0 132.0
358.0 127.0 356.0 120.0
390.0 80.0 390.0 86.0
390.0 80.0 387.0 75.0
362.0 105.0 359.0 107.0
362.0 105.0 366.0 107.0
293.0 99.0 294.0 110.0
293.0 99.0 292.0 92.0
298.0 107.0 305.0 105.0
298.0 107.0 288.0 104.0
303.0 91.0 301.0 95.0
303.0 91.0 311.0 88.0
295.0 111.0 292.0 121.0
295.0 111.0 298.0 103.0
303.0 92.0 312.0 98.0
303.0 92.0 297.0 83.0
319.0 114.0 314.0 114.0
319.0 114.0 329.0 115.0
287.0 127.0 288.0 131.0
287.0 127.0 289.0 122.0
296.0 93.0 299.0 100.0
296.0 93.0 289.0 85.0
306.0 84.0 308.0 92.0
306.0 84.0 304.0 75.0
277.0 255.0 281.0 259.0
277.0 255.0 269.0 250.0
273.0 264.0 279.0 266.0
273.0 264.0 266.0 266.0
291.0 277.0 295.0 285.0
291.0 277.0 293.0 275.0
262.0 256.0 270.0 255.0
262.0 256.0 255.0 256.0
259.0 279.0 252.0 283.0
259.0 279.0 263.0 272.0
298.0 298.0 288.0 303.0
298.0 298.0 307.0 298.0
281.0 278.0 274.0 289.0
281.0 278.0 287.0 281.0
253.0 294.0 258.0 291.0
253.0 294.0 250.0 292.0
270.0 248.0 269.0 257.0
270.0 248.0 275.0 246.0
253.0 254.0 259.0 257.0
253.0 254.0 250.0 247.0
255.0 280.0 251.0 283.0
255.0 280.0 262.0 279.0
278.0 305.0 285.0 315.0
278.0 305.0 272.0 300.0
316.0 316.0 321.0 324.0
316.0 316.0 312.0 310.0
292.0 242.0 284.0 243.0
292.0 242.0 296.0 232.0
269.0 287.0 273.0 291.0
269.0 287.0 271.0 278.0
223.0 247.0 224.0 249.0
223.0 247.0 228.0 240.0
291.0 278.0 292.0 278.0
291.0 278.0 284.0 280.0
260.0 262.0 262.0 268.0
260.0 262.0 262.0 252.0
250.0 254.0 246.0 256.0
250.0 254.0 253.0 243.0
236.0 287.0 237.0 289.0
236.0 287.0 231.0 281.0
255.0 298.0 249.0 302.0
255.0 298.0 258.0 299.0
300.0 333.0 294.0 338.0
300.0 333.0 309.0 329.0
253.0 257.0 253.0 257.0
253.0 257.0 259.0 259.0
256.0 257.0 251.0 258.0
256.0 257.0 265.0 257.0
240.0 259.0 238.0 262.0
240.0 259.0 244.0 251.0
235.0 267.0 228.0 266.0
235.0 267.0 241.0 263.0
239.0 242.0 233.0 244.0
239.0 242.0 249.0 244.0
224.0 263.0 224.0 263.0
224.0 263.0 219.0 252.0
235.0 274.0 234.0 279.0
235.0 274.0 240.0 268.0
192.0 230.0 189.0 235.0
192.0 230.0 183.0 224.0
265.0 237.0 262.0 239.0
265.0 237.0 271.0 235.0
243.0 263.0 235.0 268.0
243.0 263.0 244.0 259.0
244.0 282.0 244.0 288.0
244.0 282.0 242.0 275.0
216.0 271.0 216.0 277.0
216.0 271.0 218.0 263.0
207.0 239.0 207.0 248.0
207.0 239.0 214.0 237.0
211.0 212.0 207.0 220.0
211.0 212.0 216.0 209.0
293.0 222.0 295.0 227.0
293.0 222.0 293.0 218.0
233.0 246.0 237.0 252.0
233.0 246.0 232.0 240.0
197.0 309.0 197.0 309.0
197.0 309.0 189.0 303.0
200.0 310.0 206.0 308.0
200.0 310.0 192.0 311.0
205.0 304.0 205.0 304.0
205.0 304.0 203.0 311.0
194.0 314.0 193.0 322.0
194.0 314.0 195.0 308.0
178.0 322.0 178.0 331.0
178.0 322.0 179.0 318.0
227.0 301.0 236.0 303.0
227.0 301.0 220.0 298.0
212.0 322.0 213.0 324.0
212.0 322.0 201.0 316.0
202.0 303.0 209.0 306.0
202.0 303.0 199.0 299.0
174.0 333.0 165.0 338.0
174.0 333.0 181.0 329.0
182.0 309.0 178.0 305.0
182.0 309.0 190.0 309.0
235.0 308.0 236.0 312.0
235.0 308.0 230.0 301.0
215.0 298.0 209.0 298.0
215.0 298.0 220.0 297.0
201.0 297.0 202.0 303.0
201.0 297.0 199.0 288.0
183.0 307.0 183.0 313.0
183.0 307.0 180.0 299.0
211.0 309.0 214.0 310.0
211.0 309.0 204.0 309.0
195.0 319.0 201.0 321.0
195.0 319.0 192.0 315.0
157.0 347.0 167.0 351.0
157.0 347.0 152.0 339.0
189.0 336.0 196.0 336.0
189.0 336.0 182.0 331.0
260.0 323.0 258.0 323.0
260.0 323.0 266.0 323.0
243.0 325.0 248.0 327.0
243.0 325.0 236.0 320.0
247.0 322.0 258.0 330.0
247.0 322.0 247.0 315.0
238.0 314.0 234.0 316.0
238.0 314.0 247.0 311.0
245.0 329.0 246.0 336.0
245.0 329.0 248.0 322.0
257.0 317.0 253.0 322.0
257.0 317.0 264.0 311.0
247.0 358.0 255.0 358.0
247.0 358.0 239.0 354.0
237.0 334.0 244.0 337.0
237.0 334.0 224.0 333.0
251.0 327.0 257.0 333.0
251.0 327.0 249.0 327.0
248.0 311.0 251.0 321.0
248.0 311.0 238.0 306.0
200.0 384.0 198.0 381.0
200.0 384.0 195.0 375.0
189.0 167.0 189.0 167.0
189.0 167.0 185.0 174.0
186.0 187.0 187.0 193.0
186.0 187.0 190.0 182.0
197.0 172.0 203.0 178.0
197.0 172.0 195.0 164.0
172.0 198.0 174.0 203.0
172.0 198.0 166.0 188.0
174.0 160.0 176.0 166.0
174.0 160.0 182.0 157.0
181.0 188.0 177.0 187.0
181.0 188.0 189.0 188.0
200.0 192.0 203.0 196.0
200.0 192.0 194.0 189.0
152.0 225.0 142.0 226.0
152.0 225.0 155.0 224.0
156.0 184.0 155.0 190.0
156.0 184.0 159.0 176.0
178.0 166.0 187.0 164.0
178.0 166.0 169.0 166.0
183.0 140.0 181.0 151.0
183.0 140.0 193.0 144.0
181.0 202.0 173.0 200.0
181.0 202.0 191.0 201.0
155.0 209.0 161.0 209.0
155.0 209.0 150.0 209.0
213.0 204.0 215.0 209.0
213.0 204.0 209.0 201.0
188.0 178.0 195.0 187.0
188.0 178.0 178.0 173.0
193.0 154.0 198.0 158.0
193.0 154.0 185.0 147.0
148.0 191.0 137.0 186.0
148.0 191.0 154.0 191.0
148.0 170.0 142.0 173.0
148.0 170.0 157.0 170.0
124.0 227.0 127.0 232.0
124.0 227.0 121.0 216.0
142.0 225.0 142.0 229.0
142.0 225.0 139.0 216.0
131.0 156.0 135.0 162.0
131.0 156.0 126.0 148.0
163.0 131.0 165.0 146.0
163.0 131.0 158.0 128.0
165.0 194.0 165.0 201.0
165.0 194.0 167.0 187.0
126.0 198.0 128.0 199.0
126.0 198.0 117.0 191.0
181.0 206.0 177.0 211.0
181.0 206.0 189.0 201.0
150.0 206.0 151.0 215.0
150.0 206.0 151.0 201.0
199.0 139.0 206.0 146.0
199.0 139.0 201.0 135.0
208.0 216.0 215.0 220.0
208.0 216.0 203.0 214.0
208.0 175.0 212.0 178.0
208.0 175.0 200.0 169.0
191.0 177.0 194.0 178.0
191.0 177.0 185.0 172.0
178.0 156.0 170.0 163.0
178.0 156.0 185.0 153.0
117.0 215.0 116.0 226.0
117.0 215.0 118.0 210.0
113.0 268.0 119.0 273.0
113.0 268.0 110.0 252.0
100.0 253.0 110.0 260.0
100.0 253.0 93.0 251.0
116.0 272.0 107.0 275.0
116.0 272.0 123.0 270.0
105.0 230.0 103.0 241.0
105.0 230.0 108.0 220.0
107.0 278.0 108.0 277.0
107.0 278.0 101.0 276.0
114.0 258.0 121.0 259.0
114.0 258.0 105.0 259.0
95.0 243.0 102.0 249.0
95.0 243.0 90.0 237.0
108.0 225.0 113.0 232.0
108.0 225.0 101.0 220.0
171.0 300.0 175.0 301.0
171.0 300.0 167.0 300.0
159.0 309.0 155.0 310.0
159.0 309.0 166.0 309.0
175.0 297.0 177.0 295.0
175.0 297.0 169.0 307.0
157.0 298.0 153.0 306.0
157.0 298.0 161.0 293.0
145.0 292.0 139.0 293.0
145.0 292.0 150.0 293.0
159.0 313.0 167.0 314.0
159.0 313.0 154.0 308.0
184.0 271.0 179.0 277.0
184.0 271.0 192.0 268.0
156.0 294.0 145.0 294.0
156.0 294.0 163.0 294.0
149.0 309.0 156.0 314.0
149.0 309.0 142.0 302.0
171.0 286.0 169.0 295.0
171.0 286.0 173.0 281.0
174.0 311.0 176.0 315.0
174.0 311.0 165.0 305.0
194.0 291.0 198.0 300.0
194.0 291.0 194.0 285.0
143.0 304.0 138.0 306.0
143.0 304.0 149.0 302.0
179.0 266.0 188.0 267.0
179.0 266.0 172.0 267.0
170.0 295.0 166.0 297.0
170.0 295.0 176.0 294.0
146.0 275.0 141.0 284.0
146.0 275.0 149.0 271.0
187.0 306.0 191.0 305.0
187.0 306.0 181.0 305.0
168.0 309.0 164.0 312.0
168.0 309.0 175.0 311.0
175.0 277.0 170.0 284.0
175.0 277.0 177.0 274.0
146.0 292.0 149.0 292.0
146.0 292.0 138.0 285.0
209.0 296.0 209.0 302.0
209.0 296.0 210.0 288.0
208.0 330.0 200.0 334.0
208.0 330.0 216.0 328.0
197.0 288.0 191.0 295.0
197.0 288.0 197.0 283.0
155.0 273.0 160.0 279.0
155.0 273.0 152.0 265.0
117.0 286.0 113.0 290.0
117.0 286.0 124.0 283.0
126.0 301.0 131.0 302.0
126.0 301.0 117.0 298.0
200.0 299.0 196.0 303.0
200.0 299.0 199.0 294.0
203.0 316.0 200.0 323.0
203.0 316.0 207.0 310.0
140.0 312.0 133.0 317.0
140.0 312.0 143.0 314.0
146.0 274.0 139.0 279.0
146.0 274.0 155.0 273.0
163.0 307.0 160.0 313.0
163.0 307.0 169.0 305.0
155.0 291.0 151.0 299.0
155.0 291.0 160.0 285.0
119.0 355.0 127.0 359.0
119.0 355.0 117.0 352.0
109.0 360.0 114.0 365.0
109.0 360.0 107.0 357.0
121.0 360.0 121.0 369.0
121.0 360.0 121.0 353.0
100.0 339.0 91.0 340.0
100.0 339.0 110.0 339.0
137.0 364.0 136.0 372.0
137.0 364.0 140.0 359.0
128.0 370.0 124.0 373.0
128.0 370.0 132.0 365.0
110.0 333.0 114.0 342.0
110.0 333.0 105.0 325.0
123.0 349.0 118.0 353.0
123.0 349.0 132.0 344.0
93.0 328.0 98.0 331.0
93.0 328.0 93.0 320.0
138.0 373.0 148.0 380.0
138.0 373.0 131.0 369.0
143.0 348.0 138.0 353.0
143.0 348.0 148.0 342.0
102.0 318.0 107.0 319.0
102.0 318.0 96.0 320.0
129.0 379.0 119.0 381.0
129.0 379.0 134.0 381.0
136.0 337.0 142.0 344.0
136.0 337.0 134.0 330.0
111.0 346.0 119.0 349.0
111.0 346.0 102.0 347.0
145.0 369.0 148.0 371.0
145.0 369.0 143.0 367.0
122.0 359.0 116.0 362.0
122.0 359.0 130.0 352.0
85.0 317.0 80.0 319.0
85.0 317.0 91.0 316.0
345.0 410.0 351.0 411.0
345.0 410.0 339.0 410.0
323.0 419.0 321.0 420.0
323.0 419.0 326.0 413.0
338.0 455.0 337.0 462.0
338.0 455.0 340.0 449.0
329.0 460.0 326.0 467.0
329.0 460.0 335.0 455.0
301.0 496.0 295.0 496.0
301.0 496.0 311.0 495.0
295.0 441.0 307.0 449.0
295.0 441.0 291.0 437.0
315.0 488.0 305.0 489.0
315.0 488.0 323.0 487.0
340.0 445.0 331.0 447.0
340.0 445.0 347.0 446.0
290.0 496.0 282.0 492.0
290.0 496.0 297.0 497.0
305.0 459.0 295.0 465.0
305.0 459.0 313.0 457.0
277.0 437.0 276.0 443.0
277.0 437.0 272.0 427.0
346.0 396.0 339.0 401.0
346.0 396.0 354.0 398.0
332.0 390.0 327.0 397.0
332.0 390.0 341.0 389.0
348.0 418.0 341.0 427.0
348.0 418.0 352.0 412.0
378.0 390.0 373.0 396.0
378.0 390.0 385.0 392.0
322.0 405.0 314.0 405.0
322.0 405.0 328.0 406.0
341.0 415.0 341.0 425.0
341.0 415.0 341.0 409.0
357.0 439.0 367.0 439.0
357.0 439.0 350.0 436.0
313.0 428.0 319.0 431.0
313.0 428.0 304.0 424.0
395.0 412.0 395.0 419.0
395.0 412.0 395.0 406.0
345.0 407.0 348.0 413.0
345.0 407.0 338.0 404.0
370.0 410.0 377.0 415.0
370.0 410.0 365.0 401.0
325.0 407.0 320.0 411.0
325.0 407.0 327.0 400.0
364.0 433.0 359.0 436.0
364.0 433.0 368.0 434.0
294.0 409.0 286.0 411.0
294.0 409.0 299.0 409.0
345.0 422.0 339.0 421.0
345.0 422.0 354.0 421.0
310.0 352.0 315.0 360.0
310.0 352.0 306.0 344.0
296.0 359.0 300.0 363.0
296.0 359.0 286.0 353.0
312.0 370.0 313.0 374.0
312.0 370.0 321.0 362.0
305.0 338.0 304.0 348.0
305.0 338.0 308.0 331.0
287.0 338.0 284.0 347.0
287.0 338.0 290.0 333.0
298.0 383.0 286.0 381.0
298.0 383.0 303.0 385.0
321.0 352.0 325.0 358.0
321.0 352.0 323.0 347.0
313.0 380.0 322.0 380.0
313.0 380.0 308.0 378.0
267.0 372.0 274.0 382.0
267.0 372.0 265.0 368.0
298.0 387.0 298.0 391.0
298.0 387.0 294.0 383.0
282.0 356.0 284.0 359.0
282.0 356.0 281.0 348.0
301.0 323.0 305.0 329.0
301.0 323.0 300.0 317.0
306.0 348.0 293.0 345.0
306.0 348.0 312.0 349.0
334.0 317.0 337.0 320.0
334.0 317.0 330.0 315.0
280.0 377.0 280.0 386.0
280.0 377.0 281.0 370.0
324.0 341.0 325.0 347.0
324.0 341.0 326.0 335.0
321.0 371.0 329.0 377.0
321.0 371.0 314.0 372.0
306.0 383.0 309.0 390.0
306.0 383.0 304.0 380.0
259.0 335.0 264.0 343.0
259.0 335.0 250.0 326.0
276.0 319.0 268.0 321.0
276.0 319.0 283.0 321.0
304.0 329.0 314.0 331.0
304.0 329.0 305.0 320.0
283.0 307.0 288.0 312.0
283.0 307.0 276.0 303.0
280.0 353.0 276.0 357.0
280.0 353.0 284.0 345.0
290.0 338.0 291.0 338.0
290.0 338.0 283.0 330.0
314.0 294.0 306.0 300.0
314.0 294.0 325.0 286.0
333.0 307.0 327.0 315.0
333.0 307.0 335.0 299.0
314.0 344.0 307.0 345.0
314.0 344.0 323.0 340.0
315.0 320.0 310.0 328.0
315.0 320.0 320.0 314.0
262.0 383.0 262.0 383.0
262.0 383.0 251.0 382.0
322.0 373.0 318.0 380.0
322.0 373.0 331.0 373.0
312.0 356.0 315.0 362.0
312.0 356.0 306.0 353.0
304.0 389.0 303.0 394.0
304.0 389.0 310.0 392.0
267.0 362.0 262.0 365.0
267.0 362.0 273.0 359.0
327.0 355.0 336.0 358.0
327.0 355.0 324.0 348.0
259.0 350.0 247.0 354.0
259.0 350.0 263.0 348.0
242.0 326.0 234.0 329.0
242.0 326.0 248.0 323.0
415.0 273.0 418.0 278.0
415.0 273.0 414.0 267.0
417.0 267.0 418.0 271.0
417.0 267.0 428.0 261.0
419.0 279.0 414.0 285.0
419.0 279.0 420.0 278.0
427.0 296.0 432.0 302.0
427.0 296.0 417.0 295.0
404.0 282.0 402.0 289.0
404.0 282.0 406.0 274.0
426.0 279.0 434.0 282.0
426.0 279.0 421.0 280.0
428.0 244.0 438.0 255.0
428.0 244.0 425.0 240.0
444.0 316.0 449.0 325.0
444.0 316.0 451.0 309.0
412.0 293.0 417.0 304.0
412.0 293.0 410.0 287.0
477.0 283.0 466.0 287.0
477.0 283.0 481.0 280.0
442.0 295.0 437.0 298.0
442.0 295.0 446.0 291.0
434.0 251.0 431.0 261.0
434.0 251.0 438.0 247.0
467.0 227.0 475.0 230.0
467.0 227.0 463.0 223.0
421.0 239.0 411.0 241.0
421.0 239.0 429.0 240.0
460.0 318.0 453.0 314.0
460.0 318.0 471.0 318.0
415.0 296.0 410.0 294.0
415.0 296.0 422.0 295.0
412.0 277.0 417.0 281.0
412.0 277.0 404.0 274.0
374.0 273.0 377.0 274.0
374.0 273.0 365.0 274.0
370.0 266.0 376.0 273.0
370.0 266.0 363.0 260.0
388.0 273.0 388.0 280.0
388.0 273.0 389.0 265.0
381.0 290.0 379.0 294.0
381.0 290.0 381.0 285.0
367.0 269.0 367.0 269.0
367.0 269.0 368.0 255.0
389.0 271.0 384.0 272.0
389.0 271.0 397.0 271.0
397.0 249.0 393.0 253.0
397.0 249.0 397.0 239.0
413.0 253.0 405.0 255.0
413.0 253.0 413.0 245.0
374.0 294.0 383.0 301.0
374.0 294.0 373.0 290.0
349.0 241.0 348.0 240.0
349.0 241.0 360.0 240.0
348.0 281.0 354.0 286.0
348.0 281.0 341.0 274.0
370.0 260.0 363.0 267.0
370.0 260.0 373.0 250.0
376.0 274.0 372.0 276.0
376.0 274.0 382.0 269.0
397.0 220.0 392.0 228.0
397.0 220.0 394.0 212.0
389.0 250.0 392.0 252.0
389.0 250.0 385.0 244.0
357.0 247.0 356.0 257.0
357.0 247.0 361.0 237.0
338.0 249.0 335.0 251.0
338.0 249.0 344.0 247.0
342.0 265.0 342.0 269.0
342.0 265.0 337.0 262.0
383.0 311.0 384.0 317.0
383.0 311.0 374.0 305.0
293.0 197.0 300.0 199.0
293.0 197.0 290.0 193.0
301.0 219.0 294.0 221.0
301.0 219.0 307.0 219.0
278.0 255.0 269.0 254.0
278.0 255.0 286.0 253.0
326.0 251.0 331.0 258.0
326.0 251.0 321.0 249.0
251.0 192.0 243.0 193.0
251.0 192.0 261.0 192.0
277.0 186.0 282.0 191.0
277.0 186.0 271.0 183.0
279.0 166.0 279.0 166.0
279.0 166.0 269.0 170.0
218.0 204.0 214.0 210.0
218.0 204.0 225.0 196.0
302.0 191.0 308.0 192.0
302.0 191.0 296.0 184.0
273.0 189.0 269.0 194.0
273.0 189.0 279.0 184.0
207.0 227.0 200.0 233.0
207.0 227.0 211.0 224.0
279.0 185.0 278.0 193.0
279.0 185.0 281.0 177.0
243.0 169.0 244.0 171.0
243.0 169.0 239.0 163.0
263.0 216.0 264.0 218.0
263.0 216.0 263.0 209.0
217.0 177.0 215.0 184.0
217.0 177.0 219.0 170.0
298.0 159.0 291.0 162.0
298.0 159.0 305.0 153.0
321.0 163.0 323.0 171.0
321.0 163.0 322.0 153.0
303.0 189.0 297.0 190.0
303.0 189.0 308.0 186.0
232.0 227.0 232.0 237.0
232.0 227.0 228.0 215.0
187.0 249.0 184.0 254.0
187.0 249.0 195.0 245.0
298.0 206.0 295.0 211.0
298.0 206.0 307.0 205.0
299.0 164.0 308.0 166.0
299.0 164.0 289.0 164.0
267.0 212.0 274.0 222.0
267.0 212.0 263.0 206.0
256.0 193.0 252.0 196.0
256.0 193.0 258.0 183.0
273.0 166.0 279.0 171.0
273.0 166.0 269.0 156.0
361.0 156.0 352.0 158.0
361.0 156.0 368.0 158.0
225.0 142.0 224.0 150.0
225.0 142.0 229.0 132.0
337.0 146.0 344.0 148.0
337.0 146.0 329.0 139.0
341.0 167.0 341.0 172.0
341.0 167.0 339.0 162.0
282.0 180.0 284.0 184.0
282.0 180.0 281.0 171.0
237.0 172.0 235.0 175.0
237.0 172.0 240.0 166.0
251.0 156.0 251.0 156.0
251.0 156.0 251.0 149.0
217.0 170.0 222.0 171.0
217.0 170.0 211.0 171.0
288.0 175.0 296.0 174.0
288.0 175.0 278.0 171.0
170.0 252.0 170.0 258.0
170.0 252.0 173.0 247.0
306.0 198.0 313.0 202.0
306.0 198.0 301.0 191.0
234.0 204.0 234.0 213.0
234.0 204.0 236.0 201.0
313.0 171.0 318.0 177.0
313.0 171.0 313.0 165.0
280.0 136.0 286.0 140.0
280.0 136.0 276.0 132.0
223.0 242.0 231.0 246.0
223.0 242.0 220.0 241.0
200.0 246.0 192.0 248.0
200.0 246.0 208.0 246.0
282.0 206.0 279.0 205.0
282.0 206.0 289.0 209.0
259.0 130.0 257.0 138.0
259.0 130.0 262.0 120.0
289.0 227.0 282.0 234.0
289.0 227.0 294.0 225.0
260.0 199.0 262.0 209.0
260.0 199.0 257.0 192.0
346.0 154.0 346.0 160.0
346.0 154.0 352.0 147.0
248.0 213.0 252.0 217.0
248.0 213.0 248.0 208.0
262.0 175.0 267.0 183.0
262.0 175.0 262.0 168.0
330.0 152.0 330.0 159.0
330.0 152.0 332.0 147.0
272.0 146.0 267.0 145.0
272.0 146.0 279.0 142.0
330.0 130.0 328.0 130.0
330.0 130.0 342.0 132.0
301.0 52.0 304.0 56.0
301.0 52.0 299.0 50.0
304.0 67.0 315.0 70.0
304.0 67.0 299.0 66.0
305.0 52.0 312.0 53.0
305.0 52.0 298.0 47.0
311.0 96.0 314.0 102.0
311.0 96.0 309.0 88.0
320.0 60.0 317.0 69.0
320.0 60.0 323.0 49.0
296.0 46.0 293.0 54.0
296.0 46.0 298.0 35.0
321.0 49.0 327.0 52.0
321.0 49.0 316.0 46.0
318.0 72.0 330.0 73.0
318.0 72.0 314.0 72.0
294.0 59.0 292.0 67.0
294.0 59.0 301.0 53.0
283.0 49.0 289.0 51.0
283.0 49.0 278.0 50.0
245.0 60.0 245.0 60.0
245.0 60.0 247.0 53.0
284.0 59.0 284.0 64.0
284.0 59.0 286.0 54.0
268.0 92.0 265.0 97.0
268.0 92.0 272.0 88.0
222.0 75.0 216.0 80.0
222.0 75.0 228.0 71.0
285.0 35.0 282.0 40.0
285.0 35.0 289.0 27.0
258.0 342.0 258.0 342.0
258.0 342.0 258.0 335.0
243.0 332.0 234.0 335.0
243.0 332.0 251.0 335.0
258.0 352.0 245.0 352.0
258.0 352.0 269.0 351.0
244.0 343.0 232.0 345.0
244.0 343.0 251.0 341.0
267.0 335.0 273.0 343.0
267.0 335.0 260.0 324.0
219.0 292.0 210.0 290.0
219.0 292.0 225.0 295.0
205.0 340.0 209.0 347.0
205.0 340.0 205.0 336.0
294.0 360.0 296.0 367.0
294.0 360.0 289.0 360.0
246.0 320.0 244.0 327.0
246.0 320.0 247.0 316.0
219.0 334.0 213.0 343.0
219.0 334.0 225.0 331.0
312.0 203.0 309.0 216.0
312.0 203.0 316.0 201.0
299.0 249.0 292.0 249.0
299.0 249.0 308.0 249.0
302.0 224.0 302.0 224.0
302.0 224.0 307.0 219.0
290.0 243.0 285.0 244.0
290.0 243.0 297.0 242.0
306.0 243.0 306.0 248.0
306.0 243.0 307.0 233.0
286.0 226.0 287.0 234.0
286.0 226.0 285.0 221.0
315.0 216.0 319.0 222.0
315.0 216.0 317.0 209.0
297.0 223.0 290.0 227.0
297.0 223.0 304.0 221.0
329.0 199.0 332.0 205.0
329.0 199.0 327.0 192.0
295.0 212.0 283.0 215.0
295.0 212.0 296.0 213.0
340.0 221.0 342.0 227.0
340.0 221.0 341.0 215.0
326.0 195.0 319.0 190.0
326.0 195.0 336.0 183.0
289.0 233.0 290.0 240.0
289.0 233.0 284.0 233.0
304.0 227.0 304.0 231.0
304.0 227.0 306.0 218.0
426.0 227.0 422.0 229.0
426.0 227.0 433.0 227.0
407.0 232.0 404.0 240.0
407.0 232.0 411.0 223.0
423.0 224.0 426.0 230.0
423.0 224.0 418.0 220.0
402.0 227.0 405.0 233.0
402.0 227.0 397.0 219.0
419.0 251.0 414.0 255.0
419.0 251.0 425.0 244.0
415.0 207.0 416.0 214.0
415.0 207.0 410.0 197.0
393.0 254.0 389.0 267.0
393.0 254.0 399.0 247.0
394.0 213.0 394.0 213.0
394.0 213.0 390.0 200.0
436.0 246.0 445.0 251.0
436.0 246.0 433.0 244.0
420.0 244.0 419.0 247.0
420.0 244.0 417.0 237.0
385.0 271.0 383.0 277.0
385.0 271.0 387.0 262.0
404.0 208.0 411.0 213.0
404.0 208.0 401.0 199.0
411.0 276.0 414.0 282.0
411.0 276.0 408.0 267.0
401.0 185.0 410.0 190.0
401.0 185.0 399.0 176.0
384.0 238.0 378.0 245.0
384.0 238.0 390.0 233.0
384.0 265.0 389.0 267.0
384.0 265.0 380.0 261.0
383.0 163.0 384.0 169.0
383.0 163.0 381.0 155.0
421.0 233.0 425.0 239.0
421.0 233.0 420.0 227.0
381.0 287.0 385.0 297.0
381.0 287.0 377.0 281.0
403.0 212.0 401.0 219.0
403.0 212.0 403.0 206.0
400.0 154.0 408.0 155.0
400.0 154.0 393.0 152.0
422.0 294.0 424.0 301.0
422.0 294.0 418.0 288.0
396.0 181.0 392.0 183.0
396.0 181.0 401.0 176.0
375.0 249.0 380.0 249.0
375.0 249.0 368.0 246.0
439.0 239.0 438.0 249.0
439.0 239.0 437.0 234.0
379.0 195.0 384.0 201.0
379.0 195.0 371.0 191.0
388.0 229.0 393.0 229.0
388.0 229.0 384.0 224.0
165.0 362.0 171.0 362.0
165.0 362.0 156.0 359.0
156.0 361.0 149.0 364.0
156.0 361.0 166.0 358.0
160.0 353.0 151.0 356.0
160.0 353.0 166.0 353.0
171.0 356.0 164.0 360.0
171.0 356.0 175.0 355.0
132.0 383.0 136.0 387.0
132.0 383.0 133.0 372.0
141.0 365.0 141.0 374.0
141.0 365.0 139.0 359.0
150.0 350.0 155.0 357.0
150.0 350.0 143.0 345.0
188.0 363.0 194.0 375.0
188.0 363.0 191.0 362.0
116.0 372.0 120.0 375.0
116.0 372.0 114.0 364.0
164.0 374.0 158.0 387.0
164.0 374.0 171.0 366.0
111.0 399.0 110.0 401.0
111.0 399.0 125.0 400.0
145.0 331.0 145.0 338.0
145.0 331.0 147.0 325.0
147.0 382.0 145.0 388.0
147.0 382.0 149.0 375.0
134.0 358.0 132.0 365.0
134.0 358.0 140.0 350.0
152.0 355.0 148.0 364.0
152.0 355.0 153.0 348.0
190.0 377.0 189.0 386.0
190.0 377.0 193.0 369.0
113.0 381.0 109.0 389.0
113.0 381.0 115.0 372.0
173.0 346.0 168.0 351.0
173.0 346.0 178.0 340.0
99.0 341.0 91.0 341.0
99.0 341.0 111.0 339.0
177.0 366.0 172.0 370.0
177.0 366.0 179.0 356.0
107.0 425.0 106.0 434.0
107.0 425.0 110.0 422.0
87.0 408.0 86.0 414.0
87.0 408.0 87.0 396.0
154.0 397.0 148.0 406.0
154.0 397.0 160.0 393.0
130.0 339.0 121.0 339.0
130.0 339.0 136.0 335.0
203.0 355.0 205.0 361.0
203.0 355.0 207.0 351.0
220.0 364.0 229.0 358.0
220.0 364.0 214.0 365.0
212.0 368.0 217.0 371.0
212.0 368.0 204.0 359.0
245.0 352.0 240.0 354.0
245.0 352.0 248.0 341.0
236.0 362.0 238.0 376.0
236.0 362.0 232.0 361.0
226.0 354.0 234.0 357.0
226.0 354.0 220.0 345.0
232.0 367.0 234.0 380.0
232.0 367.0 233.0 366.0
237.0 328.0 243.0 330.0
237.0 328.0 229.0 321.0
259.0 339.0 259.0 347.0
259.0 339.0 256.0 336.0
243.0 373.0 251.0 375.0
243.0 373.0 237.0 372.0
254.0 360.0 255.0 366.0
254.0 360.0 261.0 358.0
229.0 361.0 234.0 367.0
229.0 361.0 229.0 353.0
241.0 349.0 248.0 355.0
241.0 349.0 236.0 351.0
228.0 335.0 228.0 341.0
228.0 335.0 225.0 323.0
238.0 345.0 241.0 345.0
238.0 345.0 237.0 334.0
270.0 351.0 273.0 358.0
270.0 351.0 269.0 344.0
254.0 342.0 256.0 351.0
254.0 342.0 250.0 337.0
250.0 263.0 245.0 268.0
250.0 263.0 254.0 259.0
263.0 264.0 258.0 268.0
263.0 264.0 263.0 253.0
260.0 264.0 260.0 264.0
260.0 264.0 265.0 272.0
233.0 267.0 231.0 275.0
233.0 267.0 237.0 263.0
259.0 286.0 255.0 299.0
259.0 286.0 266.0 284.0
271.0 244.0 280.0 241.0
271.0 244.0 263.0 245.0
278.0 290.0 270.0 297.0
278.0 290.0 285.0 287.0
238.0 240.0 234.0 246.0
238.0 240.0 243.0 238.0
256.0 312.0 264.0 318.0
256.0 312.0 255.0 307.0
246.0 287.0 243.0 295.0
246.0 287.0 255.0 282.0
267.0 219.0 276.0 228.0
267.0 219.0 263.0 217.0
248.0 230.0 256.0 236.0
248.0 230.0 242.0 227.0
311.0 246.0 313.0 255.0
311.0 246.0 306.0 241.0
261.0 322.0 260.0 330.0
261.0 322.0 268.0 315.0
269.0 269.0 271.0 269.0
269.0 269.0 264.0 264.0
261.0 220.0 262.0 226.0
261.0 220.0 265.0 210.0
243.0 290.0 245.0 295.0
243.0 290.0 238.0 287.0
275.0 296.0 280.0 300.0
275.0 296.0 271.0 290.0
238.0 233.0 244.0 236.0
238.0 233.0 232.0 230.0
273.0 238.0 274.0 244.0
273.0 238.0 278.0 231.0
231.0 239.0 240.0 242.0
231.0 239.0 224.0 242.0
234.0 257.0 237.0 256.0
234.0 257.0 231.0 253.0
322.0 267.0 329.0 273.0
322.0 267.0 314.0 264.0
310.0 208.0 306.0 226.0
310.0 208.0 317.0 205.0
274.0 334.0 283.0 346.0
274.0 334.0 272.0 333.0
272.0 315.0 266.0 317.0
272.0 315.0 278.0 310.0
255.0 189.0 252.0 195.0
255.0 189.0 266.0 183.0
250.0 271.0 261.0 281.0
250.0 271.0 247.0 271.0
295.0 265.0 302.0 277.0
295.0 265.0 296.0 263.0
215.0 217.0 224.0 222.0
215.0 217.0 207.0 217.0
266.0 228.0 260.0 227.0
266.0 228.0 271.0 225.0
287.0 304.0 293.0 311.0
287.0 304.0 282.0 302.0
264.0 265.0 270.0 265.0
264.0 265.0 257.0 263.0
279.0 258.0 282.0 264.0
279.0 258.0 277.0 250.0
239.0 244.0 238.0 246.0
239.0 244.0 245.0 240.0
259.0 300.0 269.0 304.0
259.0 300.0 253.0 300.0
278.0 215.0 284.0 218.0
278.0 215.0 265.0 212.0
239.0 286.0 244.0 287.0
239.0 286.0 236.0 279.0
396.0 228.0 403.0 229.0
396.0 228.0 388.0 228.0
398.0 205.0 400.0 212.0
398.0 205.0 399.0 198.0
382.0 208.0 379.0 218.0
382.0 208.0 388.0 203.0
385.0 203.0 379.0 212.0
385.0 203.0 391.0 198.0
396.0 185.0 396.0 192.0
396.0 185.0 396.0 174.0
371.0 219.0 380.0 226.0
371.0 219.0 368.0 216.0
385.0 198.0 395.0 201.0
385.0 198.0 377.0 196.0
389.0 180.0 380.0 185.0
389.0 180.0 401.0 179.0
408.0 198.0 414.0 199.0
408.0 198.0 401.0 200.0
353.0 212.0 357.0 216.0
353.0 212.0 351.0 203.0
377.0 230.0 379.0 237.0
377.0 230.0 373.0 220.0
371.0 195.0 364.0 200.0
371.0 195.0 371.0 196.0
368.0 168.0 357.0 166.0
368.0 168.0 377.0 170.0
392.0 207.0 392.0 216.0
392.0 207.0 394.0 203.0
410.0 196.0 410.0 194.0
410.0 196.0 399.0 191.0
426.0 186.0 431.0 192.0
426.0 186.0 423.0 177.0
157.0 176.0 156.0 181.0
157.0 176.0 155.0 164.0
156.0 216.0 153.0 227.0
156.0 216.0 156.0 207.0
158.0 161.0 148.0 161.0
158.0 161.0 172.0 158.0
151.0 197.0 146.0 201.0
151.0 197.0 155.0 193.0
143.0 207.0 143.0 214.0
143.0 207.0 143.0 199.0
163.0 230.0 167.0 238.0
163.0 230.0 154.0 230.0
199.0 157.0 200.0 161.0
199.0 157.0 199.0 148.0
181.0 170.0 179.0 173.0
181.0 170.0 185.0 157.0
126.0 196.0 129.0 201.0
126.0 196.0 116.0 190.0
162.0 224.0 155.0 233.0
162.0 224.0 160.0 225.0
171.0 251.0 177.0 253.0
171.0 251.0 163.0 244.0
189.0 129.0 198.0 134.0
189.0 129.0 185.0 119.0
165.0 150.0 174.0 153.0
165.0 150.0 159.0 142.0
192.0 173.0 189.0 183.0
192.0 173.0 197.0 165.0
166.0 192.0 163.0 198.0
166.0 192.0 164.0 184.0
110.0 179.0 103.0 185.0
110.0 179.0 122.0 175.0
253.0 118.0 254.0 118.0
253.0 118.0 249.0 112.0
237.0 120.0 231.0 120.0
237.0 120.0 245.0 120.0
211.0 69.0 210.0 72.0
211.0 69.0 213.0 63.0
200.0 114.0 194.0 122.0
200.0 114.0 206.0 109.0
187.0 132.0 196.0 133.0
187.0 132.0 184.0 129.0
119.0 95.0 123.0 102.0
119.0 95.0 106.0 91.0
135.0 101.0 134.0 111.0
135.0 101.0 137.0 95.0
113.0 96.0 108.0 101.0
113.0 96.0 119.0 88.0
112.0 136.0 113.0 139.0
112.0 136.0 105.0 124.0
150.0 92.0 163.0 105.0
150.0 92.0 142.0 99.0
117.0 96.0 116.0 100.0
117.0 96.0 119.0 88.0
138.0 53.0 148.0 57.0
138.0 53.0 139.0 51.0
98.0 176.0 93.0 180.0
98.0 176.0 106.0 170.0
185.0 88.0 186.0 92.0
185.0 88.0 184.0 82.0
150.0 102.0 150.0 110.0
150.0 102.0 151.0 100.0
173.0 83.0 173.0 92.0
173.0 83.0 176.0 73.0
132.0 394.0 136.0 400.0
132.0 394.0 128.0 390.0
133.0 404.0 133.0 411.0
133.0 404.0 128.0 399.0
117.0 374.0 119.0 380.0
117.0 374.0 112.0 367.0
129.0 387.0 133.0 389.0
129.0 387.0 123.0 384.0
160.0 393.0 171.0 391.0
160.0 393.0 157.0 392.0
140.0 393.0 137.0 393.0
140.0 393.0 139.0 379.0
118.0 350.0 118.0 355.0
118.0 350.0 118.0 341.0
140.0 358.0 135.0 372.0
140.0 358.0 146.0 352.0
156.0 376.0 159.0 384.0
156.0 376.0 160.0 367.0
154.0 411.0 156.0 419.0
154.0 411.0 158.0 404.0
147.0 405.0 150.0 414.0
147.0 405.0 148.0 401.0
211.0 362.0 206.0 366.0
211.0 362.0 214.0 356.0
210.0 387.0 207.0 388.0
210.0 387.0 211.0 381.0
209.0 362.0 215.0 366.0
209.0 362.0 202.0 357.0
209.0 418.0 216.0 421.0
209.0 418.0 200.0 414.0
235.0 381.0 246.0 384.0
235.0 381.0 230.0 383.0
201.0 377.0 195.0 368.0
201.0 377.0 203.0 380.0
214.0 375.0 212.0 376.0
214.0 375.0 217.0 369.0
258.0 380.0 257.0 389.0
258.0 380.0 260.0 370.0
230.0 373.0 232.0 379.0
230.0 373.0 232.0 365.0
167.0 397.0 161.0 399.0
167.0 397.0 171.0 395.0
199.0 387.0 202.0 397.0
199.0 387.0 194.0 381.0
215.0 353.0 216.0 359.0
215.0 353.0 219.0 348.0
180.0 384.0 183.0 387.0
180.0 384.0 173.0 376.0
295.0 388.0 296.0 398.0
295.0 388.0 290.0 379.0
281.0 380.0 272.0 388.0
281.0 380.0 292.0 375.0
285.0 389.0 293.0 391.0
285.0 389.0 273.0 389.0
293.0 394.0 292.0 397.0
293.0 394.0 301.0 388.0
254.0 390.0 256.0 388.0
254.0 390.0 249.0 390.0
287.0 385.0 283.0 391.0
287.0 385.0 292.0 382.0
281.0 386.0 275.0 396.0
281.0 386.0 285.0 379.0
279.0 412.0 277.0 416.0
279.0 412.0 279.0 409.0
295.0 386.0 305.0 386.0
295.0 386.0 291.0 387.0
267.0 400.0 265.0 403.0
267.0 400.0 274.0 393.0
246.0 374.0 242.0 385.0
246.0 374.0 245.0 371.0
279.0 388.0 281.0 385.0
279.0 388.0 277.0 378.0
298.0 372.0 296.0 380.0
298.0 372.0 299.0 365.0
293.0 413.0 304.0 416.0
293.0 413.0 289.0 407.0
272.0 417.0 274.0 423.0
272.0 417.0 271.0 410.0
295.0 394.0 305.0 396.0
295.0 394.0 291.0 389.0
312.0 371.0 320.0 372.0
312.0 371.0 302.0 366.0
261.0 417.0 268.0 421.0
261.0 417.0 253.0 417.0
297.0 379.0 301.0 380.0
297.0 379.0 291.0 374.0
310.0 364.0 320.0 365.0
310.0 364.0 304.0 361.0
245.0 166.0 243.0 172.0
245.0 166.0 252.0 160.0
247.0 145.0 253.0 151.0
247.0 145.0 239.0 145.0
225.0 167.0 222.0 175.0
225.0 167.0 225.0 161.0
215.0 204.0 213.0 212.0
215.0 204.0 217.0 198.0
221.0 149.0 221.0 151.0
221.0 149.0 222.0 159.0
244.0 150.0 250.0 156.0
244.0 150.0 243.0 140.0
232.0 160.0 229.0 166.0
232.0 160.0 235.0 154.0
242.0 130.0 247.0 135.0
242.0 130.0 239.0 116.0
225.0 127.0 229.0 135.0
225.0 127.0 225.0 124.0
247.0 153.0 240.0 157.0
247.0 153.0 253.0 150.0
225.0 187.0 227.0 196.0
225.0 187.0 225.0 184.0
208.0 227.0 208.0 236.0
208.0 227.0 210.0 222.0
227.0 158.0 221.0 158.0
227.0 158.0 234.0 152.0
209.0 176.0 207.0 178.0
209.0 176.0 219.0 173.0
205.0 162.0 210.0 170.0
205.0 162.0 204.0 155.0
219.0 107.0 213.0 116.0
219.0 107.0 223.0 96.0
265.0 153.0 272.0 159.0
265.0 153.0 259.0 149.0
261.0 132.0 260.0 137.0
261.0 132.0 258.0 125.0
211.0 124.0 215.0 131.0
211.0 124.0 212.0 116.0
346.0 111.0 344.0 116.0
346.0 111.0 352.0 102.0
333.0 136.0 333.0 136.0
333.0 136.0 338.0 129.0
339.0 87.0 336.0 96.0
339.0 87.0 340.0 78.0
333.0 142.0 341.0 143.0
333.0 142.0 321.0 138.0
353.0 119.0 354.0 126.0
353.0 119.0 348.0 117.0
356.0 139.0 361.0 146.0
356.0 139.0 351.0 134.0
311.0 142.0 310.0 157.0
311.0 142.0 312.0 134.0
327.0 73.0 334.0 82.0
327.0 73.0 321.0 74.0
325.0 98.0 315.0 98.0
325.0 98.0 333.0 97.0
368.0 143.0 369.0 147.0
368.0 143.0 367.0 132.0
333.0 151.0 324.0 155.0
333.0 151.0 344.0 138.0
344.0 102.0 346.0 107.0
344.0 102.0 348.0 93.0
351.0 154.0 343.0 157.0
351.0 154.0 357.0 151.0
331.0 131.0 328.0 138.0
331.0 131.0 336.0 128.0
302.0 171.0 306.0 180.0
302.0 171.0 300.0 163.0
336.0 84.0 343.0 85.0
336.0 84.0 326.0 80.0
341.0 113.0 350.0 113.0
341.0 113.0 328.0 111.0
294.0 80.0 292.0 90.0
294.0 80.0 299.0 79.0
381.0 117.0 379.0 115.0
381.0 117.0 394.0 108.0
329.0 60.0 324.0 59.0
329.0 60.0 338.0 60.0
396.0 141.0 401.0 147.0
396.0 141.0 395.0 136.0
352.0 142.0 362.0 137.0
352.0 142.0 345.0 147.0
343.0 88.0 343.0 98.0
343.0 88.0 344.0 84.0
359.0 79.0 363.0 83.0
359.0 79.0 356.0 72.0
315.0 161.0 320.0 163.0
315.0 161.0 305.0 160.0
360.0 105.0 371.0 106.0
360.0 105.0 354.0 102.0
364.0 147.0 359.0 150.0
364.0 147.0 370.0 144.0
325.0 143.0 327.0 148.0
325.0 143.0 325.0 136.0
283.0 148.0 293.0 156.0
283.0 148.0 285.0 148.0
321.0 68.0 330.0 71.0
321.0 68.0 315.0 74.0
308.0 126.0 307.0 135.0
308.0 126.0 307.0 118.0
300.0 94.0 299.0 99.0
300.0 94.0 310.0 96.0
342.0 69.0 348.0 76.0
342.0 69.0 340.0 69.0
398.0 187.0 403.0 190.0
398.0 187.0 390.0 185.0
393.0 196.0 389.0 198.0
393.0 196.0 396.0 182.0
409.0 205.0 403.0 205.0
409.0 205.0 415.0 200.0
389.0 180.0 394.0 182.0
389.0 180.0 383.0 174.0
379.0 212.0 376.0 218.0
379.0 212.0 385.0 201.0
398.0 203.0 407.0 211.0
398.0 203.0 396.0 199.0
424.0 201.0 434.0 201.0
424.0 201.0 419.0 202.0
365.0 163.0 366.0 170.0
365.0 163.0 370.0 155.0
411.0 192.0 411.0 192.0
411.0 192.0 424.0 196.0
360.0 227.0 364.0 232.0
360.0 227.0 353.0 225.0
395.0 203.0 397.0 208.0
395.0 203.0 382.0 197.0
417.0 215.0 420.0 228.0
417.0 215.0 415.0 210.0
467.0 194.0 478.0 199.0
467.0 194.0 458.0 191.0
397.0 190.0 401.0 195.0
397.0 190.0 395.0 186.0
427.0 206.0 435.0 211.0
427.0 206.0 423.0 200.0
404.0 170.0 404.0 178.0
404.0 170.0 403.0 162.0
382.0 194.0 380.0 206.0
382.0 194.0 387.0 188.0
390.0 145.0 383.0 149.0
390.0 145.0 399.0 143.0
349.0 184.0 348.0 189.0
349.0 184.0 357.0 176.0
359.0 263.0 359.0 272.0
359.0 263.0 363.0 256.0
353.0 216.0 348.0 220.0
353.0 216.0 357.0 209.0
419.0 224.0 427.0 232.0
419.0 224.0 412.0 224.0
445.0 208.0 452.0 210.0
445.0 208.0 440.0 199.0
420.0 200.0 421.0 202.0
420.0 200.0 418.0 194.0
451.0 192.0 460.0 197.0
451.0 192.0 445.0 190.0
480.0 191.0 490.0 186.0
480.0 191.0 477.0 195.0
400.0 220.0 399.0 224.0
400.0 220.0 406.0 208.0
445.0 227.0 451.0 233.0
445.0 227.0 440.0 218.0
387.0 169.0 378.0 174.0
387.0 169.0 390.0 165.0
390.0 204.0 387.0 213.0
390.0 204.0 399.0 195.0
412.0 167.0 416.0 170.0
412.0 167.0 412.0 162.0
155.0 247.0 151.0 248.0
155.0 247.0 155.0 241.0
158.0 274.0 152.0 284.0
158.0 274.0 165.0 271.0
154.0 267.0 149.0 271.0
154.0 267.0 160.0 267.0
146.0 268.0 139.0 272.0
146.0 268.0 152.0 270.0
169.0 263.0 170.0 268.0
169.0 263.0 176.0 255.0
158.0 252.0 154.0 257.0
158.0 252.0 165.0 249.0
142.0 246.0 131.0 254.0
142.0 246.0 150.0 236.0
171.0 250.0 175.0 257.0
171.0 250.0 169.0 244.0
150.0 261.0 147.0 268.0
150.0 261.0 150.0 253.0
132.0 277.0 122.0 278.0
132.0 277.0 139.0 278.0
161.0 281.0 159.0 289.0
161.0 281.0 164.0 274.0
181.0 245.0 187.0 252.0
181.0 245.0 178.0 235.0
165.0 230.0 164.0 238.0
165.0 230.0 165.0 225.0
180.0 264.0 186.0 270.0
180.0 264.0 177.0 257.0
161.0 266.0 168.0 274.0
161.0 266.0 155.0 262.0
143.0 276.0 134.0 281.0
143.0 276.0 152.0 275.0
126.0 302.0 132.0 307.0
126.0 302.0 122.0 298.0
149.0 212.0 146.0 220.0
149.0 212.0 151.0 206.0
106.0 300.0 104.0 305.0
106.0 300.0 107.0 295.0
189.0 252.0 194.0 252.0
189.0 252.0 181.0 243.0
180.0 224.0 187.0 232.0
180.0 224.0 179.0 221.0
152.0 246.0 163.0 251.0
152.0 246.0 146.0 242.0
149.0 287.0 145.0 293.0
149.0 287.0 154.0 281.0
117.0 255.0 116.0 256.0
117.0 255.0 124.0 261.0
213.0 320.0 213.0 322.0
213.0 320.0 209.0 316.0
201.0 317.0 199.0 319.0
201.0 317.0 215.0 316.0
191.0 311.0 185.0 312.0
191.0 311.0 198.0 304.0
219.0 312.0 214.0 315.0
219.0 312.0 229.0 302.0
183.0 328.0 179.0 338.0
183.0 328.0 189.0 321.0
187.0 303.0 184.0 298.0
187.0 303.0 196.0 298.0
163.0 326.0 154.0 326.0
163.0 326.0 168.0 324.0
227.0 299.0 224.0 310.0
227.0 299.0 229.0 289.0
206.0 331.0 211.0 344.0
206.0 331.0 204.0 322.0
184.0 311.0 190.0 316.0
184.0 311.0 183.0 300.0
179.0 339.0 174.0 349.0
179.0 339.0 187.0 338.0
203.0 303.0 201.0 309.0
203.0 303.0 208.0 292.0
158.0 303.0 157.0 307.0
158.0 303.0 164.0 296.0
147.0 354.0 151.0 367.0
147.0 354.0 144.0 344.0
219.0 360.0 209.0 363.0
219.0 360.0 231.0 357.0
226.0 322.0 233.0 334.0
226.0 322.0 227.0 317.0
231.0 276.0 226.0 285.0
231.0 276.0 228.0 270.0
212.0 326.0 210.0 336.0
212.0 326.0 211.0 322.0
152.0 333.0 145.0 337.0
152.0 333.0 155.0 331.0
200.0 162.0 195.0 166.0
200.0 162.0 207.0 155.0
179.0 180.0 169.0 181.0
179.0 180.0 181.0 177.0
217.0 139.0 214.0 149.0
217.0 139.0 225.0 134.0
198.0 164.0 194.0 168.0
198.0 164.0 201.0 152.0
179.0 181.0 177.0 189.0
179.0 181.0 187.0 177.0
164.0 198.0 161.0 202.0
164.0 198.0 165.0 190.0
223.0 173.0 229.0 172.0
223.0 173.0 214.0 170.0
187.0 165.0 196.0 171.0
187.0 165.0 181.0 161.0
228.0 107.0 223.0 109.0
228.0 107.0 236.0 104.0
161.0 150.0 157.0 160.0
161.0 150.0 161.0 140.0
205.0 181.0 212.0 180.0
205.0 181.0 198.0 183.0
226.0 136.0 215.0 138.0
226.0 136.0 238.0 135.0
185.0 181.0 179.0 185.0
185.0 181.0 190.0 180.0
174.0 173.0 176.0 175.0
174.0 173.0 173.0 166.0
163.0 98.0 166.0 110.0
163.0 98.0 165.0 90.0
215.0 163.0 217.0 165.0
215.0 163.0 209.0 159.0
263.0 123.0 264.0 131.0
263.0 123.0 262.0 120.0
200.0 175.0 198.0 179.0
200.0 175.0 210.0 170.0
218.0 135.0 220.0 142.0
218.0 135.0 211.0 127.0
166.0 147.0 170.0 151.0
166.0 147.0 162.0 138.0
177.0 197.0 178.0 208.0
177.0 197.0 167.0 192.0
156.0 184.0 155.0 191.0
156.0 184.0 154.0 179.0
238.0 171.0 229.0 177.0
238.0 171.0 243.0 167.0
190.0 73.0 177.0 73.0
190.0 73.0 197.0 70.0
203.0 189.0 205.0 196.0
203.0 189.0 203.0 179.0
191.0 216.0 193.0 220.0
191.0 216.0 189.0 211.0
178.0 173.0 181.0 182.0
178.0 173.0 178.0 168.0
251.0 68.0 253.0 71.0
251.0 68.0 247.0 60.0
236.0 123.0 229.0 130.0
236.0 123.0 245.0 122.0
158.0 162.0 161.0 172.0
158.0 162.0 153.0 153.0
166.0 84.0 171.0 92.0
166.0 84.0 159.0 83.0
148.0 96.0 154.0 106.0
148.0 96.0 134.0 98.0
316.0 223.0 306.0 227.0
316.0 223.0 321.0 217.0
330.0 219.0 327.0 227.0
330.0 219.0 334.0 211.0
326.0 195.0 330.0 203.0
326.0 195.0 330.0 187.0
293.0 257.0 294.0 263.0
293.0 257.0 298.0 249.0
303.0 229.0 303.0 229.0
303.0 229.0 307.0 221.0
322.0 193.0 311.0 197.0
322.0 193.0 326.0 192.0
333.0 167.0 340.0 167.0
333.0 167.0 322.0 165.0
270.0 229.0 268.0 238.0
270.0 229.0 270.0 223.0
271.0 269.0 277.0 278.0
271.0 269.0 268.0 264.0
338.0 179.0 341.0 188.0
338.0 179.0 334.0 177.0
276.0 221.0 274.0 227.0
276.0 221.0 279.0 210.0
286.0 193.0 284.0 195.0
286.0 193.0 290.0 185.0
297.0 164.0 299.0 166.0
297.0 164.0 295.0 159.0
251.0 234.0 261.0 235.0
251.0 234.0 250.0 236.0
258.0 260.0 247.0 256.0
258.0 260.0 272.0 258.0
251.0 197.0 258.0 203.0
251.0 197.0 243.0 191.0
311.0 161.0 306.0 167.0
311.0 161.0 315.0 159.0
269.0 297.0 274.0 301.0
269.0 297.0 258.0 291.0
267.0 186.0 272.0 189.0
267.0 186.0 266.0 182.0
281.0 154.0 277.0 156.0
281.0 154.0 286.0 147.0
365.0 168.0 373.0 170.0
365.0 168.0 355.0 170.0
256.0 217.0 264.0 215.0
256.0 217.0 245.0 214.0
378.0 183.0 375.0 188.0
378.0 183.0 386.0 178.0
337.0 154.0 332.0 162.0
337.0 154.0 338.0 149.0
276.0 165.0 270.0 164.0
276.0 165.0 288.0 163.0
250.0 232.0 257.0 232.0
250.0 232.0 241.0 233.0
242.0 191.0 237.0 198.0
242.0 191.0 247.0 186.0
265.0 256.0 264.0 254.0
265.0 256.0 260.0 262.0
217.0 231.0 211.0 228.0
217.0 231.0 229.0 227.0
307.0 158.0 314.0 161.0
307.0 158.0 302.0 159.0
258.0 198.0 255.0 202.0
258.0 198.0 265.0 189.0
331.0 140.0 321.0 144.0
331.0 140.0 336.0 137.0
329.0 241.0 327.0 241.0
329.0 241.0 329.0 233.0
330.0 221.0 325.0 223.0
330.0 221.0 338.0 218.0
317.0 222.0 325.0 222.0
317.0 222.0 311.0 218.0
336.0 205.0 334.0 207.0
336.0 205.0 332.0 218.0
291.0 255.0 287.0 261.0
291.0 255.0 293.0 252.0
297.0 230.0 304.0 236.0
297.0 230.0 297.0 220.0
345.0 192.0 355.0 196.0
345.0 192.0 338.0 191.0
284.0 237.0 291.0 248.0
284.0 237.0 282.0 230.0
338.0 213.0 338.0 219.0
338.0 213.0 344.0 208.0
280.0 277.0 275.0 275.0
280.0 277.0 284.0 275.0
304.0 200.0 311.0 207.0
304.0 200.0 298.0 195.0
296.0 233.0 298.0 236.0
296.0 233.0 293.0 227.0
328.0 225.0 334.0 231.0
328.0 225.0 323.0 219.0
277.0 218.0 277.0 223.0
277.0 218.0 282.0 208.0
374.0 201.0 374.0 202.0
374.0 201.0 363.0 198.0
344.0 181.0 334.0 182.0
344.0 181.0 351.0 184.0
297.0 254.0 306.0 260.0
297.0 254.0 287.0 249.0
344.0 237.0 341.0 247.0
344.0 237.0 342.0 226.0
350.0 207.0 339.0 205.0
350.0 207.0 357.0 210.0
273.0 239.0 262.0 243.0
273.0 239.0 280.0 232.0
299.0 180.0 292.0 180.0
299.0 180.0 309.0 179.0
304.0 199.0 303.0 204.0
304.0 199.0 315.0 193.0
298.0 274.0 298.0 274.0
298.0 274.0 287.0 275.0
301.0 237.0 311.0 242.0
301.0 237.0 294.0 232.0
270.0 270.0 262.0 275.0
270.0 270.0 277.0 266.0
287.0 222.0 281.0 224.0
287.0 222.0 294.0 214.0
266.0 230.0 269.0 237.0
266.0 230.0 265.0 219.0
344.0 269.0 340.0 276.0
344.0 269.0 350.0 263.0
372.0 76.0 376.0 78.0
372.0 76.0 371.0 70.0
340.0 65.0 343.0 75.0
340.0 65.0 340.0 61.0
356.0 73.0 357.0 81.0
356.0 73.0 355.0 67.0
349.0 59.0 345.0 63.0
349.0 59.0 356.0 57.0
