[&R] ((((((216_11:0,216_12:0)175_8:3.07,(216_9:0,216_10:0)178_7:0.07)130_4:0.003,((216_7:1.112,216_8:0.112)180_6:1.032,(216_5:0,216_6:0)185_3:0.144)132_3:0.928)83_2:5.408,((216_1:0,216_2:0)196_1:1.399,(216_3:0,216_4:0)200_3:2.399)140_1:4.081)37_1:1.52,((((216_14:0,216_15:0)191_12:0.127,216_13:1.127)140_7:5.274,(216_16:0,216_17:0)206_17:3.402)91_5:0.032,((216_20:0.008,216_21:1.008)181_19:0.001,(216_18:0,216_19:0)185_16:1.009)142_12:3.424)40_3:3.566)virtual:0)I0;
I0,0,0,0,0,0,0,0,0,0,0
virtual,0,0,0,0,0,0,0,0,0,0
40_3,0,0,0:0.11/2:0.89,0:0.11/1:0.89,0,0,0,0:0.11/1:0.89,0:0.11/2:0.89,0
142_12,2,0,2,1,2,0,0,1,2,2
185_16,2,0,2,1,2,2,0,1,2,2
216_19,2,0,2,1,2,2,0,1,2,2
216_18,2,0,2,1,2,2,0,1,2,2
181_19,2,0,2,1,2,0,0,1,2,2
216_21,2,1,2,1,2,0,0,1,2,2
216_20,2,0,2,1,2,0,0,1,2,2
91_5,0,0,0:0.11/2:0.89,0:0.11/1:0.89,0,0,0:0.98/1:0.02,0:0.11/1:0.89,0:0.11/2:0.89,0
206_17,0,1,2,1,0,0,1,1,2,2
216_17,0,1,2,1,0,0,1,1,2,2
216_16,0,1,2,1,0,0,1,1,2,2
140_7,0:0.02/2:0.98,0:0.02/2:0.98,2,1,0:0.02/1:0.98,0:0.02/2:0.98,0:0.02/1:0.98,1,2,0
216_13,2,2,2,1,1,2,1,1,2,2
191_12,2,2,2,1,1,2,1,1,2,0
216_15,2,2,2,1,1,2,1,1,2,0
216_14,2,2,2,1,1,2,1,1,2,0
37_1,0,0,0,0:0.49/2:0.51,0,0:0.49/2:0.51,0:0.49/1:0.51,0,0,0
140_1,0:0.09/1:0.91,0,0,0:0.04/2:0.96,0,0:0.04/2:0.96,0:0.04/1:0.96,0:0.09/2:0.91,0:0.09/2:0.91,0
200_3,1,0,0,2,2,2,1,2,2,2
216_4,1,0,0,2,2,2,1,2,2,2
216_3,1,0,0,2,2,2,1,2,2,2
196_1,1,0,0,2,1,2,1,2,2,0
216_2,1,0,0,2,1,2,1,2,2,0
216_1,1,0,0,2,1,2,1,2,2,0
83_2,0:0.01/2:0.99,0:0.01/2:0.99,0,0:0.01/2:0.99,0:0.01/2:0.99,0:0.01/2:0.99,0:0.01/1:0.99,0,0:0.01/1:0.99,0
132_3,2,2,0,2,2,2,1,0,1,0:0.13/2:0.87
185_3,2,2,0,2,2,2,1,0,1,2
216_6,2,2,0,2,2,2,1,0,1,2
216_5,2,2,0,2,2,2,1,0,1,2
180_6,2,2,0,2,2,2,1,0:0.1/1:0.9,1,0:0.01/2:0.99
216_8,2,2,0,2,2,2,1,1,1,2
216_7,2,2,1,2,2,2,1,1,1,2
130_4,0:0.01/2:0.99,0:0.01/2:0.99,0,0:0.01/2:0.99,0:0.01/2:0.99,0:0.01/2:0.99,0:0.01/1:0.99,0,0:0.01/1:0.99,0
178_7,2,2,0,2,2,2,1,0,1,0
216_10,2,2,0,2,2,2,1,0,1,0
216_9,2,2,0,2,2,2,1,0,1,0
175_8,2,2,2,2,2,2,1,1,1,1
216_12,2,2,2,2,2,2,1,1,1,1
216_11,2,2,2,2,2,2,1,1,1,1
