[&R] (((((((216_15:1.037,216_16:0.037)199_9:1.024,216_18:0.062)152_7:1.945,((216_19:0,216_20:0)202_13:3.007,(216_21:0,216_22:0)204_15:0.007)156_9:0)104_5:0.003,(((216_29:0,216_30:0)205_21:0.015,216_27:1.015)160_12:0.003,216_26:2.018)114_7:1.992)52_3:3.715,(((216_31:0,216_32:0)203_21:0.06,(216_35:0,216_36:0)208_28:1.06)116_9:4.553,(((216_43:1.043,216_44:0.043)207_31:1.111,(216_45:0,216_46:0)211_37:1.154)164_19:0.884,((216_39:0,216_40:0)208_30:1,(216_41:0,216_42:1)211_34:0)170_20:0.037)120_11:1.576)59_5:3.112)12_2:0.275,((((216_11:0,216_12:0)212_7:1.011,(216_13:0,216_14:0)214_12:1.011)168_4:0.002,((216_8:0,216_9:0)213_6:1.036,216_10:0.036)172_3:0.977)123_2:1.085,((216_1:0,216_3:0)175_1:2.121,(216_6:0,216_7:0)213_5:0.121)125_1:0.977)69_1:3.902)virtual:0)I0;
I0,0,0,0,0,0,0,0,0,0,0
virtual,0,0,0,0,0,0,0,0,0,0
69_1,0,0:0.02/2:0.98,0:0.02/2:0.98,0,0:0.02/2:0.98,0,0:0.02/1:0.98,0,0,0
125_1,0,2,2,0,2,0,1,0,0:0.11/2:0.89,0
213_5,0,2,2,0,2,0,1,0,2,0
216_7,0,2,2,0,2,0,1,0,2,0
216_6,0,2,2,0,2,0,1,0,2,0
175_1,2,2,2,0,2,2,1,0,2,0
216_3,2,2,2,0,2,2,1,0,2,0
216_1,2,2,2,0,2,2,1,0,2,0
123_2,0:0.01/1:0.99,2,2,0,2,0,1,0,0,0
172_3,1,2,2,0,2,0,1,0,0:0.04/1:0.96,0
216_10,1,2,2,0,2,0,1,0,1,0
213_6,1,2,2,0,2,0,1,2,1,0
216_9,1,2,2,0,2,0,1,2,1,0
216_8,1,2,2,0,2,0,1,2,1,0
168_4,0:0.01/1:0.99,2,2,0,2,0,1,0,0,0
214_12,1,2,2,0,2,0,1,2,0,0
216_14,1,2,2,0,2,0,1,2,0,0
216_13,1,2,2,0,2,0,1,2,0,0
212_7,1,2,2,0,2,0,1,0,1,0
216_12,1,2,2,0,2,0,1,0,1,0
216_11,1,2,2,0,2,0,1,0,1,0
12_2,0:0.72/2:0.28,0,0,0,0,0,0,0,0,0
59_5,0:0.12/2:0.88,0,0,0,0,0:0.16/2:0.84,0:0.16/2:0.84,0,0,0:0.16/2:0.84
120_11,2,0:0.02/2:0.98,0,0,0,2,2,0,0,2
170_20,2,2,0,0,0,2,2,0,0,2
211_34,2,2,0,0,0,2,2,0,0,2
216_42,2,2,0,0,1,2,2,0,0,2
216_41,2,2,0,0,0,2,2,0,0,2
208_30,2,2,1,0,0,2,2,0,0,2
216_40,2,2,1,0,0,2,2,0,0,2
216_39,2,2,1,0,0,2,2,0,0,2
164_19,2,2,0,0:0.15/1:0.85,0,2,2,0,0,2
211_37,2,2,1,1,0,2,2,0,0,2
216_46,2,2,1,1,0,2,2,0,0,2
216_45,2,2,1,1,0,2,2,0,0,2
207_31,2,2,0,0:0.01/1:0.99,0,2,2,0:0.04/1:0.96,0,2
216_44,2,2,0,1,0,2,2,1,0,2
216_43,2,2,2,1,0,2,2,1,0,2
116_9,2,0,0:0.01/1:0.99,0,0:0.01/2:0.99,2,2,0:0.01/1:0.99,0:0.01/2:0.99,2
208_28,2,1,1,0,2,2,2,1,2,2
216_36,2,1,1,0,2,2,2,1,2,2
216_35,2,1,1,0,2,2,2,1,2,2
203_21,2,0,1,0,2,2,2,1,2,2
216_32,2,0,1,0,2,2,2,1,2,2
216_31,2,0,1,0,2,2,2,1,2,2
52_3,2,2,0,0,1,0,1,0,0,0
114_7,2,2,0,0,1,0:0.01/2:0.99,1,0,0,0:0.01/2:0.99
216_26,2,2,0,2,1,2,1,2,0,2
160_12,2,2,0,0,1,0:0.01/2:0.99,1,0,0,0:0.01/2:0.99
216_27,2,2,0,2,1,2,1,0,0,2
205_21,2,2,0,0,1,2,1,0,0,2
216_30,2,2,0,0,1,2,1,0,0,2
216_29,2,2,0,0,1,2,1,0,0,2
104_5,2,2,0,0,1,0,1,0,0,0
156_9,2,2,0,0,1,0,1,0,0,0
204_15,2,2,0,0,1,0,1,0,0,0
216_22,2,2,0,0,1,0,1,0,0,0
216_21,2,2,0,0,1,0,1,0,0,0
202_13,2,2,0,2,1,1,1,1,0,0
216_20,2,2,0,2,1,1,1,1,0,0
216_19,2,2,0,2,1,1,1,1,0,0
152_7,2,2,0,0:0.03/1:0.97,1,0,1,0,0:0.03/2:0.97,0
216_18,2,2,0,1,1,0,1,0,2,0
199_9,2,2,0,1,1,0,1,0:0.04/1:0.96,2,0
216_16,2,2,0,1,1,0,1,1,2,0
216_15,2,2,0,1,1,1,1,1,2,0
