[&R] ((((((216_16:0,216_17:0)215_16:0,216_18:0)176_8:0,(216_19:0,216_20:0)200_15:0)129_5:0.276,((216_9:0.004,216_11:1.004)177_5:0.002,(216_14:0,216_15:0)210_12:0.006)131_4:2.271)73_2:4.473,(((216_3:0,216_4:0)183_2:0.048,(216_1:0,216_2:0)185_1:1.048)128_1:2.221,((216_5:0,216_6:0)190_5:1.147,216_8:1.147)140_3:1.123)75_1:2.48)32_1:2.25)I0;
I0,0,0,0,0,0,0,0,0,0,0
32_1,0,0,0,0:0.25/2:0.75,0,0:0.25/1:0.75,0,0:0.25/2:0.75,0,0
75_1,0,0,0:0.1/2:0.9,0:0.02/2:0.98,0:0.1/2:0.9,0:0.02/1:0.98,0,0:0.02/2:0.98,0,0
140_3,0,0:0.12/1:0.88,0:0.01/2:0.99,2,0:0.01/2:0.99,1,0,2,0,0
216_8,0,1,2,2,2,1,2,2,0,0
190_5,0,1,2,2,2,1,0,2,0,1
216_6,0,1,2,2,2,1,0,2,0,1
216_5,0,1,2,2,2,1,0,2,0,1
128_1,0,0,2,2,2,1,0:0.02/2:0.98,2,0,0:0.02/1:0.98
185_1,0,1,2,2,2,1,2,2,0,1
216_2,0,1,2,2,2,1,2,2,0,1
216_1,0,1,2,2,2,1,2,2,0,1
183_2,0,0,2,2,2,1,2,2,0,1
216_4,0,0,2,2,2,1,2,2,0,1
216_3,0,0,2,2,2,1,2,2,0,1
73_2,0:0.06/2:0.94,0:0.06/1:0.94,0:0.06/1:0.94,0:0.01/2:0.99,0,0:0.01/1:0.99,0,0:0.01/2:0.99,0,0:0.06/1:0.94
131_4,2,1,1,2,0,1,1,2,2,1
210_12,2,1,1,2,0,1,1,2,2,1
216_15,2,1,1,2,0,1,1,2,2,1
216_14,2,1,1,2,0,1,1,2,2,1
177_5,2,1,1,2,0,1,1,2,2,1
216_11,2,1,1,2,1,1,1,2,2,1
216_9,2,1,1,2,0,1,1,2,2,1
129_5,2,1,1,2,0,1,0,2,0,1
200_15,2,1,1,2,0,1,0,2,0,1
216_20,2,1,1,2,0,1,0,2,0,1
216_19,2,1,1,2,0,1,0,2,0,1
176_8,2,1,1,2,0,1,0,2,0,1
216_18,2,1,1,2,0,1,0,2,0,1
215_16,2,1,1,2,0,1,0,2,0,1
216_17,2,1,1,2,0,1,0,2,0,1
216_16,2,1,1,2,0,1,0,2,0,1
