[&R] (((((((216_32:0,216_33:0)211_28:0,(216_30:0,216_31:0)215_30:0)177_16:0,(216_34:0,216_35:0)183_21:0)139_9:3.064,(216_26:1.068,216_27:0.068)179_15:4.996)87_4:0.032,(((216_20:0.033,216_21:1.033)182_12:1.089,(216_18:1.162,216_19:1.162)185_11:0.96)141_6:1.25,((216_24:0,216_25:0)194_17:0.049,(216_22:0,216_23:0)196_17:1.049)146_9:3.323)90_3:0.724)39_2:2.354,((((216_6:0.001,216_7:1.001)211_6:0.001,216_5:0.002)174_3:1.161,((216_9:0,216_10:0)214_9:1.051,216_8:0.051)178_5:1.113)135_2:2.961,216_3:5.124)90_1:2.327)virtual:0.549)I0;
I0,0,0,0,0,0,0,0,0,0,0
virtual,0,0,0,0,0,0:0.45/2:0.55,0,0,0,0
90_1,0:0.33/1:0.67,0:0.33/1:0.67,0,0,0,0:0.15/2:0.85,0,0:0.33/2:0.67,0,0
216_3,1,1,1,2,0,2,2,2,0,1
135_2,0:0.02/1:0.98,0:0.02/1:0.98,0:0.05/2:0.95,0,0:0.05/2:0.95,0:0.01/2:0.99,0,0:0.02/2:0.98,0,0
178_5,1,1,2,0:0.04/2:0.96,2,2,0,2,0,0
216_8,1,1,2,2,2,2,0,2,0,0
214_9,1,1,2,2,2,2,1,2,0,0
216_10,1,1,2,2,2,2,1,2,0,0
216_9,1,1,2,2,2,2,1,2,0,0
174_3,1,1,2,0,2,2,0,2,1,0
216_5,1,1,2,0,2,2,0,2,1,0
211_6,1,1,2,0,2,2,0,2,1,0
216_7,1,1,2,0,2,2,0,2,1,2
216_6,1,1,2,0,2,2,0,2,1,0
39_2,0,0,0:0.04/2:0.96,0:0.04/2:0.96,0,0:0.02/2:0.98,0,0,0,0
90_3,0:0.34/2:0.66,0,0:0.01/2:0.99,0:0.01/2:0.99,0,0:0.01/2:0.99,0,0,0,0
146_9,2,0:0.01/1:0.99,2,2,0,2,0:0.01/1:0.99,0,0,0:0.01/1:0.99
196_17,2,1,2,2,0,2,1,2,0,1
216_23,2,1,2,2,0,2,1,2,0,1
216_22,2,1,2,2,0,2,1,2,0,1
194_17,2,1,2,2,0,2,1,0,0,1
216_25,2,1,2,2,0,2,1,0,0,1
216_24,2,1,2,2,0,2,1,0,0,1
141_6,0:0.03/2:0.97,0,2,2,0,2,0,0,0:0.09/1:0.91,0
185_11,2,0,2,2,0,2,0:0.14/2:0.86,0,0:0.01/1:0.99,0
216_19,2,0,2,2,2,2,2,0,1,0
216_18,2,0,2,2,0,2,2,2,1,0
182_12,2,0,2,2,0,2,0,0:0.03/1:0.97,1,0
216_21,2,2,2,2,0,2,0,1,1,0
216_20,2,0,2,2,0,2,0,1,1,0
87_4,0,0,0:0.04/2:0.96,0:0.04/2:0.96,0,0:0.02/2:0.98,0,0:0.97/1:0.03,0,0
179_15,0:0.01/1:0.99,0,2,2,0:0.01/1:0.99,2,0:0.01/1:0.99,0:0.01/1:0.99,0:0.01/1:0.99,0
216_27,1,0,2,2,1,2,1,1,1,0
216_26,1,0,2,2,1,2,1,1,1,1
139_9,0,0,2,2,0,2,2,1,2,0
183_21,0,0,2,2,0,2,2,1,2,0
216_35,0,0,2,2,0,2,2,1,2,0
216_34,0,0,2,2,0,2,2,1,2,0
177_16,0,0,2,2,0,2,2,1,2,0
215_30,0,0,2,2,0,2,2,1,2,0
216_31,0,0,2,2,0,2,2,1,2,0
216_30,0,0,2,2,0,2,2,1,2,0
211_28,0,0,2,2,0,2,2,1,2,0
216_33,0,0,2,2,0,2,2,1,2,0
216_32,0,0,2,2,0,2,2,1,2,0
