[&R] (((((((216_32:0,216_33:0)211_28:0,(216_30:0,216_31:0)215_30:0)177_16:0,(216_34:0,216_35:0)183_21:0)139_9:1.614,(216_26:0,216_27:0)179_15:2.614)87_4:2.806,(((216_20:0,216_21:0)182_12:0,(216_18:0,216_19:0)185_11:0)141_6:0.002,((216_24:0,216_25:1)194_17:0,(216_22:0,216_23:0)196_17:0)146_9:0.001)90_3:5.419)39_2:3.549,((((216_6:0,216_7:0)211_6:0,216_5:0)174_3:0,((216_9:0,216_10:0)214_9:0,216_8:0)178_5:0)135_2:0.028,216_3:1.028)90_1:5.941)virtual:0.031)I0;
I0,0,0,0,0,0,0,0,0,0,0
virtual,0,0,0,0,0,0,0,0,0,0:0.97/2:0.03
90_1,0,0,0,2,1,2,1,2,0,2
216_3,0,0,2,2,1,2,1,2,0,2
135_2,0,0,0,2,1,2,1,2,0,2
178_5,0,0,0,2,1,2,1,2,0,2
216_8,0,0,0,2,1,2,1,2,0,2
214_9,0,0,0,2,1,2,1,2,0,2
216_10,0,0,0,2,1,2,1,2,0,2
216_9,0,0,0,2,1,2,1,2,0,2
174_3,0,0,0,2,1,2,1,2,0,2
216_5,0,0,0,2,1,2,1,2,0,2
211_6,0,0,0,2,1,2,1,2,0,2
216_7,0,0,0,2,1,2,1,2,0,2
216_6,0,0,0,2,1,2,1,2,0,2
39_2,0:0.29/1:0.71,0:0.29/2:0.71,0:0.29/1:0.71,0,0,0:0.29/1:0.71,0,0,0,0:0.28/2:0.72
90_3,1,2,1,2,1,1,0,2,2,2
146_9,1,2,1,2,1,1,0,2,2,2
196_17,1,2,1,2,1,1,0,2,2,2
216_23,1,2,1,2,1,1,0,2,2,2
216_22,1,2,1,2,1,1,0,2,2,2
194_17,1,2,1,2,1,1,0,2,2,2
216_25,1,2,1,2,1,1,2,2,2,2
216_24,1,2,1,2,1,1,0,2,2,2
141_6,1,2,1,2,1,1,0,2,2,2
185_11,1,2,1,2,1,1,0,2,2,2
216_19,1,2,1,2,1,1,0,2,2,2
216_18,1,2,1,2,1,1,0,2,2,2
182_12,1,2,1,2,1,1,0,2,2,2
216_21,1,2,1,2,1,1,0,2,2,2
216_20,1,2,1,2,1,1,0,2,2,2
87_4,0:0.05/1:0.95,0:0.05/2:0.95,0:0.05/1:0.95,0,0,0:0.05/1:0.95,0:0.18/1:0.82,0,0:0.18/1:0.82,0:0.05/2:0.95
179_15,1,2,1,1,2,1,1,0,1,2
216_27,1,2,1,1,2,1,1,0,1,2
216_26,1,2,1,1,2,1,1,0,1,2
139_9,1,2,1,0,0,1,1,1,1,2
183_21,1,2,1,0,0,1,1,1,1,2
216_35,1,2,1,0,0,1,1,1,1,2
216_34,1,2,1,0,0,1,1,1,1,2
177_16,1,2,1,0,0,1,1,1,1,2
215_30,1,2,1,0,0,1,1,1,1,2
216_31,1,2,1,0,0,1,1,1,1,2
216_30,1,2,1,0,0,1,1,1,1,2
211_28,1,2,1,0,0,1,1,1,1,2
216_33,1,2,1,0,0,1,1,1,1,2
216_32,1,2,1,0,0,1,1,1,1,2
