[&R] (((((((216_32:0,216_33:0)211_28:1.035,(216_30:0,216_31:0)215_30:0.035)177_16:1.467,(216_34:0,216_35:0)183_21:3.502)139_9:1.747,(216_26:1.075,216_27:1.075)179_15:1.175)87_4:2.193,(((216_20:1.003,216_21:1.003)182_12:0,(216_18:2.003,216_19:1.003)185_11:0)141_6:1.225,((216_24:0.007,216_25:1.007)194_17:0.002,(216_22:0.04,216_23:1.04)196_17:0.968)146_9:2.22)90_3:3.215)39_2:0.557,((((216_6:0,216_7:0)211_6:0.2,216_5:2.2)174_3:2.131,((216_9:0,216_10:0)214_9:1.034,216_8:0.034)178_5:1.296)135_2:1.026,216_3:3.357)90_1:3.643)virtual:0)I0;
I0,0,0,0,0,0,0,0,0,0,0
virtual,0,0,0,0,0,0,0,0,0,0
90_1,0:0.09/1:0.91,0:0.09/1:0.91,0:0.09/2:0.91,0,0,0,0,0,0:0.09/2:0.91,0
216_3,1,1,2,0,2,2,1,0,2,0
135_2,0:0.02/1:0.98,0:0.02/1:0.98,0:0.02/2:0.98,0:0.24/1:0.76,0,0,0,0,0:0.02/2:0.98,0
178_5,1,1,2,0:0.01/1:0.99,0,0,0,0,2,0:0.03/2:0.97
216_8,1,1,2,1,0,0,0,0,2,2
214_9,1,1,2,1,0,0,0,2,2,2
216_10,1,1,2,1,0,0,0,2,2,2
216_9,1,1,2,1,0,0,0,2,2,2
174_3,1,1,2,0:0.02/1:0.98,0,0:0.09/2:0.91,0:0.09/2:0.91,0,2,0
216_5,1,1,2,1,1,2,2,2,2,0
211_6,1,1,2,1,0,2,2,0,2,0
216_7,1,1,2,1,0,2,2,0,2,0
216_6,1,1,2,1,0,2,2,0,2,0
39_2,0,0,0,0,0,0:0.44/2:0.56,0,0,0,0
90_3,0,0:0.07/2:0.93,0,0:0.07/1:0.93,0,0:0.03/2:0.97,0,0:0.07/1:0.93,0,0
146_9,1,2,1,1,0,2,0,1,0,0
196_17,1,2,1,1,0:0.04/2:0.96,2,0,1,0,0
216_23,1,2,1,1,2,2,2,1,0,0
216_22,1,2,1,1,2,2,0,1,0,0
194_17,1,2,1,1,0,2,0,1,0,0
216_25,1,2,1,1,1,2,0,1,0,0
216_24,1,2,1,1,0,2,0,1,0,0
141_6,0,2,0,1,0,2,1,1,0,0
185_11,0,2,0,1,0,2,1,1,0,0
216_19,0,2,1,1,0,2,1,1,0,0
216_18,0,2,0,1,1,2,1,1,0,1
182_12,0,2,0,1,0,2,1,1,0,0
216_21,0,2,0,1,0,2,1,1,0,2
216_20,0,2,1,1,0,2,1,1,0,0
87_4,0,0:0.1/1:0.9,0,0,0,0:0.05/2:0.95,0,0,0,0:0.1/2:0.9
179_15,0,0:0.01/1:0.99,0,0,0,2,0,0:0.06/1:0.94,0,0:0.01/2:0.99
216_27,0,1,0,0,2,2,0,1,0,2
216_26,0,1,0,0,0,2,1,1,0,2
139_9,0,0:0.02/1:0.98,0,0,0,0:0.01/2:0.99,0:0.22/1:0.78,0:0.22/2:0.78,0,0:0.02/2:0.98
183_21,2,1,2,0,0,2,1,2,2,2
216_35,2,1,2,0,0,2,1,2,2,2
216_34,2,1,2,0,0,2,1,2,2,2
177_16,0,1,0:0.02/1:0.98,0,0,2,0:0.01/1:0.99,0:0.01/2:0.99,0,2
215_30,0,1,1,0,0,2,1,2,0,2
216_31,0,1,1,0,0,2,1,2,0,2
216_30,0,1,1,0,0,2,1,2,0,2
211_28,1,1,1,0,0,2,1,2,0,2
216_33,1,1,1,0,0,2,1,2,0,2
216_32,1,1,1,0,0,2,1,2,0,2
