[&R] (((((((216_32:0,216_33:0)211_28:1.003,(216_30:0,216_31:0)215_30:1.003)177_16:0.001,(216_34:0,216_35:0)183_21:0.004)139_9:1.165,(216_26:0,216_27:0)179_15:2.169)87_4:1.514,(((216_20:1.098,216_21:0.098)182_12:1.965,(216_18:0,216_19:0)185_11:1.063)141_6:0.005,((216_24:0,216_25:0)194_17:1.078,(216_22:0,216_23:0)196_17:0.079)146_9:0.989)90_3:4.616)39_2:0.794,((((216_6:0,216_7:0)211_6:0,216_5:0)174_3:0,((216_9:0,216_10:0)214_9:1,216_8:0)178_5:0)135_2:0.001,216_3:0.001)90_1:5.477)virtual:1.522)I0;
I0,0,0,0,0,0,0,0,0,0,0
virtual,0:0.24/1:0.76,0,0:0.24/2:0.76,0,0,0,0,0,0,0
90_1,1,0,2,1,1,0,2,2,0,2
216_3,1,0,2,1,1,0,2,2,0,2
135_2,1,0,2,1,1,0,2,2,0,2
178_5,1,0,2,1,1,0,2,2,0,2
216_8,1,0,2,1,1,0,2,2,0,2
214_9,1,0,2,1,1,1,2,2,0,2
216_10,1,0,2,1,1,1,2,2,0,2
216_9,1,0,2,1,1,1,2,2,0,2
174_3,1,0,2,1,1,0,2,2,0,2
216_5,1,0,2,1,1,0,2,2,0,2
211_6,1,0,2,1,1,0,2,2,0,2
216_7,1,0,2,1,1,0,2,2,0,2
216_6,1,0,2,1,1,0,2,2,0,2
39_2,0:0.11/1:0.89,0:0.46/2:0.54,0:0.11/2:0.89,0,0,0,0,0,0,0
90_3,1,0:0.01/2:0.99,2,0:0.01/2:0.99,0:0.01/1:0.99,0,0,0,0:0.01/2:0.99,0:0.01/2:0.99
146_9,1,2,2,2,1,0,0,0:0.07/1:0.93,2,2
196_17,1,2,2,2,1,0,0,1,2,2
216_23,1,2,2,2,1,0,0,1,2,2
216_22,1,2,2,2,1,0,0,1,2,2
194_17,1,2,2,2,1,0,1,1,2,2
216_25,1,2,2,2,1,0,1,1,2,2
216_24,1,2,2,2,1,0,1,1,2,2
141_6,1,0:0.01/2:0.99,2,0:0.01/2:0.99,0:0.01/1:0.99,0,0,0,0:0.01/2:0.99,0:0.01/2:0.99
185_11,1,2,2,2,1,0,0,1,2,2
216_19,1,2,2,2,1,0,0,1,2,2
216_18,1,2,2,2,1,0,0,1,2,2
182_12,1,2,2,2,1,0:0.05/2:0.95,0:0.05/1:0.95,0,2,2
216_21,1,2,2,2,1,2,1,0,2,2
216_20,1,2,2,2,1,2,1,1,2,2
87_4,0:0.01/1:0.99,0:0.05/2:0.95,0:0.01/2:0.99,0,0,0:0.1/2:0.9,0,0,0,0
179_15,1,2,2,0,0,2,0,1,0,1
216_27,1,2,2,0,0,2,0,1,0,1
216_26,1,2,2,0,0,2,0,1,0,1
139_9,1,2,2,1,0,2,0,0,0,0
183_21,1,2,2,1,0,2,0,0,0,0
216_35,1,2,2,1,0,2,0,0,0,0
216_34,1,2,2,1,0,2,0,0,0,0
177_16,1,2,2,1,0,2,0,0,0,0
215_30,1,2,2,1,0,2,0,0,2,0
216_31,1,2,2,1,0,2,0,0,2,0
216_30,1,2,2,1,0,2,0,0,2,0
211_28,1,2,2,1,0,2,0,0,0,1
216_33,1,2,2,1,0,2,0,0,0,1
216_32,1,2,2,1,0,2,0,0,0,1
