cell,r0,r1,r2,r3,r4,r5,r6,r7,r8,r9,r10,r11,r12,r13,r14,r15,r16,r17,r18,r19,r20,r21,r22,r23,r24,r25,r26,r27,r28,r29,r30,r31,r32,r33,r34,r35,r36,r37,r38,r39,r40,r41,r42,r43,r44,r45,r46,r47,r48,r49,r50,r51,r52,r53,r54,r55,r56,r57,r58,r59,r60,r61,r62,r63,r64,r65,r66,r67,r68,r69,r70,r71,r72,r73,r74,r75,r76,r77,r78,r79,r80,r81,r82,r83,r84,r85,r86,r87,r88,r89,r90,r91,r92,r93,r94,r95,r96,r97,r98,r99,r100,r101,r102,r103,r104,r105,r106,r107,r108,r109,r110,r111,r112,r113,r114,r115,r116,r117,r118,r119,r120,r121,r122,r123,r124,r125,r126,r127,r128,r129,r130,r131,r132,r133,r134,r135,r136,r137,r138,r139,r140,r141,r142,r143,r144,r145,r146,r147,r148,r149,r150,r151,r152,r153,r154,r155,r156,r157,r158,r159,r160,r161,r162,r163,r164,r165,r166,r167,r168,r169,r170,r171,r172,r173,r174,r175,r176,r177,r178,r179,r180,r181,r182,r183,r184,r185,r186,r187,r188,r189,r190,r191,r192,r193,r194,r195,r196,r197,r198,r199
I0,0,0,0,0,0,0,0,0,0,0,0,0,0,0,0,0,0,0,0,0,0,0,0,0,0,0,0,0,0,0,0,0,0,0,0,0,0,0,0,0,0,0,0,0,0,0,0,0,0,0,0,0,0,0,0,0,0,0,0,0,0,0,0,0,0,0,0,0,0,0,0,0,0,0,0,0,0,0,0,0,0,0,0,0,0,0,0,0,0,0,0,0,0,0,0,0,0,0,0,0,0,0,0,0,0,0,0,0,0,0,0,0,0,0,0,0,0,0,0,0,0,0,0,0,0,0,0,0,0,0,0,0,0,0,0,0,0,0,0,0,0,0,0,0,0,0,0,0,0,0,0,0,0,0,0,0,0,0,0,0,0,0,0,0,0,0,0,0,0,0,0,0,0,0,0,0,0,0,0,0,0,0,0,0,0,0,0,0,0,0,0,0,0,0,0,0,0,0,0,0
I1,0,0,0,2,2,0,0,1,0,0,1,1,1,0,0,0,0,0,0,0,0,0,0,0,1,1,2,0,1,0,0,2,0,0,2,0,0,0,1,1,1,0,2,1,1,1,0,0,2,2,0,2,2,2,0,0,0,0,2,0,0,0,2,2,2,2,0,0,0,2,2,0,0,0,0,1,0,2,0,0,2,2,2,0,2,0,0,0,0,0,1,2,0,0,1,0,1,2,1,1,0,0,0,0,1,1,0,0,0,2,0,2,0,0,0,0,0,1,0,1,2,0,2,0,0,0,2,0,0,0,2,0,2,0,0,0,0,0,0,2,0,1,0,0,2,0,1,0,0,2,1,0,0,0,2,2,1,1,0,0,0,0,2,0,2,1,1,0,1,2,2,1,0,1,1,1,0,2,0,0,0,0,0,1,2,1,1,1,0,1,0,0,2,1,2,2,0,1,1,2
216_3,0,2,0,2,2,0,0,1,0,0,1,1,1,0,0,0,0,1,0,0,0,1,0,0,1,1,2,0,1,2,1,2,0,0,2,0,0,1,1,1,1,0,2,1,1,1,0,2,2,2,0,2,2,2,2,0,0,1,2,2,0,0,2,2,2,2,0,1,1,2,2,1,0,0,2,1,0,2,2,0,2,2,2,0,2,0,0,1,2,1,1,2,0,0,1,1,1,2,1,1,0,0,0,2,1,1,0,0,0,2,0,2,0,0,2,0,0,1,2,1,2,1,2,0,0,1,2,0,0,1,2,1,2,2,1,1,1,1,0,2,2,1,0,0,2,0,1,0,1,2,1,0,0,0,2,2,1,1,0,1,0,2,2,1,2,1,1,0,1,2,2,1,0,1,1,1,0,2,1,1,1,0,0,1,2,1,1,1,2,1,0,0,2,1,2,2,2,1,1,2
I2,0,0,0,2,2,0,0,1,0,0,1,1,1,0,0,1,0,0,1,0,0,0,0,1,1,1,2,0,1,0,0,2,0,2,2,0,0,0,1,1,1,0,2,1,1,1,0,0,2,2,1,2,2,2,0,1,0,0,2,2,1,0,2,2,2,2,0,0,0,2,2,0,0,0,0,1,0,2,1,1,2,2,2,1,2,1,0,0,1,0,1,2,0,1,1,1,1,2,1,1,0,0,0,0,1,1,0,1,0,2,0,2,0,0,1,0,2,1,0,1,2,0,2,0,0,0,2,1,0,0,2,1,2,0,1,0,0,2,0,2,1,1,0,0,2,0,1,0,0,2,1,0,0,0,2,2,1,1,0,1,0,0,2,0,2,1,1,0,1,2,2,1,0,1,1,1,0,2,0,0,0,2,2,1,2,1,1,1,2,1,0,0,2,1,2,2,0,1,1,2
I3,1,0,0,2,2,0,1,1,2,0,1,1,1,0,0,1,0,0,1,0,0,0,0,1,1,1,2,0,1,0,0,2,1,2,2,0,0,1,1,1,1,0,2,1,1,1,2,0,2,2,1,2,2,2,0,1,0,2,2,2,1,0,2,2,2,2,0,0,0,2,2,0,1,0,0,1,0,2,1,1,2,2,2,1,2,1,0,0,1,0,1,2,0,1,1,1,1,2,1,1,1,0,0,0,1,1,0,1,0,2,0,2,0,0,1,0,2,1,1,1,2,0,2,2,0,0,2,1,0,1,2,1,2,0,1,0,0,2,0,2,1,1,0,0,2,0,1,0,0,2,1,0,0,0,2,2,1,1,0,1,0,0,2,0,2,1,1,0,1,2,2,1,2,1,1,1,0,2,0,0,0,2,2,1,2,1,1,1,2,1,0,0,2,1,2,2,0,1,1,2
216_8,1,0,0,2,2,0,1,1,2,0,1,1,1,0,0,1,0,0,1,0,0,0,0,1,1,1,2,0,1,0,0,2,1,2,2,0,2,1,1,1,1,1,2,1,1,1,2,1,2,2,1,2,2,2,0,1,0,2,2,2,1,0,2,2,2,2,0,2,0,2,2,0,1,0,0,1,0,2,1,1,2,2,2,1,2,1,0,0,1,0,1,2,0,1,1,1,1,2,1,1,1,0,0,0,1,1,1,1,0,2,0,2,0,0,1,0,2,1,1,1,2,0,2,2,0,0,2,1,0,1,2,1,2,0,1,0,0,2,0,2,1,1,0,0,2,0,1,0,0,2,1,0,0,2,2,2,1,1,0,1,1,0,2,0,2,1,1,0,1,2,2,1,2,1,1,1,0,2,0,0,0,2,2,1,2,1,1,1,2,1,0,0,2,1,2,2,0,1,1,2
I4,1,1,1,2,2,0,1,1,2,0,1,1,1,2,0,1,0,2,1,0,0,1,0,1,1,1,2,0,1,0,0,2,1,2,2,0,0,1,1,1,1,0,2,1,1,1,2,1,2,2,1,2,2,2,0,1,2,2,2,2,1,0,2,2,2,2,0,2,0,2,2,0,1,2,0,1,0,2,1,1,2,2,2,1,2,1,0,0,1,0,1,2,0,1,1,1,1,2,1,1,1,0,0,0,1,1,0,1,0,2,0,2,0,0,1,0,2,1,1,1,2,0,2,2,1,0,2,1,0,1,2,1,2,1,1,0,0,2,0,2,1,1,0,0,2,0,1,0,0,2,1,0,0,1,2,2,1,1,0,1,0,0,2,1,2,1,1,0,1,2,2,1,2,1,1,1,0,2,0,0,0,2,2,1,2,1,1,1,2,1,0,2,2,1,2,2,0,1,1,2
216_10,1,1,1,2,2,0,1,1,2,0,1,1,1,2,0,1,0,2,1,0,0,1,0,1,1,1,2,0,1,0,0,2,1,2,2,0,0,1,1,1,1,0,2,1,1,1,2,1,2,2,1,2,2,2,0,1,2,2,2,2,1,0,2,2,2,2,0,2,0,2,2,0,1,2,0,1,0,2,1,1,2,2,2,1,2,1,0,0,1,0,1,2,0,1,1,1,1,2,1,1,1,0,0,0,1,1,0,1,0,2,0,2,0,0,1,0,2,1,1,1,2,0,2,2,1,0,2,1,0,1,2,1,2,1,1,0,0,2,0,2,1,1,0,0,2,0,1,0,0,2,1,0,0,1,2,2,1,1,0,1,0,0,2,1,2,1,1,0,1,2,2,1,2,1,1,1,0,2,0,0,0,2,2,1,2,1,1,1,2,1,0,2,2,1,2,2,0,1,1,2
216_9,1,1,1,2,2,0,1,1,2,0,1,1,1,2,0,1,0,2,1,0,0,1,0,1,1,1,2,0,1,0,0,2,1,2,2,0,0,1,1,1,1,0,2,1,1,1,2,1,2,2,1,2,2,2,0,1,2,2,2,2,1,0,2,2,2,2,0,2,0,2,2,0,1,2,0,1,0,2,1,1,2,2,2,1,2,1,0,0,1,0,1,2,0,1,1,1,1,2,1,1,1,0,0,0,1,1,0,1,0,2,0,2,0,0,1,0,2,1,1,1,2,0,2,2,1,0,2,1,0,1,2,1,2,1,1,0,0,2,0,2,1,1,0,0,2,0,1,0,0,2,1,0,0,1,2,2,1,1,0,1,0,0,2,1,2,1,1,0,1,2,2,1,2,1,1,1,0,2,0,0,0,2,2,1,2,1,1,1,2,1,0,2,2,1,2,2,0,1,1,2
I5,1,0,0,2,2,0,0,1,0,0,1,1,1,0,0,1,2,0,1,0,0,0,2,1,1,1,2,0,1,0,0,2,0,2,2,0,0,0,1,1,1,0,2,1,1,1,0,0,2,2,1,2,2,2,0,1,0,0,2,2,1,0,2,2,2,2,0,0,0,2,2,0,0,0,0,1,0,2,1,1,2,2,2,1,2,1,0,0,1,0,1,2,2,1,1,1,1,2,1,1,0,0,0,0,1,1,0,1,0,2,0,2,0,0,1,0,2,1,0,1,2,0,2,0,0,0,2,1,0,1,2,1,2,0,1,0,0,2,0,2,1,1,0,0,2,0,1,0,0,2,1,1,0,0,2,2,1,1,0,1,0,2,2,0,2,1,1,0,1,2,2,1,0,1,1,1,0,2,0,0,0,2,2,1,2,1,1,1,2,1,0,2,2,1,2,2,0,1,1,2
216_5,1,0,0,2,2,1,0,1,2,0,1,1,1,0,0,1,2,0,1,0,0,0,2,1,1,1,2,0,1,2,0,2,1,2,2,0,0,0,1,1,1,0,2,1,1,1,0,0,2,2,1,2,2,2,0,1,0,1,2,2,1,0,2,2,2,2,0,0,0,2,2,0,0,0,0,1,0,2,1,1,2,2,2,1,2,1,1,2,1,0,1,2,2,1,1,1,1,2,1,1,1,0,0,0,1,1,0,1,0,2,0,2,0,0,1,0,2,1,0,1,2,0,2,0,0,0,2,1,0,1,2,1,2,0,1,0,0,2,0,2,1,1,0,0,2,0,1,0,0,2,1,1,0,0,2,2,1,1,0,1,0,2,2,0,2,1,1,0,1,2,2,1,0,1,1,1,0,2,0,0,0,2,2,1,2,1,1,1,2,1,0,2,2,1,2,2,0,1,1,2
I6,1,1,1,2,2,2,0,1,0,1,1,1,1,0,0,1,2,0,1,0,0,0,2,1,1,1,2,0,1,1,0,2,0,2,2,0,0,0,1,1,1,0,2,1,1,1,0,0,2,2,1,2,2,2,0,1,0,0,2,2,1,0,2,2,2,2,0,0,1,2,2,0,0,0,0,1,0,2,1,1,2,2,2,1,2,1,2,1,1,0,1,2,2,1,1,1,1,2,1,1,0,0,0,0,1,1,0,1,0,2,0,2,1,0,1,0,2,1,0,1,2,0,2,0,0,0,2,1,0,1,2,1,2,0,1,0,2,2,2,2,1,1,0,0,2,0,1,0,2,2,1,1,2,0,2,2,1,1,0,1,0,2,2,1,2,1,1,1,1,2,2,1,0,1,1,1,0,2,2,0,0,2,2,1,2,1,1,1,2,1,0,2,2,1,2,2,0,1,1,2
216_7,1,1,1,2,2,2,0,1,0,1,1,1,1,0,0,1,2,0,1,0,0,0,2,1,1,1,2,0,1,1,0,2,0,2,2,0,0,0,1,1,1,0,2,1,1,1,0,0,2,2,1,2,2,2,0,1,0,0,2,2,1,0,2,2,2,2,0,0,1,2,2,0,0,0,0,1,0,2,1,1,2,2,2,1,2,1,2,1,1,0,1,2,2,1,1,1,1,2,1,1,0,0,0,0,1,1,0,1,0,2,0,2,1,0,1,0,2,1,0,1,2,1,2,0,0,2,2,1,0,1,2,1,2,0,1,0,2,2,2,2,1,1,0,0,2,0,1,0,2,2,1,1,2,0,2,2,1,1,0,1,0,2,2,1,2,1,1,1,1,2,2,1,0,1,1,1,0,2,2,0,0,2,2,1,2,1,1,1,2,1,0,2,2,1,2,2,0,1,1,2
216_6,1,1,1,2,2,2,0,1,0,1,1,1,1,0,0,1,2,0,1,0,0,0,2,1,1,1,2,0,1,1,0,2,0,2,2,0,0,0,1,1,1,0,2,1,1,1,0,0,2,2,1,2,2,2,0,1,0,0,2,2,1,0,2,2,2,2,0,0,1,2,2,0,0,0,0,1,0,2,1,1,2,2,2,1,2,1,2,1,1,0,1,2,2,1,1,1,1,2,1,1,0,0,0,0,1,1,0,1,0,2,0,2,1,0,1,0,2,1,0,1,2,0,2,0,2,0,2,1,0,1,2,1,2,0,1,0,2,2,2,2,1,1,0,0,2,0,1,0,2,2,1,1,2,0,2,2,1,1,0,1,0,2,2,1,2,1,1,1,1,2,2,1,0,1,1,1,0,2,2,0,0,2,2,1,2,1,1,1,2,1,0,2,2,1,2,2,0,1,1,2
I7,0,0,0,2,0,0,2,0,2,0,0,2,0,0,0,2,0,0,0,2,0,0,0,1,1,0,0,0,2,0,2,0,0,2,0,0,0,0,0,0,0,1,0,0,0,0,0,2,0,0,2,0,0,0,0,0,0,0,0,0,2,0,0,0,0,0,0,0,0,0,0,0,1,0,0,2,0,0,0,2,2,0,0,0,0,0,0,1,2,1,0,1,0,0,0,0,0,0,2,0,0,0,0,0,0,2,0,2,0,0,2,0,0,0,0,1,0,0,2,0,0,0,0,1,0,0,0,0,0,0,2,1,1,0,1,0,0,0,0,0,1,0,1,0,0,0,0,0,2,0,0,0,0,0,0,2,0,0,1,0,0,1,0,0,0,0,1,1,1,0,0,2,0,1,0,0,2,0,1,1,2,1,0,0,0,2,2,0,1,1,0,1,2,0,0,0,0,0,0,2
I8,0,0,0,2,2,0,2,0,2,0,1,2,0,0,1,2,2,0,0,2,0,0,0,1,1,0,0,2,2,0,2,1,0,2,0,0,0,0,0,0,0,1,0,0,1,0,0,2,0,0,2,0,2,0,0,0,0,0,1,1,2,0,0,0,2,0,0,0,0,0,1,0,1,0,0,2,0,0,0,2,2,0,1,0,2,0,2,1,2,1,0,1,0,0,0,0,0,2,2,0,0,1,0,0,0,2,1,2,0,0,2,2,0,0,1,1,1,1,2,0,0,1,0,1,2,0,0,0,0,0,2,1,1,0,1,0,0,1,0,0,1,0,1,0,0,1,1,0,2,0,0,0,1,0,1,2,0,0,1,0,0,1,0,0,0,0,1,1,1,0,0,2,0,1,0,0,2,0,1,1,2,1,2,0,0,2,2,2,1,1,0,1,2,0,0,0,2,0,1,2
I9,0,1,0,2,2,0,2,0,2,0,1,2,0,0,1,2,2,0,0,2,1,1,0,1,1,0,0,2,2,2,2,1,0,2,0,0,0,0,1,0,0,1,0,0,1,0,1,2,0,0,2,0,2,0,0,2,0,0,1,1,2,0,0,0,2,2,0,2,0,0,1,0,1,0,0,2,0,0,0,2,2,0,1,0,2,0,2,1,2,1,0,1,0,0,2,0,0,2,2,0,1,1,0,0,1,2,1,2,0,0,2,2,0,0,1,1,1,1,2,0,0,1,1,1,2,0,0,1,0,1,2,1,1,0,1,1,0,1,1,2,1,0,1,2,1,1,1,0,2,2,1,1,1,0,1,2,1,2,1,2,0,1,0,2,0,0,1,1,1,0,2,2,1,1,0,1,2,0,1,1,2,1,2,2,0,2,2,2,1,1,0,1,2,2,0,0,2,0,1,2
I10,0,1,0,2,2,2,2,0,2,0,1,2,0,0,1,2,2,0,0,2,1,1,0,1,1,0,2,2,2,2,2,1,0,2,0,0,0,1,1,0,0,1,2,2,1,0,1,2,0,0,2,0,2,0,0,2,0,0,1,1,2,0,1,0,2,2,2,2,2,0,1,0,1,0,0,2,0,0,0,2,2,0,1,0,2,0,2,1,2,1,0,1,0,2,2,1,1,2,2,0,1,1,0,0,1,2,1,2,0,0,2,2,2,0,1,1,1,1,2,0,2,1,1,1,2,0,1,1,0,1,2,1,1,0,1,1,1,1,1,2,1,2,1,2,1,1,1,0,2,2,1,1,1,0,1,2,1,2,1,2,0,1,0,2,0,2,1,1,1,1,2,2,1,1,0,1,2,0,1,1,2,1,2,2,2,2,2,2,1,1,2,1,2,2,0,0,2,0,1,2
216_23,0,1,0,2,2,2,2,0,2,0,1,2,0,0,1,2,2,0,0,2,1,1,0,1,1,0,2,2,2,2,2,1,0,2,0,0,0,1,1,0,0,1,2,2,1,0,1,2,0,0,2,0,2,0,0,2,2,0,1,1,2,0,1,0,2,2,2,2,2,0,1,0,1,0,0,2,1,0,0,2,2,0,1,0,2,0,2,1,2,1,0,1,0,2,2,1,1,2,2,0,1,1,0,0,1,2,1,2,0,0,2,2,2,0,1,1,1,1,2,0,2,1,1,1,2,0,1,1,0,1,2,1,1,1,1,1,1,1,1,2,1,2,1,2,1,1,1,0,2,2,1,1,1,0,1,2,1,2,1,2,0,1,0,2,0,2,1,1,1,1,2,2,1,1,0,1,2,0,1,1,2,1,2,2,2,2,2,2,1,1,2,1,2,2,0,0,2,0,1,2
216_22,0,1,0,2,2,2,2,0,2,0,1,2,0,0,1,2,2,0,0,2,1,1,0,1,1,0,2,2,2,2,2,1,0,2,0,0,0,1,1,0,0,1,2,2,1,0,1,2,0,0,2,0,2,0,0,2,0,0,1,1,2,0,1,0,2,2,2,2,2,0,1,0,1,0,0,2,0,2,0,2,2,0,1,0,2,0,2,1,2,1,0,1,0,2,2,1,1,2,2,0,1,1,0,0,1,2,1,2,0,0,2,2,2,0,1,1,1,1,2,0,2,1,1,1,2,0,1,1,0,1,2,1,1,2,1,1,1,1,1,2,1,2,1,2,1,1,1,0,2,2,1,1,1,0,1,2,1,2,1,2,0,1,0,2,0,2,1,1,1,1,2,2,1,1,1,1,2,0,1,1,2,1,2,2,2,2,2,2,1,1,2,1,2,2,0,0,2,0,1,2
I11,1,1,0,2,2,0,2,0,2,1,1,2,2,0,1,2,2,1,0,2,1,1,1,1,1,0,0,2,2,2,2,1,0,2,0,0,0,0,1,0,0,1,0,1,1,0,1,2,0,0,2,0,2,0,0,2,0,0,1,1,2,0,0,0,2,2,0,2,0,0,1,2,1,0,0,2,0,0,0,2,2,2,1,0,2,0,2,1,2,1,0,1,0,2,2,2,2,2,2,1,1,1,0,0,1,2,1,2,0,0,2,2,0,0,1,1,1,1,2,2,0,1,1,1,2,2,0,1,0,1,2,1,1,0,1,1,0,1,1,2,1,0,1,2,1,1,1,0,2,2,1,1,1,0,1,2,1,2,1,2,0,1,0,2,0,0,1,1,1,0,2,2,1,1,0,1,2,0,1,1,2,1,2,2,0,2,2,2,1,1,0,1,2,2,0,0,2,0,1,2
216_25,1,1,0,2,2,0,2,0,2,1,1,2,2,0,1,2,2,1,0,2,1,1,1,1,1,0,0,2,2,2,2,1,2,2,0,0,0,0,1,0,0,1,1,1,1,0,1,2,0,0,2,0,2,0,0,2,0,0,1,1,2,0,0,0,2,2,0,2,0,0,1,2,1,0,0,2,2,0,0,2,2,2,1,0,2,0,2,1,2,1,2,1,0,2,2,2,2,2,2,1,1,1,0,0,1,2,1,2,0,0,2,2,0,0,1,1,1,1,2,2,2,1,1,1,2,2,0,1,0,1,2,1,1,0,1,1,0,1,1,2,1,0,1,2,1,1,1,0,2,2,1,1,1,0,1,2,1,2,1,2,0,1,0,2,0,1,1,1,1,0,2,2,1,1,0,1,2,0,1,1,2,1,2,2,0,2,2,2,1,1,0,1,2,2,0,0,2,0,1,2
216_24,1,1,0,2,2,0,2,0,2,1,1,2,2,0,1,2,2,1,0,2,1,1,1,1,1,0,0,2,2,2,2,1,0,2,0,0,2,0,1,0,0,1,0,1,1,0,1,2,0,0,2,0,2,0,1,2,2,0,1,1,2,0,0,0,2,2,0,2,0,0,1,2,1,0,0,2,0,0,0,2,2,2,1,0,2,0,2,1,2,1,0,1,0,2,2,2,2,2,2,1,1,1,0,0,1,2,1,2,0,0,2,2,0,0,1,1,1,1,2,2,0,1,1,1,2,2,0,1,0,1,2,1,1,0,1,1,0,1,1,2,1,0,1,2,1,1,1,0,2,2,1,1,1,0,1,2,1,2,1,2,0,1,0,2,0,0,1,1,1,0,2,2,1,1,0,1,2,0,1,1,2,1,2,2,0,2,2,2,1,1,0,1,2,2,1,0,2,0,1,2
I12,0,2,2,2,2,0,2,1,2,1,1,2,0,0,1,2,2,0,0,2,0,0,0,1,1,1,2,2,2,1,2,1,0,2,0,0,2,1,2,0,0,1,0,0,1,0,0,2,2,2,2,0,2,0,1,2,2,0,1,1,2,0,0,0,2,2,0,0,0,0,1,0,1,0,0,2,2,0,1,2,2,0,1,0,2,0,2,1,2,1,0,1,0,2,2,0,1,2,2,0,0,1,0,0,2,2,1,2,2,0,2,2,1,0,1,1,1,1,2,0,0,1,2,1,2,2,0,0,0,0,2,1,1,0,1,0,0,1,0,2,1,0,1,0,0,1,1,1,2,0,0,0,1,0,1,2,0,0,1,0,0,1,0,0,0,0,1,1,1,1,2,2,0,1,1,1,2,0,1,1,2,1,2,1,0,2,2,2,1,1,0,1,2,0,0,1,2,0,1,2
I13,0,2,2,2,2,1,2,1,2,1,1,2,0,0,1,2,2,0,0,2,0,0,0,1,1,1,2,2,2,1,2,1,1,2,1,1,2,1,2,0,0,1,0,0,1,0,1,2,2,2,2,0,2,0,1,2,2,0,1,1,2,2,1,0,2,2,0,0,0,0,1,0,1,2,0,2,2,0,1,2,2,1,1,2,2,2,2,1,2,1,0,1,0,2,2,0,1,2,2,0,0,1,0,0,2,2,1,2,2,0,2,2,1,0,1,1,1,1,2,0,2,1,2,1,2,2,0,0,0,0,2,1,1,0,1,0,0,1,0,2,1,0,1,0,0,1,1,1,2,0,2,0,1,0,1,2,0,1,1,0,0,1,1,0,0,2,1,1,1,1,2,2,1,1,1,1,2,2,1,1,2,1,2,1,0,2,2,2,1,1,0,1,2,0,0,1,2,1,1,2
216_19,0,2,2,2,2,1,2,1,2,1,1,2,1,0,1,2,2,0,0,2,0,0,1,1,1,1,2,2,2,1,2,1,1,2,1,1,2,1,2,0,0,1,0,0,1,2,1,2,2,2,2,1,2,0,1,2,2,0,1,1,2,2,1,0,2,2,2,0,0,0,1,0,1,2,0,2,2,0,1,2,2,1,1,2,2,2,2,1,2,1,0,1,2,2,2,0,1,2,2,0,0,1,0,0,2,2,1,2,2,0,2,2,1,0,1,1,1,1,2,0,2,1,2,1,2,2,0,0,0,0,2,1,1,0,1,0,0,1,0,2,1,0,1,0,2,1,1,1,2,0,2,0,1,0,1,2,0,1,1,0,0,1,1,0,0,2,1,1,1,1,2,2,1,1,1,1,2,2,1,1,2,1,2,1,2,2,2,2,1,1,0,1,2,0,0,1,2,1,1,2
216_18,0,2,2,2,2,1,2,1,2,1,1,2,0,0,1,2,2,0,0,2,0,0,1,1,1,1,2,2,2,1,2,1,1,2,1,1,2,1,2,0,1,1,0,0,1,0,1,2,2,2,2,0,2,1,1,2,2,0,1,1,2,2,1,0,2,2,0,0,0,0,1,0,1,2,0,2,2,0,1,2,2,1,1,2,2,2,2,1,2,1,0,1,0,2,2,0,1,2,2,0,0,1,0,0,2,2,1,2,2,0,2,2,1,0,1,1,1,1,2,0,2,1,2,1,2,2,0,0,0,0,2,1,1,1,1,0,0,1,0,2,1,0,1,0,0,1,1,1,2,0,2,0,1,1,1,2,0,1,1,0,0,1,1,0,0,2,1,1,1,1,2,2,1,1,1,1,2,2,1,1,2,1,2,1,0,2,2,2,1,1,0,1,2,0,0,1,2,1,1,2
I14,0,2,2,2,2,0,2,1,2,1,1,2,1,0,1,2,2,0,0,2,0,0,0,1,1,1,2,2,2,1,2,1,0,2,0,2,2,1,2,0,0,1,0,0,1,0,0,2,2,2,2,0,2,0,1,2,2,0,1,1,2,0,0,0,2,2,0,0,0,0,1,0,1,1,0,2,2,0,1,2,2,2,1,0,2,0,2,1,2,1,0,1,0,2,2,0,1,2,2,0,0,1,0,0,2,2,1,2,2,0,2,2,1,0,1,1,1,1,2,0,2,1,2,1,2,2,0,0,0,0,2,1,1,0,1,0,0,1,0,2,1,0,1,1,0,1,1,1,2,0,0,0,1,0,1,2,0,0,1,0,0,1,0,0,0,0,1,1,1,1,2,2,2,1,1,1,2,0,1,1,2,1,2,1,0,2,2,2,1,1,0,1,2,0,0,1,2,0,1,2
216_21,0,2,2,2,2,0,2,1,2,1,1,2,1,0,1,2,2,0,1,2,0,0,0,1,1,1,2,2,2,1,2,1,0,2,0,2,2,1,2,0,0,1,2,1,1,0,1,2,2,2,2,0,2,0,1,2,2,0,1,1,2,0,0,0,2,2,0,0,0,2,1,0,1,1,0,2,2,0,1,2,2,2,1,0,2,0,2,1,2,1,0,1,0,2,2,0,1,2,2,0,0,1,0,0,2,2,1,2,2,0,2,2,1,0,1,1,1,1,2,0,2,1,2,1,2,2,0,2,0,0,2,1,1,0,1,0,0,1,0,2,1,0,1,1,0,1,1,1,2,1,0,0,1,0,1,2,0,0,1,2,0,1,2,1,1,0,1,1,1,1,2,2,2,1,1,1,2,0,1,1,2,1,2,1,0,2,2,2,1,1,0,1,2,1,0,1,2,2,1,2
216_20,0,2,2,2,2,0,2,1,2,1,1,2,1,0,1,2,2,1,0,2,0,0,0,1,1,1,2,2,2,1,2,1,1,2,0,2,2,1,2,0,0,1,0,1,1,0,0,2,2,2,2,0,2,0,1,2,2,0,1,1,2,2,0,0,2,2,0,2,0,0,1,0,1,1,1,2,2,0,1,2,2,2,1,0,2,0,2,1,2,1,0,1,1,2,2,0,1,2,2,1,0,1,0,0,2,2,1,2,2,0,2,2,1,0,1,1,1,1,2,0,2,1,2,1,2,2,0,0,0,0,2,1,1,0,1,0,0,1,1,2,1,1,1,1,0,1,1,1,2,0,0,0,1,2,1,2,0,0,1,0,0,1,0,1,0,0,1,1,1,1,2,2,2,1,1,1,2,0,1,1,2,1,2,1,0,2,2,2,1,1,0,1,2,1,0,1,2,0,1,2
I15,2,1,2,2,0,0,2,0,2,1,1,2,0,0,0,2,0,0,1,2,0,0,0,1,1,2,0,1,2,0,2,0,0,2,0,0,0,0,0,0,1,1,0,0,0,0,0,2,0,0,2,0,2,1,0,0,0,0,1,0,2,0,0,0,0,0,2,0,0,0,0,0,1,0,2,2,1,0,1,2,2,0,2,0,0,0,0,1,2,1,0,1,0,0,0,0,2,0,2,0,0,0,1,1,0,2,2,2,0,0,2,1,2,0,0,1,0,0,2,0,0,0,0,1,2,0,1,2,1,0,2,1,1,0,1,0,0,0,0,0,1,2,1,0,1,1,0,1,2,2,2,1,0,0,1,2,0,0,1,2,0,1,0,0,2,0,1,1,1,0,0,2,0,1,0,1,2,0,1,1,2,1,2,0,0,2,2,0,1,1,1,1,2,0,0,0,0,0,0,2
I16,2,1,2,2,0,0,2,2,2,1,1,2,0,0,0,2,0,0,1,2,2,0,2,1,1,2,0,1,2,2,2,2,0,2,2,1,0,0,0,0,1,1,0,0,2,1,0,2,1,1,2,1,2,1,2,0,0,0,1,0,2,0,2,1,0,2,2,0,0,2,1,0,1,0,2,2,1,0,1,2,2,2,2,0,2,0,2,1,2,1,2,1,0,0,0,2,2,2,2,2,0,0,1,1,0,2,2,2,0,0,2,1,2,0,0,1,0,0,2,0,0,0,1,1,2,1,1,2,1,0,2,1,1,2,1,0,1,0,0,0,1,2,1,0,1,1,0,1,2,2,2,1,0,2,1,2,0,0,1,2,0,1,0,2,2,1,1,1,1,0,0,2,2,1,0,1,2,0,1,1,2,1,2,0,0,2,2,1,1,1,1,1,2,0,0,0,2,0,0,2
216_27,2,1,2,2,0,0,2,2,2,1,1,2,0,0,0,2,0,0,1,2,2,0,2,1,1,2,0,1,2,2,2,2,0,2,2,1,0,0,0,1,1,1,0,0,2,1,0,2,1,1,2,1,2,1,2,0,0,0,1,0,2,0,2,1,0,2,2,0,0,2,1,0,1,0,2,2,1,0,1,2,2,2,2,2,2,0,2,1,2,1,2,1,0,0,2,2,2,2,2,2,0,0,1,1,0,2,2,2,0,0,2,1,2,0,0,1,0,0,2,0,0,0,1,1,2,1,1,2,1,0,2,1,1,2,1,0,1,0,2,1,1,2,1,0,1,1,0,1,2,2,2,1,0,2,1,2,0,2,1,2,1,1,0,2,2,1,1,1,1,2,0,2,2,1,2,1,2,0,1,1,2,1,2,2,0,2,2,1,1,1,1,1,2,0,0,0,2,0,0,2
216_26,2,1,2,2,0,0,2,2,2,1,1,2,2,0,0,2,0,0,1,2,2,0,2,1,1,2,0,1,2,2,2,2,0,2,2,1,0,0,0,0,1,1,0,0,2,1,0,2,1,1,2,1,2,1,2,0,1,1,1,0,2,0,2,1,0,2,2,0,0,2,1,0,1,0,2,2,1,0,1,2,2,2,2,0,2,0,2,1,2,1,2,1,0,0,0,2,2,2,2,2,0,0,1,1,0,2,2,2,0,0,2,1,2,0,0,1,0,2,2,0,0,0,1,1,2,1,1,2,1,0,2,1,1,2,1,0,1,0,0,0,1,2,1,0,1,1,0,1,2,2,2,1,0,2,1,2,0,1,1,2,0,1,0,2,2,1,1,1,1,0,0,2,2,1,0,1,2,2,1,1,2,1,2,0,0,2,2,1,1,1,1,1,2,0,0,0,2,2,0,2
I17,2,1,2,2,0,0,2,1,2,1,1,2,0,0,2,2,0,0,1,2,2,0,0,1,1,2,0,1,2,0,2,0,0,2,0,0,0,0,2,0,1,1,0,1,0,1,0,2,1,0,2,0,2,1,0,0,0,0,1,0,2,0,0,0,0,1,2,2,0,1,0,0,1,0,2,2,1,0,1,2,2,2,2,0,0,2,0,1,2,1,0,1,1,0,2,0,2,0,2,2,1,0,1,1,2,2,2,2,0,0,2,1,2,0,0,1,0,0,2,2,0,1,0,1,2,1,1,2,1,0,2,1,1,0,1,0,0,0,0,0,1,2,1,0,1,1,0,1,2,2,2,1,0,0,1,2,0,0,1,2,0,1,0,1,2,1,1,1,1,1,0,2,0,1,0,1,2,2,1,1,2,1,2,1,1,2,2,0,1,1,1,1,2,0,2,1,2,0,1,2
I18,2,1,2,2,0,0,2,1,2,1,1,2,0,2,2,2,2,0,1,2,2,0,1,1,1,2,0,1,2,0,2,0,0,2,0,0,1,0,2,0,1,1,0,1,0,1,2,2,1,0,2,0,2,1,0,0,1,0,1,0,2,0,1,0,0,1,2,2,0,1,0,0,1,0,2,2,1,1,1,2,2,2,2,0,0,2,0,1,2,1,0,1,1,0,2,0,2,1,2,2,1,0,1,1,2,2,2,2,0,0,2,1,2,0,2,1,0,0,2,2,2,1,0,1,2,1,1,2,1,0,2,1,1,0,1,0,0,0,0,0,1,2,1,0,1,1,2,1,2,2,2,1,0,0,1,2,0,0,1,2,0,1,1,1,2,1,1,1,1,1,0,2,0,1,0,1,2,2,1,1,2,1,2,1,1,2,2,0,1,1,1,1,2,2,2,1,2,0,1,2
216_35,2,1,2,2,1,0,2,1,2,1,1,2,0,2,2,2,2,0,1,2,2,0,1,1,1,2,0,1,2,0,2,0,0,2,1,0,1,0,2,0,1,1,0,1,0,1,2,2,1,0,2,0,2,1,0,0,1,0,1,0,2,1,1,0,0,1,2,2,0,1,0,0,1,0,2,2,1,1,1,2,2,2,2,0,0,2,0,1,2,1,0,1,1,1,2,0,2,1,2,2,1,1,1,1,2,2,2,2,0,0,2,1,2,0,2,1,2,0,2,2,2,1,0,1,2,1,1,2,1,0,2,1,1,1,1,0,0,1,0,0,1,2,1,0,1,1,2,1,2,2,2,1,0,0,1,2,0,0,1,2,0,1,1,1,2,1,1,1,1,1,0,2,2,1,0,1,2,2,1,1,2,1,2,1,1,2,2,0,1,1,1,1,2,2,2,1,2,0,1,2
216_34,2,1,2,2,2,0,2,1,2,1,1,2,0,2,2,2,2,2,1,2,2,0,1,1,1,2,2,1,2,2,2,0,0,2,0,0,1,0,2,2,1,1,0,1,0,1,2,2,1,0,2,0,2,1,0,0,1,0,1,0,2,0,1,0,0,1,2,2,0,1,0,0,1,0,2,2,1,1,1,2,2,2,2,0,0,2,0,1,2,1,0,1,1,0,2,0,2,1,2,2,1,0,1,1,2,2,2,2,0,0,2,1,2,0,2,1,0,0,2,2,2,1,0,1,2,1,1,2,1,0,2,1,1,0,1,1,2,0,0,0,1,2,1,0,1,1,2,1,2,2,2,1,0,1,1,2,0,0,1,2,0,1,1,1,2,1,1,1,1,1,0,2,2,1,0,1,2,2,1,1,2,1,2,1,1,2,2,0,1,1,1,1,2,2,2,1,2,0,1,2
I19,2,1,2,2,1,0,2,1,2,1,1,2,2,0,2,2,0,0,1,2,2,0,2,1,1,2,0,1,2,0,2,0,0,2,0,0,0,0,2,0,1,1,0,1,0,1,0,2,1,0,2,0,2,1,0,1,0,0,1,0,2,0,0,0,0,1,2,2,0,1,0,0,1,0,2,2,1,0,1,2,2,2,2,0,0,2,0,1,2,1,0,1,1,2,2,1,2,0,2,2,1,0,1,1,2,2,2,2,0,0,2,1,2,0,0,1,2,1,2,2,0,1,0,1,2,1,1,2,1,0,2,1,1,0,1,0,1,0,0,0,1,2,1,0,1,1,0,1,2,2,2,1,0,1,1,2,1,0,1,2,0,1,0,1,2,1,1,1,1,1,0,2,0,1,0,1,2,2,1,1,2,1,2,1,1,2,2,0,1,1,1,1,2,1,2,1,2,0,1,2
I20,2,1,2,2,1,0,2,1,2,1,1,2,2,0,2,2,0,0,1,2,2,2,2,1,1,2,0,1,2,0,2,0,0,2,0,0,0,0,2,0,1,1,0,1,0,1,0,2,1,0,2,0,2,1,0,1,0,0,1,2,2,0,1,2,2,1,2,2,0,1,0,0,1,0,2,2,1,0,1,2,2,2,2,2,0,2,0,1,2,1,1,1,1,2,2,1,2,0,2,2,1,0,1,1,2,2,2,2,0,0,2,1,2,0,1,1,2,1,2,2,0,1,0,1,2,1,1,2,1,0,2,1,1,1,1,0,1,0,0,0,1,2,1,0,1,1,0,1,2,2,2,1,0,1,1,2,1,0,1,2,2,1,0,1,2,1,1,1,1,1,0,2,1,1,0,1,2,2,1,1,2,1,2,1,1,2,2,0,1,1,1,1,2,1,2,1,2,0,1,2
216_31,2,1,2,2,1,0,2,1,2,1,1,2,2,0,2,2,0,0,1,2,2,2,2,1,1,2,0,1,2,0,2,0,0,2,0,0,0,0,2,0,1,1,0,1,1,1,0,2,1,0,2,0,2,1,0,1,0,0,1,2,2,0,1,2,2,1,2,2,0,1,0,0,1,0,2,2,1,0,1,2,2,2,2,2,0,2,0,1,2,1,1,1,1,2,2,1,2,0,2,2,1,0,1,1,2,2,2,2,0,0,2,1,2,0,1,1,2,1,2,2,0,1,0,1,2,1,1,2,1,0,2,1,1,1,1,0,1,0,0,0,1,2,1,0,1,1,0,1,2,2,2,1,0,1,1,2,1,0,1,2,2,1,0,1,2,1,1,1,1,1,0,2,1,1,0,1,2,2,1,1,2,1,2,1,1,2,2,0,1,1,1,1,2,1,2,1,2,0,1,2
216_30,2,1,2,2,1,0,2,1,2,1,1,2,2,0,2,2,0,0,1,2,2,2,2,1,1,2,0,1,2,0,2,0,0,2,0,0,0,0,2,0,1,1,0,1,0,1,0,2,1,0,2,0,2,1,0,1,0,0,1,2,2,0,1,2,2,1,2,2,0,1,0,0,1,0,2,2,1,0,1,2,2,2,2,2,0,2,0,1,2,1,1,1,1,2,2,1,2,0,2,2,1,0,1,1,2,2,2,2,0,0,2,1,2,0,1,1,2,1,2,2,0,1,0,1,2,1,1,2,1,0,2,1,1,1,1,0,1,0,0,0,1,2,1,0,1,1,0,1,2,2,2,1,0,1,1,2,1,0,1,2,2,1,0,1,2,1,1,1,1,1,0,2,1,1,0,1,2,2,1,1,2,1,2,1,1,2,2,0,1,1,1,1,2,1,2,1,2,0,1,2
I21,2,1,2,2,1,0,2,1,2,1,1,2,2,0,2,2,0,0,1,2,2,0,2,1,1,2,1,1,2,0,2,2,1,2,0,0,0,0,2,0,1,1,0,1,0,1,0,2,1,0,2,0,2,1,0,1,0,0,1,0,2,0,0,0,0,1,2,2,0,1,0,0,1,0,2,2,1,0,1,2,2,2,2,0,0,2,0,1,2,1,0,1,1,2,2,1,2,0,2,2,1,0,1,1,2,2,2,2,0,2,2,1,2,0,0,1,2,1,2,2,0,1,0,1,2,1,1,2,1,0,2,1,1,0,1,0,1,0,0,0,1,2,1,2,1,1,0,1,2,2,2,1,0,1,1,2,1,0,1,2,0,1,0,1,2,1,1,1,1,1,0,2,0,1,0,1,2,2,1,1,2,1,2,1,1,2,2,0,1,1,1,1,2,1,2,1,2,0,1,2
216_33,2,1,2,2,1,0,2,1,2,1,1,2,2,0,2,2,0,0,1,2,2,0,2,1,1,2,1,1,2,0,2,2,1,2,0,0,0,0,2,0,1,1,0,1,0,1,0,2,1,0,2,0,2,1,0,1,0,0,1,0,2,1,0,0,0,1,2,2,0,1,0,0,1,0,2,2,1,0,1,2,2,2,2,0,0,2,0,1,2,1,0,1,1,2,2,1,2,0,2,2,1,0,1,1,2,2,2,2,0,2,2,1,2,0,0,1,2,1,2,2,0,1,2,1,2,1,1,2,1,0,2,1,1,0,1,0,1,0,0,0,1,2,1,2,1,1,0,1,2,2,2,1,0,1,1,2,1,0,1,2,0,1,0,1,2,1,1,1,1,1,0,2,0,1,1,1,2,2,1,1,2,1,2,1,1,2,2,0,1,1,1,1,2,1,2,1,2,0,1,2
216_32,2,1,2,2,1,0,2,1,2,1,1,2,2,0,2,2,0,0,1,2,2,0,2,1,1,2,1,1,2,0,2,2,1,2,0,0,0,0,2,0,1,1,0,1,0,1,0,2,1,0,2,0,2,1,0,1,2,0,1,0,2,0,0,0,0,1,2,2,0,1,0,0,1,0,2,2,1,0,1,2,2,2,2,0,0,2,0,1,2,1,0,1,1,2,2,1,2,0,2,2,1,0,1,1,2,2,2,2,0,2,2,1,2,0,0,1,2,1,2,2,2,1,0,1,2,1,1,2,1,0,2,1,1,0,1,0,1,0,0,0,1,2,1,2,1,1,0,1,2,2,2,1,0,1,1,2,1,0,1,2,0,1,0,1,2,1,1,1,1,1,0,2,0,1,0,1,2,2,1,1,2,1,2,1,1,2,2,0,1,1,1,1,2,1,2,1,2,0,1,2
Evolve tree: [&R] ((((((216_32:0.020130191961974638,216_33:0.020130191961974638)I21:0.14588203857938623,(216_30:0.00400000000000029,216_31:0.00400000000000029)I20:0.16201223054136057)I19:0.18323217035233283,(216_34:0.139087268163632,216_35:0.139087268163632)I18:0.2101571327300617)I17:0.29024268921853624,(216_26:0.15697904064962592,216_27:0.15697904064962592)I16:0.4825080494626041)I15:0.3149614418276895,(((216_20:0.1435385029740302,216_21:0.1435385029740302)I14:0.19548956435313816,(216_18:0.13022793474518954,216_19:0.13022793474518954)I13:0.20880013258197883)I12:0.2823526521080536,((216_24:0.09106353939559214,216_25:0.09106353939559214)I11:0.22271137132865967,(216_22:0.08251429874537099,216_23:0.08251429874537099)I10:0.23126061197888081)I9:0.30760580871097015)I8:0.33306781250469747)I7:0.28649950272938945,((((216_6:0.020130191961974638,216_7:0.020130191961974638)I6:0.15954201827189912,216_5:0.17967221023387375)I5:0.19020447834782864,((216_9:0.008012977027052892,216_10:0.008012977027052892)I4:0.1534753439368624,216_8:0.1614883209639153)I3:0.20838836761778712)I2:0.25150403085351947,216_3:0.621380719435222)I1:0.619567315234087)I0:0;