cell,r0,r1,r2,r3,r4,r5,r6,r7,r8,r9,r10,r11,r12,r13,r14,r15,r16,r17,r18,r19,r20,r21,r22,r23,r24,r25,r26,r27,r28,r29,r30,r31,r32,r33,r34,r35,r36,r37,r38,r39,r40,r41,r42,r43,r44,r45,r46,r47,r48,r49,r50,r51,r52,r53,r54,r55,r56,r57,r58,r59,r60,r61,r62,r63,r64,r65,r66,r67,r68,r69,r70,r71,r72,r73,r74,r75,r76,r77,r78,r79,r80,r81,r82,r83,r84,r85,r86,r87,r88,r89,r90,r91,r92,r93,r94,r95,r96,r97,r98,r99,r100,r101,r102,r103,r104,r105,r106,r107,r108,r109,r110,r111,r112,r113,r114,r115,r116,r117,r118,r119,r120,r121,r122,r123,r124,r125,r126,r127,r128,r129,r130,r131,r132,r133,r134,r135,r136,r137,r138,r139,r140,r141,r142,r143,r144,r145,r146,r147,r148,r149,r150,r151,r152,r153,r154,r155,r156,r157,r158,r159,r160,r161,r162,r163,r164,r165,r166,r167,r168,r169,r170,r171,r172,r173,r174,r175,r176,r177,r178,r179,r180,r181,r182,r183,r184,r185,r186,r187,r188,r189,r190,r191,r192,r193,r194,r195,r196,r197,r198,r199
I0,0,0,0,0,0,0,0,0,0,0,0,0,0,0,0,0,0,0,0,0,0,0,0,0,0,0,0,0,0,0,0,0,0,0,0,0,0,0,0,0,0,0,0,0,0,0,0,0,0,0,0,0,0,0,0,0,0,0,0,0,0,0,0,0,0,0,0,0,0,0,0,0,0,0,0,0,0,0,0,0,0,0,0,0,0,0,0,0,0,0,0,0,0,0,0,0,0,0,0,0,0,0,0,0,0,0,0,0,0,0,0,0,0,0,0,0,0,0,0,0,0,0,0,0,0,0,0,0,0,0,0,0,0,0,0,0,0,0,0,0,0,0,0,0,0,0,0,0,0,0,0,0,0,0,0,0,0,0,0,0,0,0,0,0,0,0,0,0,0,0,0,0,0,0,0,0,0,0,0,0,0,0,0,0,0,0,0,0,0,0,0,0,0,0,0,0,0,0,0,0
I1,0,0,0,2,0,2,0,0,1,2,1,2,0,0,1,0,1,1,2,0,1,0,0,0,0,1,1,2,0,0,2,2,0,0,0,0,1,1,0,0,0,2,1,1,0,2,0,1,0,2,0,2,2,1,0,2,0,0,1,0,2,0,0,2,1,2,2,0,2,0,0,1,2,1,0,2,2,0,0,2,2,2,0,0,0,0,0,2,0,0,2,2,2,1,2,0,1,2,0,1,2,0,2,0,0,0,2,0,1,0,0,0,0,1,2,0,1,0,0,1,2,2,2,1,0,0,0,2,2,0,2,2,0,1,1,0,1,2,2,0,2,0,0,0,0,2,0,1,1,2,2,0,2,0,2,2,0,1,1,0,0,0,2,1,1,1,0,0,2,1,1,2,1,0,0,1,2,0,1,0,0,2,1,0,0,2,0,2,0,0,1,1,0,0,0,0,1,0,0,0
216_3,1,0,0,2,2,2,2,0,1,2,1,2,1,0,1,2,1,1,2,2,1,1,1,1,0,1,1,2,1,2,2,2,0,1,0,2,1,1,1,2,0,2,1,1,0,2,1,1,0,2,0,2,2,1,1,2,0,0,1,0,2,0,0,2,1,2,2,2,2,2,2,1,2,1,0,2,2,2,1,2,2,2,0,1,1,2,2,2,1,2,2,2,2,1,2,2,1,2,2,1,2,2,2,0,0,0,2,2,1,0,0,0,1,1,2,2,1,0,2,1,2,2,2,1,2,0,0,2,2,2,2,2,0,1,1,2,1,2,2,1,2,2,0,0,1,2,0,1,1,2,2,2,2,0,2,2,0,1,1,0,0,0,2,1,1,1,2,0,2,1,1,2,1,2,1,1,2,1,1,0,2,2,1,1,2,2,1,2,2,0,1,1,0,0,0,0,1,0,0,2
I2,0,1,0,2,0,2,0,0,1,2,1,2,0,0,1,2,1,1,2,0,1,0,0,0,0,1,1,2,0,0,2,2,0,0,0,1,1,1,0,0,0,2,1,1,0,2,0,1,0,2,0,2,2,1,0,2,0,0,1,0,2,1,0,2,1,2,2,0,2,0,0,1,2,1,0,2,2,0,1,2,2,2,2,2,0,0,0,2,1,0,2,2,2,1,2,0,1,2,0,1,2,0,2,0,0,0,2,2,1,0,2,1,0,1,2,2,1,1,0,1,2,2,2,1,0,0,0,2,2,1,2,2,0,1,1,0,1,2,2,0,2,0,0,2,0,2,0,1,1,2,2,0,2,0,2,2,0,1,1,0,0,0,2,1,1,1,2,0,2,1,1,2,1,2,0,1,2,0,1,0,0,2,1,2,0,2,0,2,0,2,1,1,0,0,0,0,1,1,0,0
I3,0,1,0,2,0,2,0,0,1,2,1,2,0,0,1,2,1,1,2,0,1,0,0,0,0,1,1,2,0,0,2,2,0,2,0,1,1,1,0,0,0,2,1,1,0,2,0,1,0,2,2,2,2,1,2,2,0,0,1,0,2,1,0,2,1,2,2,0,2,0,0,1,2,1,0,2,2,0,1,2,2,2,2,2,0,0,0,2,1,0,2,2,2,1,2,0,1,2,0,1,2,0,2,0,1,0,2,2,1,0,2,1,0,1,2,2,1,1,2,1,2,2,2,1,0,0,0,2,2,1,2,2,0,1,1,0,1,2,2,0,2,0,0,2,0,2,0,1,1,2,2,1,2,0,2,2,0,1,1,0,2,0,2,1,1,1,2,0,2,1,1,2,1,2,0,1,2,0,1,0,0,2,1,2,0,2,0,2,0,2,1,1,0,2,0,0,1,1,1,0
216_8,1,1,0,2,1,2,0,1,1,2,1,2,0,0,1,2,1,1,2,0,1,2,0,0,0,1,1,2,0,2,2,2,0,2,0,1,1,1,0,0,0,2,1,1,0,2,2,1,0,2,2,2,2,1,2,2,0,0,1,0,2,1,0,2,1,2,2,0,2,0,0,1,2,1,0,2,2,2,1,2,2,2,2,2,0,0,0,2,1,0,2,2,2,1,2,0,1,2,0,1,2,0,2,0,1,0,2,2,1,0,2,1,0,1,2,2,1,1,2,1,2,2,2,1,0,0,0,2,2,1,2,2,0,1,1,0,1,2,2,0,2,0,0,2,0,2,0,1,1,2,2,1,2,0,2,2,0,1,1,2,2,0,2,1,1,1,2,0,2,1,1,2,1,2,0,1,2,2,1,0,0,2,1,2,0,2,0,2,0,2,1,1,0,2,0,0,1,1,1,0
I4,1,1,0,2,0,2,0,0,1,2,1,2,2,0,1,2,1,1,2,0,1,0,0,0,2,1,1,2,0,0,2,2,0,2,0,1,1,1,0,2,0,2,1,1,0,2,0,1,0,2,2,2,2,1,2,2,0,0,1,0,2,1,0,2,1,2,2,0,2,0,0,1,2,1,0,2,2,0,1,2,2,2,2,2,1,0,0,2,1,0,2,2,2,1,2,0,1,2,2,1,2,0,2,1,1,0,2,2,1,0,2,1,0,1,2,2,1,1,2,1,2,2,2,1,0,0,0,2,2,1,2,2,0,1,1,0,1,2,2,0,2,0,0,2,0,2,0,1,1,2,2,1,2,1,2,2,0,1,1,0,2,0,2,1,1,1,2,0,2,1,1,2,1,2,0,1,2,0,1,0,1,2,1,2,0,2,0,2,0,2,1,1,0,2,0,0,1,1,1,1
216_10,1,1,0,2,0,2,0,0,1,2,1,2,2,0,1,2,1,1,2,0,1,0,0,0,2,1,1,2,0,0,2,2,0,2,0,1,1,1,0,2,0,2,1,1,0,2,0,1,0,2,2,2,2,1,2,2,0,0,1,0,2,1,0,2,1,2,2,0,2,0,0,1,2,1,0,2,2,0,1,2,2,2,2,2,1,0,0,2,1,0,2,2,2,1,2,0,1,2,2,1,2,0,2,1,1,0,2,2,1,0,2,1,0,1,2,2,1,1,2,1,2,2,2,1,0,0,0,2,2,1,2,2,0,1,1,0,1,2,2,0,2,2,0,2,0,2,0,1,1,2,2,1,2,1,2,2,0,1,1,0,2,0,2,1,1,1,2,0,2,1,1,2,1,2,0,1,2,0,1,0,1,2,1,2,0,2,0,2,0,2,1,1,0,2,0,0,1,1,1,1
216_9,1,1,0,2,0,2,0,0,1,2,1,2,2,0,1,2,1,1,2,0,1,0,0,0,2,1,1,2,0,0,2,2,0,2,0,1,1,1,0,2,0,2,1,1,0,2,0,1,0,2,2,2,2,1,2,2,0,0,1,0,2,1,0,2,1,2,2,0,2,0,0,1,2,1,0,2,2,0,1,2,2,2,2,2,1,0,0,2,1,0,2,2,2,1,2,0,1,2,2,1,2,0,2,1,1,0,2,2,1,0,2,1,0,1,2,2,1,1,2,1,2,2,2,1,0,0,0,2,2,1,2,2,0,1,1,0,1,2,2,0,2,0,0,2,1,2,0,1,1,2,2,1,2,1,2,2,0,1,1,0,2,0,2,1,1,1,2,0,2,1,1,2,1,2,0,1,2,0,1,0,1,2,1,2,0,2,0,2,0,2,1,1,0,2,0,0,1,1,1,1
I5,0,1,0,2,0,2,0,0,1,2,1,2,1,0,1,2,1,1,2,0,1,0,0,0,0,1,1,2,0,1,2,2,2,0,0,1,1,1,2,0,0,2,1,1,0,2,0,1,0,2,0,2,2,1,0,2,0,0,1,0,2,1,0,2,1,2,2,2,2,0,0,1,2,1,0,2,2,0,1,2,2,2,2,2,1,2,0,2,1,1,2,2,2,1,2,0,1,2,0,1,2,0,2,0,0,0,2,2,1,1,2,1,0,1,2,2,1,1,2,1,2,2,2,1,0,0,0,2,2,1,2,2,0,1,1,0,1,2,2,0,2,0,0,2,2,2,0,1,1,2,2,0,2,0,2,2,0,1,1,0,0,0,2,1,1,1,2,0,2,1,1,2,1,2,0,1,2,0,1,0,0,2,1,2,0,2,0,2,0,2,1,1,0,1,2,0,1,1,0,0
216_5,0,1,0,2,0,2,0,0,1,2,1,2,1,0,1,2,1,1,2,0,1,0,0,0,0,1,1,2,0,1,2,2,2,0,0,1,1,1,2,2,0,2,1,1,0,2,0,1,0,2,0,2,2,1,0,2,0,0,1,0,2,1,2,2,1,2,2,2,2,1,0,1,2,1,0,2,2,0,1,2,2,2,2,2,1,2,2,2,1,1,2,2,2,1,2,0,1,2,0,1,2,0,2,0,0,0,2,2,1,1,2,1,2,1,2,2,1,1,2,1,2,2,2,1,0,0,0,2,2,1,2,2,0,1,1,0,1,2,2,0,2,0,2,2,2,2,0,1,1,2,2,0,2,1,2,2,0,1,1,0,0,0,2,1,1,1,2,0,2,1,1,2,1,2,0,1,2,0,1,0,0,2,1,2,0,2,0,2,0,2,1,1,0,1,2,0,1,1,0,0
I6,0,1,0,2,0,2,0,0,1,2,1,2,1,1,1,2,1,1,2,0,1,0,0,0,0,1,1,2,0,1,2,2,2,0,1,1,1,1,2,0,0,2,1,1,1,2,0,1,0,2,0,2,2,1,0,2,2,2,1,0,2,1,2,2,1,2,2,2,2,0,2,1,2,1,0,2,2,0,1,2,2,2,2,2,1,2,0,2,1,1,2,2,2,1,2,0,1,2,0,1,2,0,2,2,0,0,2,2,1,1,2,1,0,1,2,2,1,1,2,1,2,2,2,1,0,0,0,2,2,1,2,2,0,1,1,0,1,2,2,0,2,0,0,2,2,2,0,1,1,2,2,1,2,0,2,2,0,1,1,0,0,0,2,1,1,1,2,0,2,1,1,2,1,2,0,1,2,1,1,0,0,2,1,2,0,2,0,2,0,2,1,1,0,1,2,0,1,1,0,0
216_7,0,1,0,2,0,2,0,0,1,2,1,2,1,1,1,2,1,1,2,0,1,0,0,0,0,1,1,2,0,1,2,2,2,0,1,1,1,1,2,0,0,2,1,1,1,2,0,1,0,2,0,2,2,1,2,2,2,2,1,0,2,1,2,2,1,2,2,2,2,0,2,1,2,1,0,2,2,0,1,2,2,2,2,2,1,2,0,2,1,1,2,2,2,1,2,0,1,2,0,1,2,0,2,2,0,0,2,2,1,1,2,1,0,1,2,2,1,1,2,1,2,2,2,1,0,0,0,2,2,1,2,2,0,1,1,0,1,2,2,0,2,0,0,2,2,2,0,1,1,2,2,1,2,0,2,2,0,1,1,0,0,0,2,1,1,1,2,0,2,1,1,2,1,2,0,1,2,1,1,0,0,2,1,2,0,2,0,2,0,2,1,1,0,1,2,0,1,1,0,0
216_6,0,1,0,2,0,2,0,0,1,2,1,2,1,1,1,2,1,1,2,0,1,0,0,0,0,1,1,2,0,1,2,2,2,0,1,1,1,1,2,0,0,2,1,1,1,2,0,1,0,2,0,2,2,1,0,2,2,2,1,0,2,1,2,2,1,2,2,2,2,0,2,1,2,1,0,2,2,0,1,2,2,2,2,2,1,2,0,2,1,1,2,2,2,1,2,0,1,2,0,1,2,0,2,2,0,0,2,2,1,1,2,1,0,1,2,2,1,1,2,1,2,2,2,1,0,0,0,2,2,1,2,2,0,1,1,0,1,2,2,0,2,0,0,2,2,2,0,1,1,2,2,1,2,0,2,2,0,1,1,0,0,0,2,1,1,1,2,0,2,1,1,2,1,2,0,1,2,1,1,0,0,2,1,2,0,2,0,2,0,2,1,1,0,1,2,0,1,1,0,0
I7,0,0,1,0,1,2,0,0,0,0,1,1,0,0,0,1,0,0,1,0,2,1,1,0,0,1,0,0,2,0,2,0,1,0,0,1,0,0,0,2,0,0,0,0,0,2,0,1,0,1,0,1,0,0,0,0,0,0,0,1,0,2,0,2,1,0,0,1,2,2,0,2,0,0,0,2,0,2,0,0,0,0,1,2,0,0,0,1,0,0,0,0,0,0,0,2,2,0,2,0,0,0,0,0,1,0,0,2,0,0,2,0,0,0,2,2,2,0,0,0,0,2,2,1,0,1,0,0,0,2,0,0,0,0,0,0,0,0,0,0,0,0,0,0,0,0,0,0,0,0,0,0,0,0,0,0,0,0,0,0,2,0,2,0,1,0,0,0,0,0,1,0,0,0,2,0,2,0,1,0,0,0,0,0,1,0,0,2,0,0,0,0,0,0,2,0,0,0,0,1
I8,0,2,1,0,1,2,0,0,0,1,1,1,2,0,0,1,0,2,1,1,2,1,1,0,2,1,0,0,2,0,2,0,1,0,2,1,0,0,2,2,0,0,0,0,0,2,1,1,2,1,2,1,0,0,1,1,0,0,0,1,0,2,0,2,1,0,2,1,2,2,0,2,0,0,0,2,0,2,1,1,2,2,1,2,0,0,0,1,1,2,1,2,0,0,2,2,2,0,2,1,0,0,0,0,1,0,0,2,0,0,2,0,1,0,2,2,2,1,1,0,0,2,2,1,2,1,2,0,0,2,1,0,0,0,1,2,0,0,0,0,2,0,0,1,0,2,2,0,0,0,0,0,0,2,0,0,1,1,2,1,2,2,2,2,1,0,2,0,0,0,1,0,2,0,2,0,2,0,1,0,0,0,2,1,1,0,0,2,0,2,2,0,0,0,2,0,2,0,0,1
I9,2,2,1,2,1,2,0,2,0,1,1,1,2,1,0,1,0,2,1,1,2,1,1,0,2,1,0,2,2,0,2,1,1,0,2,1,0,0,2,2,1,0,0,0,0,2,1,1,2,1,2,1,0,0,1,1,0,0,2,1,2,2,0,2,1,0,2,1,2,2,0,2,2,0,0,2,0,2,1,1,2,2,1,2,0,0,0,1,1,2,1,2,0,1,2,2,2,0,2,1,0,0,0,0,1,0,1,2,0,2,2,0,1,0,2,2,2,1,1,0,0,2,2,1,2,1,2,0,1,2,1,1,1,0,1,2,0,0,0,0,2,0,1,1,0,2,2,1,0,0,0,0,1,2,2,0,1,1,2,1,2,2,2,2,1,0,2,0,1,0,1,0,2,0,2,0,2,0,1,0,2,0,2,1,1,0,1,2,0,2,2,0,1,1,2,1,2,0,2,1
I10,2,2,1,2,1,2,0,2,0,1,1,1,2,1,0,1,0,2,1,1,2,1,1,2,2,1,0,2,2,2,2,1,1,1,2,1,0,0,2,2,1,0,0,0,0,2,1,1,2,1,2,1,0,0,1,1,0,0,2,1,2,2,2,2,1,0,2,1,2,2,0,2,2,0,1,2,0,2,1,1,2,2,1,2,0,2,0,1,1,2,1,2,0,1,2,2,2,0,2,1,2,0,0,0,1,1,1,2,0,2,2,0,1,0,2,2,2,1,1,0,0,2,2,1,2,1,2,1,1,2,1,1,1,0,1,2,0,0,0,0,2,0,1,1,1,2,2,1,0,0,0,0,1,2,2,0,1,1,2,1,2,2,2,2,1,0,2,0,1,0,1,0,2,2,2,0,2,0,1,0,2,0,2,1,1,0,1,2,0,2,2,0,1,1,2,1,2,0,2,1
216_23,2,2,1,2,1,2,2,2,0,1,1,1,2,1,0,1,0,2,1,1,2,1,1,2,2,1,0,2,2,2,2,1,1,1,2,1,0,0,2,2,1,0,0,0,0,2,1,1,2,1,2,1,0,1,1,1,0,0,2,1,2,2,2,2,1,0,2,1,2,2,0,2,2,0,1,2,0,2,1,1,2,2,1,2,2,2,1,1,1,2,1,2,0,1,2,2,2,0,2,1,2,0,0,0,1,1,1,2,0,2,2,0,1,2,2,2,2,1,1,1,0,2,2,1,2,1,2,1,1,2,1,1,1,0,1,2,0,0,0,2,2,0,1,1,1,2,2,1,0,0,0,0,1,2,2,0,1,1,2,1,2,2,2,2,1,0,2,0,1,0,1,0,2,2,2,0,2,0,1,0,2,0,2,1,1,0,1,2,0,2,2,0,1,1,2,1,2,0,2,1
216_22,2,2,1,2,1,2,0,2,0,1,1,1,2,1,0,1,0,2,1,1,2,1,1,2,2,1,0,2,2,2,2,1,1,1,2,1,0,0,2,2,1,0,0,0,0,2,1,1,2,1,2,1,0,0,1,1,0,0,2,1,2,2,2,2,1,0,2,1,2,2,0,2,2,0,1,2,0,2,1,1,2,2,1,2,0,2,0,1,1,2,1,2,0,1,2,2,2,0,2,1,2,0,0,0,1,1,1,2,0,2,2,0,1,0,2,2,2,1,1,0,0,2,2,1,2,1,2,1,1,2,1,1,1,0,1,2,0,0,0,0,2,0,1,1,1,2,2,1,0,0,0,0,1,2,2,0,1,1,2,1,2,2,2,2,1,0,2,0,1,0,1,1,2,2,2,0,2,0,1,0,2,0,2,1,1,0,1,2,0,2,2,0,1,1,2,1,2,0,2,1
I11,2,2,1,2,1,2,0,2,0,1,1,1,2,1,1,1,0,2,1,1,2,1,1,1,2,1,0,2,2,0,2,1,1,0,2,1,0,0,2,2,1,0,1,2,0,2,1,1,2,1,2,1,0,0,1,1,0,0,2,1,2,2,0,2,1,0,2,1,2,2,0,2,2,0,0,2,0,2,1,1,2,2,1,2,1,0,0,1,1,2,1,2,0,1,2,2,2,0,2,1,0,0,0,0,1,0,1,2,1,2,2,0,1,0,2,2,2,1,1,1,0,2,2,1,2,1,2,0,1,2,1,1,1,0,1,2,0,2,0,0,2,0,1,1,0,2,2,1,0,0,2,0,1,2,2,0,1,1,2,1,2,2,2,2,1,0,2,1,1,0,1,0,2,0,2,0,2,2,1,0,2,0,2,1,1,0,1,2,0,2,2,0,1,1,2,1,2,0,2,1
216_25,2,2,1,2,1,2,0,2,0,1,1,1,2,1,1,1,0,2,1,1,2,1,1,1,2,1,0,2,2,0,2,1,1,0,2,1,0,0,2,2,1,1,1,2,0,2,1,1,2,1,2,1,0,0,1,1,0,0,2,1,2,2,0,2,1,0,2,1,2,2,0,2,2,0,0,2,0,2,1,1,2,2,1,2,1,0,0,1,1,2,1,2,0,1,2,2,2,0,2,1,0,1,0,0,1,0,1,2,1,2,2,0,1,0,2,2,2,1,1,1,0,2,2,1,2,1,2,0,1,2,1,1,1,0,1,2,0,2,0,0,2,0,1,1,0,2,2,1,0,0,2,0,1,2,2,0,1,1,2,1,2,2,2,2,1,1,2,1,1,1,1,1,2,0,2,0,2,2,1,0,2,1,2,1,1,0,1,2,0,2,2,0,1,1,2,1,2,0,2,1
216_24,2,2,1,2,1,2,0,2,1,1,1,1,2,1,1,1,0,2,1,1,2,1,1,1,2,1,0,2,2,0,2,1,1,0,2,1,0,0,2,2,1,0,1,2,2,2,1,1,2,1,2,1,0,0,1,1,0,0,2,1,2,2,0,2,1,0,2,1,2,2,0,2,2,0,0,2,0,2,1,1,2,2,1,2,1,2,0,1,1,2,1,2,1,1,2,2,2,0,2,1,0,0,0,0,1,0,1,2,1,2,2,0,1,0,2,2,2,1,1,1,0,2,2,1,2,1,2,0,1,2,1,1,1,0,1,2,0,2,0,2,2,0,1,1,0,2,2,1,0,0,2,0,1,2,2,0,1,1,2,1,2,2,2,2,1,0,2,1,1,0,1,0,2,0,2,0,2,2,1,0,2,0,2,1,1,0,1,2,0,2,2,0,1,1,2,1,2,0,2,1
I12,0,2,1,1,1,2,0,0,0,1,1,1,2,0,1,1,1,2,1,1,2,1,1,0,2,1,0,0,2,0,2,0,1,2,2,1,1,0,2,2,1,1,0,1,0,2,1,1,2,1,2,1,2,0,1,1,0,0,0,1,0,2,2,2,1,0,2,1,2,2,0,2,0,0,0,2,0,2,1,1,2,2,1,2,2,0,0,1,1,2,1,2,0,0,2,2,2,1,2,1,0,0,0,0,1,0,0,2,0,0,2,0,1,0,2,2,2,1,1,0,0,2,2,1,2,1,2,2,0,2,1,0,0,0,1,2,0,2,1,0,2,2,0,1,0,2,2,1,1,0,0,0,0,2,0,0,1,1,2,1,2,2,2,2,1,0,2,2,0,0,1,0,2,0,2,0,2,0,1,0,0,1,2,1,1,0,0,2,0,2,2,0,0,0,2,0,2,0,2,1
I13,0,2,1,1,1,2,0,0,0,1,1,1,2,0,1,1,1,2,1,1,2,1,1,0,2,1,0,0,2,0,2,0,1,2,2,1,1,0,2,2,1,1,2,1,1,2,1,1,2,1,2,1,2,0,1,1,2,0,0,1,0,2,2,2,1,0,2,1,2,2,0,2,0,0,0,2,0,2,1,1,2,2,1,2,2,0,0,1,1,2,1,2,0,0,2,2,2,1,2,1,0,0,0,0,1,0,0,2,0,0,2,0,1,0,2,2,2,1,1,0,0,2,2,1,2,1,2,2,0,2,1,2,0,0,1,2,0,2,1,0,2,2,0,1,0,2,2,1,1,0,2,2,0,2,0,0,1,1,2,1,2,2,2,2,1,0,2,2,0,0,1,2,2,0,2,1,2,0,1,0,2,1,2,1,1,0,0,2,0,2,2,0,0,0,2,0,2,0,2,1
216_19,0,2,1,1,1,2,0,0,0,1,1,1,2,0,1,1,1,2,1,1,2,1,1,0,2,1,0,0,2,0,2,0,1,2,2,1,1,0,2,2,1,1,2,1,1,2,1,1,2,1,2,1,2,0,1,1,2,0,0,1,0,2,2,2,1,0,2,1,2,2,0,2,0,0,0,2,0,2,1,1,2,2,1,2,2,0,0,1,1,2,1,2,0,1,2,2,2,1,2,1,0,0,0,0,1,0,0,2,0,0,2,2,1,0,2,2,2,1,1,0,0,2,2,1,2,1,2,2,0,2,1,2,0,0,1,2,0,2,1,0,2,2,0,1,0,2,2,1,1,0,2,2,2,2,0,0,1,1,2,1,2,2,2,2,1,1,2,2,0,0,1,2,2,0,2,1,2,0,1,0,2,1,2,1,1,0,0,2,0,2,2,0,0,0,2,0,2,0,2,1
216_18,0,2,1,1,1,2,0,0,2,1,1,1,2,0,1,1,1,2,1,1,2,1,1,2,2,1,0,0,2,0,2,0,1,2,2,1,1,0,2,2,1,1,2,1,1,2,1,1,2,1,2,1,2,0,1,1,2,0,0,1,0,2,2,2,1,0,2,1,2,2,0,2,0,0,0,2,0,2,1,1,2,2,1,2,2,0,0,1,1,2,1,2,0,0,2,2,2,1,2,1,1,0,0,0,1,0,0,2,0,2,2,0,1,0,2,2,2,1,1,0,0,2,2,1,2,1,2,2,0,2,1,2,2,0,1,2,0,2,1,0,2,2,0,1,0,2,2,1,1,0,2,2,0,2,0,0,1,1,2,1,2,2,2,2,1,0,2,2,0,0,1,2,2,0,2,1,2,0,1,0,2,1,2,1,1,1,0,2,2,2,2,0,0,1,2,0,2,1,2,1
I14,0,2,1,1,1,2,0,0,0,1,1,1,2,0,1,1,1,2,1,1,2,1,1,0,2,1,0,0,2,2,2,0,1,2,2,1,1,0,2,2,1,1,0,1,0,2,1,1,2,1,2,1,2,0,1,1,0,0,0,1,0,2,2,2,1,0,2,1,2,2,0,2,1,0,2,2,0,2,1,1,2,2,1,2,2,0,0,1,1,2,1,2,0,0,2,2,2,1,2,1,0,0,0,0,1,1,0,2,2,2,2,0,1,1,2,2,2,1,1,0,0,2,2,1,2,1,2,2,0,2,1,0,0,2,1,2,0,2,1,1,2,2,0,1,0,2,2,1,1,0,0,1,0,2,0,0,1,1,2,1,2,2,2,2,1,0,2,2,0,2,1,0,2,0,2,0,2,0,1,2,0,1,2,1,1,0,0,2,0,2,2,0,1,0,2,0,2,1,2,1
216_21,0,2,1,1,1,2,0,0,0,1,1,1,2,0,1,1,1,2,1,1,2,1,1,0,2,1,0,0,2,2,2,0,1,2,2,1,1,0,2,2,1,1,2,1,0,2,1,1,2,1,2,1,2,1,1,1,0,0,0,1,0,2,2,2,1,0,2,1,2,2,0,2,1,0,2,2,0,2,1,1,2,2,1,2,2,0,0,1,1,2,1,2,0,0,2,2,2,1,2,1,0,0,0,0,1,1,1,2,2,2,2,0,1,1,2,2,2,1,1,2,2,2,2,1,2,1,2,2,0,2,1,0,0,2,1,2,0,2,1,1,2,2,0,1,0,2,2,1,1,1,0,1,2,2,0,0,1,1,2,1,2,2,2,2,1,0,2,2,0,2,1,0,2,1,2,0,2,0,1,2,0,1,2,1,1,0,0,2,0,2,2,0,1,0,2,1,2,1,2,1
216_20,0,2,1,1,1,2,0,0,0,1,1,1,2,0,1,1,1,2,1,1,2,1,1,0,2,1,0,0,2,2,2,0,1,2,2,1,1,0,2,2,1,1,0,1,0,2,1,1,2,1,2,1,2,0,1,1,0,0,0,1,0,2,2,2,1,0,2,1,2,2,0,2,1,0,2,2,0,2,1,1,2,2,1,2,2,2,2,1,1,2,1,2,1,1,2,2,2,1,2,1,2,0,0,0,1,1,0,2,2,2,2,0,1,1,2,2,2,1,1,0,0,2,2,1,2,1,2,2,0,2,1,1,0,2,1,2,0,2,1,1,2,2,0,1,0,2,2,1,1,1,0,1,0,2,0,2,1,1,2,1,2,2,2,2,1,0,2,2,0,2,1,0,2,0,2,0,2,0,1,2,2,1,2,1,1,0,0,2,0,2,2,0,1,0,2,0,2,1,2,1
I15,0,2,1,0,1,2,0,0,1,0,1,1,1,2,0,1,0,0,1,0,2,1,1,0,0,1,0,0,2,0,2,0,1,0,0,1,1,0,1,2,0,2,0,0,1,2,0,1,0,1,0,1,0,0,1,1,0,0,0,1,0,2,2,2,1,0,0,1,2,2,1,2,0,1,0,2,0,2,0,1,0,0,1,2,0,1,2,1,1,1,2,0,1,0,0,2,2,0,2,2,0,0,2,0,1,2,0,2,2,0,2,0,0,0,2,2,2,0,0,2,0,2,2,1,0,1,0,0,0,2,0,0,1,0,0,0,0,0,0,2,0,0,1,0,1,0,1,0,0,1,2,1,0,2,2,2,1,0,0,0,2,0,2,0,1,0,0,0,0,1,1,2,0,2,2,0,2,0,1,1,0,0,1,0,1,0,0,2,0,2,0,0,2,0,2,0,0,0,0,1
I16,2,2,1,0,1,2,2,2,1,0,1,1,1,2,0,1,0,0,1,2,2,1,1,1,2,1,0,0,2,0,2,0,1,0,0,1,1,0,1,2,0,2,0,1,1,2,2,1,0,1,0,1,0,0,1,1,0,0,0,1,0,2,2,2,1,2,0,1,2,2,1,2,0,1,2,2,0,2,2,1,1,2,1,2,0,1,2,1,1,1,2,0,1,1,0,2,2,2,2,2,0,2,2,1,1,2,2,2,2,1,2,0,2,1,2,2,2,1,2,2,0,2,2,1,0,1,2,0,0,2,0,2,1,1,0,0,0,0,0,2,0,0,1,2,1,2,1,0,1,1,2,1,0,2,2,2,1,0,0,0,2,2,2,0,1,0,0,0,0,1,1,2,0,2,2,2,2,0,1,1,0,0,1,2,1,0,0,2,0,2,0,0,2,2,2,0,0,2,0,1
216_27,2,2,1,0,1,2,2,2,1,0,1,1,1,2,0,1,0,2,1,2,2,1,1,1,2,1,0,0,2,0,2,0,1,0,1,1,1,0,1,2,0,2,0,1,1,2,2,1,0,1,0,1,0,0,1,1,0,0,1,1,0,2,2,2,1,2,1,1,2,2,1,2,0,1,2,2,2,2,2,1,1,2,1,2,0,1,2,1,1,1,2,0,1,1,0,2,2,2,2,2,0,2,2,1,1,2,2,2,2,1,2,0,2,1,2,2,2,1,2,2,0,2,2,1,0,1,2,0,0,2,0,2,1,1,1,0,0,0,0,2,1,0,1,2,1,2,1,0,1,1,2,1,0,2,2,2,1,0,0,0,2,2,2,0,1,0,0,0,0,1,1,2,0,2,2,2,2,0,1,1,0,0,1,2,1,0,0,2,0,2,0,0,2,2,2,0,0,2,0,1
216_26,2,2,1,0,1,2,2,2,1,0,1,1,1,2,0,1,0,0,1,2,2,1,1,1,2,1,0,0,2,0,2,1,1,0,0,1,1,0,1,2,0,2,0,1,1,2,2,1,0,1,2,1,0,0,1,1,0,0,0,1,0,2,2,2,1,2,0,1,2,2,1,2,1,1,2,2,1,2,2,1,1,2,1,2,0,1,2,1,1,1,2,0,1,1,0,2,2,2,2,2,0,2,2,1,1,2,2,2,2,1,2,0,2,1,2,2,2,1,2,2,0,2,2,1,0,1,2,0,0,2,0,2,1,1,0,0,2,0,1,2,0,0,1,2,1,2,1,2,1,1,2,1,0,2,2,2,1,0,0,0,2,2,2,0,1,0,2,0,0,1,1,2,2,2,2,2,2,0,1,1,2,0,1,2,1,0,0,2,1,2,0,0,2,2,2,0,0,2,0,1
I17,0,2,1,0,1,2,2,0,1,0,1,1,1,2,2,1,0,0,1,0,2,1,1,1,0,1,0,2,2,0,2,0,1,2,0,1,1,0,1,2,1,2,0,0,1,2,0,1,0,1,0,1,0,2,1,1,0,0,0,1,2,2,2,2,1,1,0,1,2,2,1,2,0,1,2,2,1,2,0,1,0,0,1,2,0,1,2,1,1,1,2,0,1,0,0,2,2,0,2,2,0,2,2,0,1,2,0,2,2,0,2,0,0,2,2,2,2,0,1,2,0,2,2,1,0,1,0,0,0,2,0,0,1,1,0,0,0,0,0,2,0,1,1,0,1,0,1,1,0,1,2,1,0,2,2,2,1,0,2,0,2,0,2,2,1,1,0,0,0,1,1,2,0,2,2,0,2,0,1,1,1,0,1,0,1,1,0,2,0,2,0,0,2,0,2,0,0,2,0,1
I18,2,2,1,0,1,2,2,1,1,1,1,1,1,2,2,1,1,0,1,2,2,1,1,1,1,1,0,2,2,0,2,0,1,2,0,1,1,1,1,2,1,2,0,1,1,2,0,1,0,1,0,1,0,2,1,1,0,1,0,1,2,2,2,2,1,1,0,1,2,2,1,2,0,1,2,2,1,2,0,1,0,0,1,2,0,1,2,1,1,1,2,0,1,0,0,2,2,0,2,2,0,2,2,0,1,2,0,2,2,0,2,0,0,2,2,2,2,0,1,2,0,2,2,1,2,1,0,0,0,2,0,0,1,1,0,0,0,0,0,2,1,1,1,0,1,2,1,1,0,1,2,1,0,2,2,2,1,1,2,0,2,0,2,2,1,1,0,2,1,1,1,2,2,2,2,0,2,1,1,1,1,0,1,2,1,1,0,2,0,2,2,0,2,0,2,0,0,2,0,1
216_35,2,2,1,0,1,2,2,1,1,1,1,1,1,2,2,1,1,0,1,2,2,1,1,1,1,1,0,2,2,0,2,0,1,2,0,1,1,1,1,2,1,2,0,1,1,2,0,1,0,1,2,1,0,2,1,1,0,1,0,1,2,2,2,2,1,1,0,1,2,2,1,2,1,1,2,2,1,2,0,1,0,0,1,2,1,1,2,1,1,1,2,0,1,0,2,2,2,0,2,2,0,2,2,0,1,2,0,2,2,0,2,0,0,2,2,2,2,1,1,2,0,2,2,1,2,1,0,0,0,2,0,0,1,1,0,0,0,0,0,2,1,1,1,0,1,2,1,1,2,1,2,1,0,2,2,2,1,1,2,0,2,0,2,2,1,1,0,2,1,1,1,2,2,2,2,0,2,1,1,1,1,0,1,2,1,1,0,2,0,2,2,0,2,0,2,0,0,2,0,1
216_34,2,2,1,0,1,2,2,1,1,1,1,1,1,2,2,1,1,1,1,2,2,1,1,1,1,1,0,2,2,0,2,0,1,2,0,1,1,1,1,2,1,2,0,1,1,2,2,1,0,1,0,1,0,2,1,1,0,1,0,1,2,2,2,2,1,1,1,1,2,2,1,2,0,1,2,2,1,2,2,1,2,0,1,2,0,1,2,1,1,1,2,2,1,0,0,2,2,0,2,2,0,2,2,0,1,2,0,2,2,0,2,0,0,2,2,2,2,0,1,2,0,2,2,1,2,1,0,2,1,2,0,0,1,1,0,2,2,1,0,2,1,1,1,0,1,2,1,1,0,1,2,1,0,2,2,2,1,1,2,0,2,0,2,2,1,1,0,2,1,1,1,2,2,2,2,0,2,1,1,1,1,0,1,2,1,1,0,2,0,2,2,0,2,0,2,0,0,2,0,1
I19,0,2,1,0,1,2,2,0,1,0,1,1,1,2,2,1,0,0,1,0,2,1,1,1,1,1,1,2,2,0,2,0,1,2,0,1,1,0,1,2,1,2,0,2,1,2,0,1,0,1,2,1,0,2,1,1,0,1,0,1,2,2,2,2,1,1,0,1,2,2,1,2,0,1,2,2,1,2,0,1,0,0,1,2,0,1,2,1,1,1,2,0,1,0,0,2,2,2,2,2,0,2,2,0,1,2,1,2,2,0,2,0,0,2,2,2,2,2,1,2,0,2,2,1,0,1,0,0,0,2,0,0,1,1,0,0,0,0,2,2,0,1,1,1,1,0,1,1,0,1,2,1,0,2,2,2,1,2,2,0,2,0,2,2,1,1,0,2,1,1,1,2,0,2,2,0,2,0,1,1,1,0,1,2,1,1,0,2,0,2,0,0,2,0,2,1,0,2,0,1
I20,0,2,1,0,1,2,2,0,1,0,1,1,1,2,2,1,0,0,1,0,2,1,1,1,1,1,1,2,2,0,2,0,1,2,0,1,1,0,1,2,1,2,0,2,1,2,0,1,0,1,2,1,1,2,1,1,1,1,0,1,2,2,2,2,1,1,0,1,2,2,1,2,0,1,2,2,1,2,0,1,0,0,1,2,0,1,2,1,1,1,2,2,1,0,0,2,2,2,2,2,0,2,2,0,1,2,1,2,2,0,2,1,0,2,2,2,2,2,1,2,0,2,2,1,0,1,0,0,0,2,0,0,1,1,0,0,0,0,2,2,2,1,1,1,1,0,1,1,2,1,2,1,0,2,2,2,1,2,2,0,2,0,2,2,1,1,0,2,1,1,1,2,1,2,2,1,2,0,1,1,1,2,1,2,1,1,0,2,0,2,0,0,2,0,2,1,0,2,0,1
216_31,0,2,1,0,1,2,2,0,1,0,1,1,1,2,2,1,0,0,1,0,2,1,1,1,1,1,1,2,2,0,2,0,1,2,0,1,1,0,1,2,1,2,0,2,1,2,0,1,0,1,2,1,1,2,1,1,1,1,0,1,2,2,2,2,1,1,0,1,2,2,1,2,0,1,2,2,1,2,0,1,0,0,1,2,0,1,2,1,1,1,2,2,1,0,0,2,2,2,2,2,0,2,2,0,1,2,1,2,2,0,2,1,0,2,2,2,2,2,1,2,0,2,2,1,0,1,0,0,0,2,0,0,1,1,0,0,0,0,2,2,2,1,1,1,1,0,1,1,2,1,2,1,0,2,2,2,1,2,2,0,2,0,2,2,1,1,0,2,1,1,1,2,1,2,2,1,2,0,1,1,1,2,1,2,1,1,0,2,0,2,0,0,2,0,2,1,0,2,0,1
216_30,0,2,1,0,1,2,2,0,1,0,1,1,1,2,2,1,0,2,1,0,2,1,1,1,1,1,1,2,2,0,2,0,1,2,0,1,1,0,1,2,1,2,0,2,1,2,0,1,0,1,2,1,1,2,1,1,1,1,0,1,2,2,2,2,1,1,0,1,2,2,1,2,0,1,2,2,1,2,0,1,0,0,1,2,0,1,2,1,1,1,2,2,1,0,0,2,2,2,2,2,0,2,2,0,1,2,1,2,2,0,2,1,0,2,2,2,2,2,1,2,0,2,2,1,0,1,0,0,0,2,0,0,1,1,0,0,0,0,2,2,2,1,1,1,1,0,1,1,2,1,2,1,0,2,2,2,1,2,2,0,2,0,2,2,1,1,0,2,1,1,1,2,1,2,2,1,2,0,1,1,1,2,1,2,1,1,0,2,0,2,0,0,2,0,2,1,0,2,0,1
I21,0,2,1,0,1,2,2,0,1,0,1,1,1,2,2,1,0,0,1,0,2,1,1,1,1,1,1,2,2,0,2,0,1,2,0,1,1,0,1,2,1,2,0,2,1,2,1,1,0,1,2,1,1,2,1,1,0,1,0,1,2,2,2,2,1,1,0,1,2,2,1,2,0,1,2,2,1,2,1,1,0,0,1,2,0,1,2,1,1,1,2,2,1,0,0,2,2,2,2,2,0,2,2,2,1,2,1,2,2,0,2,0,1,2,2,2,2,2,1,2,0,2,2,1,0,1,0,0,0,2,0,0,1,1,0,0,0,0,2,2,0,1,1,1,1,0,1,1,0,1,2,1,0,2,2,2,1,2,2,0,2,0,2,2,1,1,0,2,1,1,1,2,0,2,2,0,2,0,1,1,1,0,1,2,1,1,0,2,2,2,0,0,2,0,2,1,0,2,0,1
216_33,0,2,1,0,1,2,2,2,1,0,1,1,1,2,2,1,0,0,1,0,2,1,1,1,1,1,1,2,2,0,2,0,1,2,0,1,1,0,1,2,1,2,0,2,1,2,1,1,0,1,2,1,1,2,1,1,0,1,0,1,2,2,2,2,1,1,0,1,2,2,1,2,0,1,2,2,1,2,1,1,0,0,1,2,0,1,2,1,1,1,2,2,1,0,0,2,2,2,2,2,0,2,2,2,1,2,1,2,2,0,2,0,1,2,2,2,2,2,1,2,0,2,2,1,0,1,0,0,0,2,0,0,1,1,0,0,0,0,2,2,0,1,1,1,1,0,1,1,0,1,2,1,0,2,2,2,1,2,2,0,2,0,2,2,1,1,0,2,1,1,1,2,0,2,2,0,2,0,1,1,1,0,1,2,1,1,0,2,2,2,0,0,2,0,2,1,1,2,0,1
216_32,0,2,1,0,1,2,2,0,1,0,1,1,1,2,2,1,0,0,1,0,2,1,1,1,1,1,1,2,2,0,2,0,1,2,0,1,1,0,1,2,1,2,0,2,1,2,1,1,0,1,2,1,1,2,1,1,0,1,0,1,2,2,2,2,1,1,0,1,2,2,1,2,0,1,2,2,1,2,1,1,0,0,1,2,0,1,2,1,1,1,2,2,1,0,0,2,2,2,2,2,0,2,2,2,1,2,1,2,2,0,2,0,1,2,2,2,2,2,1,2,0,2,2,1,0,1,0,0,0,2,0,0,1,1,0,0,0,0,2,2,0,1,1,1,1,0,1,1,0,1,2,1,0,2,2,2,1,2,2,0,2,0,2,2,1,1,0,2,1,1,1,2,0,2,2,0,2,0,1,1,1,0,1,2,1,1,0,2,2,2,0,0,2,0,2,1,0,2,0,1
Evolve tree: [&R] ((((((216_32:0.020186915887850092,216_33:0.020186915887850092)I21:0.14966355140186685,(216_30:0.003999999999999924,216_31:0.003999999999999924)I20:0.16585046728971703)I19:0.19284112149532506,(216_34:0.14186915887850238,216_35:0.14186915887850238)I18:0.22082242990653966)I17:0.3076261682242972,(216_26:0.16044859813083856,216_27:0.16044859813083856)I16:0.5098691588785008)I15:0.3288224299065413,(((216_20:0.14648598130840887,216_21:0.14648598130840887)I14:0.20538317757009122,(216_18:0.13269158878504456,216_19:0.13269158878504456)I13:0.21917757009345554)I12:0.2993271028037365,((216_24:0.09231775700934422,216_25:0.09231775700934422)I11:0.23282242990653929,(216_22:0.08355140186915744,216_23:0.08355140186915744)I10:0.24158878504672607)I9:0.32605607476635307)I8:0.34794392523364404)I7:0.2908598130841122,((((216_6:0.020186915887850092,216_7:0.020186915887850092)I6:0.16390654205607227,216_5:0.18409345794392237)I5:0.2004672897196241,((216_9:0.008018691588784894,216_10:0.008018691588784894)I4:0.15712149532710032,216_8:0.16514018691588522)I3:0.21942056074766125)I2:0.26663551401869,216_3:0.6511962616822367)I1:0.6388037383177562)I0:0;