[&R] (((((((216_28:0,216_29:0)213_27:0.308,(216_30:0,216_31:0)215_30:3.307)175_17:1.699,(216_26:0,216_27:0)179_18:2.006)127_8:0,((216_22:0,216_23:0)183_18:1.457,216_25:3.457)130_8:0.549)79_4:0.005,(216_14:0,216_15:0)180_11:4.011)34_3:2.946,((((216_6:0,216_7:0)211_5:1.02,(216_8:1.016,216_9:0.016)212_7:0.004)168_3:1.115,((216_12:0,216_13:0)211_8:0,216_10:0)171_6:0.135)128_2:0.894,(((216_5:0,216_4:0)212_4:0.003,216_3:1.003)170_2:0,216_1:1.003)130_1:0.026)80_1:6.929)virtual:0.042)I0;
I0,0,0,0,0,0,0,0,0,0,0
virtual,0,0,0,0,0:0.96/1:0.04,0,0,0,0,0
80_1,2,0,1,0,1,2,1,0,2,2
130_1,2,0,1,0,1,2,1,0,2,2
216_1,2,0,1,0,1,2,1,2,2,2
170_2,2,0,1,0,1,2,1,0,2,2
216_3,2,0,1,0,1,2,1,1,2,2
212_4,2,0,1,0,1,2,1,0,2,2
216_4,2,0,1,0,1,2,1,0,2,2
216_5,2,0,1,0,1,2,1,0,2,2
128_2,2,0,1,0,1,2,1,0:0.13/2:0.87,2,2
171_6,2,0,1,0,1,2,1,2,2,2
216_10,2,0,1,0,1,2,1,2,2,2
211_8,2,0,1,0,1,2,1,2,2,2
216_13,2,0,1,0,1,2,1,2,2,2
216_12,2,0,1,0,1,2,1,2,2,2
168_3,2,0,1,0:0.02/2:0.98,1,2,1,2,2,2
212_7,2,0,1,0:0.01/2:0.99,1,2,1,2,2,2
216_9,2,0,1,2,1,2,1,2,2,2
216_8,2,2,1,2,1,2,1,2,2,2
211_5,2,1,1,2,1,2,1,2,2,2
216_7,2,1,1,2,1,2,1,2,2,2
216_6,2,1,1,2,1,2,1,2,2,2
34_3,0,0,0,0,1,0,0,0,1,1
180_11,1,1,0,1,1,0,1,0,1,1
216_15,1,1,0,1,1,0,1,0,1,1
216_14,1,1,0,1,1,0,1,0,1,1
79_4,0,0,0,0,1,0,0,0,1,1
130_8,0,0:0.45/2:0.55,0,0,1,0,0,0,1,1
216_25,0,2,1,0,1,0,1,1,1,1
183_18,0,2,0,0,1,0,2,0,1,1
216_23,0,2,0,0,1,0,2,0,1,1
216_22,0,2,0,0,1,0,2,0,1,1
127_8,0,0,0,0,1,0,0,0,1,1
179_18,0,0,0,1,1,0,0,2,1,1
216_27,0,0,0,1,1,0,0,2,1,1
216_26,0,0,0,1,1,0,0,2,1,1
175_17,0:0.15/2:0.85,0,0,0,1,0,0,0:0.15/1:0.85,1,1
215_30,2,2,1,1,1,0,0,1,1,1
216_31,2,2,1,1,1,0,0,1,1,1
216_30,2,2,1,1,1,0,0,1,1,1
213_27,2,0,0,0,1,0,0,1,1,1
216_29,2,0,0,0,1,0,0,1,1,1
216_28,2,0,0,0,1,0,0,1,1,1
