[&R] (((((((216_28:0,216_29:0)213_27:0,(216_30:0,216_31:0)215_30:0)175_17:0.001,(216_26:2,216_27:1)179_18:0)127_8:0.065,((216_22:0,216_23:0)183_18:4.006,216_25:4.006)130_8:0.059)79_4:1.169,(216_14:1.027,216_15:0.027)180_11:3.207)34_3:1.765,((((216_6:2.182,216_7:0.182)211_5:1.856,(216_8:0,216_9:0)212_7:0.037)168_3:0.005,((216_12:0,216_13:0)211_8:0.044,216_10:1.044)171_6:1.998)128_2:2.333,(((216_5:0,216_4:0)212_4:0.043,216_3:1.043)170_2:2.301,216_1:1.343)130_1:2.032)80_1:2.625)virtual:0)I0;
I0,0,0,0,0,0,0,0,0,0,0
virtual,0,0,0,0,0,0,0,0,0,0
80_1,0,0,0,0,0,0,0:0.13/2:0.87,0:0.13/2:0.87,0,0:0.13/2:0.87
130_1,0:0.14/1:0.86,0,0,0:0.14/2:0.86,0,0,0:0.02/2:0.98,0:0.02/2:0.98,0,0:0.02/2:0.98
216_1,1,0,2,2,0,0,2,2,0,2
170_2,1,0,0,2,0,0:0.02/1:0.98,2,2,0:0.02/2:0.98,2
216_3,1,1,0,2,0,1,2,2,2,2
212_4,1,0,0,2,0,1,2,2,2,2
216_4,1,0,0,2,0,1,2,2,2,2
216_5,1,0,0,2,0,1,2,2,2,2
128_2,0,0,0:0.02/1:0.98,0,0:0.02/1:0.98,0,2,2,0,2
171_6,0,0,1,0:0.02/2:0.98,1,0,2,2,0:0.02/1:0.98,2
216_10,0,0,1,2,1,1,2,2,1,2
211_8,0,0,1,2,1,0,2,2,1,2
216_13,0,0,1,2,1,0,2,2,1,2
216_12,0,0,1,2,1,0,2,2,1,2
168_3,0,0,0:0.02/1:0.98,0,0:0.02/1:0.98,0,2,2,0,2
212_7,0,0,1,0,1,0,2,2,0,2
216_9,0,0,1,0,1,0,2,2,0,2
216_8,0,0,1,0,1,0,2,2,0,2
211_5,0:0.09/1:0.91,0,1,0,1,0:0.09/2:0.91,2,2,0,2
216_7,1,0,1,0,1,2,2,2,0,2
216_6,1,0,1,2,1,2,2,2,1,2
34_3,0,0,0,0,0,0:0.12/1:0.88,0,0,0:0.12/2:0.88,0
180_11,0:0.01/1:0.99,0:0.01/2:0.99,0,0,0,1,0:0.01/2:0.99,0,2,0
216_15,1,2,0,0,0,1,2,0,2,0
216_14,1,2,0,0,0,1,2,2,2,0
79_4,0,0,0,0,0:0.05/1:0.95,0:0.01/1:0.99,0,0,0:0.01/2:0.99,0
130_8,0,0,0:0.94/1:0.06,0,0:0.05/1:0.95,0:0.01/1:0.99,0,0,0:0.01/2:0.99,0
216_25,1,0,1,1,1,1,2,0,2,0
183_18,0,2,1,0,1,1,0,1,2,2
216_23,0,2,1,0,1,1,0,1,2,2
216_22,0,2,1,0,1,1,0,1,2,2
127_8,0,0,0,0,1,1,0,0,2,0
179_18,0,0,0,0,1,1,0,0,2,0
216_27,0,0,1,0,1,1,0,0,2,0
216_26,0,1,0,0,1,1,0,2,2,0
175_17,0,0,0,0,1,1,0,0,2,0
215_30,0,0,0,0,1,1,0,0,2,0
216_31,0,0,0,0,1,1,0,0,2,0
216_30,0,0,0,0,1,1,0,0,2,0
213_27,0,0,0,0,1,1,0,0,2,0
216_29,0,0,0,0,1,1,0,0,2,0
216_28,0,0,0,0,1,1,0,0,2,0
