[&R] (((((((216_28:0,216_29:1)213_27:0,(216_30:1,216_31:0)215_30:0)175_17:0.002,(216_26:0,216_27:0)179_18:0.002)127_8:3.059,((216_22:1.023,216_23:0.023)183_18:1.034,216_25:2.057)130_8:0.004)79_4:1.393,(216_14:0.047,216_15:1.047)180_11:4.406)34_3:1.992,((((216_6:0,216_7:0)211_5:2.025,(216_8:1.021,216_9:0.021)212_7:0.004)168_3:2.019,((216_12:0,216_13:0)211_8:1.039,216_10:1.039)171_6:0.005)128_2:1.175,(((216_5:0,216_4:0)212_4:0.005,216_3:1.005)170_2:0.002,216_1:1.006)130_1:2.212)80_1:3.228)virtual:0.554)I0;
I0,0,0,0,0,0,0,0,0,0,0
virtual,0,0,0,0,0:0.45/1:0.55,0,0,0,0,0
80_1,0:0.06/2:0.94,0,0,0:0.06/1:0.94,0:0.03/1:0.97,0,0,0,0:0.06/2:0.94,0
130_1,2,0,2,1,1,0,2,0,2,0
216_1,2,0,2,1,1,0,2,1,2,0
170_2,2,0,2,1,1,0,2,0,2,0
216_3,2,1,2,1,1,0,2,0,2,0
212_4,2,0,2,1,1,0,2,0,2,0
216_4,2,0,2,1,1,0,2,0,2,0
216_5,2,0,2,1,1,0,2,0,2,0
128_2,2,0,0,1,1,0,0,0,2,0:0.04/2:0.96
171_6,2,0,0,1,1,0,0,0,2,0:0.03/2:0.97
216_10,2,0,0,1,1,0,0,1,2,2
211_8,2,1,0,1,1,0,0,0,2,2
216_13,2,1,0,1,1,0,0,0,2,2
216_12,2,1,0,1,1,0,0,0,2,2
168_3,2,0,0:0.01/2:0.99,1,1,0:0.01/1:0.99,0,0,2,2
212_7,2,0,0:0.01/2:0.99,1,1,0:0.01/1:0.99,0,0,2,2
216_9,2,0,2,1,1,1,0,0,2,2
216_8,2,0,2,1,1,1,1,0,2,2
211_5,2,2,2,1,1,1,0,1,2,2
216_7,2,2,2,1,1,1,0,1,2,2
216_6,2,2,2,1,1,1,0,1,2,2
34_3,0:0.19/1:0.81,0,0,0,0:0.08/1:0.92,0,0:0.19/1:0.81,0,0,0
180_11,1,0,0,0:0.01/2:0.99,1,0:0.01/2:0.99,1,0,0:0.01/2:0.99,0:0.01/1:0.99
216_15,1,1,0,2,1,2,1,0,2,1
216_14,1,0,0,2,1,2,1,0,2,1
79_4,0:0.01/1:0.99,0,0,0,1,0:0.04/1:0.96,0:0.01/1:0.99,0,0,0
130_8,0:0.01/1:0.99,0,0,0,1,0:0.04/1:0.96,0:0.01/1:0.99,0,0,0
216_25,1,0,0,0,1,1,1,1,1,0
183_18,1,0,0,0:0.02/2:0.98,1,1,1,0,0,0
216_23,1,0,0,2,1,1,1,0,0,0
216_22,1,0,0,2,1,1,1,0,2,0
127_8,1,2,0,0,1,1,1,2,0,2
179_18,1,2,0,0,1,1,1,2,0,2
216_27,1,2,0,0,1,1,1,2,0,2
216_26,1,2,0,0,1,1,1,2,0,2
175_17,1,2,0,0,1,1,1,2,0,2
215_30,1,2,0,0,1,1,1,2,0,2
216_31,1,2,0,0,1,1,1,2,0,2
216_30,1,2,0,0,1,1,1,2,2,2
213_27,1,2,0,0,1,1,1,2,0,2
216_29,1,2,1,0,1,1,1,2,0,2
216_28,1,2,0,0,1,1,1,2,0,2
