cell,r0,r1,r2,r3,r4,r5,r6,r7,r8,r9,r10,r11,r12,r13,r14,r15,r16,r17,r18,r19,r20,r21,r22,r23,r24,r25,r26,r27,r28,r29,r30,r31,r32,r33,r34,r35,r36,r37,r38,r39,r40,r41,r42,r43,r44,r45,r46,r47,r48,r49,r50,r51,r52,r53,r54,r55,r56,r57,r58,r59,r60,r61,r62,r63,r64,r65,r66,r67,r68,r69,r70,r71,r72,r73,r74,r75,r76,r77,r78,r79,r80,r81,r82,r83,r84,r85,r86,r87,r88,r89,r90,r91,r92,r93,r94,r95,r96,r97,r98,r99,r100,r101,r102,r103,r104,r105,r106,r107,r108,r109,r110,r111,r112,r113,r114,r115,r116,r117,r118,r119,r120,r121,r122,r123,r124,r125,r126,r127,r128,r129,r130,r131,r132,r133,r134,r135,r136,r137,r138,r139,r140,r141,r142,r143,r144,r145,r146,r147,r148,r149,r150,r151,r152,r153,r154,r155,r156,r157,r158,r159,r160,r161,r162,r163,r164,r165,r166,r167,r168,r169,r170,r171,r172,r173,r174,r175,r176,r177,r178,r179,r180,r181,r182,r183,r184,r185,r186,r187,r188,r189,r190,r191,r192,r193,r194,r195,r196,r197,r198,r199
I0,0,0,0,0,0,0,0,0,0,0,0,0,0,0,0,0,0,0,0,0,0,0,0,0,0,0,0,0,0,0,0,0,0,0,0,0,0,0,0,0,0,0,0,0,0,0,0,0,0,0,0,0,0,0,0,0,0,0,0,0,0,0,0,0,0,0,0,0,0,0,0,0,0,0,0,0,0,0,0,0,0,0,0,0,0,0,0,0,0,0,0,0,0,0,0,0,0,0,0,0,0,0,0,0,0,0,0,0,0,0,0,0,0,0,0,0,0,0,0,0,0,0,0,0,0,0,0,0,0,0,0,0,0,0,0,0,0,0,0,0,0,0,0,0,0,0,0,0,0,0,0,0,0,0,0,0,0,0,0,0,0,0,0,0,0,0,0,0,0,0,0,0,0,0,0,0,0,0,0,0,0,0,0,0,0,0,0,0,0,0,0,0,0,0,0,0,0,0,0,0
I1,0,1,1,1,0,0,0,1,1,0,2,0,2,0,1,1,0,0,0,0,2,1,0,1,1,2,2,2,0,0,0,0,1,0,1,0,1,2,0,0,0,0,0,0,2,0,2,0,2,2,2,1,0,0,0,1,0,2,1,0,2,2,0,1,0,2,0,0,0,1,0,0,2,2,1,0,0,0,2,0,0,0,1,0,1,0,0,2,0,0,1,0,2,0,0,1,1,0,2,2,0,0,0,1,0,0,2,0,2,0,0,0,0,0,2,0,0,0,0,0,2,2,0,1,0,0,0,1,0,1,1,2,0,1,1,0,0,0,2,1,0,0,0,1,0,0,0,0,1,2,0,0,2,0,0,0,0,1,2,2,0,1,2,0,0,0,0,0,0,0,2,0,0,1,2,1,1,0,0,2,0,0,0,2,2,2,0,0,0,1,0,0,2,2,0,1,2,0,0,2
I2,2,1,1,1,0,0,0,1,1,0,2,1,2,0,1,1,0,0,2,0,2,1,0,1,1,2,2,2,0,0,0,0,1,2,1,2,1,2,0,0,0,0,0,0,2,2,2,1,2,2,2,1,0,0,1,1,2,2,1,0,2,2,1,1,0,2,0,1,0,1,2,0,2,2,1,2,0,1,2,0,0,1,1,0,1,0,0,2,0,0,1,0,2,0,0,1,1,0,2,2,1,0,0,1,0,0,2,0,2,0,1,0,0,0,2,0,0,0,0,0,2,2,0,1,2,0,2,1,1,1,1,2,1,1,1,0,0,1,2,1,2,0,0,1,0,0,0,0,1,2,0,0,2,1,0,0,0,1,2,2,2,1,2,2,0,0,0,2,0,1,2,0,0,1,2,1,1,0,2,2,2,0,0,2,2,2,0,0,0,1,0,0,2,2,0,1,2,2,0,2
216_1,2,1,1,1,0,0,0,1,1,1,2,1,2,0,1,1,1,1,2,2,2,1,0,1,1,2,2,2,0,0,0,2,1,2,1,2,1,2,1,0,0,0,2,0,2,2,2,1,2,2,2,1,0,0,1,1,2,2,1,0,2,2,1,1,0,2,0,1,0,1,2,0,2,2,1,2,0,1,2,0,0,1,1,0,1,0,0,2,0,0,1,0,2,0,0,1,1,0,2,2,1,0,0,1,2,0,2,0,2,0,1,0,0,1,2,2,0,0,0,1,2,2,0,1,2,1,2,1,1,1,1,2,1,1,1,1,2,1,2,1,2,0,0,1,0,0,2,0,1,2,2,2,2,1,0,0,2,1,2,2,2,1,2,2,0,0,1,2,0,1,2,2,0,1,2,1,1,0,2,2,2,2,0,2,2,2,1,1,1,1,1,0,2,2,0,1,2,2,1,2
I3,2,1,1,1,0,0,1,1,1,0,2,1,2,0,1,1,0,0,2,2,2,1,0,1,1,2,2,2,2,0,0,0,1,2,1,2,1,2,0,0,0,1,0,0,2,2,2,1,2,2,2,1,2,1,1,1,2,2,1,0,2,2,1,1,0,2,0,1,0,1,2,0,2,2,1,2,2,1,2,0,2,1,1,0,1,0,0,2,0,0,1,1,2,0,0,1,1,0,2,2,1,0,2,1,0,0,2,0,2,1,1,0,0,0,2,0,0,0,0,1,2,2,2,1,2,0,2,1,1,1,1,2,1,1,1,0,0,1,2,1,2,0,0,1,0,0,0,0,1,2,0,2,2,1,0,0,0,1,2,2,2,1,2,2,1,0,0,2,2,1,2,0,0,1,2,1,1,0,2,2,2,1,1,2,2,2,0,0,0,1,0,0,2,2,0,1,2,2,0,2
216_3,2,1,1,1,0,1,1,1,1,0,2,1,2,0,1,1,0,0,2,2,2,1,0,1,1,2,2,2,2,0,0,0,1,2,1,2,1,2,0,0,0,1,0,0,2,2,2,1,2,2,2,1,2,1,1,1,2,2,1,2,2,2,1,1,0,2,0,1,1,1,2,1,2,2,1,2,2,1,2,1,2,1,1,0,1,0,1,2,0,0,1,1,2,0,2,1,1,0,2,2,1,0,2,1,0,0,2,1,2,1,1,0,1,0,2,0,0,0,0,1,2,2,2,1,2,0,2,1,1,1,1,2,1,1,1,2,0,1,2,1,2,0,0,1,0,0,2,0,1,2,0,2,2,1,0,0,0,1,2,2,2,1,2,2,1,2,0,2,2,1,2,0,0,1,2,1,1,2,2,2,2,1,1,2,2,2,0,0,0,1,0,0,2,2,1,1,2,2,0,2
I4,2,1,1,1,1,0,1,1,1,0,2,1,2,0,1,1,0,0,2,2,2,1,0,1,1,2,2,2,2,0,1,0,1,2,1,2,1,2,1,0,2,1,0,0,2,2,2,1,2,2,2,1,2,1,1,1,2,2,1,2,2,2,1,1,0,2,0,1,2,1,2,0,2,2,1,2,2,1,2,0,2,1,1,0,1,2,0,2,0,1,1,1,2,1,0,1,1,0,2,2,1,0,2,1,0,0,2,0,2,1,1,0,0,0,2,0,0,0,0,1,2,2,2,1,2,0,2,1,1,1,1,2,1,1,1,0,1,1,2,1,2,0,0,1,0,0,0,0,1,2,0,2,2,1,0,0,0,1,2,2,2,1,2,2,1,0,0,2,2,1,2,0,0,1,2,1,1,0,2,2,2,1,1,2,2,2,0,0,2,1,0,0,2,2,0,1,2,2,0,2
216_4,2,1,1,1,1,0,1,1,1,0,2,1,2,0,1,1,0,0,2,2,2,1,0,1,1,2,2,2,2,0,1,0,1,2,1,2,1,2,1,0,2,1,0,0,2,2,2,1,2,2,2,1,2,1,1,1,2,2,1,2,2,2,1,1,0,2,0,1,2,1,2,0,2,2,1,2,2,1,2,0,2,1,1,0,1,2,0,2,0,1,1,1,2,1,0,1,1,0,2,2,1,0,2,1,0,0,2,0,2,1,1,0,0,0,2,0,0,0,0,1,2,2,2,1,2,0,2,1,1,1,1,2,1,1,1,0,1,1,2,1,2,0,0,1,0,0,0,0,1,2,0,2,2,1,0,0,0,1,2,2,2,1,2,2,1,0,0,2,2,1,2,0,0,1,2,1,1,0,2,2,2,1,1,2,2,2,0,0,2,1,0,0,2,2,0,1,2,2,0,2
216_5,2,1,1,1,1,0,1,1,1,0,2,1,2,0,1,1,0,0,2,2,2,1,0,1,1,2,2,2,2,0,1,0,1,2,1,2,1,2,1,0,2,1,0,0,2,2,2,1,2,2,2,1,2,1,1,1,2,2,1,2,2,2,1,1,1,2,0,1,2,1,2,0,2,2,1,2,2,1,2,0,2,1,1,0,1,2,0,2,0,1,1,1,2,1,0,1,1,0,2,2,1,0,2,1,0,0,2,0,2,1,1,0,0,0,2,0,0,0,0,1,2,2,2,1,2,0,2,1,1,1,1,2,1,1,1,0,1,1,2,1,2,0,0,1,0,0,0,0,1,2,0,2,2,1,0,0,0,1,2,2,2,1,2,2,1,0,0,2,2,1,2,0,0,1,2,1,1,0,2,2,2,1,1,2,2,2,0,0,2,1,0,0,2,2,0,1,2,2,0,2
I5,0,1,1,1,2,0,0,1,1,0,2,0,2,0,1,1,2,0,0,1,2,1,0,1,1,2,2,2,0,0,1,1,1,1,1,0,1,2,0,0,0,1,0,0,2,2,2,0,2,2,2,1,0,0,0,1,0,2,1,0,2,2,0,1,2,2,0,0,0,1,0,2,2,2,1,0,0,0,2,1,0,0,1,2,1,2,1,2,0,0,1,2,2,0,0,1,1,2,2,2,0,0,0,1,0,0,2,0,2,2,0,2,0,0,2,2,1,0,0,0,2,2,0,1,0,0,2,1,1,1,1,2,2,1,1,0,0,0,2,1,0,2,2,1,2,0,0,0,1,2,0,2,2,0,0,0,2,1,2,2,2,1,2,0,2,0,1,0,0,0,2,0,0,1,2,1,1,0,2,2,1,0,0,2,2,2,2,2,0,1,0,1,2,2,0,1,2,1,2,2
I6,0,1,1,1,2,1,0,1,1,0,2,0,2,0,1,1,2,0,0,1,2,1,0,1,1,2,2,2,1,0,1,1,1,1,1,0,1,2,0,2,0,1,0,0,2,2,2,0,2,2,2,1,0,0,0,1,0,2,1,0,2,2,1,1,2,2,0,1,0,1,0,2,2,2,1,1,0,0,2,1,0,0,1,2,1,2,1,2,0,0,1,2,2,0,0,1,1,2,2,2,0,0,0,1,0,0,2,0,2,2,2,2,0,0,2,2,1,0,0,0,2,2,0,1,0,0,2,1,1,1,1,2,2,1,1,2,1,0,2,1,0,2,2,1,2,2,0,2,1,2,1,2,2,0,0,2,2,1,2,2,2,1,2,0,2,0,1,0,0,0,2,0,0,1,2,1,1,0,2,2,1,2,0,2,2,2,2,2,2,1,0,1,2,2,0,1,2,1,2,2
216_10,0,1,1,1,2,1,0,1,1,0,2,0,2,0,1,1,2,0,0,1,2,1,1,1,1,2,2,2,1,0,1,1,1,1,1,0,1,2,0,2,0,1,1,2,2,2,2,0,2,2,2,1,0,0,0,1,0,2,1,0,2,2,1,1,2,2,0,1,0,1,0,2,2,2,1,1,0,1,2,1,0,0,1,2,1,2,1,2,0,1,1,2,2,0,2,1,1,2,2,2,0,0,0,1,0,0,2,0,2,2,2,2,0,0,2,2,1,0,0,0,2,2,1,1,0,2,2,1,1,1,1,2,2,1,1,2,1,0,2,1,1,2,2,1,2,2,0,2,1,2,1,2,2,0,0,2,2,1,2,2,2,1,2,0,2,0,1,0,0,1,2,0,0,1,2,1,1,0,2,2,1,2,0,2,2,2,2,2,2,1,0,1,2,2,0,1,2,1,2,2
I7,0,1,1,1,2,1,2,1,1,0,2,1,2,0,1,1,2,0,0,1,2,1,2,1,1,2,2,2,1,0,1,1,1,1,1,0,1,2,1,2,0,1,0,0,2,2,2,1,2,2,2,1,0,0,0,1,0,2,1,0,2,2,1,1,2,2,0,1,0,1,0,2,2,2,1,1,0,0,2,1,0,0,1,2,1,2,1,2,0,0,1,2,2,0,0,1,1,2,2,2,0,0,0,1,0,0,2,0,2,2,2,2,2,2,2,2,1,0,0,0,2,2,0,1,0,0,2,1,1,1,1,2,2,1,1,2,1,0,2,1,0,2,2,1,2,2,0,2,1,2,1,2,2,0,0,2,2,1,2,2,2,1,2,0,2,0,1,2,0,0,2,0,2,1,2,1,1,0,2,2,1,2,0,2,2,2,2,2,2,1,1,1,2,2,0,1,2,1,2,2
216_13,0,1,1,1,2,1,2,1,1,0,2,1,2,0,1,1,2,0,0,1,2,1,2,1,1,2,2,2,1,0,1,1,1,1,1,0,1,2,1,2,0,1,0,0,2,2,2,1,2,2,2,1,0,0,0,1,0,2,1,0,2,2,1,1,2,2,0,1,0,1,0,2,2,2,1,1,0,0,2,1,0,0,1,2,1,2,1,2,0,0,1,2,2,0,0,1,1,2,2,2,0,0,0,1,0,0,2,0,2,2,2,2,2,2,2,2,1,0,0,0,2,2,0,1,0,0,2,1,1,1,1,2,2,1,1,2,1,0,2,1,0,2,2,1,2,2,0,2,1,2,1,2,2,0,0,2,2,1,2,2,2,1,2,0,2,0,1,2,0,0,2,0,2,1,2,1,1,0,2,2,1,2,0,2,2,2,2,2,2,1,1,1,2,2,0,1,2,1,2,2
216_12,0,1,1,1,2,1,2,1,1,0,2,1,2,0,1,1,2,0,0,1,2,1,2,1,1,2,2,2,1,2,1,1,1,1,1,0,1,2,1,2,0,1,0,0,2,2,2,1,2,2,2,1,0,0,0,1,0,2,1,0,2,2,1,1,2,2,0,1,0,1,0,2,2,2,1,1,0,0,2,1,0,0,1,2,1,2,1,2,0,0,1,2,2,0,0,1,1,2,2,2,0,0,0,1,0,0,2,0,2,2,2,2,2,2,2,2,1,0,0,0,2,2,0,1,0,0,2,1,1,1,1,2,2,1,1,2,1,0,2,1,0,2,2,1,2,2,0,2,1,2,1,2,2,0,0,2,2,1,2,2,2,1,2,0,2,0,1,2,0,0,2,0,2,1,2,1,1,0,2,2,1,2,0,2,2,2,2,2,2,1,1,1,2,2,0,1,2,1,2,2
I8,0,1,1,1,2,0,0,1,1,1,2,2,2,1,1,1,2,0,1,1,2,1,0,1,1,2,2,2,0,0,1,1,1,1,1,0,1,2,0,0,0,1,1,0,2,2,2,0,2,2,2,1,0,0,2,1,0,2,1,0,2,2,0,1,2,2,0,0,0,1,2,2,2,2,1,1,0,0,2,1,0,0,1,2,1,2,1,2,0,0,1,2,2,0,0,1,1,2,2,2,0,0,2,1,0,0,2,0,2,2,0,2,0,2,2,2,1,0,0,0,2,2,2,1,0,0,2,1,1,1,1,2,2,1,1,0,0,2,2,1,1,2,2,1,2,0,0,1,1,2,2,2,2,0,0,0,2,1,2,2,2,1,2,0,2,0,1,0,0,0,2,2,0,1,2,1,1,0,2,2,1,0,0,2,2,2,2,2,1,1,0,1,2,2,0,1,2,1,2,2
I9,0,1,1,1,2,0,0,1,1,1,2,2,2,1,1,1,2,0,1,1,2,1,2,1,1,2,2,2,0,0,1,1,1,1,1,0,1,2,0,0,0,1,1,0,2,2,2,1,2,2,2,1,0,0,2,1,0,2,1,0,2,2,0,1,2,2,0,0,0,1,2,2,2,2,1,1,2,0,2,1,0,0,1,2,1,2,1,2,0,0,1,2,2,2,0,1,1,2,2,2,0,0,2,1,0,0,2,0,2,2,0,2,0,2,2,2,1,0,1,2,2,2,2,1,2,0,2,1,1,1,1,2,2,1,1,0,0,2,2,1,1,2,2,1,2,0,0,1,1,2,2,2,2,0,0,0,2,1,2,2,2,1,2,0,2,0,1,0,2,0,2,2,0,1,2,1,1,0,2,2,1,0,1,2,2,2,2,2,1,1,0,1,2,2,0,1,2,1,2,2
216_9,0,1,1,1,2,0,0,1,1,1,2,2,2,1,1,1,2,0,1,1,2,1,2,1,1,2,2,2,0,0,1,1,1,1,1,0,1,2,0,0,0,1,1,0,2,2,2,1,2,2,2,1,0,0,2,1,0,2,1,0,2,2,0,1,2,2,0,0,0,1,2,2,2,2,1,1,2,0,2,1,0,0,1,2,1,2,1,2,0,0,1,2,2,2,0,1,1,2,2,2,0,0,2,1,0,0,2,0,2,2,0,2,0,2,2,2,1,0,1,2,2,2,2,1,2,0,2,1,1,1,1,2,2,1,1,0,0,2,2,1,1,2,2,1,2,0,0,1,1,2,2,2,2,0,0,0,2,1,2,2,2,1,2,0,2,0,1,0,2,0,2,2,0,1,2,1,1,0,2,2,1,0,1,2,2,2,2,2,1,1,0,1,2,2,0,1,2,1,2,2
216_8,0,1,1,1,2,0,0,1,1,1,2,2,2,1,1,1,2,0,1,1,2,1,2,1,1,2,2,2,0,0,1,1,1,1,1,0,1,2,0,0,0,1,1,0,2,2,2,1,2,2,2,1,0,0,2,1,0,2,1,0,2,2,0,1,2,2,0,0,0,1,2,2,2,2,1,1,2,0,2,1,0,0,1,2,1,2,1,2,0,0,1,2,2,2,0,1,1,2,2,2,0,0,2,1,0,0,2,0,2,2,0,2,0,2,2,2,1,0,1,2,2,2,2,1,2,0,2,1,1,1,1,2,2,1,1,0,0,2,2,1,1,2,2,1,2,0,0,1,1,2,2,2,2,0,0,0,2,1,2,2,2,1,2,0,2,0,1,0,2,0,2,2,0,1,2,1,1,0,2,2,1,0,1,2,2,2,2,2,1,1,0,1,2,2,0,1,2,1,2,2
I10,0,1,1,1,2,0,0,1,1,1,2,2,2,1,1,1,2,0,1,1,2,1,0,1,1,2,2,2,0,0,1,1,1,1,1,0,1,2,0,1,0,1,1,0,2,2,2,0,2,2,2,1,0,0,2,1,0,2,1,2,2,2,0,1,2,2,0,0,0,1,2,2,2,2,1,1,0,0,2,1,0,1,1,2,1,2,1,2,0,0,1,2,2,0,0,1,1,2,2,2,0,0,2,1,2,0,2,0,2,2,0,2,2,2,2,2,1,0,0,0,2,2,2,1,0,0,2,1,1,1,1,2,2,1,1,0,0,2,2,1,1,2,2,1,2,2,0,1,1,2,2,2,2,0,0,0,2,1,2,2,2,1,2,2,2,0,1,0,0,0,2,2,0,1,2,1,1,0,2,2,1,1,0,2,2,2,2,2,1,1,0,1,2,2,0,1,2,1,2,2
216_7,0,1,1,1,2,0,0,1,1,1,2,2,2,1,1,1,2,0,1,1,2,1,0,1,1,2,2,2,0,0,1,1,1,1,1,0,1,2,0,1,0,1,1,0,2,2,2,0,2,2,2,1,0,0,2,1,0,2,1,2,2,2,0,1,2,2,2,0,0,1,2,2,2,2,1,1,0,0,2,1,0,1,1,2,1,2,1,2,0,0,1,2,2,0,0,1,1,2,2,2,0,0,2,1,2,0,2,0,2,2,0,2,2,2,2,2,1,0,0,0,2,2,2,1,0,0,2,1,1,1,1,2,2,1,1,0,0,2,2,1,1,2,2,1,2,2,0,1,1,2,2,2,2,0,0,0,2,1,2,2,2,1,2,2,2,0,1,0,0,0,2,2,0,1,2,1,1,0,2,2,1,1,0,2,2,2,2,2,1,1,0,1,2,2,0,1,2,1,2,2
216_6,0,1,1,1,2,0,0,1,1,1,2,2,2,1,1,1,2,0,1,1,2,1,0,1,1,2,2,2,0,0,1,1,1,1,1,0,1,2,0,1,0,1,1,0,2,2,2,0,2,2,2,1,0,0,2,1,2,2,1,2,2,2,0,1,2,2,0,0,0,1,2,2,2,2,1,1,0,0,2,1,0,1,1,2,1,2,1,2,0,0,1,2,2,0,0,1,1,2,2,2,0,0,2,1,2,0,2,0,2,2,0,2,2,2,2,2,1,0,0,0,2,2,2,1,0,0,2,1,1,1,1,2,2,1,1,0,0,2,2,1,1,2,2,1,2,2,0,1,1,2,2,2,2,0,0,0,2,1,2,2,2,1,2,2,2,0,1,0,0,0,2,2,0,1,2,1,1,0,2,2,1,1,0,2,2,2,2,2,1,1,0,1,2,2,0,1,2,1,2,2
I11,0,2,0,0,0,1,0,0,1,0,2,0,0,0,0,0,0,0,0,0,1,0,0,0,0,0,0,0,2,1,2,0,0,0,0,0,0,0,2,0,0,0,0,0,2,0,1,0,2,0,2,2,1,0,0,0,2,0,0,0,0,0,0,0,0,0,0,0,0,1,0,2,0,0,0,2,0,0,0,1,0,0,0,0,2,0,0,0,0,0,0,1,0,0,0,0,0,0,0,1,2,0,0,1,0,0,1,0,0,0,0,0,0,0,0,0,0,0,0,0,0,0,1,0,0,0,0,0,0,0,0,0,2,0,0,2,0,0,2,0,2,0,0,0,0,0,0,1,0,0,0,0,1,0,0,1,0,0,1,0,0,0,0,0,0,0,0,0,0,0,1,0,0,0,0,0,0,0,0,0,0,0,0,1,0,0,0,2,0,0,0,0,0,2,0,0,0,0,0,0
I12,0,2,0,2,0,1,1,1,1,1,2,1,1,1,2,1,2,0,1,0,1,0,2,2,0,0,1,0,2,1,2,2,2,2,0,0,1,1,2,0,0,0,0,0,2,2,1,0,2,2,2,2,1,0,0,0,2,0,1,1,0,0,1,0,2,0,0,2,1,1,0,2,0,0,2,2,2,0,0,1,0,0,1,1,2,2,2,2,0,2,2,1,0,2,0,0,2,1,1,1,2,1,1,1,1,0,1,0,0,0,0,0,2,1,2,2,0,1,1,2,0,1,1,1,0,0,0,0,2,1,0,0,2,2,0,2,1,2,2,0,2,1,0,1,2,2,2,1,0,0,2,1,1,2,1,1,2,0,1,1,1,1,1,1,2,0,0,2,0,2,1,2,1,2,1,0,1,1,2,1,1,2,0,1,1,2,2,2,1,1,1,1,0,2,2,1,1,0,0,1
216_15,0,2,2,2,0,1,1,1,1,1,2,1,1,1,2,1,2,2,1,0,1,0,2,2,0,0,1,0,2,1,2,2,2,2,0,0,1,1,2,0,0,0,0,0,2,2,1,0,2,2,2,2,1,0,0,1,2,0,1,1,0,1,1,0,2,0,0,2,1,1,0,2,0,0,2,2,2,0,0,1,0,0,1,1,2,2,2,2,0,2,2,1,0,2,0,0,2,1,1,1,2,1,1,1,1,0,1,0,0,0,0,0,2,1,2,2,0,1,1,2,0,1,1,1,0,0,0,0,2,1,0,0,2,2,0,2,1,2,2,0,2,1,0,1,2,2,2,1,0,0,2,1,1,2,1,1,2,0,1,1,1,1,1,1,2,0,0,2,0,2,1,2,1,2,1,0,1,1,2,1,1,2,2,1,1,2,2,2,1,1,1,1,0,2,2,1,1,0,0,1
216_14,0,2,0,2,0,1,1,1,1,1,2,1,1,1,2,1,2,2,1,2,1,0,2,2,0,0,1,1,2,1,2,2,2,2,0,2,1,1,2,0,0,0,0,0,2,2,1,0,2,2,2,2,1,0,0,0,2,0,1,1,0,0,1,0,2,0,0,2,1,1,0,2,2,0,2,2,2,0,0,1,0,1,1,1,2,2,2,2,0,2,2,1,0,2,0,1,2,1,1,1,2,1,1,1,1,0,1,0,1,1,0,0,2,1,2,2,0,1,1,2,0,1,1,1,0,0,0,1,2,1,0,2,2,2,0,2,1,2,2,0,2,1,0,1,2,2,2,1,0,0,2,1,1,2,1,1,2,0,1,1,1,1,1,1,2,2,0,2,0,2,1,2,1,2,1,0,1,1,2,1,1,2,1,1,1,2,2,2,1,1,1,1,0,2,2,1,1,0,0,1
I13,2,2,1,0,0,1,0,0,1,0,2,1,0,0,0,0,1,0,0,0,1,0,0,2,0,0,0,0,2,1,2,0,0,2,1,0,0,0,2,0,0,0,0,1,2,0,1,2,2,2,2,2,1,0,0,0,2,0,0,1,0,0,0,0,0,0,0,0,0,1,0,2,0,2,1,2,1,0,0,1,0,2,0,0,2,1,0,0,0,0,0,1,0,0,0,0,1,1,1,1,2,1,1,1,2,0,1,0,0,2,0,0,0,0,2,0,1,0,1,0,0,2,1,0,0,0,0,1,1,0,0,0,2,0,0,2,1,0,2,0,2,2,0,0,1,0,0,1,0,0,1,0,1,0,1,1,0,0,1,0,0,0,1,0,0,0,0,0,0,2,1,0,0,1,0,0,0,0,0,1,0,0,0,1,0,0,0,2,0,0,0,0,0,2,0,0,0,2,2,0
I14,2,2,1,0,2,1,0,0,1,0,2,1,2,0,0,0,1,0,0,0,1,0,1,2,0,0,0,0,2,1,2,0,0,2,1,0,2,0,2,1,0,0,0,1,2,0,1,2,2,2,2,2,1,0,0,0,2,1,0,1,0,0,0,0,0,2,0,0,0,1,2,2,0,2,1,2,1,0,0,1,0,2,0,0,2,1,2,0,0,0,0,1,0,0,0,0,1,1,1,1,2,1,1,1,2,0,1,0,1,2,0,0,1,0,2,0,1,2,1,0,0,2,1,0,0,0,0,1,1,0,0,1,2,0,0,2,1,1,2,0,2,2,0,0,1,0,0,1,0,0,1,1,1,0,1,1,1,0,1,0,0,0,1,0,0,0,0,0,0,2,1,0,0,1,0,0,0,0,0,1,0,2,2,1,0,0,0,2,0,2,0,0,0,2,0,0,1,2,2,1
216_25,2,2,1,0,2,1,0,0,1,1,2,1,2,0,0,0,1,0,0,0,1,1,1,2,1,2,1,0,2,1,2,0,0,2,1,0,2,2,2,1,0,1,1,1,2,2,1,2,2,2,2,2,1,0,0,0,2,1,0,1,0,0,0,0,2,2,0,1,0,1,2,2,0,2,1,2,1,0,0,1,0,2,0,0,2,1,2,1,0,0,2,1,0,0,0,1,1,1,1,1,2,1,1,1,2,0,1,0,1,2,0,2,1,0,2,0,1,2,1,0,0,2,1,0,2,1,1,1,1,0,2,1,2,2,0,2,1,1,2,2,2,2,1,0,1,1,0,1,0,0,1,1,1,0,1,1,1,2,1,0,0,0,1,0,0,0,0,0,0,2,1,1,0,1,0,2,1,0,0,1,0,2,2,1,0,0,1,2,0,2,1,1,1,2,1,1,1,2,2,1
I15,2,2,1,2,2,1,0,0,1,0,2,1,2,0,0,0,1,0,1,0,1,0,1,2,0,0,2,0,2,1,2,0,0,2,1,0,2,0,2,1,0,0,1,1,2,0,1,2,2,2,2,2,1,0,0,0,2,1,1,1,0,0,0,2,0,2,0,0,0,1,2,2,2,2,1,2,1,0,0,1,2,2,2,0,2,1,2,0,0,0,1,1,0,1,2,2,1,1,1,1,2,1,1,1,2,0,1,0,1,2,0,0,1,0,2,0,1,2,1,2,0,2,1,0,0,0,0,1,1,0,1,1,2,0,0,2,1,1,2,2,2,2,0,0,1,0,0,1,0,0,1,1,1,0,1,1,1,1,1,0,2,0,1,0,0,0,0,0,0,2,1,0,0,1,0,0,0,0,0,1,0,2,2,1,0,0,0,2,0,2,1,0,0,2,0,0,1,2,2,1
216_23,2,2,1,2,2,1,0,0,1,0,2,1,2,0,0,0,1,0,1,0,1,0,1,2,0,0,2,0,2,1,2,0,0,2,1,1,2,2,2,1,0,0,1,1,2,0,1,2,2,2,2,2,1,2,2,0,2,1,1,1,2,0,0,2,0,2,0,0,1,1,2,2,2,2,1,2,1,0,1,1,2,2,2,0,2,1,2,0,0,2,1,1,2,1,2,2,1,1,1,1,2,1,1,1,2,0,1,0,1,2,0,0,1,0,2,0,1,2,1,2,2,2,1,0,0,0,0,1,1,0,1,1,2,0,0,2,1,1,2,2,2,2,0,1,1,0,0,1,2,0,1,1,1,0,1,1,1,1,1,0,2,0,1,2,0,0,0,0,0,2,1,0,0,1,2,0,0,0,0,1,0,2,2,1,1,2,0,2,0,2,1,0,0,2,0,0,1,2,2,1
216_22,2,2,1,2,2,1,0,0,1,0,2,1,2,0,0,0,1,0,1,2,1,0,1,2,0,0,2,0,2,1,2,0,0,2,1,0,2,0,2,1,0,0,1,1,2,0,1,2,2,2,2,2,1,0,0,0,2,1,1,1,2,0,0,2,0,2,0,0,0,1,2,2,2,2,1,2,1,0,0,1,2,2,2,0,2,1,2,1,0,0,1,1,0,1,2,2,1,1,1,1,2,1,1,1,2,0,1,1,1,2,0,1,1,0,2,0,1,2,1,2,2,2,1,0,0,1,0,1,1,0,1,1,2,0,0,2,1,1,2,2,2,2,0,0,1,0,0,1,0,0,1,1,1,2,1,1,1,1,1,0,2,2,1,0,0,0,0,1,0,2,1,0,0,1,2,0,0,0,0,1,0,2,2,1,0,0,0,2,0,2,1,0,0,2,1,0,1,2,2,1
I16,2,2,1,0,0,1,0,0,1,0,2,1,0,0,2,0,1,2,0,0,1,2,0,2,0,0,1,0,2,1,2,0,0,2,1,0,0,0,2,0,0,1,0,1,2,0,1,2,2,2,2,2,1,0,0,1,2,0,0,1,2,0,0,0,0,0,0,0,0,1,0,2,0,2,1,2,1,2,0,1,0,2,1,2,2,1,0,0,0,0,0,1,2,0,0,2,1,1,1,1,2,1,1,1,2,1,1,0,1,2,0,1,0,2,2,0,1,0,1,0,2,2,1,0,0,0,2,1,1,0,0,2,2,0,2,2,1,1,2,0,2,2,0,0,1,0,0,1,1,2,1,0,1,0,1,1,1,1,1,0,0,0,1,0,2,0,0,0,0,2,1,0,0,1,2,0,0,2,0,1,0,0,0,1,0,0,0,2,0,0,0,0,0,2,0,0,0,2,2,0
I17,2,2,1,0,2,1,0,0,1,2,2,1,0,0,2,2,1,2,0,0,1,2,0,2,0,0,1,0,2,1,2,1,1,2,1,0,0,0,2,1,0,1,0,1,2,0,1,2,2,2,2,2,1,2,0,1,2,0,0,1,2,0,0,0,0,0,2,2,0,1,0,2,0,2,1,2,1,2,1,1,0,2,1,2,2,1,1,0,0,2,1,1,2,0,2,2,1,1,1,1,2,1,1,1,2,1,1,0,1,2,0,1,1,2,2,0,1,0,1,0,2,2,1,2,0,2,2,1,1,0,1,2,2,1,2,2,1,1,2,0,2,2,0,0,1,0,2,1,1,2,1,0,1,1,1,1,1,1,1,0,1,1,1,0,2,1,0,0,0,2,1,0,0,1,2,0,0,2,0,1,2,0,0,1,0,1,2,2,1,0,0,0,0,2,0,2,0,2,2,0
216_27,2,2,1,0,2,1,0,0,1,2,2,1,0,0,2,2,1,2,0,0,1,2,0,2,0,0,1,1,2,1,2,1,1,2,1,0,0,0,2,1,0,1,0,1,2,0,1,2,2,2,2,2,1,2,0,1,2,0,0,1,2,0,0,2,0,0,2,2,0,1,0,2,0,2,1,2,1,2,1,1,0,2,1,2,2,1,1,0,0,2,1,1,2,0,2,2,1,1,1,1,2,1,1,1,2,1,1,2,1,2,0,1,1,2,2,0,1,0,1,0,2,2,1,2,0,2,2,1,1,0,1,2,2,1,2,2,1,1,2,2,2,2,0,0,1,0,2,1,1,2,1,0,1,1,1,1,1,1,1,0,1,1,1,0,2,1,0,0,1,2,1,0,0,1,2,0,0,2,0,1,2,0,0,1,0,1,2,2,1,0,1,0,0,2,0,2,0,2,2,0
216_26,2,2,1,0,2,1,0,2,1,2,2,1,0,0,2,2,1,2,0,0,1,2,0,2,0,0,1,0,2,1,2,1,1,2,1,0,0,0,2,1,1,1,0,1,2,0,1,2,2,2,2,2,1,2,0,1,2,0,0,1,2,0,0,0,0,0,2,2,0,1,0,2,0,2,1,2,1,2,1,1,0,2,1,2,2,1,1,0,0,2,1,1,2,2,2,2,1,1,1,1,2,1,1,1,2,1,1,0,1,2,0,1,1,2,2,0,1,0,1,0,2,2,1,2,0,2,2,1,1,0,1,2,2,1,2,2,1,1,2,0,2,2,2,0,1,0,2,1,1,2,1,0,1,1,1,1,1,1,1,0,1,1,1,0,2,1,1,0,0,2,1,0,0,1,2,2,0,2,0,1,2,0,0,1,0,1,2,2,1,0,0,0,0,2,0,2,2,2,2,0
I18,2,2,1,0,0,1,0,2,1,0,2,1,0,0,2,0,1,2,1,0,1,2,0,2,2,0,1,0,2,1,2,0,2,2,1,0,0,0,2,0,0,1,0,1,2,1,1,2,2,2,2,2,1,2,0,1,2,0,0,1,2,0,0,0,1,0,0,0,0,1,0,2,0,2,1,2,1,2,0,1,2,2,1,2,2,1,0,0,0,0,0,1,2,0,2,2,1,1,1,1,2,1,1,1,2,1,1,0,1,2,0,1,0,2,2,0,1,0,1,0,2,2,1,0,0,0,2,1,1,0,2,2,2,0,2,2,1,1,2,0,2,2,0,2,1,0,2,1,1,2,1,0,1,0,1,1,1,1,1,0,0,0,1,0,2,0,0,0,2,2,1,2,0,1,2,0,2,2,0,1,0,0,0,1,1,0,0,2,0,0,0,2,0,2,0,0,2,2,2,0
I19,2,2,1,0,0,1,0,2,1,0,2,1,1,0,2,0,1,2,1,1,1,2,0,2,2,0,1,0,2,1,2,0,2,2,1,0,0,2,2,0,0,1,0,1,2,1,1,2,2,2,2,2,1,2,1,1,2,0,0,1,2,0,0,0,1,0,2,0,0,1,0,2,0,2,1,2,1,2,0,1,2,2,1,2,2,1,0,0,1,0,0,1,2,1,2,2,1,1,1,1,2,1,1,1,2,1,1,0,1,2,0,1,0,2,2,0,1,0,1,0,2,2,1,0,0,0,2,1,1,2,2,2,2,0,2,2,1,1,2,0,2,2,0,2,1,0,2,1,1,2,1,0,1,0,1,1,1,1,1,0,2,0,1,0,2,0,0,0,2,2,1,2,0,1,2,2,2,2,0,1,2,0,0,1,1,0,0,2,0,0,0,2,0,2,0,0,2,2,2,0
216_31,2,2,1,0,0,1,0,2,1,0,2,1,1,0,2,0,1,2,1,1,1,2,0,2,2,0,1,0,2,1,2,0,2,2,1,0,0,2,2,0,0,1,0,1,2,1,1,2,2,2,2,2,1,2,1,1,2,0,0,1,2,0,0,0,1,0,2,0,0,1,0,2,0,2,1,2,1,2,0,1,2,2,1,2,2,1,2,0,1,0,0,1,2,1,2,2,1,1,1,1,2,1,1,1,2,1,1,0,1,2,0,1,0,2,2,0,1,0,1,0,2,2,1,0,0,0,2,1,1,2,2,2,2,0,2,2,1,1,2,0,2,2,0,2,1,0,2,1,1,2,1,0,1,0,1,1,1,1,1,0,2,0,1,0,2,0,0,0,2,2,1,2,0,1,2,2,2,2,0,1,2,0,0,1,1,0,0,2,0,0,0,2,0,2,0,0,2,2,2,0
216_30,2,2,1,0,0,1,0,2,1,0,2,1,1,0,2,0,1,2,1,1,1,2,0,2,2,0,1,0,2,1,2,0,2,2,1,0,0,2,2,0,0,1,0,1,2,1,1,2,2,2,2,2,1,2,1,1,2,0,0,1,2,0,0,0,1,0,2,0,0,1,1,2,0,2,1,2,1,2,0,1,2,2,1,2,2,1,0,0,1,0,0,1,2,1,2,2,1,1,1,1,2,1,1,1,2,1,1,0,1,2,0,1,0,2,2,0,1,0,1,0,2,2,1,0,0,0,2,1,1,2,2,2,2,0,2,2,1,1,2,0,2,2,0,2,1,0,2,1,1,2,1,0,1,0,1,1,1,1,1,0,2,0,1,0,2,0,0,0,2,2,1,2,0,1,2,2,2,2,0,1,2,0,0,1,1,0,0,2,0,0,0,2,0,2,0,0,2,2,2,0
I20,2,2,1,0,0,1,2,2,1,0,2,1,0,0,2,0,1,2,1,0,1,2,0,2,2,0,1,0,2,1,2,0,2,2,1,0,0,0,2,0,1,1,0,1,2,1,1,2,2,2,2,2,1,2,1,1,2,0,0,1,2,2,0,0,1,0,0,0,0,1,0,2,0,2,1,2,1,2,2,1,2,2,1,2,2,1,0,0,0,2,0,1,2,0,2,2,1,1,1,1,2,1,1,1,2,1,1,0,1,2,1,1,0,2,2,0,1,0,1,0,2,2,1,0,0,0,2,1,1,0,2,2,2,0,2,2,1,1,2,0,2,2,2,2,1,0,2,1,1,2,1,0,1,0,1,1,1,1,1,2,0,0,1,0,2,0,0,0,2,2,1,2,0,1,2,0,2,2,0,1,0,0,0,1,1,0,0,2,0,0,0,2,0,2,0,0,2,2,2,2
216_29,2,2,1,0,0,1,2,2,1,0,2,1,0,0,2,0,1,2,1,0,1,2,0,2,2,0,1,0,2,1,2,0,2,2,1,0,0,0,2,0,1,1,0,1,2,1,1,2,2,2,2,2,1,2,1,1,2,0,0,1,2,2,0,0,1,0,0,0,0,1,0,2,0,2,1,2,1,2,2,1,2,2,1,2,2,1,0,0,0,2,0,1,2,0,2,2,1,1,1,1,2,1,1,1,2,1,1,0,1,2,1,1,0,2,2,0,1,0,1,0,2,2,1,0,0,0,2,1,1,0,2,2,2,0,2,2,1,1,2,0,2,2,2,2,1,0,2,1,1,2,1,0,1,0,1,1,1,1,1,2,0,0,1,0,2,0,0,0,2,2,1,2,0,1,2,0,2,2,0,1,0,0,0,1,1,0,0,2,0,0,0,2,0,2,0,0,2,2,2,2
216_28,2,2,1,0,0,1,2,2,1,0,2,1,0,0,2,0,1,2,1,0,1,2,0,2,2,0,1,0,2,1,2,0,2,2,1,0,0,0,2,0,1,1,0,1,2,1,1,2,2,2,2,2,1,2,1,1,2,0,0,1,2,2,0,0,1,0,0,0,0,1,0,2,0,2,1,2,1,2,2,1,2,2,1,2,2,1,0,0,0,2,0,1,2,0,2,2,1,1,1,1,2,1,1,1,2,1,1,0,1,2,1,1,0,2,2,0,1,0,1,0,2,2,1,0,0,0,2,1,1,0,2,2,2,0,2,2,1,1,2,0,2,2,2,2,1,0,2,1,1,2,1,0,1,0,1,1,1,1,1,2,0,0,1,0,2,0,0,0,2,2,1,2,0,1,2,0,2,2,0,1,0,0,0,1,1,0,0,2,0,0,0,2,0,2,0,0,2,2,2,2
Evolve tree: [&R] ((((((216_28:0.012056074766354914,216_29:0.012056074766354914)I20:0.16727102803738061,(216_30:0.003999999999999924,216_31:0.003999999999999924)I19:0.17532710280373562)I18:0.24986915887850222,(216_26:0.16044859813083856,216_27:0.16044859813083856)I17:0.2687476635513991)I16:0.2929345794392509,((216_22:0.14186915887850238,216_23:0.14186915887850238)I15:0.2704485981308383,216_25:0.4123177570093407)I14:0.3098130841121479)I13:0.3137383177570088,(216_14:0.15577570093457696,216_15:0.15577570093457696)I12:0.8800934579439206)I11:0.25413084112149537,((((216_6:0.020186915887850092,216_7:0.020186915887850092)I10:0.1928971962616794,(216_8:0.016112149532709976,216_9:0.016112149532709976)I9:0.1969719626168195)I8:0.2104672897196242,((216_12:0.020186915887850092,216_13:0.020186915887850092)I7:0.17831775700934316,216_10:0.19850467289719326)I6:0.22504672897196046)I5:0.29203738317756855,(((216_5:0.016112149532709976,216_4:0.016112149532709976)I4:0.18723364485981028,216_3:0.20334579439252026)I3:0.20897196261682044,216_1:0.4123177570093407)I2:0.30327102803738154)I1:0.5744112149532705)I0:0;