[&R] (((((((216_28:0.001,216_29:0.001)213_27:4.257,(216_30:0.002,216_31:1.002)215_30:8.256)175_17:10.539,(216_26:5.22,216_27:6.22)179_18:12.577)127_8:23.424,((216_22:6.173,216_23:4.173)183_18:14.473,216_25:20.646)130_8:18.576)79_4:39.459,(216_14:0.017,216_15:3.017)180_11:83.663)34_3:46.971,((((216_6:0.002,216_7:1.002)211_5:6.424,(216_8:0.001,216_9:0.001)212_7:9.425)168_3:14.802,((216_12:2.008,216_13:0.008)211_8:7.47,216_10:9.477)171_6:13.751)128_2:19.667,(((216_5:2.008,216_4:0.008)212_4:3.139,216_3:6.146)170_2:9.869,216_1:16.015)130_1:28.881)80_1:88.756)virtual:3.349)I0;
I0,0,0,0,0,0,0,0,0,0,0,0,0,0,0,0,0,0,0,0,0,0,0,0,0,0,0,0,0,0,0,0,0,0,0,0,0,0,0,0,0,0,0,0,0,0,0,0,0,0,0,0,0,0,0,0,0,0,0,0,0,0,0,0,0,0,0,0,0,0,0,0,0,0,0,0,0,0,0,0,0,0,0,0,0,0,0,0,0,0,0,0,0,0,0,0,0,0,0,0,0,0,0,0,0,0,0,0,0,0,0,0,0,0,0,0,0,0,0,0,0,0,0,0,0,0,0,0,0,0,0,0,0,0,0,0,0,0,0,0,0,0,0,0,0,0,0,0,0,0,0,0,0,0,0,0,0,0,0,0,0,0,0,0,0,0,0,0,0,0,0,0,0,0,0,0,0,0,0,0,0,0,0,0,0,0,0,0,0,0,0,0,0,0,0,0,0,0,0,0,0
virtual,0,0,0,0,0,0:0.8/1:0.2,0,0,0:0.8/1:0.2,0,0,0:0.8/2:0.2,0,0,0,0,0,0,0,0,0,0,0,0,0,0,0:0.8/2:0.2,0,0,0,0,0,0,0,0,0,0,0,0,0,0,0,0:0.8/1:0.2,0,0,0,0,0,0,0,0,0,0,0,0,0,0,0,0,0,0,0,0,0,0,0,0:0.8/1:0.2,0,0,0,0:0.8/1:0.2,0,0,0,0,0,0:0.8/1:0.2,0,0:0.8/2:0.2,0,0,0,0,0,0,0:0.8/1:0.2,0,0,0,0,0,0:0.8/1:0.2,0,0,0,0,0,0,0,0:0.8/1:0.2,0,0,0,0,0,0,0,0,0,0,0,0,0,0,0:0.8/1:0.2,0,0,0,0,0,0,0,0,0,0,0,0,0,0,0,0,0,0,0,0,0,0,0:0.8/1:0.2,0,0,0,0,0,0:0.8/2:0.2,0,0,0,0,0,0,0,0,0,0:0.8/2:0.2,0,0,0,0,0,0,0,0,0,0,0,0,0,0,0,0,0,0,0,0,0,0,0,0,0:0.8/2:0.2,0,0,0,0,0,0,0,0,0,0,0,0,0,0,0,0,0,0,0,0,0
80_1,0,0:0.03/1:0.97,0,0,0,0:0.03/1:0.97,0,0,0:0.03/1:0.97,0:0.03/2:0.97,0:0.03/2:0.97,0:0.03/2:0.97,0,0:0.03/2:0.97,0,0:0.03/1:0.97,0,0,0:0.03/2:0.97,0:0.03/1:0.97,0:0.03/1:0.97,0,0,0,0,0,0:0.03/2:0.97,0:0.03/1:0.97,0,0,0:0.03/1:0.97,0,0,0,0,0,0,0,0:0.03/2:0.97,0,0,0:0.03/2:0.97,0:0.03/1:0.97,0:0.03/2:0.97,0,0,0:0.03/1:0.97,0,0,0:0.03/1:0.97,0:0.03/1:0.97,0,0:0.03/1:0.97,0,0,0:0.03/1:0.97,0:0.03/1:0.97,0,0,0:0.03/2:0.97,0,0:0.03/2:0.97,0,0:0.03/2:0.97,0:0.03/1:0.97,0,0:0.03/1:0.97,0:0.03/1:0.97,0:0.03/1:0.97,0,0:0.03/1:0.97,0,0:0.03/2:0.97,0,0:0.03/2:0.97,0,0:0.03/1:0.97,0,0:0.03/2:0.97,0,0:0.03/1:0.97,0:0.03/2:0.97,0,0:0.03/1:0.97,0,0:0.03/1:0.97,0:0.03/1:0.97,0,0:0.03/2:0.97,0:0.03/1:0.97,0:0.03/1:0.97,0:0.03/1:0.97,0:0.03/2:0.97,0:0.03/1:0.97,0,0,0,0:0.03/2:0.97,0,0:0.03/1:0.97,0,0:0.03/1:0.97,0,0:0.03/2:0.97,0:0.03/1:0.97,0,0,0:0.03/2:0.97,0:0.03/2:0.97,0:0.03/2:0.97,0,0,0,0:0.03/1:0.97,0:0.03/1:0.97,0,0,0:0.03/2:0.97,0,0:0.03/2:0.97,0,0,0,0,0:0.03/2:0.97,0,0,0:0.03/1:0.97,0,0,0:0.03/1:0.97,0,0,0:0.03/2:0.97,0:0.03/2:0.97,0,0,0:0.03/1:0.97,0:0.03/1:0.97,0,0:0.03/2:0.97,0:0.03/1:0.97,0,0:0.03/2:0.97,0,0,0,0,0,0:0.03/1:0.97,0,0,0:0.03/2:0.97,0:0.03/2:0.97,0:0.03/2:0.97,0,0:0.03/1:0.97,0:0.03/1:0.97,0,0:0.03/2:0.97,0:0.03/1:0.97,0:0.03/2:0.97,0:0.03/1:0.97,0,0,0:0.03/1:0.97,0,0,0,0,0:0.03/1:0.97,0,0:0.03/1:0.97,0,0:0.03/2:0.97,0,0,0,0:0.03/2:0.97,0:0.03/1:0.97,0,0:0.03/2:0.97,0,0,0,0:0.03/1:0.97,0:0.03/2:0.97,0,0,0:0.03/2:0.97,0:0.03/1:0.97,0:0.03/2:0.97,0:0.03/2:0.97,0:0.03/1:0.97,0,0:0.03/1:0.97,0,0,0,0:0.03/2:0.97
130_1,0,1,0,0,0:0.03/1:0.97,1,0,0,1,2,2,2,0:0.03/2:0.97,2,0:0.03/1:0.97,1,0,0,2,1,1,0,0,0:0.03/2:0.97,0,0:0.03/2:0.97,2,1,0,0:0.03/1:0.97,1,0,0:0.03/1:0.97,0,0:0.03/2:0.97,0:0.03/2:0.97,0,0,2,0:0.03/2:0.97,0,2,1,2,0,0,1,0:0.03/1:0.97,0,1,1,0,1,0:0.03/2:0.97,0,1,1,0,0,2,0:0.03/1:0.97,2,0:0.03/2:0.97,2,1,0,1,1,1,0,1,0,2,0:0.03/2:0.97,2,0,1,0,2,0:0.03/1:0.97,1,2,0,1,0,1,1,0,2,1,1,1,2,1,0,0,0,2,0,1,0,1,0,2,1,0,0:0.03/2:0.97,2,2,2,0:0.03/2:0.97,0,0,1,1,0,0:0.03/2:0.97,2,0,2,0,0,0,0,2,0,0,1,0,0,1,0,0:0.03/1:0.97,2,2,0,0,1,1,0,2,1,0,2,0,0,0,0,0,1,0,0,2,2,2,0,1,1,0,2,1,2,1,0,0:0.03/1:0.97,1,0:0.03/1:0.97,0,0,0,1,0,1,0:0.03/1:0.97,2,0,0,0:0.03/1:0.97,2,1,0:0.03/1:0.97,2,0,0,0:0.03/2:0.97,1,2,0,0,2,1,2,2,1,0:0.03/2:0.97,1,0,0,0,2
216_1,2,1,0,0,1,1,0,0,1,2,2,2,2,2,1,1,2,0,2,1,1,0,0,2,0,2,2,1,0,1,1,0,1,0,2,2,0,0,2,2,0,2,1,2,0,0,1,1,1,1,1,0,1,2,0,1,1,0,0,2,1,2,2,2,1,0,1,1,1,0,1,0,2,2,2,0,1,0,2,1,1,2,0,1,2,1,1,1,2,1,1,1,2,1,0,0,0,2,0,1,2,1,0,2,1,1,2,2,2,2,2,0,0,1,1,0,2,2,0,2,0,2,0,1,2,0,0,1,2,2,1,0,1,2,2,0,0,1,1,0,2,1,0,2,0,0,0,0,2,1,0,0,2,2,2,0,1,1,0,2,1,2,1,0,1,1,1,1,0,2,1,0,1,1,2,0,0,1,2,1,1,2,2,0,2,1,2,0,0,2,1,2,2,1,2,1,0,0,0,2
170_2,0,1,0,0,1,1,0,0,1,2,2,2,2,2,1,1,0,0:0.01/2:0.99,2,1,1,0,0,2,0,2,2,1,0,1,1,0,1,0,2,2,0,0,2,2,0,2,1,2,0,0:0.01/1:0.99,1,1,0,1,1,0,1,2,0,1,1,0,0,2,1,2,2,2,1,0:0.01/2:0.99,1,1,1,0,1,0,2,2,2,0,1,0,2,1,1,2,0,1,0,1,1,0,2,1,1,1,2,1,0,0,0,2,0,1,0,1,0,2,1,0,2,2,2,2,2,0,0,1,1,0,2,2,0,2,0,0,0,0:0.01/2:0.99,2,0,0:0.01/1:0.99,1,0,0,1,0,1,2,2,0,0,1,1,0,2,1,0,2,0,0,0,0,0,1,0,0,2,2,2,0,1,1,0,2,1,2,1,0,1,1,1,0,0:0.01/2:0.99,0,1,0:0.01/1:0.99,1,1,2,0,0,1,2,1,1,2,0,0,2,1,2,0,0,2,1,2,2,1,2,1,0:0.01/2:0.99,0,0:0.01/1:0.99,2
216_3,0,1,0,1,1,1,0,0,1,2,2,2,2,2,1,1,0,2,2,1,1,0,0,2,0,2,2,1,0,1,1,0,1,0,2,2,0,0,2,2,0,2,1,2,0,1,1,1,0,1,1,0,1,2,0,1,1,0,0,2,1,2,2,2,1,2,1,1,1,0,1,0,2,2,2,0,1,0,2,1,1,2,0,1,0,1,1,0,2,1,1,1,2,1,0,0,0,2,0,1,0,1,0,2,1,0,2,2,2,2,2,1,2,1,1,0,2,2,0,2,1,0,0,2,2,0,1,1,0,0,1,0,1,2,2,1,0,1,1,0,2,1,0,2,0,0,0,0,0,1,0,0,2,2,2,0,1,1,0,2,1,2,1,0,1,1,1,0,2,0,1,1,1,1,2,0,0,1,2,1,1,2,0,2,2,1,2,0,0,2,1,2,2,1,2,1,2,0,1,2
212_4,0,1,0,0,1,1,0,0,1,2,2,2,2,2,1,1,0,2,2,1,1,0,0,2,0,2,2,1,0,1,1,0,1,0,2,2,0,0,2,2,0,2,1,2,0,1,1,1,0,1,1,0,1,2,0,1,1,0,0,2,1,2,2,2,1,2,1,1,1,0,1,1,2,2,2,0,1,0,2,1,1,2,0,1,0,1,1,0,2,1,1,1,2,1,0,0,0,2,0,1,0,1,0,2,1,0,2,2,2,2,2,0,0,1,1,0,2,2,0,2,0,0,0,2,2,0,1,1,0,0,1,0,1,2,2,0,0,1,1,0,2,1,0,2,0,0,0,0,0,1,2,0,2,2,2,0,1,1,0,2,1,2,1,0,1,1,1,0,2,0,1,1,1,1,2,0,0,1,2,1,1,2,2,0,2,1,2,0,0,2,1,2,2,1,2,1,2,0,1,2
216_4,0,1,0,0,1,1,0,0,1,2,2,2,2,2,1,1,0,2,2,1,1,0,0,2,0,2,2,1,0,1,1,0,1,0,2,2,0,0,2,2,0,2,1,2,0,1,1,1,0,1,1,0,1,2,0,1,1,0,0,2,1,2,2,2,1,2,1,1,1,0,1,1,2,2,2,0,1,0,2,1,1,2,0,1,0,1,1,0,2,1,1,1,2,1,0,0,0,2,0,1,0,1,0,2,1,0,2,2,2,2,2,0,0,1,1,0,2,2,0,2,0,0,0,2,2,0,1,1,0,0,1,0,1,2,2,0,0,1,1,0,2,1,0,2,0,0,0,0,0,1,2,0,2,2,2,0,1,1,0,2,1,2,1,0,1,1,1,0,2,0,1,1,1,1,2,0,0,1,2,1,1,2,2,0,2,1,2,0,0,2,1,2,2,1,2,1,2,0,1,2
216_5,1,1,0,0,1,1,0,0,1,2,2,2,2,2,1,1,0,2,2,1,1,0,0,2,0,2,2,1,0,1,1,0,1,0,2,2,0,0,2,2,0,2,1,2,0,1,1,1,0,1,1,0,1,2,0,1,1,0,0,2,1,2,2,2,1,2,1,1,1,0,1,1,2,2,2,0,1,0,2,1,1,2,0,1,0,1,1,0,2,1,1,1,2,1,0,0,0,2,0,1,0,1,0,2,1,0,2,2,2,2,2,0,0,1,1,0,2,2,0,2,0,0,0,2,2,0,1,1,0,0,1,0,1,2,2,0,0,1,1,0,2,1,0,2,0,0,0,0,0,1,2,0,2,2,2,0,1,1,2,2,1,2,1,0,1,1,1,0,2,0,1,1,1,1,2,0,0,1,2,1,1,2,2,0,2,1,2,0,0,2,1,2,2,1,2,1,2,0,1,2
128_2,0:0.06/1:0.94,1,0,0,0,1,0,0,1,2,2,2,0,2,0,1,0,0:0.06/2:0.94,2,1,1,0,0,0,0,0,2,1,0,0,1,0,0,0:0.06/2:0.94,0,0,0,0:0.06/1:0.94,2,0,0:0.06/2:0.94,2,1,2,0,0:0.06/1:0.94,1,0:0.06/2:0.94,0,1,1,0,1,0,0:0.06/1:0.94,1,1,0:0.06/2:0.94,0,2,0,2,0,2,1,0,1,1,1,0,1,0,2,0,2,0,1,0,2,0,1,2,0,1,0,1,1,0,2,1,1,1,2,1,0,0,0:0.06/1:0.94,2,0:0.06/2:0.94,1,0,1,0,2,1,0,0,2,2,2,0,0,0,1,1,0:0.06/2:0.94,0,2,0,2,0,0,0,0,2,0:0.06/1:0.94,0,1,0:0.06/1:0.94,0,1,0:0.06/1:0.94,0,2,2,0,0,1,1,0,2,1,0,2,0:0.06/2:0.94,0,0,0:0.06/1:0.94,0,1,0,0,2,2,2,0,1,1,0,2,1,2,1,0,0,1,0,0,0,0,1,0,1,0,2,0,0,0,2,1,0,2,0,0,0,1,2,0,0,2,1,2,2,1,0,1,0,0,0:0.06/1:0.94,2
171_6,1,1,0,0,0,1,0,0,1,2,2,2,0,2,0,1,0,2,2,1,1,0,0:0.03/2:0.97,0,0:0.03/1:0.97,0,2,1,0,0,1,0,0,2,0,0,0:0.03/2:0.97,1,2,0:0.03/2:0.97,2,2,1,2,0,1,1,2,0,1,1,0,1,0,1,1,1,2,0,2,0,2,0,2,1,0,1,1,1,0,1,0,2,0:0.03/2:0.97,2,0,1,0,2,0:0.03/2:0.97,1,2,0,1,0,1,1,0,2,1,1,1,2,1,0,0,1,2,2,1,0,1,0,2,1,0,0,2,2,2,0,0,0,1,1,2,0,2,0:0.03/1:0.97,2,0,0,0,0,2,1,0,1,1,0:0.03/1:0.97,1,1,0,2,2,0,0,1,1,0,2,1,0,2,2,0,0,1,0,1,0:0.03/2:0.97,0:0.03/1:0.97,2,2,2,0:0.03/2:0.97,1,1,0,2,1,2,1,0,0:0.03/1:0.97,1,0,0,0,0,1,0,1,0,2,0,0,0,2,1,0,2,0,0,0,1,2,0:0.03/1:0.97,0,2,1,2,2,1,0,1,0,0,1,2
216_10,1,1,0,0,0,1,0,0,1,2,2,2,0,2,0,1,0,2,2,1,1,0,2,0,1,0,2,1,0,0,1,0,0,2,0,0,2,1,2,2,2,2,1,2,0,1,1,2,0,1,1,0,1,0,1,1,1,2,0,2,2,2,0,2,1,1,1,1,1,0,1,0,2,2,2,0,1,0,2,2,1,2,0,1,0,1,1,0,2,1,1,1,2,1,1,0,1,2,2,1,2,1,0,2,1,0,0,2,2,2,0,2,0,1,1,2,1,2,1,2,0,0,0,0,2,1,0,1,1,1,1,1,0,2,2,0,0,1,1,0,2,1,0,2,2,0,0,1,0,1,2,1,2,2,2,2,1,1,0,2,1,2,1,2,1,1,0,0,0,0,1,0,1,0,2,0,0,0,2,1,0,2,0,0,1,1,2,1,0,2,1,2,2,1,0,1,0,2,1,2
211_8,1,1,0,0,0,1,0,0,1,2,2,2,0,2,1,1,0,2,2,1,1,0,2,0,1,0,2,1,0,0,1,0,0,2,0,0,2,1,2,2,2,2,1,2,0,1,1,2,1,1,1,0,1,0,1,1,1,2,0,2,0,2,0,2,1,0,1,1,1,0,1,0,2,2,2,0,1,0,2,2,1,2,0,1,0,1,1,0,2,1,1,1,2,1,0,0,1,2,2,1,0,1,0,2,1,0,0,2,2,2,0,0,2,1,1,2,0,2,1,2,1,0,0,0,2,1,0,1,1,1,1,1,0,2,2,0,0,1,1,0,2,1,0,2,2,0,0,1,2,1,2,1,2,2,2,2,1,1,0,2,1,2,1,0,1,1,0,0,0,0,1,1,1,0,2,0,0,0,2,1,0,2,0,0,0,1,2,1,1,2,1,2,2,1,0,1,0,0,1,2
216_13,1,1,0,0,0,1,0,0,1,2,2,2,0,2,1,1,0,2,2,1,1,0,2,0,1,0,2,1,0,0,1,0,0,2,0,0,2,1,2,2,2,2,1,2,0,1,1,2,1,1,1,0,1,0,1,1,1,2,0,2,0,2,0,2,1,0,1,1,1,0,1,0,2,2,2,0,1,0,2,2,1,2,0,1,0,1,1,0,2,1,1,1,2,1,0,0,1,2,2,1,0,1,0,2,1,0,0,2,2,2,0,0,2,1,1,2,0,2,1,2,1,0,0,0,2,1,0,1,1,1,1,1,0,2,2,0,0,1,1,0,2,1,0,2,2,0,0,1,2,1,2,1,2,2,2,2,1,1,0,2,1,2,1,0,1,1,0,0,0,0,1,1,1,0,2,0,0,0,2,1,0,2,0,0,0,1,2,1,1,2,1,2,2,1,0,1,0,0,1,2
216_12,1,1,0,0,0,1,0,0,1,2,2,2,0,2,1,1,0,2,2,1,1,0,2,0,1,0,2,1,0,0,1,0,0,2,0,0,2,1,2,2,2,2,1,2,0,1,1,2,1,1,1,0,1,0,1,1,1,2,0,2,0,2,0,2,1,0,1,1,1,0,1,0,2,2,2,0,1,0,2,2,1,2,0,1,0,1,1,0,2,1,1,1,2,1,0,0,1,2,2,1,0,1,0,2,1,0,0,2,2,2,0,0,2,1,1,2,0,2,1,2,1,1,0,0,2,1,0,1,1,1,1,1,0,2,2,0,2,1,1,0,2,1,0,2,2,0,0,1,2,1,2,1,2,2,2,2,1,1,0,2,1,2,1,0,1,1,0,0,0,0,1,1,1,0,2,0,0,0,2,1,0,2,0,0,0,1,2,1,1,2,1,2,2,1,0,1,0,0,1,2
168_3,1,1,0,0,0,1,0:0.03/1:0.97,0,1,2,2,2,0,2,0,1,0,2,2,1,1,0:0.03/1:0.97,0,0,0,0,2,1,0,0,1,0,0:0.03/2:0.97,2,0,0,0,1,2,0,2,2,1,2,0:0.03/1:0.97,1,1,2,0,1,1,0,1,0,1,1,1,2,0,2,0:0.03/2:0.97,2,0,2,1,0:0.03/1:0.97,1,1,1,0,1,0,2,0,2,0:0.03/1:0.97,1,0,2,0:0.03/1:0.97,1,2,0,1,0,1,1,0,2,1,1,1,2,1,0,0,1,2,2,1,0,1,0:0.03/2:0.97,2,1,0:0.03/1:0.97,0,2,2,2,0,0,0,1,1,2,0,2,0,2,0,0,0,0:0.03/1:0.97,2,1,0,1,1,0,1,1,0,2,2,0,0,1,1,0:0.03/1:0.97,2,1,0,2,2,0,0,1,0,1,0,0,2,2,2,0,1,1,0,2,1,2,1,0,0,1,0:0.03/1:0.97,0,0,0,1,0,1,0,2,0,0,0,2,1,0,2,0,0,0,1,2,0,0,2,1,2,2,1,0:0.03/2:0.97,1,0,0,1,2
212_7,1,1,0,2,0,1,1,0,1,2,2,2,0,2,2,1,0,2,2,1,1,1,0,0,0,0,2,1,0,0,1,0,2,2,0,0,0,1,2,0,2,2,1,2,1,1,1,2,1,1,1,0,1,0,1,1,1,2,0,2,2,2,0,2,1,1,1,1,1,0,1,0,2,2,2,1,1,0,2,1,1,2,0,1,0,1,1,0,2,1,1,1,2,1,0,1,1,2,2,1,0,1,2,2,1,1,0,2,2,2,0,0,0,1,1,2,0,2,0,2,0,0,0,1,2,1,0,1,1,0,1,1,0,2,2,0,0,1,1,1,2,1,0,2,2,2,2,1,2,1,0,0,2,2,2,0,1,1,0,2,1,2,1,0,0,1,1,0,0,0,1,0,1,0,2,0,1,0,2,1,0,2,0,0,0,1,2,0,0,2,1,2,2,1,2,1,0,0,1,2
216_9,1,1,0,2,0,1,1,0,1,2,2,2,0,2,2,1,0,2,2,1,1,1,0,0,0,0,2,1,0,0,1,0,2,2,0,0,0,1,2,0,2,2,1,2,1,1,1,2,1,1,1,0,1,0,1,1,1,2,0,2,2,2,0,2,1,1,1,1,1,0,1,0,2,2,2,1,1,0,2,1,1,2,0,1,0,1,1,0,2,1,1,1,2,1,0,1,1,2,2,1,0,1,2,2,1,1,0,2,2,2,0,0,0,1,1,2,0,2,0,2,0,0,0,1,2,1,0,1,1,0,1,1,0,2,2,0,0,1,1,1,2,1,0,2,2,2,2,1,2,1,0,0,2,2,2,0,1,1,0,2,1,2,1,0,0,1,1,0,0,0,1,0,1,0,2,0,1,0,2,1,0,2,0,0,0,1,2,0,0,2,1,2,2,1,2,1,0,0,1,2
216_8,1,1,0,2,0,1,1,0,1,2,2,2,0,2,2,1,0,2,2,1,1,1,0,0,0,0,2,1,0,0,1,0,2,2,0,0,0,1,2,0,2,2,1,2,1,1,1,2,1,1,1,0,1,0,1,1,1,2,0,2,2,2,0,2,1,1,1,1,1,0,1,0,2,2,2,1,1,0,2,1,1,2,0,1,0,1,1,0,2,1,1,1,2,1,0,1,1,2,2,1,0,1,2,2,1,1,0,2,2,2,0,0,0,1,1,2,0,2,0,2,0,0,0,1,2,1,0,1,1,0,1,1,0,2,2,0,0,1,1,1,2,1,0,2,2,2,2,1,2,1,0,0,2,2,2,0,1,1,0,2,1,2,1,0,0,1,1,0,0,0,1,0,1,0,2,0,1,0,2,1,0,2,0,0,0,1,2,0,0,2,1,2,2,1,2,1,0,0,1,2
211_5,1,1,0,0,0,1,1,0,1,2,2,2,0,2,0,1,0,2,2,1,1,1,0,0,0,0,2,1,2,0,1,0,2,2,0,0,0,1,2,0,2,2,1,2,1,1,1,2,0,1,1,0,1,0,1,1,1,2,0,2,2,2,1,2,1,1,1,1,1,0,1,0,2,0,2,1,1,0,2,1,1,2,0,1,0,1,1,0,2,1,1,1,2,1,0,0,1,2,2,1,0,1,2,2,1,1,0,2,2,2,0,0,0,1,1,2,2,2,0,2,0,0,0,1,2,1,0,1,1,0,1,1,0,2,2,0,0,1,1,1,2,1,0,2,2,0,0,1,0,1,0,0,2,2,2,0,1,1,0,2,1,2,1,0,0,1,1,0,0,2,1,0,1,0,2,0,0,0,2,1,0,2,1,0,2,1,2,0,0,2,1,2,2,1,2,1,0,0,1,2
216_7,1,1,0,0,0,1,1,0,1,2,2,2,0,2,0,1,0,2,2,1,1,1,0,0,0,0,2,1,2,0,1,0,2,2,0,0,0,1,2,0,2,2,1,2,1,1,1,2,0,1,1,0,1,0,1,1,1,2,0,2,2,2,1,2,1,1,1,1,1,0,1,0,2,0,2,1,1,0,2,1,1,2,0,1,0,1,1,0,2,1,1,1,2,1,0,0,1,2,2,1,0,1,2,2,1,1,0,2,2,2,0,0,0,1,1,2,2,2,0,2,0,0,0,1,2,1,0,1,1,0,1,1,0,2,2,0,0,1,1,1,2,1,0,2,2,0,0,1,0,1,0,0,2,2,2,0,1,1,0,2,1,2,1,0,0,1,1,0,2,2,1,0,1,0,2,0,0,0,2,1,0,2,1,0,2,1,2,0,0,2,1,2,2,1,2,1,0,0,1,2
216_6,1,1,0,0,0,1,1,0,1,2,2,2,0,2,0,1,0,2,2,1,1,1,0,0,0,0,2,1,2,0,1,0,2,2,0,0,0,1,2,0,2,2,1,2,1,1,1,2,0,1,1,0,1,0,1,1,1,2,0,2,2,2,1,2,1,1,1,1,1,0,1,0,2,0,2,1,1,0,2,1,1,2,0,1,0,1,1,0,2,1,1,1,2,1,0,0,1,2,2,1,0,1,2,2,1,1,0,2,2,2,0,0,0,1,1,2,2,2,0,2,0,0,0,1,2,1,0,1,1,0,1,1,0,2,2,0,0,1,1,1,2,1,0,2,2,0,0,1,0,1,0,0,2,2,2,0,1,1,0,2,1,2,1,0,0,1,1,0,0,2,1,0,1,0,2,0,0,0,2,1,0,2,1,0,2,1,2,0,0,2,1,2,2,1,2,1,0,0,1,2
34_3,0,0,0,0:0.2/2:0.8,0:0.2/1:0.8,0:0.16/1:0.84,0:0.2/2:0.8,0,0:0.16/1:0.84,0,0,0:0.16/2:0.84,0,0,0,0:0.2/2:0.8,0,0,0,0,0,0:0.2/2:0.8,0:0.2/1:0.8,0,0,0,0:0.16/2:0.84,0,0,0,0,0,0,0,0,0:0.2/2:0.8,0,0,0,0,0,0:0.2/1:0.8,0:0.16/1:0.84,0,0,0,0:0.2/2:0.8,0,0,0,0,0:0.2/2:0.8,0,0,0,0,0,0:0.2/1:0.8,0,0,0,0,0:0.2/2:0.8,0,0,0,0:0.16/1:0.84,0,0,0:0.2/2:0.8,0:0.16/1:0.84,0,0,0,0,0,0:0.16/1:0.84,0:0.2/2:0.8,0:0.16/2:0.84,0:0.2/2:0.8,0,0,0,0,0,0:0.16/1:0.84,0,0,0,0:0.2/2:0.8,0,0:0.16/1:0.84,0,0,0:0.2/1:0.8,0,0:0.2/1:0.8,0,0:0.2/2:0.8,0:0.16/1:0.84,0,0,0,0,0:0.2/2:0.8,0,0:0.2/1:0.8,0,0,0,0:0.2/2:0.8,0:0.2/2:0.8,0,0,0:0.16/1:0.84,0:0.2/2:0.8,0,0,0:0.2/1:0.8,0,0,0,0:0.2/1:0.8,0,0:0.2/1:0.8,0:0.2/1:0.8,0:0.2/1:0.8,0,0,0,0,0:0.2/2:0.8,0,0,0,0,0,0:0.16/1:0.84,0,0,0,0,0:0.2/2:0.8,0:0.16/2:0.84,0,0:0.2/2:0.8,0,0:0.2/2:0.8,0,0,0:0.2/1:0.8,0:0.2/1:0.8,0,0:0.16/2:0.84,0,0,0,0,0,0,0,0,0,0,0,0,0,0,0,0,0,0,0,0,0,0:0.2/2:0.8,0,0,0:0.16/2:0.84,0,0,0,0:0.2/2:0.8,0:0.2/1:0.8,0,0,0:0.2/1:0.8,0,0:0.2/2:0.8,0:0.2/1:0.8,0:0.2/2:0.8,0,0,0:0.2/2:0.8,0:0.2/2:0.8,0:0.2/2:0.8,0,0,0,0
180_11,1,1,0,2,1,1,2,1,1,0,2,2,1,0,0,2,2,1,2,0,2,2,1,1,2,1,2,1,0,2,0,2,0,1,0,2,0,0,0,0,0,1,1,2,1,0,2,1,2,0,0,2,1,0,0,0,1,1,1,0,1,0,2,1,0,1,1,0,1,2,1,1,1,0,2,0,1,2,2,2,0,2,2,1,2,1,2,0,0,2,1,1,2,1,1,0,1,2,2,1,2,0,0,2,2,2,1,0,0,1,2,2,1,2,1,2,0,2,1,0,0,1,1,0,1,1,1,2,0,0,2,2,2,0,1,0,0,1,1,0,1,0,2,2,2,2,1,2,1,2,1,1,0,2,0,2,2,0,0,2,2,1,0,0,1,0,0,1,2,0,0,1,1,0,0,2,2,0,2,0,0,0,2,1,0,2,1,0,2,1,2,0,0,2,2,2,1,2,0,2
216_15,1,1,0,2,1,1,2,1,1,0,2,2,1,0,0,2,2,1,2,0,2,2,1,1,2,1,2,1,0,2,0,2,0,1,0,2,0,0,0,0,0,1,1,2,1,0,2,1,2,0,0,2,1,0,0,0,1,1,1,0,1,0,2,1,0,1,1,0,1,2,1,1,1,0,2,0,1,2,2,2,0,2,2,1,2,1,2,0,0,2,1,1,2,1,1,0,1,2,2,1,2,2,0,2,2,2,1,0,0,1,2,2,1,2,1,2,0,2,1,0,0,1,1,0,1,1,1,2,1,0,2,2,2,0,1,0,0,1,1,0,1,0,2,2,2,2,1,2,1,2,1,1,0,2,0,2,2,0,0,2,2,1,0,0,1,0,0,1,2,0,0,1,1,0,0,2,2,0,2,1,0,0,2,1,0,2,1,0,2,1,2,0,0,2,2,2,1,2,0,2
216_14,1,1,0,2,1,1,2,1,1,0,2,2,1,0,0,2,2,1,2,0,2,2,1,1,2,1,2,1,0,2,0,2,0,1,0,2,0,0,0,0,0,1,1,2,1,0,2,1,2,0,0,2,1,0,0,0,1,1,1,0,1,0,2,1,0,1,1,0,1,2,1,1,1,0,2,0,1,2,2,2,0,2,2,1,2,1,2,0,0,2,1,1,2,1,1,0,1,2,2,1,2,0,0,2,2,2,1,0,0,1,2,2,1,2,1,2,0,2,1,0,0,1,1,0,1,1,1,2,0,0,2,2,2,0,1,0,0,1,1,0,1,0,2,2,2,2,1,2,1,2,1,1,0,2,0,2,2,0,0,2,2,1,0,0,1,0,0,1,2,0,0,1,1,0,0,2,2,0,2,0,0,0,2,1,0,2,1,0,2,1,2,0,0,2,2,2,1,2,0,2
79_4,0,0:0.05/2:0.95,0,0:0.01/2:0.99,0:0.01/1:0.99,0:0.01/1:0.99,0:0.01/2:0.99,0:0.05/2:0.95,0:0.01/1:0.99,0:0.05/2:0.95,0,0:0.01/2:0.99,0:0.05/2:0.95,0,0,0:0.01/2:0.99,0,0,0,0,0,0:0.01/2:0.99,0:0.01/1:0.99,0,0:0.05/1:0.95,0,0:0.01/2:0.99,0:0.05/2:0.95,0,0,0,0,0:0.05/2:0.95,0,0,0:0.01/2:0.99,0:0.05/2:0.95,0,0,0,0,0:0.01/1:0.99,0:0.01/1:0.99,0,0,0,0:0.01/2:0.99,0,0,0:0.05/2:0.95,0,0:0.01/2:0.99,0,0,0,0,0,0:0.01/1:0.99,0,0,0,0,0:0.01/2:0.99,0,0:0.05/2:0.95,0,0:0.01/1:0.99,0,0,0:0.01/2:0.99,0:0.01/1:0.99,0,0,0,0,0:0.05/1:0.95,0:0.01/1:0.99,0:0.01/2:0.99,0:0.01/2:0.99,0:0.01/2:0.99,0,0,0,0,0:0.05/1:0.95,0:0.01/1:0.99,0,0,0,0:0.01/2:0.99,0,0:0.01/1:0.99,0,0,0:0.01/1:0.99,0:0.05/2:0.95,0:0.01/1:0.99,0:0.05/1:0.95,0:0.01/2:0.99,0:0.01/1:0.99,0,0:0.05/2:0.95,0,0,0:0.01/2:0.99,0,0:0.01/1:0.99,0,0,0,0:0.01/2:0.99,0:0.01/2:0.99,0,0,0:0.01/1:0.99,0:0.01/2:0.99,0:0.05/2:0.95,0,0:0.01/1:0.99,0:0.05/1:0.95,0,0,0:0.01/1:0.99,0,0:0.01/1:0.99,0:0.01/1:0.99,0:0.01/1:0.99,0,0,0:0.05/1:0.95,0,0:0.01/2:0.99,0,0,0:0.05/2:0.95,0:0.05/2:0.95,0,0:0.01/1:0.99,0,0:0.05/2:0.95,0,0,0:0.01/2:0.99,0:0.01/2:0.99,0,0:0.01/2:0.99,0,0:0.01/2:0.99,0,0,0:0.01/1:0.99,0:0.01/1:0.99,0,0:0.01/2:0.99,0,0,0,0:0.05/2:0.95,0,0,0,0,0:0.05/2:0.95,0:0.05/1:0.95,0,0,0:0.05/1:0.95,0,0,0,0,0,0,0,0,0:0.01/2:0.99,0,0,0:0.01/2:0.99,0:0.05/1:0.95,0,0,0:0.01/2:0.99,0:0.01/1:0.99,0:0.05/2:0.95,0,0:0.01/1:0.99,0:0.05/2:0.95,0:0.01/2:0.99,0:0.01/1:0.99,0:0.01/2:0.99,0,0,0:0.01/2:0.99,0:0.01/2:0.99,0:0.01/2:0.99,0,0:0.05/1:0.95,0:0.05/2:0.95,0
130_8,0,2,0,2,1,1,2,2,1,2,0,2,2,0,0:0.08/2:0.92,2,0,0,0:0.08/1:0.92,0,0,2,1,0,1,0,2,2,0,0,0,0:0.08/2:0.92,2,0,0:0.08/1:0.92,2,2,0,0,0,0:0.08/1:0.92,1,1,0,0,0,2,0,0,2,0,2,0,0,0,0,0,1,0,0,0,0:0.08/2:0.92,2,0,2,0:0.08/1:0.92,1,0:0.08/2:0.92,0:0.08/2:0.92,2,1,0,0:0.08/2:0.92,0,0,1,1,2,2,2,0,0,0,0,1,1,0,0:0.08/2:0.92,0,2,0,1,0:0.08/1:0.92,0,1,2,1,1,2,1,0,2,0:0.08/2:0.92,0,2,0,1,0,0,0,2,2,0:0.08/2:0.92,0,1,2,2,0,1,1,0,0,1,0,1,1,1,0,0,1,0:0.08/2:0.92,2,0,0,2,2,0,1,0,2,0,0,2,2,0,2,0,2,0,0,1,1,0,2,0,0:0.08/1:0.92,0,2,0,0,0,0,2,1,0,0,1,0,0:0.08/1:0.92,0,0,0,0,0,0:0.08/2:0.92,2,0,0,2,1,0,0,2,1,2,0,1,2,2,1,2,0,0,2,2,2,0,1,2,0
216_25,0,2,0,2,1,1,2,2,1,2,0,2,2,0,2,2,0,0,1,0,0,2,1,0,1,0,2,2,2,2,0,2,2,0,1,2,2,0,2,1,1,1,1,0,0,0,2,0,1,2,0,2,0,0,0,0,0,1,0,0,0,2,2,0,2,1,1,2,2,2,1,0,2,2,0,1,1,2,2,2,0,0,1,0,1,1,0,2,0,2,0,1,1,0,1,2,1,1,2,1,0,2,2,0,2,2,1,2,0,0,2,2,2,0,1,2,2,0,1,1,2,0,1,0,1,1,1,0,1,1,2,2,2,1,2,2,0,1,0,2,0,0,2,2,0,2,0,2,1,0,1,1,0,2,2,1,0,2,0,0,0,0,2,1,0,0,1,1,1,0,0,0,0,0,2,2,2,0,2,1,0,1,2,1,2,0,1,2,2,1,2,0,0,2,2,2,0,1,2,2
183_18,0:0.01/1:0.99,2,0,2,1,1,2,2,1,2,0,2,2,0:0.01/1:0.99,2,2,0:0.01/1:0.99,0,1,0,0,2,1,0,1,0,2,2,0,0,0,2,2,0:0.01/2:0.99,1,2,2,0:0.01/1:0.99,0,0,1,1,1,0,0,0,2,0,0,2,0,2,0,0,0:0.01/1:0.99,0,0,1,0,0,0:0.01/2:0.99,2,2,0,2,1,1,2,2,2,1,0,2,0,0,1,1,2,2,2,0,0,0,0,1,1,0,2,0,2,0,1,1,0,1,2,1,1,2,1,0,2,2,0,2,0,1,0,0,0:0.01/2:0.99,2,2,2,0,1,2,2,0,1,1,0,0,1,0,1,1,1,0:0.01/2:0.99,0,1,2,2,0,0,2,2,0,1,0,2,0,0,2,2,0,2,0,2,0,0:0.01/1:0.99,1,1,0,2,0,1,0,2,0,0,0,0,2,1,0:0.01/2:0.99,0,1,0,1,0:0.01/1:0.99,0,0,0,0,2,2,0,0,2,1,0,0,2,1,2,0,1,2,2,1,2,0,0,2,2,2,0:0.01/1:0.99,1,2,0
216_23,1,2,0,2,1,1,2,2,1,2,0,2,2,1,2,2,1,0,1,0,0,2,1,0,1,0,2,2,0,0,0,2,2,2,1,2,2,1,0,0,1,1,1,2,0,1,2,0,0,2,0,2,0,0,1,0,0,1,0,0,2,2,2,0,2,1,1,2,2,2,1,0,2,0,0,1,1,2,2,2,0,0,0,0,1,1,0,2,0,2,0,1,1,0,1,2,1,1,2,1,0,2,2,0,2,0,1,0,0,2,2,2,2,0,1,2,2,0,1,1,0,0,1,0,1,1,1,2,0,1,2,2,0,0,2,2,2,1,0,2,0,0,2,2,0,2,0,2,0,1,1,1,0,2,0,1,0,2,0,0,0,0,2,1,2,0,1,0,1,1,0,0,0,0,2,2,0,0,2,1,0,0,2,1,2,0,1,2,2,1,2,0,2,2,2,2,1,1,2,0
216_22,1,2,0,2,1,1,2,2,1,2,0,2,2,1,2,2,1,0,1,0,0,2,1,0,1,0,2,2,0,0,0,2,2,2,1,2,2,1,0,0,1,1,1,0,0,0,2,0,0,2,0,2,0,0,1,0,0,1,0,0,2,2,2,0,2,1,1,2,2,2,1,0,2,0,0,1,1,2,2,2,0,0,0,0,1,1,0,2,0,2,0,1,1,0,1,2,1,1,2,1,0,2,2,0,2,0,1,0,0,2,2,2,2,0,1,2,2,0,1,1,0,0,1,0,1,1,1,2,0,1,2,2,0,0,2,2,0,1,0,2,0,2,2,2,2,2,2,2,0,1,1,1,0,2,0,1,2,2,0,1,0,0,2,1,2,0,1,0,1,1,0,0,0,0,2,2,0,0,2,1,0,0,2,1,2,1,1,2,2,1,2,0,0,2,2,2,1,1,2,0
127_8,0,2,0,2,1,1,2,2,1,2,0,2,2,0:0.03/2:0.97,0:0.03/1:0.97,2,0,0,0,0,0,2,1,0:0.03/2:0.97,1,0,2,2,0,0:0.03/2:0.97,0,0,2,0,0,2,2,0:0.03/1:0.97,0,0,0,1,1,0,0:0.03/1:0.97,0,2,0,0,2,0,2,0,0,0,0,0,1,0,0,0,0,2,0,2,0:0.03/2:0.97,1,0,0,2,1,0,0,0,0,1,1,2,2,2,0:0.03/1:0.97,0,0,0:0.03/2:0.97,1,1,0,0,0:0.03/1:0.97,2,0,1,0,0,1,2,1,1,2,1,0:0.03/2:0.97,2,0,0,2,0,1,0,0,0,2,2,0,0,1,2,2,0,1,1,0,0:0.03/2:0.97,1,0:0.03/1:0.97,1,1,1,0,0,1,0,2,0,0,2,2,0:0.03/1:0.97,1,0,2,0,0,2,2,0,2,0,2,0:0.03/2:0.97,0,1,1,0,2,0,0,0:0.03/2:0.97,2,0,0:0.03/2:0.97,0,0:0.03/1:0.97,2,1,0:0.03/1:0.97,0,1,0,0,0,0,0,0,0,0:0.03/1:0.97,2,0,0:0.03/1:0.97,2,1,0,0,2,1,2,0,1,2,2,1,2,0,0:0.03/2:0.97,2,2,2,0,1,2,0
179_18,0,2,0,2,1,1,2,2,1,2,0,2,2,2,1,2,0,0:0.02/1:0.98,0,0,0,2,1,2,1,0,2,2,0,2,0,0,2,0,0,2,2,1,0,0,0:0.02/1:0.98,1,1,0,1,0,2,0,0,2,0,2,0,0,0,0:0.02/2:0.98,0,1,0,0,0,0:0.02/1:0.98,2,0,2,2,1,0,0,2,1,0,0,0,0,1,1,2,2,2,1,0,0,2,1,1,0,0,1,2,0,1,0,0,1,2,1,1,2,1,2,2,0,0,2,0,1,0,0,0:0.02/2:0.98,2,2,0:0.02/2:0.98,0,1,2,2,0,1,1,0,2,1,1,1,1,1,0,0:0.02/2:0.98,1,0,2,0,0,2,2,1,1,0,2,0,0,2,2,0:0.02/2:0.98,2,0,2,2,0,1,1,0,2,0,0,2,2,0,2,0:0.02/1:0.98,1,2,1,1,0:0.02/2:0.98,1,0,0,0,0,0,0,0:0.02/1:0.98,1,2,0,1,2,1,0,0,2,1,2,0,1,2,2,1,2,0,2,2,2,2,0:0.02/1:0.98,1,2,0
216_27,0,2,0,2,1,1,2,2,1,2,0,2,2,2,1,2,0,1,0,0,0,2,1,2,1,0,2,2,0,2,0,0,2,0,0,2,2,1,0,0,1,1,1,0,1,0,2,0,0,2,0,2,0,0,0,2,0,1,0,0,1,1,2,0,2,2,1,0,0,2,1,0,0,0,0,1,1,2,2,2,1,0,1,2,1,1,1,2,1,2,0,1,0,0,1,2,1,1,2,1,2,2,0,0,2,0,1,0,0,2,2,2,2,0,1,2,2,0,1,1,0,2,1,1,1,1,1,0,2,1,0,2,0,0,2,2,1,1,0,2,2,0,2,2,2,2,0,2,2,0,1,1,0,2,2,0,2,2,0,2,1,1,2,1,1,2,1,0,0,0,0,0,0,1,1,2,0,1,2,1,0,0,2,1,2,0,1,2,2,1,2,0,2,2,2,2,1,1,2,0
216_26,0,2,0,2,1,1,2,2,1,2,0,2,2,2,1,2,0,1,0,0,0,2,1,2,1,0,2,2,0,2,0,0,2,0,0,2,2,1,0,0,1,1,1,0,1,1,2,0,0,2,0,2,0,0,0,2,0,1,0,0,0,1,2,1,2,2,1,0,0,2,1,0,0,0,0,1,1,2,2,2,1,2,0,2,1,1,0,0,1,2,0,1,0,0,1,2,1,1,2,1,2,2,0,0,2,0,1,0,0,2,2,2,2,0,1,2,2,0,1,1,0,2,1,1,1,1,1,0,2,1,1,2,0,0,2,2,1,1,0,2,0,0,2,2,2,2,0,2,2,0,1,1,1,2,0,0,2,2,0,2,1,1,2,1,1,2,1,0,0,0,0,0,0,1,1,2,0,1,2,1,0,0,2,1,2,0,1,2,2,1,2,0,2,2,2,2,1,1,2,0
175_17,0,2,0,2,1,1,2,2,1,2,0,2,2,2,1,2,0,0:0.02/2:0.98,0,0,0,2,1,2,1,0,2,2,0,2,0,0,2,0,0,2,2,1,0,0,0,1,1,0,1,0:0.02/2:0.98,2,0,0,2,0,2,0,0,0,0:0.02/1:0.98,0:0.02/1:0.98,1,0,0,0:0.02/2:0.98,0,2,0,2,2,1,0,0,2,1,0,0,0,0:0.02/2:0.98,1,1,2,2,2,1,0,0,2,1,1,0,0,1,2,0,1,0,0,1,2,1,1,2,1,2,2,0,0,2,0,1,0,0,0,2,2,0,0,1,2,2,0,1,1,0,2,1,1,1,1,1,0,0:0.02/1:0.98,1,0,2,0,0,2,2,1,1,0,2,0,0,2,2,0,2,0,2,2,0,1,1,0,2,0,0:0.02/2:0.98,2,2,0,2,0,1,2,1,1,0,1,0,0,0,0,0:0.02/1:0.98,0:0.02/2:0.98,0,1,2,0,1,2,1,0,0,2,1,2,0,1,2,2,1,2,0,2,2,2,2,0,1,2,0
215_30,0,2,0,2,1,1,2,2,1,2,0,2,2,2,1,2,0,2,0,0,0,2,1,2,1,0,2,2,0,2,0,0,2,0,0,2,2,1,0,1,2,1,1,0,1,2,2,0,0,2,0,2,0,0,0,1,1,1,0,0,2,0,2,0,2,2,1,0,0,2,1,0,0,0,2,1,1,2,2,2,1,0,0,2,1,1,0,0,1,2,0,1,1,0,1,2,1,1,2,1,2,2,0,0,2,0,1,0,0,0,2,2,0,0,1,2,2,0,1,1,0,2,1,1,1,1,1,1,1,1,1,2,0,0,2,2,1,1,0,2,0,0,2,2,0,2,0,2,2,0,1,1,0,2,0,2,2,2,0,2,0,1,2,1,1,0,1,0,0,0,2,1,2,0,1,2,0,1,2,1,2,0,2,1,2,0,1,2,2,1,2,2,2,2,2,2,0,1,2,0
216_31,0,2,0,2,1,1,2,2,1,2,0,2,2,2,1,2,0,2,0,0,0,2,1,2,1,0,2,2,0,2,0,0,2,0,0,2,2,1,0,1,2,1,1,0,1,2,2,0,0,2,0,2,0,0,0,1,1,1,0,0,2,0,2,0,2,2,1,0,0,2,1,0,0,0,2,1,1,2,2,2,1,0,0,2,1,1,0,0,1,2,0,1,1,0,1,2,1,1,2,1,2,2,0,0,2,0,1,0,0,0,2,2,0,0,1,2,2,0,1,1,0,2,1,1,1,1,1,1,1,1,1,2,0,0,2,2,1,1,0,2,0,0,2,2,0,2,1,2,2,0,1,1,0,2,0,2,2,2,0,2,0,1,2,1,1,0,1,0,0,0,2,1,2,0,1,2,0,1,2,1,2,0,2,1,2,0,1,2,2,1,2,2,2,2,2,2,0,1,2,0
216_30,0,2,0,2,1,1,2,2,1,2,0,2,2,2,1,2,0,2,0,0,0,2,1,2,1,0,2,2,0,2,0,0,2,0,0,2,2,1,0,1,2,1,1,0,1,2,2,0,0,2,0,2,0,0,0,1,1,1,0,0,2,0,2,0,2,2,1,0,0,2,1,0,0,0,2,1,1,2,2,2,1,0,0,2,1,1,0,0,1,2,0,1,1,0,1,2,1,1,2,1,2,2,0,0,2,0,1,0,0,0,2,2,0,0,1,2,2,0,1,1,0,2,1,1,1,1,1,1,1,1,1,2,0,0,2,2,1,1,0,2,0,0,2,2,0,2,0,2,2,0,1,1,0,2,0,2,2,2,0,2,0,1,2,1,1,0,1,0,0,0,2,1,2,0,1,2,0,1,2,1,2,0,2,1,2,0,1,2,2,1,2,2,2,2,2,2,0,1,2,0
213_27,0,2,0,2,1,1,2,2,1,2,0,2,2,2,1,2,0,2,0,0,0,2,1,2,1,0,2,2,0,2,0,0,2,0,0,2,2,1,0,0,0,1,1,0,1,2,2,0,0,2,0,2,0,0,0,1,1,1,0,2,2,0,2,0,2,2,1,0,0,2,1,0,0,0,2,1,1,2,2,2,1,0,0,2,1,1,0,0,1,2,0,1,0,0,1,2,1,1,2,1,2,2,0,0,2,0,1,0,0,0,2,2,0,0,1,2,2,1,1,1,0,2,1,1,1,1,1,0,1,1,0,2,0,0,2,2,1,1,0,2,0,0,2,2,0,2,0,2,2,0,1,1,0,2,0,2,2,2,0,2,0,1,2,1,1,1,1,0,0,0,0,1,2,0,1,2,0,1,2,1,0,0,2,1,2,0,1,2,2,1,2,0,2,2,2,2,0,1,2,2
216_29,0,2,0,2,1,1,2,2,1,2,0,2,2,2,1,2,0,2,0,0,0,2,1,2,1,0,2,2,0,2,0,0,2,0,0,2,2,1,0,0,0,1,1,0,1,2,2,0,0,2,0,2,0,0,0,1,1,1,0,2,2,0,2,0,2,2,1,0,0,2,1,0,0,0,2,1,1,2,2,2,1,0,0,2,1,1,0,0,1,2,0,1,0,0,1,2,1,1,2,1,2,2,0,0,2,0,1,0,0,0,2,2,0,0,1,2,2,1,1,1,0,2,1,1,1,1,1,0,1,1,0,2,0,0,2,2,1,1,0,2,0,0,2,2,0,2,0,2,2,0,1,1,0,2,0,2,2,2,0,2,0,1,2,1,1,1,1,0,0,0,0,1,2,0,1,2,0,1,2,1,0,0,2,1,2,0,1,2,2,1,2,0,2,2,2,2,0,1,2,2
216_28,0,2,0,2,1,1,2,2,1,2,0,2,2,2,1,2,0,2,0,0,0,2,1,2,1,0,2,2,0,2,0,0,2,0,0,2,2,1,0,0,0,1,1,0,1,2,2,0,0,2,0,2,0,0,0,1,1,1,0,2,2,0,2,0,2,2,1,0,0,2,1,0,0,0,2,1,1,2,2,2,1,0,0,2,1,1,0,0,1,2,0,1,0,0,1,2,1,1,2,1,2,2,0,0,2,0,1,0,0,0,2,2,0,0,1,2,2,1,1,1,0,2,1,1,1,1,1,0,1,1,0,2,0,0,2,2,1,1,0,2,0,0,2,2,0,2,0,2,2,0,1,1,0,2,0,2,2,2,0,2,0,1,2,1,1,1,1,0,0,0,0,1,2,0,1,2,0,1,2,1,0,0,2,1,2,0,1,2,2,1,2,0,2,2,2,2,0,1,2,2
