[&R] ((((((216_12:0,216_13:0)183_13:2.611,(216_10:1.049,216_11:0.049)189_11:2.563)135_6:0.455,(216_8:0.034,216_9:1.034)181_9:2.033)89_3:0.009,(((216_14:0,216_15:0)193_14:0,216_16:0)138_9:1.016,((216_19:0,216_20:0)189_17:1.013,(216_17:0,216_18:0)199_18:0.013)139_11:0.003)94_5:4.06)46_2:3.924,(((216_6:2.041,216_7:0.041)169_5:0.259,(216_4:1.052,216_5:0.052)172_5:4.248)104_2:3.139,((216_2:2.123,216_3:0.123)167_2:2.247,216_1:2.37)114_1:2.069)46_1:0.561)virtual:0)I0;
I0,0,0,0,0,0,0,0,0,0,0
virtual,0,0,0,0,0,0,0,0,0,0
46_1,0:0.44/2:0.56,0,0,0,0,0,0,0,0,0
114_1,0:0.07/2:0.93,0,0,0,0:0.15/2:0.85,0,0,0:0.15/2:0.85,0,0
216_1,2,0,0,1,2,0,0,2,0,1
167_2,2,0:0.05/2:0.95,0,0,0:0.01/2:0.99,0,0,0:0.01/2:0.99,0:0.05/1:0.95,0
216_3,2,2,0,0,2,0,0,2,1,0
216_2,2,2,0,1,2,0,2,2,1,0
104_2,0:0.04/2:0.96,0:0.09/2:0.91,0,0,0,0:0.09/1:0.91,0,0,0:0.09/1:0.91,0
172_5,2,2,0:0.01/1:0.99,0:0.01/1:0.99,0,1,0:0.01/2:0.99,0:0.01/2:0.99,1,0
216_5,2,2,1,1,0,1,2,2,1,0
216_4,2,2,1,1,1,1,2,2,1,0
169_5,0:0.01/2:0.99,0:0.01/2:0.99,0,0,0,0:0.01/1:0.99,0,0,0:0.01/1:0.99,0
216_7,2,2,0,0,0,1,0,0,1,0
216_6,2,2,1,0,2,1,0,0,1,0
46_2,0,0,0,0:0.02/2:0.98,0:0.02/1:0.98,0,0,0:0.02/2:0.98,0:0.02/2:0.98,0
94_5,0,2,2,2,1,2,0,2,2,1
139_11,0,2,2,2,1,2,0,2,2,1
199_18,0,2,2,2,1,2,0,2,2,1
216_18,0,2,2,2,1,2,0,2,2,1
216_17,0,2,2,2,1,2,0,2,2,1
189_17,0,2,2,2,1,2,1,2,2,1
216_20,0,2,2,2,1,2,1,2,2,1
216_19,0,2,2,2,1,2,1,2,2,1
138_9,2,2,2,2,1,2,0,2,2,1
216_16,2,2,2,2,1,2,0,2,2,1
193_14,2,2,2,2,1,2,0,2,2,1
216_15,2,2,2,2,1,2,0,2,2,1
216_14,2,2,2,2,1,2,0,2,2,1
89_3,0,0,0,0:0.02/2:0.98,0:0.02/1:0.98,0,0,0:0.02/2:0.98,0:0.02/2:0.98,0
181_9,0,0,0:0.02/1:0.98,2,1,0:0.02/2:0.98,0,2,2,0
216_9,0,2,1,2,1,2,0,2,2,0
216_8,0,0,1,2,1,2,0,2,2,0
135_6,0,0,0,0:0.01/2:0.99,0:0.01/1:0.99,0,0,0:0.01/2:0.99,0:0.01/2:0.99,0:0.57/1:0.43
189_11,0,0:0.02/1:0.98,0:0.02/1:0.98,2,1,0,0,2,2,0:0.01/1:0.99
216_11,0,1,1,2,1,0,0,2,2,1
216_10,0,1,1,2,1,2,0,2,2,1
183_13,0,2,2,2,1,0,0,2,2,1
216_13,0,2,2,2,1,0,0,2,2,1
216_12,0,2,2,2,1,0,0,2,2,1
