[&R] ((((216_19:3.453,216_16:1.453)89_4:2.563,(216_12:0,216_13:0)176_10:6.016)46_2:0.984,(((216_10:1.185,216_11:1.185)157_6:0.846,(216_8:1.007,216_9:0.007)166_5:0.024)104_3:2.73,((216_1:0,216_2:0)201_1:0.048,(216_3:0,216_4:0)210_3:1.048)156_1:3.712)47_1:3.239)1_1:0)I0;
I0,0,0,0,0,0,0,0,0,0,0
1_1,0,0,0,0,0,0,0,0,0,0
47_1,0,0:0.19/1:0.81,0,0:0.19/1:0.81,0,0,0:0.19/1:0.81,0,0:0.19/2:0.81,0
156_1,0,1,0:0.01/1:0.99,1,0,0:0.01/1:0.99,1,0:0.01/1:0.99,2,0
210_3,1,1,1,1,0,1,1,1,2,0
216_4,1,1,1,1,0,1,1,1,2,0
216_3,1,1,1,1,0,1,1,1,2,0
201_1,0,1,1,1,0,1,1,1,2,0
216_2,0,1,1,1,0,1,1,1,2,0
216_1,0,1,1,1,0,1,1,1,2,0
104_3,0,1,0:0.01/2:0.99,1,0,0,1,0,2,0:0.01/2:0.99
166_5,0,1,2,1,0,0,1,0,2,2
216_9,0,1,2,1,0,0,1,0,2,2
216_8,0,1,2,1,0,0,1,2,2,2
157_6,0,1,2,1,0,0:0.18/1:0.82,1,0,2,2
216_11,2,1,2,1,0,1,1,0,2,2
216_10,1,1,2,1,0,1,1,0,2,2
46_2,0,0,0,0,0,0,0,0:0.51/2:0.49,0:0.51/1:0.49,0
176_10,1,0,0,2,2,2,0,2,1,1
216_13,1,0,0,2,2,2,0,2,1,1
216_12,1,0,0,2,2,2,0,2,1,1
89_4,0,0,0:0.15/2:0.85,0,0,0,0:0.15/1:0.85,0:0.08/2:0.92,0:0.08/1:0.92,0
216_16,0,0,2,0,0,0,1,2,1,1
216_19,1,0,2,1,1,0,1,2,1,0
