[&R] ((((216_19:2.01,216_16:2.01)89_4:0.001,(216_12:0.002,216_13:1.002)176_10:0.01)46_2:4.988,(((216_10:1.024,216_11:0.024)157_6:0.004,(216_8:0,216_9:0)166_5:2.028)104_3:6.27,((216_1:0,216_2:0)201_1:1.019,(216_3:0,216_4:0)210_3:0.019)156_1:3.278)47_1:0.703)1_1:0)I0;
I0,0,0,0,0,0,0,0,0,0,0
1_1,0,0,0,0,0,0,0,0,0,0
47_1,0,0,0:0.65/1:0.35,0:0.65/2:0.35,0,0,0,0,0,0
156_1,0,0:0.01/2:0.99,1,2,0:0.01/1:0.99,0,0,0,0,0
210_3,0,2,1,2,1,0,0,0,0,0
216_4,0,2,1,2,1,0,0,0,0,0
216_3,0,2,1,2,1,0,0,0,0,0
201_1,0,2,1,2,1,1,0,0,0,0
216_2,0,2,1,2,1,1,0,0,0,0
216_1,0,2,1,2,1,1,0,0,0,0
104_3,1,0,1,2,0,1,0,2,1,1
166_5,1,2,1,2,0,1,2,2,1,1
216_9,1,2,1,2,0,1,2,2,1,1
216_8,1,2,1,2,0,1,2,2,1,1
157_6,1,0,1,2,0,1,0,2,1,1
216_11,1,0,1,2,0,1,0,2,1,1
216_10,1,0,1,2,1,1,0,2,1,1
46_2,1,1,0,1,1,0,0,0,2,0
176_10,1,1,0,1,1,0,0,0,2,0
216_13,1,1,0,1,1,2,0,0,2,0
216_12,1,1,0,1,1,0,0,0,2,0
89_4,1,1,0,1,1,0,0,0,2,0
216_16,1,1,1,1,1,0,1,0,2,0
216_19,1,1,2,1,1,1,0,0,2,0
