[&R] ((((216_19:3.266,216_16:1.266)89_4:0.739,(216_12:0,216_13:0)176_10:5.004)46_2:0,(((216_10:3.647,216_11:2.647)157_6:0.701,(216_8:0.033,216_9:1.033)166_5:4.315)104_3:0.655,((216_1:1.029,216_2:0.029)201_1:2.105,(216_3:0,216_4:0)210_3:0.134)156_1:2.87)47_1:0.001)1_1:0.995)I0;
I0,0,0,0,0,0,0,0,0,0,0
1_1,0,0,0,0,0,0,0,1,0,0
47_1,0,0,0,0,0,0,0,1,0,0
156_1,0:0.04/2:0.96,0,0,0,0,0:0.04/2:0.96,0:0.04/1:0.96,1,0,0
210_3,2,0,0,0,0,2,1,1,0,0
216_4,2,0,0,0,0,2,1,1,0,0
216_3,2,0,0,0,0,2,1,1,0,0
201_1,2,0:0.01/2:0.99,0,0,0,2,1,1,0:0.01/2:0.99,0
216_2,2,2,0,0,0,2,1,1,2,0
216_1,2,2,0,1,0,2,1,1,2,0
104_3,0,0,0:0.35/2:0.65,0,0,0,0,1,0,0
166_5,0,0,2,0,0:0.01/1:0.99,0:0.01/2:0.99,0:0.01/1:0.99,1,0:0.01/1:0.99,0
216_9,0,1,2,0,1,2,1,1,1,0
216_8,0,0,2,0,1,2,1,1,1,0
157_6,0,0,0:0.17/2:0.83,0,0,0,0,1,0,0:0.48/1:0.52
216_11,0,0,2,1,0,2,0,1,0,1
216_10,2,1,2,0,0,0,1,1,0,1
46_2,0,0,0,0,0,0,0,1,0,0
176_10,0,0,0,2,1,2,0,1,1,2
216_13,0,0,0,2,1,2,0,1,1,2
216_12,0,0,0,2,1,2,0,1,1,2
89_4,0,0,0,0,0,0,0,1,0:0.26/2:0.74,0
216_16,0,0,1,0,0,0,0,1,2,0
216_19,0,2,0,0,0,0,1,1,2,1
