[&R] ((((216_19:1.1,216_16:3.1)89_4:0.005,(216_12:1.046,216_13:0.046)176_10:3.058)46_2:3.895,(((216_10:1.049,216_11:0.049)157_6:4.184,(216_8:0.049,216_9:1.049)166_5:4.184)104_3:1.284,((216_1:1.064,216_2:0.064)201_1:3.614,(216_3:0,216_4:0)210_3:1.678)156_1:2.839)47_1:1.483)1_1:0)I0;
I0,0,0,0,0,0,0,0,0,0,0
1_1,0,0,0,0,0,0,0,0,0,0
47_1,0,0,0,0,0,0,0:0.26/2:0.74,0:0.26/2:0.74,0,0
156_1,0:0.19/1:0.81,0,0,0,0,0,0:0.05/2:0.95,0:0.05/2:0.95,0:0.19/2:0.81,0:0.19/1:0.81
210_3,1,1,0,0,0,0,2,2,2,1
216_4,1,1,0,0,0,0,2,2,2,1
216_3,1,1,0,0,0,0,2,2,2,1
201_1,1,0,0:0.02/2:0.98,0:0.02/1:0.98,0,0:0.02/2:0.98,2,2,2,1
216_2,1,0,2,1,0,2,2,2,2,1
216_1,1,0,2,1,2,2,2,2,2,1
104_3,0,0,0:0.49/2:0.51,0,0,0:0.49/1:0.51,0:0.13/2:0.87,0:0.13/2:0.87,0,0
166_5,0,0:0.01/1:0.99,0:0.01/2:0.99,0:0.01/2:0.99,0:0.01/2:0.99,0:0.01/1:0.99,2,2,0,0
216_9,2,1,2,2,2,1,2,2,0,0
216_8,0,1,2,2,2,1,2,2,0,0
157_6,0:0.01/1:0.99,0,0:0.01/2:0.99,0:0.01/1:0.99,0,0:0.01/1:0.99,2,2,0,0:0.01/2:0.99
216_11,1,0,2,1,0,1,2,2,0,2
216_10,1,1,2,1,0,1,2,2,0,2
46_2,0,0:0.03/1:0.97,0,0:0.03/2:0.97,0,0,0,0,0:0.03/1:0.97,0:0.03/2:0.97
176_10,0,1,0:0.01/1:0.99,2,0:0.01/2:0.99,0,0:0.01/2:0.99,0,1,2
216_13,0,1,1,2,2,0,2,0,1,2
216_12,0,1,1,2,2,0,2,1,1,2
89_4,0,0:0.03/1:0.97,0,0:0.03/2:0.97,0,0,0,0,0:0.03/1:0.97,0:0.03/2:0.97
216_16,0,1,1,2,2,2,0,0,1,2
216_19,0,1,0,2,0,0,0,1,1,2
