[&R] ((((216_19:25.584,216_16:27.584)89_4:37.482,(216_12:6.214,216_13:5.214)176_10:59.852)46_2:63.095,(((216_10:6.531,216_11:11.531)157_6:25.57,(216_8:4.249,216_9:8.249)166_5:23.852)104_3:47.245,((216_1:2.015,216_2:1.015)201_1:13.295,(216_3:2.016,216_4:1.016)210_3:17.294)156_1:60.036)47_1:49.815)1_1:0.839)I0;
I0,0,0,0,0,0,0,0,0,0,0,0,0,0,0,0,0,0,0,0,0,0,0,0,0,0,0,0,0,0,0,0,0,0,0,0,0,0,0,0,0,0,0,0,0,0,0,0,0,0,0,0,0,0,0,0,0,0,0,0,0,0,0,0,0,0,0,0,0,0,0,0,0,0,0,0,0,0,0,0,0,0,0,0,0,0,0,0,0,0,0,0,0,0,0,0,0,0,0,0,0,0,0,0,0,0,0,0,0,0,0,0,0,0,0,0,0,0,0,0,0,0,0,0,0,0,0,0,0,0,0,0,0,0,0,0,0,0,0,0,0,0,0,0,0,0,0,0,0,0,0,0,0,0,0,0,0,0,0,0,0,0,0,0,0,0,0,0,0,0,0,0,0,0,0,0,0,0,0,0,0,0,0,0,0,0,0,0,0,0,0,0,0,0,0,0,0,0,0,0,0
1_1,0:0.92/1:0.08,0,0,0,0,0,0,0,0,0,0,0,0,0,0,0,0,0,0,0,0,0,0,0,0:0.92/2:0.08,0,0,0,0,0,0,0,0,0,0,0,0,0,0,0,0,0,0,0,0,0,0,0,0,0,0,0,0,0,0,0,0,0,0,0:0.92/2:0.08,0,0:0.92/2:0.08,0,0,0,0,0,0,0,0:0.92/1:0.08,0,0,0,0,0,0,0,0,0,0,0,0,0,0,0:0.92/1:0.08,0,0,0,0,0,0,0,0,0,0,0,0,0,0,0,0,0,0,0,0,0,0,0,0,0,0,0,0,0,0,0,0:0.92/2:0.08,0,0,0,0,0,0,0,0,0,0,0,0,0,0,0,0,0,0,0,0,0,0,0:0.92/1:0.08,0,0,0,0,0,0,0,0,0,0,0,0,0:0.92/1:0.08,0,0,0,0,0,0,0,0,0,0,0,0,0,0:0.92/2:0.08,0,0,0,0,0,0,0,0,0,0,0,0,0,0,0,0,0,0,0,0,0,0,0,0,0,0,0,0,0,0,0,0,0
47_1,0:0.16/1:0.84,0,0,0,0,0,0,0,0,0,0,0:0.17/2:0.83,0,0,0,0,0,0:0.17/1:0.83,0,0,0,0,0,0:0.17/2:0.83,0:0.16/2:0.84,0:0.17/2:0.83,0,0:0.17/1:0.83,0,0:0.17/1:0.83,0,0,0:0.17/2:0.83,0,0,0:0.17/1:0.83,0,0,0:0.17/1:0.83,0,0,0,0:0.17/2:0.83,0:0.17/2:0.83,0,0,0,0:0.17/1:0.83,0,0:0.17/2:0.83,0,0:0.17/1:0.83,0:0.17/2:0.83,0:0.17/2:0.83,0,0:0.17/2:0.83,0,0:0.17/1:0.83,0:0.17/1:0.83,0:0.16/2:0.84,0:0.17/2:0.83,0:0.16/2:0.84,0:0.17/1:0.83,0,0,0:0.17/2:0.83,0:0.17/1:0.83,0,0:0.17/2:0.83,0:0.16/1:0.84,0,0,0,0,0,0,0,0:0.17/1:0.83,0:0.17/1:0.83,0,0,0,0,0:0.17/1:0.83,0:0.16/1:0.84,0,0,0,0,0,0:0.17/2:0.83,0:0.17/2:0.83,0,0,0,0,0,0,0,0,0,0,0,0,0,0,0:0.17/2:0.83,0:0.17/2:0.83,0,0:0.17/2:0.83,0,0,0,0,0:0.17/2:0.83,0,0:0.16/2:0.84,0:0.17/2:0.83,0,0,0,0,0,0,0,0,0,0:0.17/1:0.83,0:0.17/2:0.83,0,0,0,0,0,0,0:0.17/2:0.83,0,0,0,0:0.16/1:0.84,0,0,0:0.17/1:0.83,0,0,0,0:0.17/1:0.83,0,0:0.17/1:0.83,0,0:0.17/1:0.83,0,0:0.16/1:0.84,0,0:0.17/1:0.83,0,0,0,0,0,0,0,0,0,0:0.17/1:0.83,0:0.17/1:0.83,0:0.16/2:0.84,0,0:0.17/1:0.83,0,0,0:0.17/2:0.83,0,0,0,0,0,0,0,0,0:0.17/1:0.83,0,0,0,0,0,0,0,0,0,0:0.17/1:0.83,0:0.17/2:0.83,0,0,0:0.17/2:0.83,0,0,0,0,0:0.17/2:0.83
156_1,1,0,0,0:0.02/1:0.98,0:0.02/2:0.98,0:0.02/1:0.98,0,0,0:0.02/1:0.98,0:0.02/1:0.98,0,2,0,0,0:0.02/1:0.98,0,0,1,0,0:0.02/1:0.98,0:0.02/2:0.98,0:0.02/2:0.98,0:0.02/1:0.98,2,2,2,0,1,0,1,0,0:0.02/2:0.98,2,0,0,1,0,0:0.02/2:0.98,1,0,0,0,2,2,0,0:0.02/1:0.98,0,1,0,2,0,1,2,2,0:0.02/2:0.98,2,0,1,1,2,2,2,1,0,0,2,1,0:0.02/1:0.98,2,1,0,0,0,0,0,0,0,1,1,0,0:0.02/1:0.98,0:0.02/2:0.98,0,1,1,0:0.02/1:0.98,0:0.02/2:0.98,0,0,0:0.02/2:0.98,2,2,0:0.02/2:0.98,0,0,0,0,0,0,0,0,0,0,0:0.02/2:0.98,0,0,2,2,0,2,0:0.02/1:0.98,0:0.02/1:0.98,0,0,2,0,2,2,0,0:0.02/2:0.98,0:0.02/1:0.98,0,0:0.02/2:0.98,0:0.02/1:0.98,0,0:0.02/1:0.98,0:0.02/1:0.98,1,2,0,0,0,0,0,0:0.02/2:0.98,2,0:0.02/2:0.98,0:0.02/2:0.98,0,1,0,0,1,0:0.02/2:0.98,0:0.02/1:0.98,0:0.02/2:0.98,1,0:0.02/1:0.98,1,0,1,0,1,0,1,0,0,0:0.02/1:0.98,0,0,0,0,0,0,1,1,2,0:0.02/1:0.98,1,0,0:0.02/1:0.98,2,0:0.02/1:0.98,0:0.02/1:0.98,0,0,0,0:0.02/2:0.98,0,0:0.02/2:0.98,1,0,0,0:0.02/1:0.98,0,0,0:0.02/1:0.98,0:0.02/1:0.98,0,0:0.02/2:0.98,1,2,0,0:0.02/1:0.98,2,0:0.02/2:0.98,0,0,0:0.02/1:0.98,2
210_3,1,0,0,1,2,1,0,0,1,1,1,2,0,2,1,0,1,1,0,1,2,2,1,2,2,2,0,1,0,1,0,2,2,0,2,1,0,2,1,0,0,1,2,2,0,1,0,1,0,2,0,1,2,2,2,2,0,1,1,2,2,2,1,1,2,2,1,1,2,1,0,0,2,0,0,1,0,1,1,0,1,2,0,1,1,1,2,0,0,2,2,2,2,0,0,0,0,0,0,0,0,1,0,2,0,0,2,2,1,2,1,1,2,0,2,1,2,2,0,2,1,0,2,1,0,1,1,1,2,0,0,0,0,0,2,2,2,2,0,1,0,0,1,2,1,2,1,1,1,0,1,0,1,0,1,0,0,1,0,2,0,0,0,0,1,1,2,1,1,0,1,2,1,1,0,0,2,2,0,2,1,0,0,1,2,0,1,1,0,2,1,2,0,1,2,2,0,0,1,2
216_4,1,0,0,1,2,1,0,0,1,1,1,2,0,2,1,0,1,1,0,1,2,2,1,2,2,2,0,1,0,1,0,2,2,0,2,1,0,2,1,0,0,1,2,2,0,1,0,1,0,2,0,1,2,2,2,2,0,1,1,2,2,2,1,1,2,2,1,1,2,1,0,0,2,0,0,1,0,1,1,0,1,2,0,1,1,1,2,0,0,2,2,2,2,0,0,0,0,0,0,0,0,1,0,2,0,0,2,2,1,2,1,1,2,0,2,1,2,2,0,2,1,0,2,1,0,1,1,1,2,0,0,0,0,0,2,2,2,2,0,1,0,0,1,2,1,2,1,1,1,0,1,0,1,0,1,0,0,1,0,2,0,0,0,0,1,1,2,1,1,0,1,2,1,1,0,0,2,2,0,2,1,0,0,1,2,0,1,1,2,2,1,2,0,1,2,2,0,0,1,2
216_3,1,0,0,1,2,1,2,0,1,1,1,2,0,2,1,0,1,1,0,1,2,2,1,2,2,2,0,1,0,1,0,2,2,0,2,1,0,2,1,0,0,1,2,2,0,1,0,1,0,2,0,1,2,2,2,2,0,1,1,2,2,2,1,1,2,2,1,1,2,1,0,0,2,0,0,1,0,1,1,0,1,2,0,1,1,1,2,0,0,2,2,2,2,0,0,0,0,0,0,0,0,1,0,2,0,0,2,2,1,2,1,1,2,0,2,1,2,2,0,2,1,0,2,1,0,1,1,1,2,0,0,0,0,0,2,2,2,2,0,1,0,0,1,2,1,2,1,1,1,0,1,0,1,0,1,0,0,1,0,2,0,0,0,0,1,1,2,1,1,0,1,2,1,1,0,0,2,2,0,2,1,0,0,1,2,2,1,1,0,2,1,2,0,1,2,2,0,0,1,2
201_1,1,0,0,1,2,1,0,0,1,1,0,2,0,0,1,2,0,1,0,1,2,2,1,2,2,2,0,1,0,1,0,2,2,0,0,1,0,2,1,0,0,0,2,2,0,1,0,1,1,2,0,1,2,2,2,2,0,1,1,2,2,2,1,0,0,2,1,1,2,1,0,0,0,0,0,0,0,1,1,0,1,2,0,1,1,1,2,0,0,2,2,2,2,0,1,0,0,2,0,0,0,0,0,2,0,0,2,2,0,2,1,1,0,0,2,2,2,2,2,2,1,0,2,1,1,1,1,1,2,0,0,0,0,0,2,2,2,2,0,1,0,0,1,2,1,2,1,1,1,2,1,0,1,0,1,0,0,1,1,0,0,0,0,0,1,1,2,1,1,0,1,2,1,1,0,0,1,2,2,2,1,0,0,1,0,2,1,1,0,2,1,2,0,1,2,2,0,0,1,2
216_2,1,0,0,1,2,1,0,0,1,1,0,2,0,0,1,2,0,1,0,1,2,2,1,2,2,2,0,1,0,1,0,2,2,0,0,1,0,2,1,0,0,0,2,2,0,1,1,1,1,2,0,1,2,2,2,2,0,1,1,2,2,2,1,0,0,2,1,1,2,1,0,0,0,0,0,0,0,1,1,0,1,2,0,1,1,1,2,0,0,2,2,2,2,0,1,0,0,2,0,0,0,0,0,2,0,0,2,2,0,2,1,1,0,0,2,2,2,2,2,2,1,0,2,1,1,1,1,1,2,0,0,0,0,0,2,2,2,2,0,1,0,0,1,2,1,2,1,1,1,2,1,0,1,0,1,0,0,1,1,0,0,0,0,0,1,1,2,1,1,0,1,2,1,1,0,0,1,2,2,2,1,0,0,1,0,2,1,1,0,2,1,2,0,1,2,2,0,0,1,2
216_1,1,0,0,1,2,1,0,0,1,1,0,2,0,0,1,2,0,1,0,1,2,2,1,2,2,2,0,1,0,1,0,2,2,0,0,1,0,2,1,0,0,0,2,2,0,1,0,1,1,2,0,1,2,2,2,2,0,1,1,2,2,2,1,0,0,2,1,1,2,1,0,0,0,0,0,0,0,1,1,0,1,2,0,1,1,1,2,0,0,2,2,2,2,0,1,0,0,2,0,0,0,0,0,2,0,0,2,2,0,2,1,1,0,1,2,2,2,2,2,2,1,0,2,1,1,1,1,1,2,0,0,0,0,0,2,2,2,2,0,1,0,0,1,2,1,2,1,1,1,2,1,0,1,0,1,0,0,1,1,0,0,0,0,0,1,1,2,1,1,0,1,2,1,1,0,0,1,2,2,2,1,1,0,1,0,2,1,1,0,2,1,2,0,1,2,2,0,0,1,2
104_3,0:0.01/1:0.99,0,0:0.06/2:0.94,0:0.06/2:0.94,0:0.06/1:0.94,0,0,0,0,0,0,0:0.01/2:0.99,0,0,0,0,0:0.06/1:0.94,0:0.01/1:0.99,0:0.06/1:0.94,0,0:0.06/1:0.94,0,0,0:0.01/2:0.99,0:0.01/2:0.99,0:0.01/2:0.99,0,0:0.01/1:0.99,0,0:0.01/1:0.99,0,0:0.06/1:0.94,0:0.01/2:0.99,0:0.06/1:0.94,0,0:0.01/1:0.99,0:0.06/1:0.94,0:0.06/1:0.94,0:0.01/1:0.99,0:0.06/1:0.94,0:0.06/2:0.94,0,0:0.01/2:0.99,0:0.01/2:0.99,0,0,0:0.06/2:0.94,0:0.01/1:0.99,0,0:0.01/2:0.99,0,0:0.01/1:0.99,0:0.01/2:0.99,0:0.01/2:0.99,0,0:0.01/2:0.99,0,0:0.01/1:0.99,0:0.01/1:0.99,0:0.01/2:0.99,0:0.01/2:0.99,0:0.01/2:0.99,0:0.01/1:0.99,0:0.06/1:0.94,0,0:0.01/2:0.99,0:0.01/1:0.99,0,0:0.01/2:0.99,0:0.01/1:0.99,0:0.06/1:0.94,0:0.06/1:0.94,0,0,0,0:0.06/1:0.94,0,0:0.01/1:0.99,0:0.01/1:0.99,0,0:0.06/2:0.94,0,0:0.06/2:0.94,0:0.01/1:0.99,0:0.01/1:0.99,0:0.06/2:0.94,0,0,0,0,0:0.01/2:0.99,0:0.01/2:0.99,0,0:0.06/1:0.94,0,0,0:0.06/2:0.94,0,0:0.06/1:0.94,0,0,0,0,0,0,0,0:0.01/2:0.99,0:0.01/2:0.99,0,0:0.01/2:0.99,0,0,0,0,0:0.01/2:0.99,0,0:0.01/2:0.99,0:0.01/2:0.99,0,0,0,0:0.06/1:0.94,0,0,0,0,0:0.06/2:0.94,0:0.01/1:0.99,0:0.01/2:0.99,0:0.06/1:0.94,0,0,0,0:0.06/1:0.94,0,0:0.01/2:0.99,0,0,0:0.06/1:0.94,0:0.01/1:0.99,0,0,0:0.01/1:0.99,0,0,0,0:0.01/1:0.99,0,0:0.01/1:0.99,0,0:0.01/1:0.99,0:0.06/1:0.94,0:0.01/1:0.99,0:0.06/1:0.94,0:0.01/1:0.99,0:0.06/1:0.94,0:0.06/2:0.94,0:0.06/2:0.94,0,0,0,0,0,0,0:0.01/1:0.99,0:0.01/1:0.99,0:0.01/2:0.99,0:0.06/2:0.94,0:0.01/1:0.99,0:0.06/1:0.94,0,0:0.01/2:0.99,0,0,0:0.06/1:0.94,0,0:0.06/1:0.94,0,0:0.06/1:0.94,0,0:0.01/1:0.99,0,0,0,0,0,0,0,0,0,0:0.01/1:0.99,0:0.01/2:0.99,0,0,0:0.01/2:0.99,0,0:0.06/2:0.94,0:0.06/1:0.94,0,0:0.01/2:0.99
166_5,1,0,2,2,1,0,0,0,0:0.01/1:0.99,0,0,2,0,0,0,0,1,1,1,0,1,0,0,2,2,2,0,1,0,1,0,1,2,1,0,1,1,1,1,1,2,0:0.01/1:0.99,2,2,0,0,2,1,0,2,0,1,2,2,0,2,0,1,1,2,2,2,1,1,0,2,1,0:0.01/2:0.99,2,1,1,1,0,0,0:0.01/1:0.99,1,0,1,1,0,2,0,2,1,1,2,0,0,0,0,2,2,0,1,0,0,2,0,1,0,0,0:0.01/2:0.99,0,0,0:0.01/2:0.99,0,2,2,0,2,0,0,0,0,2,0,2,2,0,0,0:0.01/1:0.99,1,0,0,0,0:0.01/1:0.99,2,1,2,1,0,0:0.01/2:0.99,0,1,0:0.01/2:0.99,2,0,0,1,1,0:0.01/2:0.99,0,1,0,0:0.01/1:0.99,0,1,0,1,0,1,1,1,1,1,1,2,2,0:0.01/2:0.99,0:0.01/2:0.99,0,0,0,0,1,1,2,2,1,1,0:0.01/2:0.99,2,0,0,1,0,1,0:0.01/2:0.99,1,0:0.01/2:0.99,1,0,0,0,0,0:0.01/2:0.99,0,0:0.01/1:0.99,0:0.01/2:0.99,0,1,2,0,0,2,0,2,1,0:0.01/2:0.99,2
216_9,1,0,2,2,1,0,0,2,1,0,0,2,0,0,0,2,1,1,1,0,1,0,0,2,2,2,0,1,0,1,0,1,2,1,2,1,1,1,1,1,2,1,2,2,0,0,2,1,0,2,0,1,2,2,0,2,2,1,1,2,2,2,1,1,0,2,1,2,2,1,1,1,0,0,1,1,0,1,1,0,2,0,2,1,1,2,0,0,2,0,2,2,0,1,0,0,2,0,1,0,0,2,0,0,2,0,2,2,0,2,0,0,0,1,2,0,2,2,0,0,1,1,0,0,0,1,2,1,2,1,0,2,0,1,2,2,0,0,1,1,2,0,1,0,1,0,1,0,1,0,1,1,1,1,1,1,2,2,2,2,0,0,0,0,1,1,2,2,1,1,2,2,0,2,1,0,1,2,1,2,1,0,0,2,0,2,0,1,2,0,1,2,0,0,2,0,2,1,2,2
216_8,1,0,2,2,1,0,0,0,1,0,2,2,0,0,0,0,1,1,1,0,1,0,0,2,2,2,2,1,0,1,0,1,2,1,0,1,1,1,1,1,2,1,2,2,0,0,2,1,0,2,0,1,2,2,0,2,0,1,1,2,2,2,1,1,0,2,1,2,2,1,1,1,0,0,1,1,0,1,1,0,2,0,2,1,1,2,0,0,0,0,2,2,0,1,0,0,2,0,1,0,0,2,0,0,2,0,2,2,0,2,0,0,0,0,2,0,2,2,0,0,1,1,0,0,0,1,2,1,2,1,0,2,0,1,2,2,0,0,1,1,2,0,1,0,1,2,1,0,1,0,1,1,1,1,1,1,2,2,2,2,0,1,0,0,1,1,2,2,1,1,2,2,0,0,1,0,1,2,1,2,1,0,0,0,0,2,0,1,2,0,1,2,0,0,2,0,2,1,2,2
157_6,1,0:0.02/2:0.98,2,2,1,0,0,0,0,0,0:0.02/2:0.98,2,0,0,0,0,1,1,1,0,1,0,0:0.02/1:0.98,2,2,2,0,1,0:0.02/2:0.98,1,0,1,2,1,0,1,1,1,1,1,2,0,2,2,0,0,2,1,0,2,0,1,2,2,0,2,0:0.02/2:0.98,1,1,2,2,2,1,1,0,2,1,0,2,1,1,1,0,0:0.02/2:0.98,0,1,0,1,1,0,2,0,2,1,1,2,0,0:0.02/1:0.98,0,0,2,2,0:0.02/2:0.98,1,0,0,2,0,1,0,0:0.02/1:0.98,0,0:0.02/1:0.98,0:0.02/2:0.98,0,0,2,2,0:0.02/1:0.98,2,0:0.02/2:0.98,0,0,0,2,0:0.02/1:0.98,2,2,0,0,0,1,0,0:0.02/2:0.98,0,0,2,1,2,1,0,0,0,1,0,2,0:0.02/2:0.98,0,1,1,0,0,1,0:0.02/2:0.98,0,0,1,0,1,0,1,1,1,1,1,1,2,2,0,0:0.02/1:0.98,0,0,0,0,1,1,2,2,1,1,0,2,0:0.02/2:0.98,0:0.02/2:0.98,1,0,1,0,1,0,1,0,0,0,0,0,0:0.02/1:0.98,0,0,0:0.02/2:0.98,1,2,0,0,2,0:0.02/2:0.98,2,1,0,2
216_11,1,2,2,2,1,0,0,0,2,0,2,2,0,0,0,0,1,1,1,0,1,0,1,2,2,2,0,1,2,1,0,1,2,1,0,1,1,1,1,1,2,0,2,2,0,0,2,1,2,2,0,1,2,2,0,2,2,1,1,2,2,2,1,1,0,2,1,0,2,1,1,1,0,2,0,1,0,1,1,0,2,1,2,1,1,2,0,1,0,0,2,2,2,1,0,0,2,0,1,0,1,0,1,2,0,0,2,2,1,2,2,0,2,0,2,1,2,2,0,0,2,1,0,2,0,0,2,1,2,1,0,0,0,1,0,2,2,0,1,1,0,0,1,2,0,0,1,0,1,0,1,1,1,1,1,1,2,2,0,1,0,0,0,0,1,1,2,2,1,1,2,2,2,2,1,1,1,1,1,0,1,2,0,2,0,0,1,0,0,2,1,2,1,0,2,2,2,1,0,2
216_10,1,2,2,2,1,0,0,0,0,0,2,2,0,0,0,0,1,1,1,0,1,0,1,2,2,2,0,1,2,1,0,1,2,1,0,1,1,1,1,1,2,0,2,2,0,0,2,1,0,2,1,1,2,2,0,2,2,1,1,2,2,2,1,1,0,2,1,0,2,1,1,1,0,2,0,1,0,1,1,0,2,0,2,1,1,2,0,1,1,0,2,2,2,1,0,0,2,0,1,0,1,0,1,2,0,0,2,2,1,2,2,0,0,0,2,1,2,2,0,1,0,1,0,2,1,0,2,1,2,1,0,0,0,1,0,2,2,1,1,1,0,0,1,2,0,0,1,0,1,0,1,1,1,1,1,1,2,2,0,1,0,0,0,0,1,1,2,2,1,1,0,2,2,2,1,0,1,0,1,0,1,0,0,0,0,0,1,0,0,2,1,2,0,0,2,2,2,1,1,2
46_2,0:0.12/1:0.88,0:0.13/1:0.87,0,0,0,0,0,0:0.13/1:0.87,0,0,0,0,0,0,0,0:0.13/2:0.87,0,0:0.13/2:0.87,0:0.13/2:0.87,0:0.13/2:0.87,0,0,0,0,0:0.12/2:0.88,0,0,0,0,0:0.13/2:0.87,0:0.13/2:0.87,0:0.13/1:0.87,0,0,0:0.13/1:0.87,0,0:0.13/2:0.87,0:0.13/2:0.87,0:0.13/2:0.87,0,0,0,0,0,0,0,0,0,0:0.13/2:0.87,0:0.13/1:0.87,0,0:0.13/2:0.87,0,0,0:0.13/2:0.87,0,0,0,0,0:0.12/2:0.88,0,0:0.12/2:0.88,0,0,0,0:0.13/1:0.87,0,0,0:0.13/1:0.87,0:0.12/1:0.88,0:0.13/1:0.87,0,0:0.13/2:0.87,0:0.13/2:0.87,0,0,0,0,0:0.13/2:0.87,0,0,0,0:0.13/1:0.87,0:0.13/2:0.87,0:0.12/1:0.88,0:0.13/2:0.87,0,0,0:0.13/2:0.87,0:0.13/2:0.87,0,0,0,0,0,0,0,0,0,0,0:0.13/1:0.87,0,0,0,0,0,0,0,0:0.13/1:0.87,0,0,0:0.13/2:0.87,0,0:0.13/1:0.87,0,0,0:0.12/2:0.88,0,0,0,0:0.13/2:0.87,0,0:0.13/1:0.87,0:0.13/2:0.87,0:0.13/2:0.87,0,0:0.13/2:0.87,0,0,0,0,0,0:0.13/2:0.87,0,0,0:0.13/1:0.87,0,0,0,0:0.12/1:0.88,0,0:0.13/2:0.87,0:0.13/2:0.87,0:0.13/1:0.87,0,0,0,0:0.13/1:0.87,0,0:0.13/2:0.87,0,0:0.13/1:0.87,0:0.12/1:0.88,0,0,0:0.13/1:0.87,0:0.13/2:0.87,0:0.13/1:0.87,0,0:0.13/1:0.87,0,0:0.13/2:0.87,0:0.13/1:0.87,0,0,0,0:0.12/2:0.88,0,0,0:0.13/1:0.87,0,0,0,0:0.13/1:0.87,0:0.13/2:0.87,0,0,0,0,0:0.13/2:0.87,0,0,0:0.13/2:0.87,0:0.13/1:0.87,0,0:0.13/1:0.87,0,0:0.13/2:0.87,0,0,0,0,0:0.13/2:0.87,0:0.13/1:0.87,0,0,0:0.13/2:0.87,0,0:0.13/2:0.87,0
176_10,1,1,0,1,0,1,0,1,2,0,0,2,2,0,0,2,1,2,2,2,1,0,0,0,2,0,1,1,1,2,2,1,0,2,1,0,2,2,2,0,0,0,2,0,2,1,2,0,2,1,1,2,1,0,2,0,0,0,0,2,0,2,0,0,1,1,0,0,1,1,1,0,2,2,2,0,0,0,2,1,1,0,1,2,1,2,0,2,2,2,1,2,1,1,0,2,2,0,0,1,1,0,0,1,0,0,1,0,1,1,0,2,1,1,0,2,2,0,1,0,2,0,1,2,2,1,2,1,2,0,0,0,2,0,0,1,0,1,0,1,0,2,2,1,0,0,1,1,0,2,1,1,1,1,0,1,2,1,2,1,0,2,1,0,0,0,2,1,0,1,1,0,0,1,2,1,2,0,1,2,0,1,2,1,0,1,0,2,0,1,0,0,2,1,0,1,2,0,2,0
216_13,1,1,0,1,0,1,2,1,2,0,0,2,2,0,0,2,1,2,2,2,1,0,0,0,2,0,1,1,1,2,2,1,0,2,1,0,2,2,2,0,0,0,2,0,2,1,2,0,2,1,1,2,1,0,2,0,0,0,0,2,0,2,0,0,1,1,0,0,1,1,1,1,2,2,2,0,0,0,2,1,1,0,1,2,1,2,0,2,2,2,1,2,1,1,0,2,2,2,0,1,1,0,0,1,0,0,1,0,1,1,0,2,1,1,0,2,2,0,1,0,2,0,1,2,2,1,2,1,2,0,0,0,2,0,0,1,0,1,0,1,0,2,2,1,0,0,1,1,0,2,1,1,1,1,0,1,2,1,2,1,0,2,1,0,0,0,2,1,1,1,1,0,0,1,2,1,2,0,1,2,0,1,2,1,0,1,0,2,2,1,0,0,2,1,0,1,2,0,2,0
216_12,1,1,0,1,0,1,0,1,2,0,0,2,2,0,0,2,1,2,2,2,1,0,0,0,2,0,1,1,1,2,2,1,2,2,1,0,2,2,2,0,0,0,2,0,2,1,2,0,2,1,1,2,1,0,2,0,0,0,0,2,0,2,0,0,1,1,0,0,1,1,1,0,2,2,2,0,0,0,2,1,1,0,1,2,1,2,0,2,2,2,1,2,1,1,0,2,2,0,0,1,1,0,0,1,0,0,1,0,1,1,0,2,1,1,0,2,2,0,1,0,2,0,1,2,2,1,2,1,2,0,2,0,2,0,0,1,0,1,0,1,0,2,2,1,0,0,1,1,0,2,1,1,1,1,0,1,2,1,2,1,0,2,1,0,0,0,2,1,0,1,1,2,0,1,2,1,2,0,1,2,0,1,2,1,0,1,0,2,0,1,0,2,2,1,0,1,2,2,2,2
89_4,0:0.01/1:0.99,0:0.01/1:0.99,0,0,0,0,0:0.09/2:0.91,0:0.01/1:0.99,0,0,0,0,0,0,0,0:0.01/2:0.99,0,0:0.01/2:0.99,0:0.01/2:0.99,0:0.01/2:0.99,0,0:0.09/2:0.91,0,0,0:0.01/2:0.99,0:0.09/2:0.91,0:0.09/2:0.91,0,0,0:0.01/2:0.99,0:0.01/2:0.99,0:0.01/1:0.99,0,0,0:0.01/1:0.99,0:0.09/2:0.91,0:0.01/2:0.99,0:0.01/2:0.99,0:0.01/2:0.99,0:0.09/2:0.91,0,0,0:0.09/1:0.91,0,0,0,0:0.09/1:0.91,0:0.09/2:0.91,0:0.01/2:0.99,0:0.01/1:0.99,0:0.09/2:0.91,0:0.01/2:0.99,0,0,0:0.01/2:0.99,0,0,0,0,0:0.01/2:0.99,0,0:0.01/2:0.99,0:0.09/1:0.91,0,0,0:0.01/1:0.99,0:0.09/2:0.91,0:0.09/1:0.91,0:0.01/1:0.99,0:0.01/1:0.99,0:0.01/1:0.99,0,0:0.01/2:0.99,0:0.01/2:0.99,0,0:0.09/2:0.91,0,0,0:0.01/2:0.99,0:0.09/2:0.91,0,0:0.09/1:0.91,0:0.01/1:0.99,0:0.01/2:0.99,0:0.01/1:0.99,0:0.01/2:0.99,0,0:0.09/1:0.91,0:0.01/2:0.99,0:0.01/2:0.99,0,0,0,0,0,0,0,0,0,0,0:0.01/1:0.99,0:0.09/1:0.91,0:0.09/1:0.91,0,0,0,0,0:0.09/1:0.91,0:0.01/1:0.99,0,0:0.09/1:0.91,0:0.01/2:0.99,0,0:0.01/1:0.99,0,0,0:0.01/2:0.99,0:0.09/1:0.91,0,0:0.09/2:0.91,0:0.01/2:0.99,0,0:0.01/1:0.99,0:0.01/2:0.99,0:0.01/2:0.99,0,0:0.01/2:0.99,0:0.09/2:0.91,0,0,0,0,0:0.01/2:0.99,0:0.09/1:0.91,0:0.09/2:0.91,0:0.01/1:0.99,0,0,0,0:0.01/1:0.99,0,0:0.01/2:0.99,0:0.01/2:0.99,0:0.01/1:0.99,0,0,0,0:0.01/1:0.99,0:0.09/2:0.91,0:0.01/2:0.99,0,0:0.01/1:0.99,0:0.01/1:0.99,0,0:0.09/1:0.91,0:0.01/1:0.99,0:0.01/2:0.99,0:0.01/1:0.99,0,0:0.01/1:0.99,0,0:0.01/2:0.99,0:0.01/1:0.99,0:0.09/1:0.91,0:0.09/2:0.91,0,0:0.01/2:0.99,0,0,0:0.01/1:0.99,0,0,0,0:0.01/1:0.99,0:0.01/2:0.99,0,0,0,0,0:0.01/2:0.99,0,0,0:0.01/2:0.99,0:0.01/1:0.99,0,0:0.01/1:0.99,0:0.09/2:0.91,0:0.01/2:0.99,0,0,0,0,0:0.01/2:0.99,0:0.01/1:0.99,0,0,0:0.01/2:0.99,0,0:0.01/2:0.99,0:0.09/1:0.91
216_16,1,1,1,0,0,0,2,1,0,0,0,2,0,0,0,2,0,2,2,2,2,2,1,0,2,2,2,2,0,2,2,1,0,0,1,2,2,2,2,2,0,1,1,0,2,0,1,2,2,1,2,2,0,0,2,0,0,1,2,2,0,2,1,0,0,1,2,1,1,1,1,0,2,2,2,2,0,1,2,2,0,1,1,2,1,2,0,1,2,2,0,0,0,0,0,2,0,0,1,0,1,1,1,0,0,2,1,1,1,2,1,2,0,1,0,0,2,1,0,2,2,0,1,2,2,0,2,2,0,0,0,0,2,1,2,1,2,1,0,1,0,2,2,1,0,0,0,1,2,2,1,1,1,1,1,1,2,1,0,1,0,2,1,1,2,0,2,0,0,1,0,0,2,1,2,1,0,0,1,2,0,0,2,1,0,1,2,2,0,0,2,0,2,1,0,0,2,0,2,1
216_19,1,1,0,0,0,0,2,1,0,0,2,0,2,0,0,2,0,2,2,2,1,2,0,0,2,2,2,0,0,2,2,1,0,0,1,2,2,2,2,2,1,0,1,0,1,2,1,2,2,1,2,2,0,0,2,0,2,0,0,2,0,2,1,0,0,1,2,1,1,1,1,0,2,2,0,2,0,2,2,2,2,1,1,2,1,2,1,1,2,2,0,1,0,0,0,0,0,0,0,0,1,1,1,0,1,0,0,1,1,0,1,2,0,1,0,0,2,1,0,2,2,0,1,2,2,0,2,2,1,1,2,0,2,1,2,1,0,2,0,1,0,2,2,1,2,0,0,1,2,2,0,1,1,0,1,1,2,1,0,1,2,2,1,1,2,0,2,0,1,1,1,0,0,1,2,0,1,0,0,2,0,0,2,1,0,1,2,2,0,0,0,0,2,1,1,0,2,0,2,1
