[&R] ((((216_19:51.471,216_16:55.471)89_4:34.72,(216_12:14.487,216_13:14.487)176_10:69.705)46_2:58.794,(((216_10:21.782,216_11:13.782)157_6:24.679,(216_8:13.344,216_9:15.344)166_5:36.117)104_3:32.85,((216_1:5.116,216_2:3.116)201_1:16.403,(216_3:2.016,216_4:1.016)210_3:16.503)156_1:55.792)47_1:53.675)1_1:1.014)I0;
I0,0,0,0,0,0,0,0,0,0,0,0,0,0,0,0,0,0,0,0,0,0,0,0,0,0,0,0,0,0,0,0,0,0,0,0,0,0,0,0,0,0,0,0,0,0,0,0,0,0,0,0,0,0,0,0,0,0,0,0,0,0,0,0,0,0,0,0,0,0,0,0,0,0,0,0,0,0,0,0,0,0,0,0,0,0,0,0,0,0,0,0,0,0,0,0,0,0,0,0,0,0,0,0,0,0,0,0,0,0,0,0,0,0,0,0,0,0,0,0,0,0,0,0,0,0,0,0,0,0,0,0,0,0,0,0,0,0,0,0,0,0,0,0,0,0,0,0,0,0,0,0,0,0,0,0,0,0,0,0,0,0,0,0,0,0,0,0,0,0,0,0,0,0,0,0,0,0,0,0,0,0,0,0,0,0,0,0,0,0,0,0,0,0,0,0,0,0,0,0,0
1_1,0,0,0,0,0,0,0,0,0,0,0,0,0,0,0,0,0,0,0,0,0,0,0,0,0,0,0,0,0,0,0,0,0,0,0,0,0,0,0,0,0,0,0,0,0,0,0,0,0,0,0,0:0.92/1:0.08,0,0,0,0,0,0:0.92/2:0.08,0,0:0.92/1:0.08,0,0,0,0:0.92/2:0.08,0,0,0,0,0,0,0,0,0,0,0,0,0,0,0,0:0.92/1:0.08,0,0,0,0,0,0,0,0,0,0,0,0,0,0,0,0,0,0,0,0,0,0,0,0,0:0.92/2:0.08,0,0,0,0,0,0,0,0,0,0,0,0,0,0,0,0,0,0,0,0,0,0,0,0,0,0,0,0,0,0:0.92/1:0.08,0:0.92/2:0.08,0,0,0,0,0,0,0,0,0,0,0,0,0,0,0,0,0,0,0,0,0,0,0,0,0,0,0,0,0,0,0:0.92/1:0.08,0,0,0:0.92/2:0.08,0,0,0,0,0,0,0,0,0,0,0,0,0,0,0,0,0:0.92/1:0.08,0,0,0,0:0.92/1:0.08,0,0,0,0,0,0,0,0,0
47_1,0,0,0:0.12/2:0.88,0,0,0,0,0,0,0,0,0:0.12/1:0.88,0,0,0,0,0,0,0,0,0,0:0.12/1:0.88,0,0,0,0,0,0,0,0,0,0,0,0,0,0:0.12/2:0.88,0,0:0.12/2:0.88,0:0.12/2:0.88,0,0,0,0:0.12/2:0.88,0,0,0,0,0,0,0,0,0:0.11/1:0.89,0,0,0,0,0,0:0.11/2:0.89,0,0:0.11/1:0.89,0,0,0,0:0.11/2:0.89,0:0.12/2:0.88,0:0.12/1:0.88,0:0.12/2:0.88,0,0,0,0,0,0,0,0,0,0:0.12/2:0.88,0,0,0:0.11/1:0.89,0,0,0,0,0,0,0,0:0.12/2:0.88,0:0.12/1:0.88,0,0:0.12/2:0.88,0:0.12/1:0.88,0,0:0.12/2:0.88,0,0,0,0,0,0,0,0:0.12/2:0.88,0,0,0:0.11/2:0.89,0,0,0:0.12/1:0.88,0:0.12/2:0.88,0,0,0,0,0,0:0.12/1:0.88,0,0,0,0,0,0:0.12/2:0.88,0:0.12/1:0.88,0:0.12/2:0.88,0,0,0,0:0.12/1:0.88,0:0.12/1:0.88,0,0:0.12/1:0.88,0,0,0:0.12/1:0.88,0,0:0.11/1:0.89,0:0.11/2:0.89,0,0,0,0,0:0.12/2:0.88,0,0,0:0.12/1:0.88,0,0,0,0,0:0.12/1:0.88,0,0,0,0:0.12/2:0.88,0:0.12/2:0.88,0:0.12/2:0.88,0:0.12/1:0.88,0:0.12/1:0.88,0,0,0,0,0,0,0,0:0.12/2:0.88,0,0:0.11/1:0.89,0,0:0.12/1:0.88,0:0.11/2:0.89,0:0.12/1:0.88,0,0,0:0.12/1:0.88,0,0,0:0.12/2:0.88,0:0.12/1:0.88,0:0.12/1:0.88,0,0:0.12/1:0.88,0:0.12/1:0.88,0:0.12/2:0.88,0,0:0.12/2:0.88,0,0:0.11/1:0.89,0,0:0.12/2:0.88,0,0:0.11/1:0.89,0:0.12/1:0.88,0,0,0:0.12/2:0.88,0,0:0.12/1:0.88,0,0,0
156_1,0:0.03/1:0.97,0,2,0,0:0.03/1:0.97,0,0,0,0,0:0.03/1:0.97,0,1,0:0.03/2:0.97,0:0.03/2:0.97,0,0,0,0:0.03/1:0.97,0,0:0.03/2:0.97,0,1,0,0:0.03/2:0.97,0,0,0,0:0.03/2:0.97,0,0,0,0,0,0,0:0.03/1:0.97,2,0,2,2,0,0,0,2,0,0,0,0,0,0,0,0:0.03/1:0.97,1,0,0:0.03/2:0.97,0,0,0:0.03/2:0.97,2,0,1,0,0,0,2,2,1,2,0:0.03/1:0.97,0,0,0,0:0.03/1:0.97,0:0.03/1:0.97,0:0.03/1:0.97,0,0:0.03/2:0.97,2,0:0.03/2:0.97,0:0.03/2:0.97,1,0,0,0:0.03/2:0.97,0,0,0,0,2,1,0,2,1,0,2,0,0:0.03/2:0.97,0:0.03/1:0.97,0,0,0,0:0.03/1:0.97,2,0,0:0.03/1:0.97,2,0,0,1,2,0,0,0,0,0,1,0,0:0.03/2:0.97,0:0.03/1:0.97,0,0,2,1,2,0,0:0.03/1:0.97,0,1,1,0:0.03/1:0.97,1,0,0,1,0:0.03/2:0.97,1,2,0:0.03/1:0.97,0,0,0,2,0:0.03/1:0.97,0:0.03/1:0.97,1,0,0:0.03/1:0.97,0:0.03/1:0.97,0:0.03/1:0.97,1,0:0.03/1:0.97,0,0:0.03/2:0.97,2,2,2,1,1,0,0,0:0.03/2:0.97,0,0:0.03/2:0.97,0:0.03/2:0.97,0,2,0,1,0:0.03/2:0.97,1,2,1,0:0.03/2:0.97,0:0.03/1:0.97,1,0:0.03/2:0.97,0,2,1,1,0:0.03/1:0.97,1,1,2,0:0.03/1:0.97,2,0,1,0,2,0,1,1,0:0.03/2:0.97,0,2,0:0.03/1:0.97,1,0,0:0.03/2:0.97,0
210_3,1,2,2,0,1,0,0,0,1,1,0,1,2,2,0,1,0,1,0,2,1,1,0,2,0,0,0,2,0,0,0,2,0,1,1,2,0,2,2,0,0,2,2,0,0,0,0,0,0,0,1,1,0,2,2,2,2,2,0,1,1,0,0,2,2,1,2,1,0,0,0,1,1,1,2,2,2,2,2,1,0,0,2,0,0,0,0,2,1,0,2,1,0,2,0,2,1,0,0,0,1,2,0,1,2,0,0,1,2,0,0,0,0,0,1,0,2,1,0,0,2,1,2,0,1,1,1,1,1,1,0,0,1,2,1,2,1,0,0,0,2,1,1,1,0,1,1,1,1,1,2,2,2,2,2,1,1,0,2,2,0,2,2,0,2,0,1,2,1,2,1,2,1,1,2,2,2,1,1,1,1,1,2,1,2,0,1,0,2,0,1,1,2,0,2,1,1,0,2,0
216_4,1,2,2,0,1,0,0,0,1,1,0,1,2,2,0,1,0,1,0,2,1,1,0,2,0,0,0,2,0,0,0,2,0,1,1,2,2,2,2,0,0,2,2,0,0,0,0,0,0,0,1,1,0,2,2,2,2,2,0,1,1,0,0,2,2,1,2,1,0,0,0,1,1,1,2,2,2,2,2,1,0,0,2,0,0,0,0,2,1,0,2,1,0,2,0,2,1,0,0,0,1,2,0,1,2,0,0,1,2,0,0,0,0,0,1,0,2,1,0,0,2,1,2,0,1,1,1,1,1,1,0,0,1,2,1,2,1,0,0,0,2,1,1,1,0,1,1,1,1,1,2,2,2,2,2,1,1,0,2,2,0,2,2,0,2,0,1,2,1,2,1,2,1,1,2,2,2,1,1,1,1,1,2,1,2,0,1,0,2,0,1,1,2,0,2,1,1,0,2,0
216_3,1,2,2,0,1,0,0,0,1,1,0,1,2,2,0,1,0,1,2,2,1,1,0,2,0,0,0,2,0,0,0,2,0,1,1,2,0,2,2,0,0,2,2,0,0,0,0,0,0,0,1,1,0,2,2,2,2,2,0,1,1,0,0,2,2,1,2,1,0,0,0,1,1,1,2,2,2,2,2,1,0,0,2,0,0,0,0,2,1,0,2,1,0,2,0,2,1,0,0,0,1,2,0,1,2,0,0,1,2,0,0,0,0,0,1,0,2,1,0,0,2,1,2,0,1,1,1,1,1,1,0,0,1,2,1,2,1,0,0,0,2,1,1,1,1,1,1,1,1,1,2,2,2,2,2,1,1,0,2,2,0,2,2,0,2,0,1,2,1,2,1,2,1,1,2,2,2,1,1,1,1,1,2,1,2,0,1,0,2,0,1,1,2,0,2,1,1,0,2,0
201_1,1,0,2,0,1,0:0.01/1:0.99,0:0.01/1:0.99,0,0,1,0,1,2,2,0,0,0,1,0,2,0,1,0,2,0,0,0:0.01/1:0.99,2,0,0:0.01/2:0.99,0:0.01/2:0.99,0,0,0,1,2,0,2,2,0:0.01/1:0.99,0,0:0.01/1:0.99,2,0,0,0,0,0:0.01/2:0.99,0,0,1,1,0,2,0,0:0.01/1:0.99,2,2,0,1,0,0,0,2,2,1,2,1,0,0,0:0.01/2:0.99,1,1,1,0,2,2,2,2,1,0,0,2,0,0,0,0,2,1,0,2,1,0,2,0,2,1,0,0,0,1,2,0,1,2,0,0,1,2,0,0:0.01/1:0.99,0,0,0,1,0,2,1,0,0,2,1,2,0,1,0:0.01/2:0.99,1,1,1,1,0:0.01/2:0.99,0:0.01/2:0.99,1,2,1,2,1,0,0,0,2,1,1,1,0,1,1,1,1,1,0,2,2,2,2,1,1,0,0,2,0:0.01/2:0.99,2,2,0,2,0,1,2,1,2,1,2,1,1,2,0,2,1,1,1,1,1,2,1,2,0,1,0,2,0,1,1,2,0,2,1,1,0,2,0
216_2,1,0,2,0,1,1,1,0,0,1,0,1,2,2,0,0,0,1,0,2,0,1,0,2,0,0,1,2,0,2,2,0,0,0,1,2,0,2,2,1,0,1,2,0,0,0,0,2,0,0,1,1,0,2,0,1,2,2,0,1,0,0,0,2,2,1,2,1,0,2,2,1,1,1,0,2,2,2,2,1,1,0,2,0,0,0,0,2,1,0,2,1,0,2,0,2,1,0,0,0,1,2,0,1,2,0,0,1,2,2,1,0,0,0,1,0,2,1,0,0,2,1,2,0,1,2,1,1,1,1,2,2,1,2,1,2,1,0,0,0,2,1,1,1,0,1,1,1,1,1,0,2,2,2,2,1,1,0,0,2,2,2,2,0,2,0,1,2,1,2,1,2,1,1,2,0,2,1,1,1,1,1,2,1,2,0,1,0,2,0,1,1,2,0,2,1,1,0,2,0
216_1,1,0,2,0,1,1,1,0,2,1,0,1,2,2,0,0,0,1,0,2,0,1,0,2,0,0,1,2,0,2,2,0,0,0,1,2,0,2,2,1,0,1,2,0,0,0,0,2,0,0,1,1,0,2,2,1,2,2,0,1,0,0,0,2,2,1,2,1,0,0,2,1,1,1,0,2,2,2,2,1,0,1,2,0,0,0,0,2,1,0,2,1,0,2,1,2,1,0,0,0,1,2,0,1,2,0,0,1,2,0,1,0,0,0,1,0,2,1,0,0,2,1,2,0,1,2,1,1,1,1,2,2,1,2,1,2,1,0,0,0,2,1,1,1,0,1,1,1,1,1,0,2,2,2,2,1,1,0,0,2,2,2,2,0,2,0,1,2,1,2,1,2,1,1,2,0,2,1,1,1,1,1,2,1,2,0,1,2,2,0,1,1,2,0,2,1,1,0,2,0
104_3,0,0:0.12/1:0.88,0:0.01/2:0.99,0,0,0:0.12/2:0.88,0,0,0,0,0:0.12/2:0.88,0:0.01/1:0.99,0,0,0,0,0,0,0,0,0,0:0.01/1:0.99,0,0:0.12/1:0.88,0,0:0.12/2:0.88,0:0.12/2:0.88,0,0:0.12/2:0.88,0:0.12/1:0.88,0,0,0:0.12/1:0.88,0,0,0:0.01/2:0.99,0,0:0.01/2:0.99,0:0.01/2:0.99,0,0,0,0:0.01/2:0.99,0,0,0,0:0.12/2:0.88,0,0,0:0.12/1:0.88,0:0.12/2:0.88,0:0.01/1:0.99,0,0,0,0,0,0:0.01/2:0.99,0,0:0.01/1:0.99,0,0,0,0:0.01/2:0.99,0:0.01/2:0.99,0:0.01/1:0.99,0:0.01/2:0.99,0,0,0:0.12/1:0.88,0:0.12/2:0.88,0,0,0,0,0,0:0.01/2:0.99,0,0,0:0.01/1:0.99,0,0,0,0,0,0:0.12/2:0.88,0,0:0.01/2:0.99,0:0.01/1:0.99,0,0:0.01/2:0.99,0:0.01/1:0.99,0,0:0.01/2:0.99,0:0.12/2:0.88,0,0:0.12/2:0.88,0,0:0.12/1:0.88,0:0.12/2:0.88,0,0:0.01/2:0.99,0,0,0:0.01/2:0.99,0,0:0.12/2:0.88,0:0.01/1:0.99,0:0.01/2:0.99,0,0,0:0.12/2:0.88,0:0.12/1:0.88,0,0:0.01/1:0.99,0,0,0,0,0,0:0.01/2:0.99,0:0.01/1:0.99,0:0.01/2:0.99,0,0,0,0:0.01/1:0.99,0:0.01/1:0.99,0,0:0.01/1:0.99,0,0:0.12/1:0.88,0:0.01/1:0.99,0:0.12/1:0.88,0:0.01/1:0.99,0:0.01/2:0.99,0,0,0,0,0:0.01/2:0.99,0:0.12/2:0.88,0,0:0.01/1:0.99,0,0,0,0,0:0.01/1:0.99,0,0:0.12/1:0.88,0,0:0.01/2:0.99,0:0.01/2:0.99,0:0.01/2:0.99,0:0.01/1:0.99,0:0.01/1:0.99,0,0,0,0,0,0,0,0:0.01/2:0.99,0:0.12/1:0.88,0:0.01/1:0.99,0,0:0.01/1:0.99,0:0.01/2:0.99,0:0.01/1:0.99,0,0,0:0.01/1:0.99,0,0,0:0.01/2:0.99,0:0.01/1:0.99,0:0.01/1:0.99,0,0:0.01/1:0.99,0:0.01/1:0.99,0:0.01/2:0.99,0,0:0.01/2:0.99,0:0.12/2:0.88,0:0.01/1:0.99,0,0:0.01/2:0.99,0:0.12/1:0.88,0:0.01/1:0.99,0:0.01/1:0.99,0,0:0.12/2:0.88,0:0.01/2:0.99,0,0:0.01/1:0.99,0,0,0
166_5,0,1,2,0,0:0.04/1:0.96,2,0,0,0:0.04/2:0.96,0,2,1,0,0,0:0.04/1:0.96,0:0.04/1:0.96,0,0,0:0.04/1:0.96,0:0.04/1:0.96,0,1,0,1,0,2,2,0,2,1,0:0.04/1:0.96,0,1,0,0,2,0,2,2,0,0,0,2,0,0,0:0.04/2:0.96,2,0:0.04/1:0.96,0,1,2,1,0,0:0.04/1:0.96,0:0.04/1:0.96,0,0,2,0,1,0,0,0:0.04/1:0.96,2,2,1,2,0,0,1,2,0,0,0,0:0.04/2:0.96,0,2,0,0,1,0:0.04/2:0.96,0:0.04/2:0.96,0:0.04/2:0.96,0,0:0.04/1:0.96,2,0:0.04/1:0.96,2,1,0,2,1,0:0.04/1:0.96,2,2,0,2,0,1,2,0,2,0,0:0.04/1:0.96,2,0,2,1,2,0,0:0.04/1:0.96,2,1,0:0.04/2:0.96,1,0:0.04/1:0.96,0,0,0,0:0.04/2:0.96,2,1,2,0,0,0:0.04/1:0.96,1,1,0,1,0,1,1,1,1,2,0,0,0:0.04/2:0.96,0,2,2,0,1,0,0:0.04/2:0.96,0,0,1,0,1,0,2,2,2,1,1,0,0:0.04/1:0.96,0,0,0,0,0,2,1,1,0:0.04/2:0.96,1,2,1,0,0:0.04/2:0.96,1,0,0,2,1,1,0,1,1,2,0:0.04/1:0.96,2,2,1,0,2,1,1,1,0:0.04/2:0.96,2,2,0,1,0,0:0.04/2:0.96,0
216_9,0,1,2,0,1,2,0,1,2,0,2,1,0,0,1,1,0,0,1,1,0,1,0,1,0,2,2,0,2,1,1,0,1,0,0,2,2,2,2,0,0,1,2,0,0,2,2,1,0,1,2,1,1,1,1,2,0,2,0,1,0,0,1,2,2,1,2,2,0,1,2,2,0,0,2,0,2,0,0,1,2,2,2,0,1,2,1,2,1,1,2,1,1,2,2,2,2,0,1,2,0,2,2,1,2,0,2,1,2,0,1,2,1,2,1,1,0,0,0,2,2,1,2,0,2,1,1,1,2,1,0,1,1,1,1,2,0,0,2,0,2,2,0,1,0,2,0,0,1,0,1,0,2,2,2,1,1,0,1,0,0,0,0,0,2,1,1,2,1,2,1,0,2,1,0,0,2,1,1,2,1,1,2,1,2,2,1,0,2,1,1,1,2,2,2,0,1,2,2,0
216_8,1,1,2,0,1,2,0,0,2,0,2,1,0,0,1,1,0,0,1,1,0,1,0,1,0,2,2,0,2,1,1,0,1,1,0,2,0,2,2,0,0,0,2,0,0,2,2,1,2,1,2,1,0,1,1,1,0,2,0,1,1,1,1,2,2,1,2,0,0,1,2,0,0,0,2,1,2,0,0,1,2,2,2,1,1,2,1,2,1,0,2,1,1,2,2,0,2,0,1,2,0,2,0,1,2,1,2,1,2,0,1,2,1,2,1,1,0,0,0,2,2,1,2,1,0,1,1,1,0,1,0,1,1,1,1,2,0,2,2,0,2,2,0,1,0,2,0,0,1,0,1,0,2,2,2,1,1,0,1,0,0,0,0,0,2,1,1,2,1,2,1,2,2,1,0,0,2,1,1,0,1,1,2,1,2,2,1,0,2,1,1,1,2,2,2,0,1,0,2,0
157_6,0,0:0.01/1:0.99,2,0,0,0:0.01/2:0.99,0,0,0,0:0.07/1:0.93,0:0.01/2:0.99,1,0:0.07/2:0.93,0,0:0.07/2:0.93,0,0,0,0,0,0,1,0,0:0.01/1:0.99,0,0:0.01/2:0.99,0:0.01/2:0.99,0,0:0.01/2:0.99,0:0.01/1:0.99,0,0,0:0.01/1:0.99,0,0:0.07/2:0.93,2,0,2,2,0,0,0,2,0:0.07/1:0.93,0:0.07/2:0.93,0,0:0.01/2:0.99,0:0.07/2:0.93,0,0:0.01/1:0.99,0:0.01/2:0.99,1,0,0:0.07/2:0.93,0,0:0.07/2:0.93,0,2,0,1,0:0.07/2:0.93,0,0,2,2,1,2,0,0:0.07/1:0.93,0:0.01/1:0.99,0:0.01/2:0.99,0,0:0.07/2:0.93,0,0:0.07/1:0.93,0,2,0,0,1,0,0,0,0,0,0:0.01/2:0.99,0,2,1,0:0.07/2:0.93,2,1,0,2,0:0.01/2:0.99,0,0:0.01/2:0.99,0,0:0.01/1:0.99,0:0.01/2:0.99,0,2,0,0,2,0,0:0.01/2:0.99,1,2,0,0,0:0.01/2:0.99,0:0.01/1:0.99,0,1,0,0,0,0:0.07/2:0.93,0,2,1,2,0:0.07/2:0.93,0,0,1,1,0,1,0:0.07/1:0.93,0:0.01/1:0.99,1,0:0.01/1:0.99,1,2,0,0,0,0,2,0:0.01/2:0.99,0:0.07/1:0.93,1,0,0,0,0,1,0,0:0.01/1:0.99,0,2,2,2,1,1,0,0,0,0,0:0.07/1:0.93,0,0,2,0:0.01/1:0.99,1,0,1,2,1,0:0.07/1:0.93,0,1,0,0,2,1,1,0,1,1,2,0,2,0:0.01/2:0.99,1,0,2,0:0.01/1:0.99,1,1,0,0:0.01/2:0.99,2,0:0.07/1:0.93,1,0:0.07/1:0.93,0,0
216_11,0,1,2,2,0,2,0,0,0,1,2,1,2,0,2,0,0,0,0,0,1,1,1,1,0,2,2,0,2,1,0,0,1,0,2,2,0,2,2,0,0,0,2,1,2,0,2,2,0,1,2,1,1,2,0,2,0,2,2,1,2,0,2,2,2,1,2,1,1,1,2,0,2,0,1,0,2,0,0,1,0,0,2,0,0,2,0,2,1,2,2,1,0,2,2,2,2,0,1,2,2,2,0,0,2,0,2,1,2,0,0,2,1,0,1,0,0,0,2,0,2,1,2,2,0,2,1,1,0,1,1,1,1,1,1,2,0,0,0,0,2,2,1,1,0,0,0,0,1,0,1,0,2,2,2,1,1,0,0,0,0,1,0,2,2,1,1,0,1,2,1,1,0,1,0,0,2,1,1,0,1,1,2,0,2,2,1,0,2,1,1,1,0,2,2,1,1,1,0,0
216_10,0,1,2,0,2,2,0,0,0,1,2,1,2,1,2,1,1,0,0,2,0,1,0,1,0,2,2,0,2,1,0,0,1,0,2,2,0,2,2,2,1,0,2,1,2,0,2,2,0,1,2,1,0,2,0,2,0,2,0,1,2,0,1,2,2,1,2,2,1,1,2,2,2,1,1,0,2,0,0,1,0,0,1,0,1,2,0,2,1,2,2,1,2,2,2,0,2,0,1,2,0,2,0,0,2,0,2,1,2,0,0,2,1,0,1,0,0,1,2,1,2,1,2,2,0,0,1,1,0,1,1,1,1,1,1,2,2,0,0,1,2,2,1,1,0,0,2,0,1,0,1,0,2,2,2,1,1,0,0,0,0,1,0,0,2,1,1,0,1,2,1,1,0,1,0,0,2,1,1,0,1,1,2,0,2,2,1,0,2,1,1,1,0,2,2,1,1,1,0,2
46_2,0:0.17/1:0.83,0,0:0.17/1:0.83,0,0:0.17/2:0.83,0:0.17/2:0.83,0,0,0,0:0.17/2:0.83,0:0.17/2:0.83,0,0,0:0.17/1:0.83,0,0,0:0.17/2:0.83,0:0.17/1:0.83,0:0.17/2:0.83,0,0,0,0,0,0:0.17/2:0.83,0,0:0.17/2:0.83,0:0.17/1:0.83,0,0,0,0,0:0.17/2:0.83,0,0,0,0,0,0,0,0:0.17/2:0.83,0,0,0,0,0,0,0,0:0.17/2:0.83,0:0.17/1:0.83,0:0.17/2:0.83,0:0.16/1:0.84,0,0:0.17/1:0.83,0,0:0.17/1:0.83,0,0:0.16/2:0.84,0:0.17/1:0.83,0:0.16/1:0.84,0,0,0,0:0.16/2:0.84,0,0,0,0:0.17/2:0.83,0,0:0.17/1:0.83,0,0,0,0:0.17/2:0.83,0:0.17/2:0.83,0:0.17/1:0.83,0,0:0.17/2:0.83,0,0:0.16/1:0.84,0:0.17/1:0.83,0,0:0.17/1:0.83,0:0.17/2:0.83,0,0,0,0:0.17/1:0.83,0:0.17/2:0.83,0:0.17/1:0.83,0,0,0,0,0,0,0,0,0,0:0.17/1:0.83,0,0:0.17/1:0.83,0,0:0.17/2:0.83,0:0.16/2:0.84,0,0,0,0,0,0,0,0:0.17/2:0.83,0:0.17/2:0.83,0,0:0.17/1:0.83,0,0,0,0:0.17/2:0.83,0,0,0,0,0,0,0,0,0,0:0.17/2:0.83,0,0:0.17/2:0.83,0,0:0.17/1:0.83,0:0.16/1:0.84,0:0.16/2:0.84,0,0:0.17/1:0.83,0,0:0.17/2:0.83,0,0,0,0,0,0,0,0:0.17/2:0.83,0:0.17/2:0.83,0:0.17/2:0.83,0:0.17/2:0.83,0,0,0,0,0,0,0,0:0.17/2:0.83,0,0,0,0,0,0:0.17/1:0.83,0,0:0.16/1:0.84,0,0,0:0.16/2:0.84,0,0,0,0:0.17/2:0.83,0,0,0,0,0,0:0.17/1:0.83,0,0,0,0,0,0:0.17/2:0.83,0:0.16/1:0.84,0,0:0.17/1:0.83,0:0.17/2:0.83,0:0.16/1:0.84,0,0:0.17/2:0.83,0:0.17/1:0.83,0,0,0,0:0.17/2:0.83,0:0.17/2:0.83,0
176_10,1,0,1,0:0.02/1:0.98,2,2,0:0.02/2:0.98,0:0.02/2:0.98,0,2,2,0,0:0.02/2:0.98,1,0,0:0.02/1:0.98,2,1,2,0:0.02/2:0.98,0,0:0.02/1:0.98,0,0,2,0,2,1,0:0.02/2:0.98,0,0:0.02/1:0.98,0,2,0:0.02/1:0.98,0,0,0,0,0,0:0.02/1:0.98,2,0,0:0.02/2:0.98,0:0.02/1:0.98,0,0,0,0,2,1,2,1,0:0.02/1:0.98,1,0,1,0,2,1,1,0:0.02/1:0.98,0:0.02/1:0.98,0,2,0:0.02/1:0.98,0,0,2,0:0.02/1:0.98,1,0,0,0:0.02/1:0.98,2,2,1,0,2,0:0.02/2:0.98,1,1,0,1,2,0,0,0,1,2,1,0:0.02/2:0.98,0,0,0:0.02/2:0.98,0,0:0.02/2:0.98,0,0,0,1,0:0.02/1:0.98,1,0:0.02/2:0.98,2,2,0:0.02/2:0.98,0:0.02/1:0.98,0:0.02/2:0.98,0:0.02/2:0.98,0:0.02/1:0.98,0:0.02/2:0.98,0:0.02/2:0.98,2,2,0:0.02/2:0.98,1,0:0.02/2:0.98,0,0:0.02/2:0.98,2,0:0.02/2:0.98,0:0.02/2:0.98,0,0,0:0.02/1:0.98,0:0.02/2:0.98,0:0.02/1:0.98,0,0,2,0,2,0:0.02/1:0.98,1,1,2,0:0.02/2:0.98,1,0,2,0:0.02/2:0.98,0,0,0,0:0.02/2:0.98,0:0.02/2:0.98,0,2,2,2,2,0,0,0,0,0:0.02/1:0.98,0,0:0.02/2:0.98,2,0:0.02/2:0.98,0,0:0.02/1:0.98,0,0,1,0:0.02/1:0.98,1,0:0.02/1:0.98,0:0.02/2:0.98,2,0,0,0:0.02/1:0.98,2,0,0,0,0,0,1,0:0.02/1:0.98,0,0,0:0.02/2:0.98,0,2,1,0:0.02/2:0.98,1,2,1,0:0.02/1:0.98,2,1,0:0.02/1:0.98,0,0,2,2,0:0.02/1:0.98
216_13,1,0,1,1,2,2,2,2,0,2,2,0,2,1,0,1,2,1,2,2,0,1,0,0,2,0,2,1,2,0,1,2,2,1,0,1,0,0,0,1,2,0,2,1,2,1,0,1,2,1,2,1,1,1,1,1,0,2,1,1,1,1,0,2,1,1,0,2,1,1,0,0,1,2,2,1,2,2,2,1,1,0,1,2,0,0,0,1,2,1,2,0,0,2,0,2,2,0,0,1,1,1,2,2,2,2,1,2,2,1,2,2,2,2,2,1,2,0,2,2,2,2,0,0,1,2,1,0,0,2,0,2,1,1,1,2,2,1,2,2,2,0,0,0,2,2,0,2,2,2,2,0,0,1,0,1,0,2,2,2,0,1,0,1,1,1,1,1,2,2,0,0,1,2,0,0,0,0,0,1,1,0,1,2,0,2,1,2,1,2,1,1,2,1,1,0,0,2,2,1
216_12,1,0,1,1,2,2,2,2,1,2,2,0,2,1,0,1,2,1,2,2,0,1,0,0,2,0,2,1,2,0,1,0,2,1,0,0,0,0,0,1,2,0,2,1,0,0,0,0,2,1,2,1,1,1,0,1,0,2,1,1,1,1,0,2,1,0,0,2,1,1,0,0,1,2,2,1,1,2,2,1,1,0,1,2,2,2,2,1,2,1,2,0,0,2,0,2,0,2,1,1,1,1,2,2,2,2,1,2,2,1,2,2,2,2,2,1,2,0,2,2,2,2,2,0,1,2,1,0,2,2,2,2,1,1,1,2,2,1,0,2,2,0,0,0,2,2,0,2,2,2,2,0,0,0,0,1,0,2,2,2,0,1,0,0,1,1,1,1,2,2,0,0,1,2,1,0,2,0,0,1,1,0,0,2,1,2,1,2,1,2,1,1,2,1,1,0,0,2,2,1
89_4,0:0.05/1:0.95,0,0:0.05/1:0.95,0,0:0.05/2:0.95,0:0.05/2:0.95,0:0.28/1:0.72,0:0.28/1:0.72,0,0:0.05/2:0.95,0:0.05/2:0.95,0,0,0:0.05/1:0.95,0,0,0:0.05/2:0.95,0:0.05/1:0.95,0:0.05/2:0.95,0,0,0,0,0,0:0.05/2:0.95,0:0.28/2:0.72,0:0.05/2:0.95,0:0.05/1:0.95,0:0.28/1:0.72,0,0,0,0:0.05/2:0.95,0:0.28/2:0.72,0:0.28/1:0.72,0,0:0.28/1:0.72,0,0:0.28/2:0.72,0,0:0.05/2:0.95,0,0:0.28/1:0.72,0,0,0,0:0.28/1:0.72,0,0:0.05/2:0.95,0:0.05/1:0.95,0:0.05/2:0.95,0:0.04/1:0.96,0,0:0.05/1:0.95,0,0:0.05/1:0.95,0,0:0.04/2:0.96,0:0.05/1:0.95,0:0.04/1:0.96,0:0.28/2:0.72,0,0,0:0.04/2:0.96,0,0,0:0.28/2:0.72,0:0.05/2:0.95,0,0:0.05/1:0.95,0:0.28/1:0.72,0:0.28/2:0.72,0,0:0.05/2:0.95,0:0.05/2:0.95,0:0.05/1:0.95,0:0.28/2:0.72,0:0.05/2:0.95,0,0:0.04/1:0.96,0:0.05/1:0.95,0:0.28/1:0.72,0:0.05/1:0.95,0:0.05/2:0.95,0,0:0.28/2:0.72,0,0:0.05/1:0.95,0:0.05/2:0.95,0:0.05/1:0.95,0,0:0.28/1:0.72,0,0,0,0,0:0.28/1:0.72,0,0:0.28/1:0.72,0:0.05/1:0.95,0,0:0.05/1:0.95,0,0:0.05/2:0.95,0:0.04/2:0.96,0,0,0,0,0,0,0,0:0.05/2:0.95,0:0.05/2:0.95,0,0:0.05/1:0.95,0,0:0.28/2:0.72,0,0:0.05/2:0.95,0:0.28/1:0.72,0,0,0,0,0,0,0,0:0.28/1:0.72,0:0.05/2:0.95,0,0:0.05/2:0.95,0,0:0.05/1:0.95,0:0.04/1:0.96,0:0.04/2:0.96,0,0:0.05/1:0.95,0,0:0.05/2:0.95,0,0:0.28/1:0.72,0,0,0,0,0,0:0.05/2:0.95,0:0.05/2:0.95,0:0.05/2:0.95,0:0.05/2:0.95,0,0,0:0.28/2:0.72,0:0.28/1:0.72,0,0:0.28/1:0.72,0,0:0.05/2:0.95,0:0.28/1:0.72,0,0:0.28/2:0.72,0,0,0:0.05/1:0.95,0,0:0.04/1:0.96,0,0,0:0.04/2:0.96,0,0,0,0:0.05/2:0.95,0,0,0,0:0.28/2:0.72,0,0:0.05/1:0.95,0:0.28/2:0.72,0:0.28/1:0.72,0,0:0.28/1:0.72,0:0.28/1:0.72,0:0.05/2:0.95,0:0.04/1:0.96,0,0:0.05/1:0.95,0:0.05/2:0.95,0:0.04/1:0.96,0,0:0.05/2:0.95,0:0.05/1:0.95,0:0.28/2:0.72,0:0.28/1:0.72,0,0:0.05/2:0.95,0:0.05/2:0.95,0
216_16,1,1,1,2,2,2,1,1,0,2,2,0,0,1,0,1,2,1,2,2,1,0,0,0,2,2,2,1,1,0,0,0,2,2,1,0,1,1,2,0,2,2,1,2,0,1,1,1,2,1,2,1,2,1,0,1,0,2,1,1,2,1,0,2,0,2,2,2,0,1,1,2,1,2,2,1,2,2,2,1,1,1,1,2,0,2,0,1,2,1,1,1,0,0,0,0,1,0,1,1,2,1,0,2,2,0,1,0,0,0,2,0,2,2,2,1,2,2,2,2,1,0,2,0,0,1,2,1,1,2,0,2,0,1,1,2,0,1,0,2,0,1,0,0,1,1,0,2,2,2,2,1,1,2,1,1,1,2,2,1,0,2,0,0,1,1,1,0,1,2,1,1,0,2,2,1,1,2,0,1,2,1,0,1,1,2,1,1,1,2,1,1,2,1,2,1,0,2,2,2
216_19,1,0,1,0,2,2,1,1,1,2,2,2,1,1,2,0,2,1,2,0,0,2,0,2,2,2,2,1,1,0,2,0,2,2,1,0,1,2,2,0,2,0,1,1,0,0,1,0,2,1,2,1,1,1,1,1,0,2,1,1,2,0,0,2,2,0,2,2,0,1,1,2,0,2,2,1,2,2,0,1,1,1,1,2,2,2,2,1,2,1,0,1,0,1,0,1,1,0,1,1,0,1,1,2,2,0,0,0,0,1,0,2,2,2,0,1,0,2,1,2,1,0,1,0,2,0,0,0,1,2,2,2,0,1,1,2,1,1,0,2,1,1,1,0,2,0,2,2,2,2,2,0,2,2,1,0,1,0,2,1,2,2,0,1,1,0,1,0,0,2,2,2,2,2,0,0,0,2,2,1,2,1,0,1,1,2,1,2,1,2,1,0,2,1,2,1,1,2,2,1
