[&R] ((((((216_13:2.093,216_14:0.093)187_8:1.047,(216_11:1.703,216_12:4.703)190_7:0.437)139_4:3.83,(216_9:1.378,216_10:1.378)203_8:8.591)91_3:0.03,(((216_19:2.252,216_20:1.252)186_13:1.885,(216_21:0,216_22:0)188_16:4.138)136_6:0.005,((216_17:0,216_18:0)182_10:2.323,(216_15:0.05,216_16:1.05)183_9:1.273)138_5:2.819)91_4:2.857)44_2:0,(((216_3:0.147,216_4:2.147)195_2:0.976,(216_1:1.032,216_2:0.032)196_1:1.09)153_1:1.391,(216_7:1.068,216_8:0.068)198_6:4.446)106_1:3.486)virtual:0)I0;
I0,0,0,0,0,0,0,0,0,0,0
virtual,0,0,0,0,0,0,0,0,0,0
106_1,0,0,0,0:0.13/2:0.87,0:0.13/2:0.87,0:0.13/1:0.87,0,0,0,0:0.13/1:0.87
198_6,0:0.01/2:0.99,0,0,2,2,1,0:0.01/1:0.99,0:0.01/2:0.99,0:0.01/2:0.99,1
216_8,2,0,0,2,2,1,1,2,2,1
216_7,2,1,0,2,2,1,1,2,2,1
153_1,0,0:0.08/1:0.92,0,0:0.01/2:0.99,0:0.01/2:0.99,0:0.01/1:0.99,0,0,0,0:0.01/1:0.99
196_1,0,1,0,2,2,1,0:0.03/1:0.97,0,0,1
216_2,0,1,0,2,2,1,1,0,0,1
216_1,0,1,1,2,2,1,1,0,0,1
195_2,0,0:0.01/1:0.99,0:0.13/2:0.87,2,2,1,0,0,0,1
216_4,0,1,2,2,2,1,1,1,0,1
216_3,0,1,2,2,2,1,0,0,0,1
44_2,0,0,0,0,0,0,0,0,0,0
91_4,0:0.05/2:0.95,0,0,0:0.05/1:0.95,0,0,0,0,0,0:0.05/1:0.95
138_5,2,0:0.1/1:0.9,0,1,0:0.1/1:0.9,0,0:0.1/1:0.9,0,0,1
183_9,2,1,0,1,1,0,1,0:0.04/1:0.96,0,1
216_16,2,1,2,1,1,0,1,1,0,1
216_15,2,1,0,1,1,0,1,1,0,1
182_10,2,1,0,1,1,0,1,2,2,1
216_18,2,1,0,1,1,0,1,2,2,1
216_17,2,1,0,1,1,0,1,2,2,1
136_6,0:0.05/2:0.95,0,0,0:0.05/1:0.95,0,0,0,0,0,0:0.05/1:0.95
188_16,2,1,1,1,1,0,1,0,0,1
216_22,2,1,1,1,1,0,1,0,0,1
216_21,2,1,1,1,1,0,1,0,0,1
186_13,0:0.01/2:0.99,0,0,0:0.01/1:0.99,0:0.12/2:0.88,0,0,0,0:0.12/2:0.88,0:0.01/1:0.99
216_20,2,1,0,1,2,0,0,0,2,1
216_19,2,0,1,1,2,1,0,0,2,1
91_3,0,0:0.97/1:0.03,0,0,0,0,0,0,0,0
203_8,0:0.04/2:0.96,0:0.04/1:0.96,0:0.04/1:0.96,0:0.04/1:0.96,0:0.04/1:0.96,0:0.04/1:0.96,0:0.04/1:0.96,0,0:0.04/1:0.96,0:0.04/1:0.96
216_10,2,1,1,1,1,1,1,1,1,1
216_9,2,1,1,1,1,1,1,2,1,1
139_4,0,0:0.03/1:0.97,0,0:0.04/2:0.96,0:0.04/2:0.96,0,0,0:0.04/2:0.96,0,0
190_7,0,0:0.02/1:0.98,0:0.62/2:0.38,0:0.02/2:0.98,0:0.02/2:0.98,0,0,0:0.02/2:0.98,0,0
216_12,0,1,2,2,2,1,1,2,2,1
216_11,0,1,2,2,2,0,2,2,0,0
187_8,0,1,0,2,2,0,0,2,0,0:0.08/1:0.92
216_14,0,1,0,2,2,0,0,2,0,1
216_13,0,1,0,2,2,1,1,2,0,1
