[&R] (((((216_10:1.025,216_11:1.025)181_9:0.004,(216_7:0,216_8:0)214_7:1.029)127_3:2.036,(((216_13:0,216_14:0)213_12:0,216_12:0)177_9:2.062,216_15:1.062)130_5:0.003)80_2:2.32,(((216_5:0.049,216_6:1.049)183_6:1.111,(216_3:0.049,216_4:1.049)185_5:1.111)141_3:1.12,(216_1:0,216_2:0)178_1:2.281)88_1:2.104)35_1:2.615)I0;
I0,0,0,0,0,0,0,0,0,0,0
35_1,0,0,0,0,0,0,0:0.13/2:0.87,0:0.13/2:0.87,0,0:0.13/1:0.87
88_1,0:0.12/1:0.88,0,0,0,0,0,0:0.02/2:0.98,0:0.02/2:0.98,0:0.12/1:0.88,0:0.02/1:0.98
178_1,1,1,0,0,1,0,2,2,1,1
216_2,1,1,0,0,1,0,2,2,1,1
216_1,1,1,0,0,1,0,2,2,1,1
141_3,0:0.01/1:0.99,0,0,0:0.13/2:0.87,0,0,2,2,0:0.01/1:0.99,1
185_5,1,0,0:0.04/2:0.96,0:0.01/2:0.99,0,0,2,2,1,1
216_4,1,0,2,2,0,1,2,2,1,1
216_3,1,0,2,2,0,0,2,2,1,1
183_6,1,0,0,0:0.01/2:0.99,0,0:0.04/1:0.96,2,2,1,1
216_6,1,0,2,2,0,1,2,2,1,1
216_5,1,0,0,2,0,1,2,2,1,1
80_2,0:0.03/2:0.97,0,0,0:0.03/2:0.97,0,0,2,2,0,1
130_5,0:0.03/2:0.97,0,0,0:0.03/2:0.97,0,0,2,2,0,1
216_15,2,0,0,2,0,2,2,2,0,1
177_9,2,0,1,2,0,0,2,2,1,1
216_12,2,0,1,2,0,0,2,2,1,1
213_12,2,0,1,2,0,0,2,2,1,1
216_14,2,0,1,2,0,0,2,2,1,1
216_13,2,0,1,2,0,0,2,2,1,1
127_3,2,0,0,2,0,0:0.01/2:0.99,2,2,0:0.01/1:0.99,1
214_7,2,0,1,2,0,2,2,2,1,1
216_8,2,0,1,2,0,2,2,2,1,1
216_7,2,0,1,2,0,2,2,2,1,1
181_9,2,0,0,2,0,0:0.01/2:0.99,2,2,0:0.01/1:0.99,1
216_11,2,1,0,2,0,2,2,2,1,1
216_10,2,0,0,2,2,2,2,2,1,1
