[&R] (((((216_10:1,216_11:0)181_9:0,(216_7:0,216_8:0)214_7:0)127_3:0.024,(((216_13:0,216_14:0)213_12:1.076,216_12:0.076)177_9:0.945,216_15:2.021)130_5:0.002)80_2:2.603,(((216_5:1,216_6:0)183_6:0,(216_3:1,216_4:0)185_5:0)141_3:0,(216_1:0,216_2:1)178_1:0)88_1:2.627)35_1:4.373)I0;
I0,0,0,0,0,0,0,0,0,0,0
35_1,0:0.13/1:0.87,0,0,0:0.13/1:0.87,0:0.13/1:0.87,0,0,0:0.13/2:0.87,0:0.13/2:0.87,0
88_1,1,0,1,1,1,0,0,2,2,1
178_1,1,0,1,1,1,0,0,2,2,1
216_2,1,0,1,1,1,1,0,2,2,1
216_1,1,0,1,1,1,0,0,2,2,1
141_3,1,0,1,1,1,0,0,2,2,1
185_5,1,0,1,1,1,0,0,2,2,1
216_4,1,0,1,1,1,0,0,2,2,1
216_3,1,1,1,1,1,0,0,2,2,1
183_6,1,0,1,1,1,0,0,2,2,1
216_6,1,0,1,1,1,0,0,2,2,1
216_5,1,0,1,1,1,0,1,2,2,1
80_2,1,0,0,1,1,0:0.01/2:0.99,0:0.01/1:0.99,2,2,0
130_5,1,0,0,1,1,0:0.01/2:0.99,0:0.01/1:0.99,2,2,0
216_15,1,2,0,1,1,2,1,2,2,2
177_9,1,0:0.07/1:0.93,0,1,1,2,1,2,2,0
216_12,1,1,0,1,1,2,1,2,2,0
213_12,1,1,0,1,1,2,1,2,2,2
216_14,1,1,0,1,1,2,1,2,2,2
216_13,1,1,0,1,1,2,1,2,2,2
127_3,1,0,0,1,1,2,1,2,2,0
214_7,1,0,0,1,1,2,1,2,2,0
216_8,1,0,0,1,1,2,1,2,2,0
216_7,1,0,0,1,1,2,1,2,2,0
181_9,1,0,0,1,1,2,1,2,2,0
216_11,1,0,0,1,1,2,1,2,2,0
216_10,1,1,0,1,1,2,1,2,2,0
