[&R] (((((216_10:0,216_11:0)181_9:1.088,(216_7:0,216_8:0)214_7:1.088)127_3:2.505,(((216_13:0,216_14:0)213_12:1.159,216_12:1.159)177_9:1.106,216_15:2.265)130_5:3.329)80_2:0.71,(((216_5:2.005,216_6:0.005)183_6:0.002,(216_3:0,216_4:0)185_5:0.007)141_3:1.117,(216_1:0.036,216_2:1.036)178_1:1.088)88_1:4.18)35_1:0.696)I0;
I0,0,0,0,0,0,0,0,0,0,0
35_1,0,0,0,0,0,0:0.3/1:0.7,0,0,0,0
88_1,0:0.03/1:0.97,0,0,0:0.03/1:0.97,0:0.03/2:0.97,0:0.01/1:0.99,0,0,0:0.03/2:0.97,0
178_1,1,0,0,1,2,1,0:0.03/2:0.97,0,2,0
216_2,1,0,1,1,2,1,2,0,2,0
216_1,1,0,0,1,2,1,2,0,2,0
141_3,1,0,0,1,2,1,0,0:0.01/1:0.99,2,0
185_5,1,0,0,1,2,1,0,1,2,0
216_4,1,0,0,1,2,1,0,1,2,0
216_3,1,0,0,1,2,1,0,1,2,0
183_6,1,0,0,1,2,1,0,1,2,0
216_6,1,0,0,1,2,1,0,1,2,0
216_5,1,2,1,1,2,1,0,1,2,0
80_2,0,0:0.46/2:0.54,0,0,0,0:0.14/1:0.86,0,0,0,0
130_5,0:0.07/1:0.93,0:0.03/2:0.97,0:0.07/2:0.93,0,0:0.07/2:0.93,0:0.01/1:0.99,0,0,0,0
216_15,1,2,2,0,2,1,0,0,1,2
177_9,0:0.01/1:0.99,2,0:0.01/2:0.99,0,0:0.01/2:0.99,1,0:0.13/2:0.87,0,0,0
216_12,1,2,2,0,2,1,2,1,0,0
213_12,1,2,2,0,2,1,2,0,1,0
216_14,1,2,2,0,2,1,2,0,1,0
216_13,1,2,2,0,2,1,2,0,1,0
127_3,0,0:0.02/2:0.98,0,0:0.03/2:0.97,0:0.03/1:0.97,1,0,0,0,0
214_7,0,2,0,2,1,1,0,0,0,2
216_8,0,2,0,2,1,1,0,0,0,2
216_7,0,2,0,2,1,1,0,0,0,2
181_9,0,2,0,2,1,1,2,0,0,0
216_11,0,2,0,2,1,1,2,0,0,0
216_10,0,2,0,2,1,1,2,0,0,0
