[&R] (((((216_10:0.081,216_11:1.081)181_9:1.488,(216_7:0,216_8:0)214_7:2.569)127_3:2.055,(((216_13:0,216_14:0)213_12:0,216_12:0)177_9:1.226,216_15:1.226)130_5:2.398)80_2:3.21,(((216_5:1.005,216_6:0.005)183_6:0,(216_3:1.005,216_4:1.005)185_5:0)141_3:4.601,(216_1:1.081,216_2:0.081)178_1:4.525)88_1:2.227)35_1:1.167)I0;
I0,0,0,0,0,0,0,0,0,0,0
35_1,0,0,0,0,0,0,0,0:0.42/1:0.58,0:0.42/1:0.58,0
88_1,0,0,0,0,0:0.42/1:0.58,0:0.42/1:0.58,0:0.42/2:0.58,0:0.17/1:0.83,0:0.17/1:0.83,0
178_1,0,0:0.02/1:0.98,0,0:0.02/2:0.98,0:0.01/1:0.99,0:0.01/1:0.99,0:0.01/2:0.99,1,1,0:0.02/1:0.98
216_2,0,1,0,2,1,1,2,1,1,1
216_1,2,1,0,2,1,1,2,1,1,1
141_3,0,2,1,1,1,1,2,1,1,0
185_5,0,2,1,1,1,1,2,1,1,0
216_4,1,2,1,1,1,1,2,1,1,0
216_3,2,2,1,1,1,1,2,1,1,0
183_6,0,2,1,1,1,1,2,1,1,0
216_6,0,2,1,1,1,1,2,1,1,0
216_5,1,2,1,1,1,1,2,1,1,0
80_2,0,0,0:0.16/1:0.84,0,0,0:0.16/2:0.84,0,0:0.07/1:0.93,0:0.07/1:0.93,0:0.16/2:0.84
130_5,0,0,0:0.01/1:0.99,0,0:0.09/2:0.91,0:0.01/2:0.99,0:0.09/1:0.91,0:0.01/1:0.99,0:0.01/1:0.99,0:0.01/2:0.99
216_15,2,0,1,0,2,2,1,1,1,2
177_9,0,1,1,0,2,2,1,1,1,2
216_12,0,1,1,0,2,2,1,1,1,2
213_12,0,1,1,0,2,2,1,1,1,2
216_14,0,1,1,0,2,2,1,1,1,2
216_13,0,1,1,0,2,2,1,1,1,2
127_3,0,0,0:0.04/1:0.96,0:0.22/2:0.78,0,0:0.04/2:0.96,0:0.22/2:0.78,0:0.01/1:0.99,0:0.01/1:0.99,0:0.04/2:0.96
214_7,2,1,1,2,0,2,2,1,1,2
216_8,2,1,1,2,0,2,2,1,1,2
216_7,2,1,1,2,0,2,2,1,1,2
181_9,0,0:0.05/2:0.95,1,0:0.01/2:0.99,0,2,0:0.01/2:0.99,1,1,2
216_11,2,2,1,2,0,2,2,1,1,2
216_10,0,2,1,2,0,2,2,1,1,2
