[&R] ((((((216_10:0,216_11:0)215_8:3.085,216_9:0.085)166_4:0.005,(216_12:0.068,216_13:1.068)171_6:2.021)119_2:2.625,(((216_3:0,216_4:0)206_2:0.064,(216_1:0,216_2:0)215_1:2.064)165_1:0.005,((216_7:0,216_8:0)213_5:0,(216_5:0,216_6:0)215_4:0)171_3:2.069)120_1:3.645)65_1:2.868,(((216_14:0,216_15:0)208_10:1.081,(216_16:0,216_17:0)208_11:1.081)167_7:1.081,((216_18:0,216_19:0)212_14:1.123,216_20:1.123)167_8:2.04)117_3:2.42)14_1:0.418)I0;
I0,0,0,0,0,0,0,0,0,0,0
14_1,0:0.58/2:0.42,0,0,0,0,0,0,0,0,0
117_3,0:0.04/2:0.96,0,0,0,0,0,0,0,0:0.06/1:0.94,0:0.06/2:0.94
167_8,2,0:0.06/2:0.94,0,0:0.06/2:0.94,0,0,0,0,1,2
216_20,2,2,2,2,0,0,0,0,1,2
212_14,2,2,0,2,0,2,0,0,1,2
216_19,2,2,0,2,0,2,0,0,1,2
216_18,2,2,0,2,0,2,0,0,1,2
167_7,2,0,0:0.07/2:0.93,0,0,0,0,0,1,2
208_11,2,0,2,0,0,2,0,0,1,2
216_17,2,0,2,0,0,2,0,0,1,2
216_16,2,0,2,0,0,2,0,0,1,2
208_10,2,1,2,0,0,0,0,0,1,2
216_15,2,1,2,0,0,0,0,0,1,2
216_14,2,1,2,0,0,0,0,0,1,2
65_1,0:0.12/2:0.88,0,0:0.2/2:0.8,0,0,0,0,0:0.2/1:0.8,0,0:0.2/1:0.8
120_1,2,0:0.02/2:0.98,2,0:0.02/1:0.98,0:0.02/2:0.98,0,0,1,0,1
171_3,2,2,2,1,2,1,1,1,0,1
215_4,2,2,2,1,2,1,1,1,0,1
216_6,2,2,2,1,2,1,1,1,0,1
216_5,2,2,2,1,2,1,1,1,0,1
213_5,2,2,2,1,2,1,1,1,0,1
216_8,2,2,2,1,2,1,1,1,0,1
216_7,2,2,2,1,2,1,1,1,0,1
165_1,2,0:0.02/2:0.98,2,0:0.02/1:0.98,0:0.02/2:0.98,0,0,1,0,1
215_1,2,2,2,1,2,0,1,1,2,1
216_2,2,2,2,1,2,0,1,1,2,1
216_1,2,2,2,1,2,0,1,1,2,1
206_2,2,2,2,1,2,0,0,1,0,1
216_4,2,2,2,1,2,0,0,1,0,1
216_3,2,2,2,1,2,0,0,1,0,1
119_2,2,0,0:0.01/2:0.99,0,0,0:0.03/1:0.97,0,0:0.01/1:0.99,0:0.03/1:0.97,0:0.01/1:0.99
171_6,2,0:0.03/1:0.97,2,0:0.03/1:0.97,0,1,0,1,1,1
216_13,2,1,2,1,0,1,1,1,1,1
216_12,2,1,2,1,0,1,0,1,1,1
166_4,2,0,0:0.01/2:0.99,0,0,0:0.03/1:0.97,0,0:0.01/1:0.99,0:0.03/1:0.97,0:0.01/1:0.99
216_9,2,0,2,0,0,1,0,1,1,1
215_8,2,2,2,2,0,1,2,1,1,1
216_11,2,2,2,2,0,1,2,1,1,1
216_10,2,2,2,2,0,1,2,1,1,1
