[&R] ((((((216_10:0,216_11:0)215_8:1.036,216_9:0.036)166_4:0.976,(216_12:0.011,216_13:2.011)171_6:0.002)119_2:1.088,(((216_3:0,216_4:0)206_2:2.006,(216_1:0,216_2:0)215_1:1.006)165_1:0.001,((216_7:0,216_8:0)213_5:1.006,(216_5:0,216_6:0)215_4:2.006)171_3:0.001)120_1:1.094)65_1:3.852,(((216_14:0,216_15:0)208_10:0.061,(216_16:0.041,216_17:1.041)208_11:1.02)167_7:1.062,((216_18:0,216_19:0)212_14:1.161,216_20:1.161)167_8:0.962)117_3:4.829)14_1:0.048)I0;
I0,0,0,0,0,0,0,0,0,0,0
14_1,0,0,0,0,0:0.95/2:0.05,0,0,0,0,0
117_3,0,0:0.02/2:0.98,0:0.02/2:0.98,0:0.02/1:0.98,0:0.02/2:0.98,0,0,0,0:0.02/1:0.98,0
167_8,0,2,2,1,2,0,0:0.14/1:0.86,0,1,0
216_20,0,2,2,1,2,0,1,1,1,0
212_14,1,2,2,1,2,0,1,0,1,0
216_19,1,2,2,1,2,0,1,0,1,0
216_18,1,2,2,1,2,0,1,0,1,0
167_7,0,2,2,1,2,0,0,0,1,0:0.05/1:0.95
208_11,0,2,2,1,2,0:0.04/2:0.96,0,0,1,1
216_17,1,2,2,1,2,2,0,0,1,1
216_16,0,2,2,1,2,2,0,0,1,1
208_10,0,2,2,1,2,0,0,0,1,1
216_15,0,2,2,1,2,0,0,0,1,1
216_14,0,2,2,1,2,0,0,0,1,1
65_1,0:0.03/2:0.97,0:0.03/1:0.97,0,0,0:0.02/2:0.98,0,0,0,0,0:0.03/2:0.97
120_1,2,1,0:0.01/1:0.99,0,2,0,0,0,0,2
171_3,2,1,0:0.01/1:0.99,0,2,0,0,0,0,2
215_4,2,1,1,0,2,0,2,1,0,2
216_6,2,1,1,0,2,0,2,1,0,2
216_5,2,1,1,0,2,0,2,1,0,2
213_5,2,1,1,1,2,0,0,0,0,2
216_8,2,1,1,1,2,0,0,0,0,2
216_7,2,1,1,1,2,0,0,0,0,2
165_1,2,1,0:0.01/1:0.99,0,2,0,0,0,0,2
215_1,2,1,1,0,2,0,0,2,0,2
216_2,2,1,1,0,2,0,0,2,0,2
216_1,2,1,1,0,2,0,0,2,0,2
206_2,2,1,1,2,2,0,2,0,0,2
216_4,2,1,1,2,2,0,2,0,0,2
216_3,2,1,1,2,2,0,2,0,0,2
119_2,2,1,0,0,2,0,0,0,0:0.01/1:0.99,2
171_6,2,1,0,0,2,0,0,0,0:0.01/1:0.99,2
216_13,2,1,0,0,2,1,2,0,1,2
216_12,2,1,0,0,2,0,0,0,1,2
166_4,2,1,0,0:0.04/2:0.96,2,0,0,0,1,2
216_9,2,1,0,2,2,0,0,0,1,2
215_8,2,1,0,2,2,1,0,0,1,2
216_11,2,1,0,2,2,1,0,0,1,2
216_10,2,1,0,2,2,1,0,0,1,2
