[&R] ((((((216_10:0,216_11:0)215_8:0,216_9:0)166_4:0.002,(216_12:1.001,216_13:0.001)171_6:0.001)119_2:2.277,(((216_3:0,216_4:0)206_2:0.042,(216_1:0,216_2:0)215_1:1.042)165_1:1.019,((216_7:0,216_8:0)213_5:0,(216_5:0,216_6:0)215_4:0)171_3:0.06)120_1:1.219)65_1:4.682,(((216_14:0,216_15:0)208_10:0,(216_16:0,216_17:0)208_11:0)167_7:2.027,((216_18:0,216_19:0)212_14:1.025,216_20:1.025)167_8:0.003)117_3:4.934)14_1:0.039)I0;
I0,0,0,0,0,0,0,0,0,0,0
14_1,0,0,0,0,0,0,0,0:0.96/2:0.04,0,0
117_3,0,0,0,0,0:0.01/2:0.99,0:0.01/2:0.99,0:0.01/1:0.99,0:0.01/2:0.99,0:0.01/2:0.99,0
167_8,0,0,0,0,2,2,1,2,2,0
216_20,2,0,0,0,2,2,1,2,2,0
212_14,1,0,0,0,2,2,1,2,2,0
216_19,1,0,0,0,2,2,1,2,2,0
216_18,1,0,0,0,2,2,1,2,2,0
167_7,1,1,0,0,2,2,1,2,2,0
208_11,1,1,0,0,2,2,1,2,2,0
216_17,1,1,0,0,2,2,1,2,2,0
216_16,1,1,0,0,2,2,1,2,2,0
208_10,1,1,0,0,2,2,1,2,2,0
216_15,1,1,0,0,2,2,1,2,2,0
216_14,1,1,0,0,2,2,1,2,2,0
65_1,0,0,0:0.06/2:0.94,0,0:0.06/1:0.94,0:0.06/1:0.94,0:0.06/2:0.94,0:0.05/2:0.95,0,0
120_1,0,0,2,0:0.05/1:0.95,1,1,2,2,0,0
171_3,0,0,2,1,1,1,2,2,0,0
215_4,0,0,2,1,1,1,2,2,0,0
216_6,0,0,2,1,1,1,2,2,0,0
216_5,0,0,2,1,1,1,2,2,0,0
213_5,0,0,2,1,1,1,2,2,0,0
216_8,0,0,2,1,1,1,2,2,0,0
216_7,0,0,2,1,1,1,2,2,0,0
165_1,0,0:0.04/2:0.96,2,1,1,1,2,2,0,0
215_1,1,2,2,1,1,1,2,2,0,0
216_2,1,2,2,1,1,1,2,2,0,0
216_1,1,2,2,1,1,1,2,2,0,0
206_2,0,2,2,1,1,1,2,2,0,0
216_4,0,2,2,1,1,1,2,2,0,0
216_3,0,2,2,1,1,1,2,2,0,0
119_2,0,1,2,0,1,1,2,2,2,0
171_6,0,1,2,0,1,1,2,2,2,0
216_13,0,1,2,0,1,1,2,2,2,0
216_12,2,1,2,0,1,1,2,2,2,0
166_4,0,1,2,0,1,1,2,2,2,0
216_9,0,1,2,0,1,1,2,2,2,0
215_8,0,1,2,0,1,1,2,2,2,0
216_11,0,1,2,0,1,1,2,2,2,0
216_10,0,1,2,0,1,1,2,2,2,0
