[&R] ((((((216_10:0,216_11:0)215_8:0,216_9:0)166_4:1.049,(216_12:1.044,216_13:1.044)171_6:0.005)119_2:4.046,(((216_3:0,216_4:0)206_2:0.032,(216_1:0,216_2:0)215_1:1.031)165_1:2.058,((216_7:0,216_8:0)213_5:2.26,(216_5:0,216_6:0)215_4:1.26)171_3:0.829)120_1:0.006)65_1:3.875,(((216_14:0,216_15:0)208_10:0,(216_16:0,216_17:0)208_11:0)167_7:0,((216_18:0,216_19:0)212_14:0,216_20:0)167_8:0)117_3:7.97)14_1:0.03)I0;
I0,0,0,0,0,0,0,0,0,0,0
14_1,0,0,0,0,0,0:0.97/1:0.03,0,0,0,0
117_3,2,0,0,1,2,1,2,2,2,1
167_8,2,0,0,1,2,1,2,2,2,1
216_20,2,0,0,1,2,1,2,2,2,1
212_14,2,0,0,1,2,1,2,2,2,1
216_19,2,0,0,1,2,1,2,2,2,1
216_18,2,0,0,1,2,1,2,2,2,1
167_7,2,0,0,1,2,1,2,2,2,1
208_11,2,0,0,1,2,1,2,2,2,1
216_17,2,0,0,1,2,1,2,2,2,1
216_16,2,0,0,1,2,1,2,2,2,1
208_10,2,0,0,1,2,1,2,2,2,1
216_15,2,0,0,1,2,1,2,2,2,1
216_14,2,0,0,1,2,1,2,2,2,1
65_1,0,0,0,0,0:0.02/1:0.98,0:0.02/1:0.98,0:0.02/1:0.98,0,0:0.02/1:0.98,0
120_1,0,0,0,0,0:0.02/1:0.98,0:0.02/1:0.98,0:0.02/1:0.98,0,0:0.02/1:0.98,0
171_3,0,0,0,0:0.24/1:0.76,0:0.01/1:0.99,0:0.01/1:0.99,0:0.01/1:0.99,0,0:0.01/1:0.99,0
215_4,0,0,0,1,1,1,1,0,1,1
216_6,0,0,0,1,1,1,1,0,1,1
216_5,0,0,0,1,1,1,1,0,1,1
213_5,2,0,1,1,1,1,1,0,1,0
216_8,2,0,1,1,1,1,1,0,1,0
216_7,2,0,1,1,1,1,1,0,1,0
165_1,0:0.02/1:0.98,0,0,0,1,1,1,0,1,0:0.02/2:0.98
215_1,1,0,0,0,1,1,1,1,1,2
216_2,1,0,0,0,1,1,1,1,1,2
216_1,1,0,0,0,1,1,1,1,1,2
206_2,1,0,0,0,1,1,1,0,1,2
216_4,1,0,0,0,1,1,1,0,1,2
216_3,1,0,0,0,1,1,1,0,1,2
119_2,0:0.01/1:0.99,0,0:0.01/2:0.99,0,1,1,1,0:0.01/1:0.99,1,0:0.01/2:0.99
171_6,0:0.01/1:0.99,0,0:0.01/2:0.99,0,1,1,1,0:0.01/1:0.99,1,0:0.01/2:0.99
216_13,1,1,2,0,1,1,1,1,1,2
216_12,1,0,2,1,1,1,1,1,1,2
166_4,1,1,2,0,1,1,1,1,1,2
216_9,1,1,2,0,1,1,1,1,1,2
215_8,1,1,2,0,1,1,1,1,1,2
216_11,1,1,2,0,1,1,1,1,1,2
216_10,1,1,2,0,1,1,1,1,1,2
