[&R] ((((((216_8:0,216_9:0)209_9:0,(216_6:0,216_7:0)210_8:0)166_5:2.062,(216_10:1.012,216_11:0.012)170_7:0.051)118_3:3.087,216_4:5.149)14_1:2.297,(((((216_17:0.048,216_18:1.048)184_16:0.954,(216_19:0,216_20:0)184_17:1.002)139_9:0,((216_22:1.048,216_23:0.048)201_23:0.954,216_21:1.002)152_11:0)103_5:1.134,((216_26:0,216_27:1)198_26:0,(216_24:0,216_25:0)202_26:0.001)160_15:1.136)64_4:2.052,((((216_34:0,216_35:0)208_35:1.003,(216_32:1.002,216_33:0.002)209_34:0)167_22:0.327,(216_30:0.084,216_31:1.084)170_21:3.245)115_10:2.441,(216_29:0.05,216_28:1.05)188_25:3.72)68_6:0.419)25_3:2.257)virtual:0.554)I0;
I0,0,0,0,0,0,0,0,0,0,0
virtual,0,0,0,0,0:0.45/2:0.55,0,0,0,0,0
25_3,0:0.08/1:0.92,0,0,0,0:0.03/2:0.97,0,0,0,0:0.08/2:0.92,0
68_6,0:0.05/1:0.95,0,0,0,0:0.02/2:0.98,0,0,0,0:0.05/2:0.95,0:0.65/1:0.35
188_25,1,0:0.01/1:0.99,0,0,2,0:0.01/1:0.99,0,0:0.01/2:0.99,2,0:0.01/1:0.99
216_28,1,1,2,0,2,1,0,2,2,1
216_29,1,1,0,0,2,1,0,2,2,1
115_10,0:0.01/1:0.99,0:0.12/2:0.88,0:0.12/1:0.88,0,2,0,0,0,0:0.01/2:0.99,0:0.08/1:0.92
170_21,1,2,1,0:0.03/1:0.97,2,0,0:0.03/2:0.97,0:0.03/2:0.97,2,1
216_31,1,2,1,1,2,2,2,2,2,1
216_30,1,2,1,1,2,0,2,2,2,1
167_22,1,2,1,0,2,0,0,0,2,1
209_34,1,2,1,0,2,0,0,0,2,1
216_33,1,2,1,0,2,0,0,0,2,1
216_32,1,2,1,0,2,0,0,2,2,1
208_35,1,2,1,0,2,0,2,0,2,1
216_35,1,2,1,0,2,0,2,0,2,1
216_34,1,2,1,0,2,0,2,0,2,1
64_4,1,0:0.06/1:0.94,0:0.06/1:0.94,0,2,0,0,0,2,0
160_15,1,1,1,0,2,1,0,0,2,0
202_26,1,1,1,0,2,1,0,0,2,0
216_25,1,1,1,0,2,1,0,0,2,0
216_24,1,1,1,0,2,1,0,0,2,0
198_26,1,1,1,0,2,1,0,0,2,0
216_27,1,1,1,0,2,1,0,2,2,0
216_26,1,1,1,0,2,1,0,0,2,0
103_5,1,1,1,0,2,0,0,0,2,2
152_11,1,1,1,0,2,0,0,0,2,2
216_21,1,1,1,0,2,0,1,0,2,2
201_23,1,1,1,0,2,0,0:0.05/2:0.95,0,2,2
216_23,1,1,1,0,2,0,2,0,2,2
216_22,1,1,1,0,2,1,2,0,2,2
139_9,1,1,1,0,2,0,0,0,2,2
184_17,1,1,1,1,2,0,0,0,2,2
216_20,1,1,1,1,2,0,0,0,2,2
216_19,1,1,1,1,2,0,0,0,2,2
184_16,1,1,1,0:0.05/2:0.95,2,0,0,0,2,2
216_18,1,1,1,2,2,2,0,0,2,2
216_17,1,1,1,2,2,0,0,0,2,2
14_1,0,0,0:0.33/2:0.67,0:0.33/2:0.67,0:0.15/2:0.85,0,0:0.33/1:0.67,0,0,0
216_4,0,2,2,2,2,1,1,0,1,1
118_3,0,0,0:0.01/2:0.99,0:0.01/2:0.99,2,0:0.02/2:0.98,0:0.01/1:0.99,0:0.02/2:0.98,0,0
170_7,0,0,2,2,2,2,1,2,0,0
216_11,0,0,2,2,2,2,1,2,0,0
216_10,0,0,2,2,2,2,1,2,1,0
166_5,1,0,2,2,2,2,1,2,0,2
210_8,1,0,2,2,2,2,1,2,0,2
216_7,1,0,2,2,2,2,1,2,0,2
216_6,1,0,2,2,2,2,1,2,0,2
209_9,1,0,2,2,2,2,1,2,0,2
216_9,1,0,2,2,2,2,1,2,0,2
216_8,1,0,2,2,2,2,1,2,0,2
