[&R] ((((((216_6:0,216_7:0)194_5:1.19,(216_4:1.058,216_5:0.058)196_5:1.132)155_5:0.922,((216_8:0,216_9:0)198_9:0,(216_10:0,216_11:0)206_11:0)160_6:0.112)112_3:2.137,(((216_17:0,216_18:0)202_15:2.018,(216_15:1.015,216_16:0.015)207_16:0.003)161_8:1.041,(216_13:0,216_14:0)204_13:0.059)116_5:1.19)67_2:1.36,216_2:5.608)10_1:2.392)I0;
I0,0,0,0,0,0,0,0,0,0,0
10_1,0,0,0:0.2/2:0.8,0,0:0.2/1:0.8,0:0.2/1:0.8,0,0,0,0
216_2,1,2,2,1,1,1,0,1,1,0
67_2,0,0,0:0.03/2:0.97,0:0.15/2:0.85,0:0.03/1:0.97,0:0.03/1:0.97,0,0,0,0
116_5,0:0.05/1:0.95,0,2,0:0.01/2:0.99,1,1,0,0,0,0
204_13,1,0,2,2,1,1,0,0,0,0
216_14,1,0,2,2,1,1,0,0,0,0
216_13,1,0,2,2,1,1,0,0,0,0
161_8,1,0:0.02/1:0.98,2,2,1,1,0,0,0,0
207_16,1,0:0.01/1:0.99,2,2,1,1,0,0,0,0
216_16,1,1,2,2,1,1,0,0,0,0
216_15,1,1,2,2,1,1,0,0,1,0
202_15,1,1,2,2,1,1,0,2,0,1
216_18,1,1,2,2,1,1,0,2,0,1
216_17,1,1,2,2,1,1,0,2,0,1
112_3,0:0.05/2:0.95,0:0.05/1:0.95,2,0:0.01/2:0.99,1,1,0,0,0,0
160_6,2,1,2,2,1,1,0,0,0,0
206_11,2,1,2,2,1,1,0,0,0,0
216_11,2,1,2,2,1,1,0,0,0,0
216_10,2,1,2,2,1,1,0,0,0,0
198_9,2,1,2,2,1,1,0,0,0,0
216_9,2,1,2,2,1,1,0,0,0,0
216_8,2,1,2,2,1,1,0,0,0,0
155_5,0:0.01/2:0.99,0:0.01/1:0.99,2,2,1,1,0,0,0:0.17/2:0.83,0
196_5,2,1,2,2,1,1,0,0:0.05/1:0.95,0:0.01/2:0.99,0
216_5,2,1,2,2,1,1,0,1,2,0
216_4,2,1,2,2,1,1,1,1,2,0
194_5,2,1,2,2,1,1,0,2,2,0
216_7,2,1,2,2,1,1,0,2,2,0
216_6,2,1,2,2,1,1,0,2,2,0
