[&R] ((((((216_6:1.003,216_7:1.003)194_5:0.001,(216_4:0,216_5:0)196_5:0.004)155_5:1.033,((216_8:1.041,216_9:0.041)198_9:2.992,(216_10:0,216_11:0)206_11:1.033)160_6:0.003)112_3:1.308,(((216_17:0.058,216_18:1.058)202_15:1.133,(216_15:0,216_16:0)207_16:1.191)161_8:1.002,(216_13:0,216_14:0)204_13:1.193)116_5:3.152)67_2:2.655,216_2:5)10_1:0)I0;
I0,0,0,0,0,0,0,0,0,0,0
10_1,0,0,0,0,0,0,0,0,0,0
216_2,2,2,2,0,0,2,0,0,0,2
67_2,0,0,0,0,0:0.11/2:0.89,0:0.11/1:0.89,0,0,0:0.11/1:0.89,0
116_5,0,0,0:0.06/2:0.94,0,0:0.01/2:0.99,0:0.01/1:0.99,0:0.06/1:0.94,0:0.06/2:0.94,0:0.01/1:0.99,0
204_13,0,0,2,2,2,1,1,2,1,0
216_14,0,0,2,2,2,1,1,2,1,0
216_13,0,0,2,2,2,1,1,2,1,0
161_8,0,0:0.16/2:0.84,0:0.01/2:0.99,0,2,1,0:0.01/1:0.99,0:0.01/2:0.99,1,0
207_16,0,2,2,0,2,1,1,2,1,1
216_16,0,2,2,0,2,1,1,2,1,1
216_15,0,2,2,0,2,1,1,2,1,1
202_15,0:0.05/2:0.95,0:0.01/2:0.99,2,0,2,1,1,2,1,0
216_18,2,2,2,2,2,1,1,2,1,0
216_17,2,2,2,0,2,1,1,2,1,0
112_3,0,0,0,0,2,1,0,0,1,0:0.03/1:0.97
160_6,0,0,0,0,2,1,0,0,1,0:0.02/1:0.98
206_11,2,0,0,0,2,1,0,0,1,1
216_11,2,0,0,0,2,1,0,0,1,1
216_10,2,0,0,0,2,1,0,0,1,1
198_9,0:0.01/1:0.99,0:0.01/2:0.99,0,0:0.01/1:0.99,2,1,0,0,1,1
216_9,1,2,0,1,2,1,0,0,1,1
216_8,1,2,0,1,2,1,0,2,1,1
155_5,0,0,0,1,2,1,0,0,1,1
196_5,0,0,0,1,2,1,0,0,1,1
216_5,0,0,0,1,2,1,0,0,1,1
216_4,0,0,0,1,2,1,0,0,1,1
194_5,0,0,0,1,2,1,0,0,1,1
216_7,0,0,0,1,2,1,0,2,1,1
216_6,0,0,0,1,2,1,2,0,1,1
