[&R] ((((((216_6:0,216_7:0)194_5:1.059,(216_4:0,216_5:0)196_5:1.059)155_5:1.014,((216_8:0.095,216_9:2.095)198_9:2.243,(216_10:0,216_11:0)206_11:2.338)160_6:0.736)112_3:0.926,(((216_17:1,216_18:0)202_15:0.001,(216_15:0,216_16:0)207_16:0.001)161_8:3.803,(216_13:0,216_14:0)204_13:3.804)116_5:1.196)67_2:0,216_2:6)10_1:0)I0;
I0,0,0,0,0,0,0,0,0,0,0
10_1,0,0,0,0,0,0,0,0,0,0
216_2,1,1,0,1,2,0,0,1,1,0
67_2,0,0,0,0,0,0,0,0,0,0
116_5,0,0,0,0,0,0,0,0,0:0.4/2:0.6,0:0.4/1:0.6
204_13,0,2,0,0,0,0,1,2,2,1
216_14,0,2,0,0,0,0,1,2,2,1
216_13,0,2,0,0,0,0,1,2,2,1
161_8,0,0,2,0,0,1,0,1,2,1
207_16,0,0,2,0,0,1,0,1,2,1
216_16,0,0,2,0,0,1,0,1,2,1
216_15,0,0,2,0,0,1,0,1,2,1
202_15,0,0,2,0,0,1,0,1,2,1
216_18,0,0,2,0,0,1,0,1,2,1
216_17,0,0,2,0,2,1,0,1,2,1
112_3,0:0.07/2:0.93,0,0,0,0,0,0,0,0,0
160_6,0:0.02/2:0.98,0,0,0,0:0.31/2:0.69,0,0,0,0,0
206_11,2,1,0,0,2,1,0,0,0,0
216_11,2,1,0,0,2,1,0,0,0,0
216_10,2,1,0,0,2,1,0,0,0,0
198_9,2,0,0,0,0:0.01/2:0.99,0:0.04/2:0.96,0,0,0,0:0.04/2:0.96
216_9,2,0,0,0,2,2,0,2,2,2
216_8,2,0,0,0,2,2,0,0,0,2
155_5,2,0,0,0,0,0:0.06/1:0.94,0,0,0,0
196_5,2,0,0,0,0,1,0,0,0,2
216_5,2,0,0,0,0,1,0,0,0,2
216_4,2,0,0,0,0,1,0,0,0,2
194_5,2,2,0,0,0,1,0,0,0,0
216_7,2,2,0,0,0,1,0,0,0,0
216_6,2,2,0,0,0,1,0,0,0,0
