[&R] ((((((216_9:0,216_10:0)207_7:4.357,(216_11:1.013,216_12:0.013)209_9:0.344)154_4:4.643,((216_5:2.276,216_6:1.276)211_5:1.248,(216_7:1.061,216_8:0.061)213_7:4.463)159_3:3.476)104_2:0,((216_3:2.758,216_4:2.758)170_2:2.952,(216_1:1.157,216_2:1.157)174_1:2.553)108_1:3.29)47_1:0,(((216_16:2.007,216_17:4.007)187_11:0,(216_18:3.212,216_19:0.212)188_13:1.795)127_6:0.002,((216_14:0,216_15:0)199_10:1.211,216_13:2.211)136_5:1.798)57_3:1.991)5_1:0)I0;
I0,0,0,0,0,0,0,0,0,0,0
5_1,0,0,0,0,0,0,0,0,0,0
57_3,0,1,0,0,0,0,1,0,0,0
136_5,0,1,0:0.1/1:0.9,0,0,0,1,0,0,0:0.1/1:0.9
216_13,2,1,1,0,1,0,1,0,0,1
199_10,0,1,1,0,2,0,1,0,0,1
216_15,0,1,1,0,2,0,1,0,0,1
216_14,0,1,1,0,2,0,1,0,0,1
127_6,0,1,0,0,0,0,1,0,0,0
188_13,0:0.11/2:0.89,1,0,0,0:0.11/1:0.89,0,1,0,0,0
216_19,2,1,0,0,1,0,1,0,0,0
216_18,2,1,1,2,1,1,1,0,0,0
187_11,0,1,0,0,0,0,1,0,0,0
216_17,1,1,1,1,0,0,1,0,0,1
216_16,2,1,0,0,1,0,1,0,0,0
47_1,0,0,0,0,0,0,0,0,0,0
108_1,0,0:0.18/1:0.82,0:0.18/1:0.82,0,0,0,0:0.18/1:0.82,0,0,0:0.18/1:0.82
174_1,0:0.06/1:0.94,0:0.01/1:0.99,0:0.01/1:0.99,0:0.06/1:0.94,0,0,0:0.01/1:0.99,0,0,0:0.01/1:0.99
216_2,1,1,1,1,1,0,1,0,0,1
216_1,1,1,1,1,0,0,1,0,1,1
170_2,0:0.2/2:0.8,0:0.04/1:0.96,0:0.04/1:0.96,0,0:0.2/1:0.8,0,0:0.04/1:0.96,0:0.2/2:0.8,0,0:0.04/1:0.96
216_4,2,1,1,2,1,1,1,2,0,1
216_3,2,1,1,1,1,0,1,2,2,1
104_2,0,0,0,0,0,0,0,0,0,0
159_3,0,0:0.13/1:0.87,0,0:0.13/1:0.87,0,0,0:0.13/1:0.87,0,0,0:0.13/1:0.87
213_7,0:0.01/2:0.99,1,0:0.01/1:0.99,1,0:0.01/1:0.99,0,1,0:0.01/2:0.99,0,1
216_8,2,1,1,1,1,0,1,2,0,1
216_7,2,1,1,1,1,0,1,2,2,1
211_5,0:0.18/1:0.82,0:0.02/1:0.98,0,0:0.02/1:0.98,0,0,0:0.02/1:0.98,0,0,0:0.02/1:0.98
216_6,1,1,1,1,0,0,1,0,0,1
216_5,1,1,0,1,0,0,1,2,2,1
154_4,0:0.07/2:0.93,0:0.07/2:0.93,0,0:0.07/2:0.93,0:0.07/1:0.93,0:0.07/1:0.93,0,0,0,0
209_9,2,2,0,2,1,1,0,0,0,0
216_12,2,2,0,2,1,1,0,0,0,0
216_11,2,2,1,2,1,1,0,0,0,0
207_7,2,2,2,2,1,1,2,1,0,1
216_10,2,2,2,2,1,1,2,1,0,1
216_9,2,2,2,2,1,1,2,1,0,1
