[&R] (((((((216_28:0,216_29:0)213_27:1.023,(216_30:0.02,216_31:1.02)215_30:0.002)175_17:2.942,(216_26:0.125,216_27:1.125)179_18:3.84)127_8:4.067,((216_22:1.012,216_23:1.012)183_18:1.019,216_25:6.031)130_8:0.001)79_4:0.002,(216_14:0,216_15:0)180_11:8.034)34_3:0.006,((((216_6:0,216_7:0)211_5:1.436,(216_8:0,216_9:0)212_7:1.436)168_3:3.579,((216_12:4.014,216_13:2.014)211_8:0,216_10:3.014)171_6:0.001)128_2:0.003,(((216_5:3.079,216_4:4.079)212_4:0.094,216_3:2.173)170_2:0.012,216_1:4.185)130_1:0.833)80_1:4.023)virtual:0.959)I0;
I0,0,0,0,0,0,0,0,0,0,0
virtual,0,0:0.04/1:0.96,0,0,0,0,0,0,0,0
80_1,0,1,1,0,1,1,0,0,0,1
130_1,0,1,1,0,1,1,0:0.18/1:0.82,0,0,1
216_1,1,1,1,2,1,1,1,1,1,1
170_2,0,1,1,0,1,1,0:0.17/1:0.83,0,0,1
216_3,1,1,1,2,1,1,1,0,0,1
212_4,0,1,1,0,1,1,0:0.16/1:0.84,0,0:0.92/1:0.08,1
216_4,1,1,1,2,1,1,1,1,1,1
216_5,2,1,1,0,1,1,1,2,1,1
128_2,0,1,1,0,1,1,0,0,0,1
171_6,0,1,1,0,1,1,0,0,0,1
216_10,1,1,1,1,1,1,1,0,0,1
211_8,0,1,1,0,1,1,0,0,0,1
216_13,2,1,1,0,1,1,1,0,0,1
216_12,1,1,1,1,1,1,0,1,1,1
168_3,0,1,1,0:0.11/1:0.89,1,1,0:0.11/1:0.89,0:0.11/1:0.89,0:0.11/1:0.89,1
212_7,2,1,1,1,1,1,1,1,1,1
216_9,2,1,1,1,1,1,1,1,1,1
216_8,2,1,1,1,1,1,1,1,1,1
211_5,1,1,1,1,1,1,1,1,1,1
216_7,1,1,1,1,1,1,1,1,1,1
216_6,1,1,1,1,1,1,1,1,1,1
34_3,0,0:0.03/1:0.97,0,0,0,0,0,0,0,0
180_11,1,1,1,0,1,1,1,1,2,1
216_15,1,1,1,0,1,1,1,1,2,1
216_14,1,1,1,0,1,1,1,1,2,1
79_4,0,0:0.03/1:0.97,0,0,0,0,0,0,0,0
130_8,0,0:0.03/1:0.97,0,0,0,0,0,0,0,0
216_25,1,1,1,1,1,0,2,0,0,1
183_18,0:0.01/2:0.99,1,0,0,0,0,0,0,0,0
216_23,2,1,0,0,0,0,0,0,0,1
216_22,2,1,0,0,0,0,2,0,0,0
127_8,0:0.19/1:0.81,0:0.01/1:0.99,0:0.19/1:0.81,0,0:0.19/1:0.81,0:0.19/1:0.81,0,0,0,0:0.19/1:0.81
179_18,0:0.01/1:0.99,1,0:0.01/1:0.99,0,0:0.01/1:0.99,0:0.01/1:0.99,0:0.03/1:0.97,0:0.03/1:0.97,0:0.03/2:0.97,0:0.01/1:0.99
216_27,1,1,1,2,1,1,1,1,2,1
216_26,1,1,1,0,1,1,1,1,2,1
175_17,1,1,1,0:0.01/1:0.99,1,1,0,0:0.01/2:0.99,0,1
215_30,1,1,1,0:0.01/1:0.99,1,1,0,0:0.01/2:0.99,0,1
216_31,1,1,1,1,1,1,2,2,0,1
216_30,1,1,1,1,1,1,0,2,0,1
213_27,1,1,1,1,1,1,2,2,0,1
216_29,1,1,1,1,1,1,2,2,0,1
216_28,1,1,1,1,1,1,2,2,0,1
