[&R] ((((((216_5:0,216_6:0)181_5:1.064,(216_3:0,216_4:0)182_4:1.064)137_3:0.005,(216_1:1.078,216_2:0.078)176_2:1.991)87_1:1.992,(((216_9:0,216_10:0)177_7:0.049,(216_7:0,216_8:0)178_6:1.049)133_3:2.007,((216_11:0.001,216_12:1.001)180_10:0,(216_13:1.001,216_14:1.001)180_11:0)134_6:1.055)88_3:0.004)42_1:4.94,((216_24:1.402,216_17:2.402)83_4:5.566,(216_15:1.056,216_16:1.056)196_16:2.912)42_2:0.032)virtual:0)I0;
I0,0,0,0,0,0,0,0,0,0,0
virtual,0,0,0,0,0,0,0,0,0,0
42_2,0,0,0:0.97/2:0.03,0,0,0,0,0,0,0
196_16,0,0,0:0.02/2:0.98,0,0,0,0:0.02/1:0.98,0,0:0.02/2:0.98,0
216_16,0,0,2,2,0,0,1,0,2,0
216_15,0,0,2,0,0,1,1,0,2,0
83_4,0:0.07/1:0.93,0,0:0.07/2:0.93,0:0.07/2:0.93,0:0.07/1:0.93,0:0.07/2:0.93,0,0:0.07/2:0.93,0,0
216_17,1,0,2,2,1,2,1,2,0,2
216_24,1,0,2,2,1,2,0,2,1,0
42_1,0:0.01/1:0.99,0,0,0,0:0.01/1:0.99,0:0.01/1:0.99,0,0:0.01/2:0.99,0,0:0.01/2:0.99
88_3,0:0.01/1:0.99,0,0,0,0:0.01/1:0.99,0:0.01/1:0.99,0,0:0.01/2:0.99,0,0:0.01/2:0.99
134_6,1,0,0,0,1,1,1,2,0,2
180_11,1,0,0,0,1,1,1,2,0,2
216_14,1,0,0,0,1,1,1,2,1,2
216_13,1,1,0,0,1,1,1,2,0,2
180_10,1,0,0,0,1,1,1,2,0,2
216_12,1,0,2,0,1,1,1,2,0,2
216_11,1,0,0,0,1,1,1,2,0,2
133_3,1,0,0,0:0.02/1:0.98,1,1,0,2,0:0.02/1:0.98,2
178_6,1,0,0,1,1,1,1,2,1,2
216_8,1,0,0,1,1,1,1,2,1,2
216_7,1,0,0,1,1,1,1,2,1,2
177_7,1,0,0,1,1,1,0,2,1,2
216_10,1,0,0,1,1,1,0,2,1,2
216_9,1,0,0,1,1,1,0,2,1,2
87_1,1,0,0:0.03/2:0.97,0,1,1,0,2,0:0.03/2:0.97,2
176_2,1,0:0.04/1:0.96,2,0:0.04/1:0.96,1,1,0,2,2,2
216_2,1,1,2,1,1,1,0,2,2,2
216_1,1,1,2,1,1,1,2,2,2,2
137_3,1,0,0:0.03/2:0.97,0,1,1,0,2,0:0.03/2:0.97,2
182_4,1,1,2,0,1,1,0,2,2,2
216_4,1,1,2,0,1,1,0,2,2,2
216_3,1,1,2,0,1,1,0,2,2,2
181_5,1,0,2,0,1,1,2,2,2,2
216_6,1,0,2,0,1,1,2,2,2,2
216_5,1,0,2,0,1,1,2,2,2,2
