[&R] ((((((216_8:0,216_9:0)209_9:0,(216_6:0,216_7:0)210_8:0)166_5:0.073,(216_10:0,216_11:0)170_7:1.073)118_3:6.361,216_4:6.433)14_1:1.567,(((((216_17:0,216_18:0)184_16:0.035,(216_19:0,216_20:0)184_17:1.035)139_9:1.974,((216_22:0,216_23:0)201_23:2.009,216_21:2.009)152_11:0)103_5:0.002,((216_26:0,216_27:0)198_26:1.16,(216_24:0,216_25:0)202_26:1.16)160_15:1.851)64_4:3.733,((((216_34:0,216_35:0)208_35:1.045,(216_32:0,216_33:0)209_34:0.046)167_22:2.044,(216_30:0.005,216_31:1.005)170_21:0.085)115_10:2.329,(216_29:0,216_28:0)188_25:7.419)68_6:2.326)25_3:0.256)virtual:0)I0;
I0,0,0,0,0,0,0,0,0,0,0
virtual,0,0,0,0,0,0,0,0,0,0
25_3,0,0,0,0,0:0.74/2:0.26,0,0,0,0,0
68_6,0:0.38/2:0.62,0:0.38/2:0.62,0,0,0:0.28/2:0.72,0,0,0,0:0.38/1:0.62,0
188_25,2,2,1,1,2,2,1,1,1,2
216_28,2,2,1,1,2,2,1,1,1,2
216_29,2,2,1,1,2,2,1,1,1,2
115_10,0:0.01/2:0.99,0:0.01/2:0.99,0,0,0:0.01/2:0.99,0,0,0,0:0.01/1:0.99,0:0.04/1:0.96
170_21,2,2,0,0,2,0,0,0,1,1
216_31,2,2,2,0,2,0,0,0,1,1
216_30,2,2,0,0,2,0,0,0,1,1
167_22,2,2,0,0,2,0:0.02/2:0.98,0:0.02/1:0.98,0,1,1
209_34,2,2,0,0,2,2,1,0,1,1
216_33,2,2,0,0,2,2,1,0,1,1
216_32,2,2,0,0,2,2,1,0,1,1
208_35,2,2,0,0,2,2,1,2,1,1
216_35,2,2,0,0,2,2,1,2,1,1
216_34,2,2,0,0,2,2,1,2,1,1
64_4,1,0,1,0,2,1,0,0,0,0
160_15,1,0,1,0,2,1,0,0:0.08/2:0.92,0,0:0.08/1:0.92
202_26,1,0,1,0,2,1,1,2,0,1
216_25,1,0,1,0,2,1,1,2,0,1
216_24,1,0,1,0,2,1,1,2,0,1
198_26,1,0,1,0,2,1,0,2,1,1
216_27,1,0,1,0,2,1,0,2,1,1
216_26,1,0,1,0,2,1,0,2,1,1
103_5,1,0,1,0,2,1,0,0,0,0
152_11,1,0,1,0,2,1,0,0,0,0
216_21,1,0,1,0,2,1,1,2,0,0
201_23,1,0,1,0,2,1,0,0,1,2
216_23,1,0,1,0,2,1,0,0,1,2
216_22,1,0,1,0,2,1,0,0,1,2
139_9,1,0,1,0,2,1,0:0.02/2:0.98,0,0,0:0.02/1:0.98
184_17,1,0,1,2,2,1,2,0,0,1
216_20,1,0,1,2,2,1,2,0,0,1
216_19,1,0,1,2,2,1,2,0,0,1
184_16,1,0,1,0,2,1,2,0,0,1
216_18,1,0,1,0,2,1,2,0,0,1
216_17,1,0,1,0,2,1,2,0,0,1
14_1,0,0,0,0,0:0.61/1:0.39,0,0:0.61/2:0.39,0:0.61/1:0.39,0:0.61/2:0.39,0
216_4,0,1,1,0,1,1,2,1,2,2
118_3,0:0.01/2:0.99,0:0.01/2:0.99,0:0.01/2:0.99,0,0:0.01/1:0.99,0,0:0.01/2:0.99,0:0.01/1:0.99,0:0.01/2:0.99,0:0.01/1:0.99
170_7,2,2,2,0,1,2,2,1,2,1
216_11,2,2,2,0,1,2,2,1,2,1
216_10,2,2,2,0,1,2,2,1,2,1
166_5,2,2,2,0,1,0,2,1,2,1
210_8,2,2,2,0,1,0,2,1,2,1
216_7,2,2,2,0,1,0,2,1,2,1
216_6,2,2,2,0,1,0,2,1,2,1
209_9,2,2,2,0,1,0,2,1,2,1
216_9,2,2,2,0,1,0,2,1,2,1
216_8,2,2,2,0,1,0,2,1,2,1
