[&R] ((((((216_8:0,216_9:0)209_9:1.24,(216_6:0,216_7:0)210_8:2.24)166_5:0.839,(216_10:3.239,216_11:0.239)170_7:0.839)118_3:1.267,216_4:4.346)14_1:1.654,(((((216_17:0,216_18:0)184_16:1.16,(216_19:0,216_20:0)184_17:1.16)139_9:2.303,((216_22:0,216_23:0)201_23:2.163,216_21:0.163)152_11:2.3)103_5:2.628,((216_26:0,216_27:0)198_26:0,(216_24:0,216_25:0)202_26:0)160_15:7.091)64_4:0.062,((((216_34:1.043,216_35:0.043)208_35:1.11,(216_32:0,216_33:0)209_34:1.153)167_22:2.177,(216_30:0,216_31:0)170_21:1.331)115_10:0.852,(216_29:1.026,216_28:0.026)188_25:2.157)68_6:1.97)25_3:0.846)virtual:0)I0;
I0,0,0,0,0,0,0,0,0,0,0
virtual,0,0,0,0,0,0,0,0,0,0
25_3,0,0,0,0,0,0,0,0,0:0.15/2:0.85,0
68_6,0,0,0,0,0:0.09/1:0.91,0:0.09/1:0.91,0,0,0:0.01/2:0.99,0
188_25,0,0,0:0.01/1:0.99,0:0.01/1:0.99,1,1,0,0,2,0
216_28,0,0,1,1,1,1,0,0,2,0
216_29,0,0,1,1,1,1,0,2,2,0
115_10,0,0:0.28/2:0.72,0,0,0:0.02/1:0.98,0:0.02/1:0.98,0,0,2,0
170_21,0,2,1,0,1,1,0,0,2,0
216_31,0,2,1,0,1,1,0,0,2,0
216_30,0,2,1,0,1,1,0,0,2,0
167_22,0,0:0.02/2:0.98,0:0.07/2:0.93,0,1,1,0,0,2,0:0.07/1:0.93
209_34,0,2,2,0,1,1,1,0,2,1
216_33,0,2,2,0,1,1,1,0,2,1
216_32,0,2,2,0,1,1,1,0,2,1
208_35,0,2,2,0:0.04/1:0.96,1,1,0,0,2,1
216_35,0,2,2,1,1,1,0,0,2,1
216_34,1,2,2,1,1,1,0,0,2,1
64_4,0,0,0,0,0,0,0,0:0.95/1:0.05,0:0.15/2:0.85,0
160_15,2,1,1,0,1,2,0,1,2,2
202_26,2,1,1,0,1,2,0,1,2,2
216_25,2,1,1,0,1,2,0,1,2,2
216_24,2,1,1,0,1,2,0,1,2,2
198_26,2,1,1,0,1,2,0,1,2,2
216_27,2,1,1,0,1,2,0,1,2,2
216_26,2,1,1,0,1,2,0,1,2,2
103_5,0,0,0:0.15/2:0.85,0:0.15/2:0.85,0,0,0,0:0.14/1:0.86,0:0.02/2:0.98,0
152_11,0:0.07/2:0.93,0,0:0.01/2:0.99,0:0.01/2:0.99,0,0,0:0.07/2:0.93,0:0.01/1:0.99,2,0
216_21,2,0,2,2,0,0,2,1,2,0
201_23,2,1,2,2,0,0,2,1,2,1
216_23,2,1,2,2,0,0,2,1,2,1
216_22,2,1,2,2,0,0,2,1,2,1
139_9,0,0:0.07/1:0.93,0:0.01/2:0.99,0:0.01/2:0.99,0,0,0,0:0.01/1:0.99,2,0:0.07/2:0.93
184_17,0,1,2,2,2,0,0,1,2,2
216_20,0,1,2,2,2,0,0,1,2,2
216_19,0,1,2,2,2,0,0,1,2,2
184_16,1,1,2,2,0,0,0,1,2,2
216_18,1,1,2,2,0,0,0,1,2,2
216_17,1,1,2,2,0,0,0,1,2,2
14_1,0:0.17/2:0.83,0,0,0:0.17/2:0.83,0,0,0,0,0,0
216_4,2,2,0,2,1,0,2,0,0,1
118_3,0:0.01/2:0.99,0,0,0:0.01/2:0.99,0,0,0:0.06/1:0.94,0,0,0
170_7,2,0,0,2,0,0,0:0.01/1:0.99,0,0:0.22/2:0.78,0
216_11,2,0,0,2,0,0,1,0,2,0
216_10,2,0,0,2,2,1,1,1,2,0
166_5,2,0,0:0.22/2:0.78,2,0,0,0:0.01/1:0.99,0,0,0
210_8,2,2,2,2,0,0,1,1,0,0
216_7,2,2,2,2,0,0,1,1,0,0
216_6,2,2,2,2,0,0,1,1,0,0
209_9,2,0,2,2,2,0,1,0,0,0
216_9,2,0,2,2,2,0,1,0,0,0
216_8,2,0,2,2,2,0,1,0,0,0
