[&R] ((((((216_8:0,216_9:0)209_9:1.034,(216_6:0,216_7:0)210_8:0.034)166_5:2.427,(216_10:1.162,216_11:1.162)170_7:2.299)118_3:1.412,216_4:6.873)14_1:2.127,(((((216_17:0,216_18:0)184_16:1.15,(216_19:0,216_20:0)184_17:1.15)139_9:0.907,((216_22:0,216_23:0)201_23:0,216_21:0)152_11:0.058)103_5:1.166,((216_26:0.014,216_27:1.014)198_26:0.03,(216_24:0,216_25:0)202_26:2.043)160_15:2.18)64_4:1.237,((((216_34:0,216_35:0)208_35:0.001,(216_32:0,216_33:0)209_34:1.001)167_22:0,(216_30:0,216_31:0)170_21:1.002)115_10:0.002,(216_29:0,216_28:0)188_25:1.004)68_6:4.457)25_3:2.539)virtual:0)I0;
I0,0,0,0,0,0,0,0,0,0,0
virtual,0,0,0,0,0,0,0,0,0,0
25_3,0,0,0,0:0.15/2:0.85,0:0.15/2:0.85,0,0,0,0:0.15/1:0.85,0
68_6,1,1,0,2,2,0,0,2,1,2
188_25,1,1,0,2,2,1,0,2,1,2
216_28,1,1,0,2,2,1,0,2,1,2
216_29,1,1,0,2,2,1,0,2,1,2
115_10,1,1,0,2,2,0,0,2,1,2
170_21,1,1,0,2,2,0,2,2,1,2
216_31,1,1,0,2,2,0,2,2,1,2
216_30,1,1,0,2,2,0,2,2,1,2
167_22,1,1,0,2,2,0,0,2,1,2
209_34,1,1,2,2,2,0,0,2,1,2
216_33,1,1,2,2,2,0,0,2,1,2
216_32,1,1,2,2,2,0,0,2,1,2
208_35,1,1,0,2,2,0,0,2,1,2
216_35,1,1,0,2,2,0,0,2,1,2
216_34,1,1,0,2,2,0,0,2,1,2
64_4,0,0,0,0:0.02/2:0.98,0:0.02/2:0.98,0,0,0,0:0.02/1:0.98,0:0.15/1:0.85
160_15,0:0.02/2:0.98,0,0,2,2,0,0,0:0.02/2:0.98,1,1
202_26,2,0,1,2,2,2,0,2,1,1
216_25,2,0,1,2,2,2,0,2,1,1
216_24,2,0,1,2,2,2,0,2,1,1
198_26,0:0.01/2:0.99,0,0,2,2,0,0,0:0.01/2:0.99,1,1
216_27,2,1,0,2,2,0,0,2,1,1
216_26,2,0,0,2,2,0,0,2,1,1
103_5,0,0,0,2,2,0:0.05/1:0.95,0,0,1,0:0.01/1:0.99
152_11,0,0,0,2,2,1,0,0,1,1
216_21,0,0,0,2,2,1,0,0,1,1
201_23,0,0,0,2,2,1,0,0,1,1
216_23,0,0,0,2,2,1,0,0,1,1
216_22,0,0,0,2,2,1,0,0,1,1
139_9,0,0,0,2,2,0:0.01/1:0.99,0:0.14/1:0.86,0,1,1
184_17,2,0,0,2,2,1,1,0,1,1
216_20,2,0,0,2,2,1,1,0,1,1
216_19,2,0,0,2,2,1,1,0,1,1
184_16,0,0,0,2,2,1,1,2,1,1
216_18,0,0,0,2,2,1,1,2,1,1
216_17,0,0,0,2,2,1,1,2,1,1
14_1,0,0:0.29/1:0.71,0,0,0,0:0.29/1:0.71,0:0.29/1:0.71,0,0,0
216_4,1,1,1,2,1,1,1,2,1,0
118_3,0,0:0.07/1:0.93,0,0,0,0:0.07/1:0.93,0:0.07/1:0.93,0:0.25/1:0.75,0,0
170_7,0,1,0,0,0:0.07/2:0.93,1,1,0:0.02/1:0.98,0:0.07/2:0.93,0
216_11,0,1,0,0,2,1,1,1,2,2
216_10,1,1,0,0,2,1,1,1,2,0
166_5,0:0.01/2:0.99,1,0,0,0,1,1,1,0:0.01/1:0.99,0
210_8,2,1,0,0,0,1,1,1,1,0
216_7,2,1,0,0,0,1,1,1,1,0
216_6,2,1,0,0,0,1,1,1,1,0
209_9,2,1,0,0,2,1,1,1,1,0
216_9,2,1,0,0,2,1,1,1,1,0
216_8,2,1,0,0,2,1,1,1,1,0
