[&R] ((((((216_8:0,216_9:0)209_9:3.04,(216_6:0,216_7:0)210_8:0.04)166_5:0.003,(216_10:1.148,216_11:1.148)170_7:1.895)118_3:2.973,216_4:6.016)14_1:0.984,(((((216_17:0,216_18:0)184_16:2.018,(216_19:0.001,216_20:1.001)184_17:0.017)139_9:0.073,((216_22:0,216_23:0)201_23:1.042,216_21:0.042)152_11:3.049)103_5:0.943,((216_26:0.008,216_27:1.008)198_26:0.031,(216_24:0,216_25:0)202_26:2.039)160_15:1.996)64_4:0.006,((((216_34:1.001,216_35:0.001)208_35:0.001,(216_32:0,216_33:0)209_34:0.002)167_22:1.005,(216_30:1.042,216_31:0.042)170_21:0.965)115_10:0.003,(216_29:0,216_28:0)188_25:0.011)68_6:3.03)25_3:2.96)virtual:0)I0;
I0,0,0,0,0,0,0,0,0,0,0
virtual,0,0,0,0,0,0,0,0,0,0
25_3,0,0,0:0.01/2:0.99,0,0,0:0.01/2:0.99,0,0,0,0:0.01/1:0.99
68_6,0,0,2,1,0,2,1,2,0,1
188_25,0,0,2,1,0,2,1,2,0,1
216_28,0,0,2,1,0,2,1,2,0,1
216_29,0,0,2,1,0,2,1,2,0,1
115_10,0,0,2,1,0,2,1,2,0,1
170_21,0,0,2,1,0:0.04/2:0.96,2,1,2,0,1
216_31,0,0,2,1,2,2,1,2,0,1
216_30,0,0,2,1,2,2,1,2,2,1
167_22,1,0,2,1,0,2,1,2,0,1
209_34,1,0,2,1,0,2,1,2,0,1
216_33,1,0,2,1,0,2,1,2,0,1
216_32,1,0,2,1,0,2,1,2,0,1
208_35,1,0,2,1,0,2,1,2,0,1
216_35,1,0,2,1,0,2,1,2,0,1
216_34,1,0,2,1,1,2,1,2,0,1
64_4,0,0,0:0.01/2:0.99,0,0,0:0.01/2:0.99,0,0,0,0:0.01/1:0.99
160_15,0,0,2,0,0:0.02/1:0.98,2,0,0,0:0.02/1:0.98,1
202_26,2,1,2,0,1,2,0,0,1,1
216_25,2,1,2,0,1,2,0,0,1,1
216_24,2,1,2,0,1,2,0,0,1,1
198_26,0,0,2,0,1,2,0,0,1,1
216_27,1,0,2,0,1,2,0,0,1,1
216_26,0,0,2,0,1,2,0,0,1,1
103_5,0,0,2,0,0:0.09/2:0.91,2,0,0,0,1
152_11,0,0:0.01/2:0.99,2,0:0.01/1:0.99,2,2,0:0.01/1:0.99,0,0,1
216_21,0,2,2,1,2,2,1,0,0,1
201_23,0,2,2,1,2,2,1,2,0,1
216_23,0,2,2,1,2,2,1,2,0,1
216_22,0,2,2,1,2,2,1,2,0,1
139_9,0,0,2,0,0:0.02/2:0.98,2,0,0,0,1
184_17,0,0,2,0,2,2,0,0,0,1
216_20,1,0,2,0,2,2,0,0,0,1
216_19,0,0,2,0,2,2,0,0,0,1
184_16,0,0,2,0,2,2,0,2,2,1
216_18,0,0,2,0,2,2,0,2,2,1
216_17,0,0,2,0,2,2,0,2,2,1
14_1,0,0,0,0:0.51/1:0.49,0,0,0,0:0.51/1:0.49,0,0
216_4,0,1,2,1,1,0,1,1,1,0
118_3,0,0:0.01/2:0.99,0,0:0.01/1:0.99,0,0,0:0.01/2:0.99,0:0.01/1:0.99,0,0
170_7,0,2,0:0.07/1:0.93,1,0:0.07/1:0.93,0,2,1,0,0
216_11,0,2,1,1,1,0,2,1,0,2
216_10,1,2,1,1,1,0,2,1,0,0
166_5,0,0:0.01/2:0.99,0,0:0.01/1:0.99,0,0,0:0.01/2:0.99,0:0.01/1:0.99,0,0
210_8,0,2,0,1,0,0,2,1,0,0
216_7,0,2,0,1,0,0,2,1,0,0
216_6,0,2,0,1,0,0,2,1,0,0
209_9,1,2,0,1,2,0,2,1,0,1
216_9,1,2,0,1,2,0,2,1,0,1
216_8,1,2,0,1,2,0,2,1,0,1
