cell,r0,r1,r2,r3,r4,r5,r6,r7,r8,r9,r10,r11,r12,r13,r14,r15,r16,r17,r18,r19,r20,r21,r22,r23,r24,r25,r26,r27,r28,r29,r30,r31,r32,r33,r34,r35,r36,r37,r38,r39,r40,r41,r42,r43,r44,r45,r46,r47,r48,r49,r50,r51,r52,r53,r54,r55,r56,r57,r58,r59,r60,r61,r62,r63,r64,r65,r66,r67,r68,r69,r70,r71,r72,r73,r74,r75,r76,r77,r78,r79,r80,r81,r82,r83,r84,r85,r86,r87,r88,r89,r90,r91,r92,r93,r94,r95,r96,r97,r98,r99,r100,r101,r102,r103,r104,r105,r106,r107,r108,r109,r110,r111,r112,r113,r114,r115,r116,r117,r118,r119,r120,r121,r122,r123,r124,r125,r126,r127,r128,r129,r130,r131,r132,r133,r134,r135,r136,r137,r138,r139,r140,r141,r142,r143,r144,r145,r146,r147,r148,r149,r150,r151,r152,r153,r154,r155,r156,r157,r158,r159,r160,r161,r162,r163,r164,r165,r166,r167,r168,r169,r170,r171,r172,r173,r174,r175,r176,r177,r178,r179,r180,r181,r182,r183,r184,r185,r186,r187,r188,r189,r190,r191,r192,r193,r194,r195,r196,r197,r198,r199
I0,0,0,0,0,0,0,0,0,0,0,0,0,0,0,0,0,0,0,0,0,0,0,0,0,0,0,0,0,0,0,0,0,0,0,0,0,0,0,0,0,0,0,0,0,0,0,0,0,0,0,0,0,0,0,0,0,0,0,0,0,0,0,0,0,0,0,0,0,0,0,0,0,0,0,0,0,0,0,0,0,0,0,0,0,0,0,0,0,0,0,0,0,0,0,0,0,0,0,0,0,0,0,0,0,0,0,0,0,0,0,0,0,0,0,0,0,0,0,0,0,0,0,0,0,0,0,0,0,0,0,0,0,0,0,0,0,0,0,0,0,0,0,0,0,0,0,0,0,0,0,0,0,0,0,0,0,0,0,0,0,0,0,0,0,0,0,0,0,0,0,0,0,0,0,0,0,0,0,0,0,0,0,0,0,0,0,0,0,0,0,0,0,0,0,0,0,0,0,0,0
I1,0,0,0,0,0,0,0,0,0,0,0,0,0,0,0,0,1,0,2,0,0,0,1,0,0,0,1,2,0,0,0,2,0,0,0,0,0,0,0,0,1,0,1,0,0,0,0,0,1,0,0,2,0,1,0,0,0,0,0,0,0,0,0,0,0,0,1,0,0,0,0,0,0,0,0,0,0,1,0,0,1,0,0,0,1,0,0,2,0,0,0,0,0,2,0,1,0,0,0,0,0,0,0,0,0,0,0,0,0,0,0,0,0,0,0,0,0,0,0,0,0,0,1,0,0,0,2,0,0,0,0,0,0,0,0,0,0,0,2,0,0,0,0,0,0,0,0,0,0,2,0,0,0,0,0,0,0,2,0,0,1,2,2,0,0,0,0,0,0,0,0,0,0,0,0,0,1,0,1,0,0,0,0,0,0,0,0,0,0,0,0,0,0,0,0,0,0,0,0,0
I2,0,0,0,1,0,0,1,0,0,2,0,0,0,0,0,0,1,0,2,1,0,1,1,1,1,2,1,2,0,0,0,2,0,2,0,0,1,0,0,0,1,2,1,0,0,1,0,2,1,0,0,2,0,1,0,0,0,0,0,0,2,0,0,1,0,0,1,0,0,0,0,2,0,0,0,0,0,1,0,2,1,2,0,0,1,0,0,2,2,0,0,2,0,2,0,1,2,0,1,2,0,0,0,0,0,0,1,0,1,1,0,0,0,1,1,0,0,0,0,0,0,2,1,0,0,1,2,0,0,0,0,0,0,0,0,2,0,0,2,0,0,1,0,0,0,0,2,0,0,2,0,0,0,0,2,0,0,2,2,2,1,2,2,0,0,0,0,2,0,0,0,0,0,0,0,0,1,0,1,1,0,0,1,0,0,0,1,0,0,0,2,0,0,0,2,0,2,0,0,0
I3,2,0,0,1,1,0,1,0,1,2,2,1,2,1,0,2,1,0,2,1,0,1,1,1,1,2,1,2,0,0,0,2,1,2,0,2,1,0,2,0,1,2,1,1,0,1,0,2,1,0,1,2,0,1,0,0,0,1,0,0,2,0,2,1,2,0,1,0,2,0,0,2,1,2,0,1,0,1,0,2,1,2,0,2,1,0,0,2,2,0,1,2,0,2,0,1,2,0,1,2,0,0,0,0,0,2,1,1,1,1,0,1,1,1,1,0,2,2,0,1,0,2,1,2,0,1,2,2,0,0,0,2,0,2,0,2,2,2,2,0,0,1,2,0,0,0,2,1,2,2,1,0,0,1,2,1,0,2,2,2,1,2,2,0,0,0,1,2,0,0,1,0,2,1,1,0,1,1,1,1,2,2,1,1,1,1,1,1,0,1,2,0,1,1,2,0,2,1,0,0
216_28,2,0,0,1,1,0,1,0,1,2,2,1,2,1,0,2,1,0,2,1,0,1,1,1,1,2,1,2,0,0,0,2,1,2,0,2,1,0,2,0,1,2,1,1,0,1,0,2,1,0,1,2,0,1,0,1,0,1,0,0,2,0,2,1,2,0,1,0,2,0,0,2,1,2,0,1,0,1,0,2,1,2,2,2,1,0,0,2,2,1,1,2,0,2,0,1,2,0,1,2,0,0,0,0,0,2,1,1,1,1,0,1,1,1,1,0,2,2,0,1,0,2,1,2,0,1,2,2,1,0,0,2,0,2,0,2,2,2,2,0,0,1,2,0,0,0,2,1,2,2,1,0,0,1,2,1,0,2,2,2,1,2,2,0,0,0,1,2,0,0,1,0,2,1,1,0,1,1,1,1,2,2,1,1,1,1,1,1,2,1,2,0,1,1,2,0,2,1,0,0
216_29,2,0,0,1,1,0,1,0,1,2,2,1,2,1,0,2,1,0,2,1,0,1,1,1,1,2,1,2,2,0,0,2,1,2,0,2,1,0,2,0,1,2,1,1,0,1,0,2,1,0,1,2,0,1,0,0,0,1,0,0,2,0,2,1,2,0,1,0,2,0,0,2,1,2,0,1,0,1,0,2,1,2,0,2,1,0,0,2,2,0,1,2,0,2,0,1,2,0,1,2,0,0,0,0,0,2,1,1,1,1,0,1,1,1,1,0,2,2,0,1,0,2,1,2,0,1,2,2,0,0,0,2,0,2,0,2,2,2,2,0,0,1,2,0,0,0,2,1,2,2,1,0,0,1,2,1,0,2,2,2,1,2,2,0,0,0,1,2,0,2,1,0,2,1,1,0,1,1,1,1,2,2,1,1,1,1,1,1,0,1,2,0,1,1,2,0,2,1,0,0
I4,2,0,2,1,0,0,1,0,0,2,0,1,0,0,0,0,1,2,2,1,0,1,1,1,1,2,1,2,2,1,0,2,0,2,0,2,1,0,0,1,1,2,1,1,0,1,2,2,1,0,0,2,0,1,0,0,0,0,0,2,2,0,1,1,0,0,1,0,0,0,0,2,1,0,1,0,0,1,0,2,1,2,0,0,1,2,0,2,2,0,0,2,0,2,2,1,2,2,1,2,0,0,2,0,0,2,1,0,1,1,1,1,0,1,1,1,0,0,1,0,0,2,1,2,0,1,2,2,0,0,1,2,1,0,0,2,0,0,2,0,0,1,0,0,0,1,2,0,1,2,2,2,0,0,2,0,0,2,2,2,1,2,2,0,0,0,1,2,0,0,0,0,0,0,0,0,1,0,1,1,0,0,1,0,0,0,1,0,0,0,2,0,2,1,2,0,2,2,0,1
I5,2,0,2,1,2,0,1,0,0,2,0,1,0,0,0,0,1,2,2,1,0,1,1,1,1,2,1,2,2,1,0,2,1,2,0,2,1,0,0,1,1,2,1,1,0,1,2,2,1,0,0,2,0,1,2,0,0,0,0,2,2,0,1,1,0,2,1,0,0,2,0,2,1,0,1,1,0,1,2,2,1,2,0,0,1,2,0,2,2,0,0,2,0,2,2,1,2,2,1,2,0,2,2,0,0,2,1,0,1,1,1,1,0,1,1,1,1,0,1,0,0,2,1,2,0,1,2,2,0,0,1,2,1,0,0,2,0,1,2,0,1,1,0,0,0,1,2,2,1,2,2,2,0,0,2,0,2,2,2,2,1,2,2,0,0,0,1,2,0,0,1,0,0,2,0,2,1,0,1,1,0,0,1,0,2,0,1,0,0,0,2,0,2,1,2,0,2,2,0,1
216_31,2,0,2,1,2,0,1,0,1,2,0,1,0,0,0,1,1,2,2,1,0,1,1,1,1,2,1,2,2,1,0,2,1,2,0,2,1,0,0,1,1,2,1,1,1,1,2,2,1,0,0,2,1,1,2,0,0,0,0,2,2,0,1,1,0,2,1,0,1,2,0,2,1,0,1,1,0,1,2,2,1,2,0,0,1,2,2,2,2,0,0,2,0,2,2,1,2,2,1,2,0,2,2,0,1,2,1,0,1,1,1,1,0,1,1,1,1,0,1,0,0,2,1,2,0,1,2,2,0,0,1,2,1,0,2,2,0,1,2,2,1,1,0,0,0,1,2,2,1,2,2,2,0,0,2,0,2,2,2,2,1,2,2,0,0,0,1,2,0,2,1,0,0,2,0,2,1,0,1,1,0,0,1,0,2,2,1,0,1,0,2,2,2,1,2,2,2,2,0,1
216_30,2,0,2,1,2,0,1,0,0,2,0,1,0,0,0,0,1,2,2,1,0,1,1,1,1,2,1,2,2,1,0,2,1,2,0,2,1,0,0,1,1,2,1,1,0,1,2,2,1,0,0,2,0,1,2,0,0,0,0,2,2,0,1,1,0,2,1,0,0,2,0,2,1,1,1,1,0,1,2,2,1,2,0,2,1,2,0,2,2,0,0,2,0,2,2,1,2,2,1,2,2,2,2,0,0,2,1,0,1,1,1,1,0,1,1,1,1,0,1,0,0,2,1,2,0,1,2,2,0,0,1,2,1,0,0,2,0,1,2,0,1,1,0,0,1,1,2,2,1,2,2,2,1,0,2,0,2,2,2,2,1,2,2,0,2,0,1,2,0,2,1,0,0,2,0,2,1,2,1,1,0,0,1,0,2,0,1,0,0,0,2,0,2,1,2,2,2,2,0,1
I6,2,0,2,1,0,0,1,0,0,2,1,1,0,0,1,0,1,2,2,1,0,1,1,1,1,2,1,2,2,1,1,2,0,2,0,2,1,0,1,1,1,2,1,1,0,1,2,2,1,0,0,2,0,1,0,0,0,0,2,2,2,0,1,1,0,0,1,0,0,0,0,2,1,0,1,2,0,1,0,2,1,2,0,0,1,2,0,2,2,0,0,2,1,2,2,1,2,2,1,2,1,0,2,0,0,2,1,0,1,1,1,1,0,1,1,1,0,0,1,0,0,2,1,2,0,1,2,2,0,0,1,2,1,0,2,2,0,0,2,0,1,1,0,1,0,1,2,0,1,2,2,2,0,0,2,2,0,2,2,2,1,2,2,0,0,0,1,2,0,0,0,0,0,0,0,0,1,0,1,1,0,0,1,0,0,0,1,0,0,0,2,0,2,1,2,0,2,2,0,1
I7,2,0,2,1,0,0,1,1,0,2,1,1,0,0,1,0,1,2,2,1,0,1,1,1,1,2,1,2,2,1,1,2,0,2,0,2,1,0,1,1,1,2,1,1,0,1,2,2,1,0,0,2,0,1,0,0,0,0,2,2,2,0,1,1,0,0,1,0,0,2,0,2,1,0,1,2,0,1,0,2,1,2,0,0,1,2,0,2,2,0,2,2,1,2,2,1,2,2,1,2,1,0,2,0,0,2,1,0,1,1,1,1,1,1,1,1,0,0,1,0,0,2,1,2,0,1,2,2,0,0,1,2,1,0,2,2,0,0,2,0,1,1,2,1,0,1,2,0,1,2,2,2,0,0,2,2,0,2,2,2,1,2,2,0,0,0,1,2,2,0,0,0,0,0,0,0,1,0,1,1,0,0,1,0,0,0,1,2,0,0,2,0,2,1,2,0,2,2,0,1
216_33,2,0,2,1,0,0,1,1,0,2,1,1,0,0,1,0,1,2,2,1,0,1,1,1,1,2,1,2,2,1,1,2,0,2,0,2,1,0,1,1,1,2,1,1,0,1,2,2,1,0,0,2,0,1,0,0,0,0,2,2,2,0,1,1,1,0,1,0,0,2,0,2,1,0,1,2,0,1,2,2,1,2,0,0,1,2,0,2,2,0,2,2,1,2,2,1,2,2,1,2,1,0,2,0,0,2,1,0,1,1,1,1,1,1,1,1,0,0,1,0,0,2,1,2,0,1,2,2,0,0,1,2,1,0,2,2,0,0,2,0,1,1,2,1,0,1,2,0,1,2,2,2,0,0,2,2,0,2,2,2,1,2,2,0,0,0,1,2,2,0,0,0,0,0,0,0,1,0,1,1,0,0,1,0,0,0,1,2,0,0,2,0,2,1,2,0,2,2,0,1
216_32,2,0,2,1,0,0,1,1,0,2,1,1,0,0,1,0,1,2,2,1,0,1,1,1,1,2,1,2,2,1,1,2,0,2,0,2,1,0,1,1,1,2,1,1,0,1,2,2,1,0,0,2,0,1,0,0,0,0,2,2,2,0,1,1,0,0,1,0,0,2,0,2,1,0,1,2,0,1,0,2,1,2,0,0,1,2,0,2,2,0,2,2,1,2,2,1,2,2,1,2,1,0,2,0,0,2,1,0,1,1,1,1,1,1,1,1,0,0,1,0,0,2,1,2,0,1,2,2,0,0,1,2,1,0,2,2,0,0,2,0,1,1,2,1,0,1,2,0,1,2,2,2,0,0,2,2,0,2,2,2,1,2,2,0,0,0,1,2,2,0,0,0,0,0,0,0,1,0,1,1,0,0,1,0,0,0,1,2,0,0,2,0,2,1,2,0,2,2,0,1
I8,2,2,2,1,0,0,1,0,2,2,1,1,0,0,1,0,1,2,2,1,0,1,1,1,1,2,1,2,2,1,1,2,0,2,0,2,1,0,1,1,1,2,1,1,1,1,2,2,1,2,0,2,0,1,0,1,0,0,2,2,2,0,1,1,0,0,1,0,0,0,0,2,1,0,1,2,1,1,0,2,1,2,0,0,1,2,0,2,2,0,0,2,1,2,2,1,2,2,1,2,1,0,2,0,0,2,1,0,1,1,1,1,0,1,1,1,0,2,1,2,1,2,1,2,0,1,2,2,0,0,1,2,1,0,2,2,0,0,2,0,1,1,0,1,0,1,2,0,1,2,2,2,0,0,2,2,0,2,2,2,1,2,2,0,0,0,1,2,0,0,0,0,0,0,0,0,1,0,1,1,0,0,1,0,0,2,1,0,0,0,2,0,2,1,2,0,2,2,0,1
216_35,2,2,2,1,0,0,1,0,2,2,1,1,0,0,1,0,1,2,2,1,0,1,1,1,1,2,1,2,2,1,1,2,0,2,0,2,1,0,1,1,1,2,1,1,1,1,2,2,1,2,0,2,0,1,0,1,0,0,2,2,2,0,1,1,0,0,1,0,0,0,0,2,1,0,1,2,1,1,0,2,1,2,0,0,1,2,0,2,2,0,0,2,1,2,2,1,2,2,1,2,1,0,2,0,0,2,1,0,1,1,1,1,0,1,1,1,0,2,1,2,1,2,1,2,0,1,2,2,0,0,1,2,1,1,2,2,0,0,2,0,1,1,0,1,0,1,2,0,1,2,2,2,0,0,2,2,0,2,2,2,1,2,2,0,0,0,1,2,0,0,0,0,0,0,0,0,1,0,1,1,0,0,1,0,0,2,1,0,0,0,2,0,2,1,2,0,2,2,0,1
216_34,2,2,2,1,0,0,1,0,2,2,1,1,0,0,1,0,1,2,2,1,0,1,1,1,1,2,1,2,2,1,1,2,1,2,0,2,1,0,1,1,1,2,1,1,1,1,2,2,1,2,0,2,0,1,0,1,0,0,2,2,2,0,1,1,0,0,1,0,0,0,0,2,1,0,1,2,1,1,0,2,1,2,0,0,1,2,0,2,2,0,0,2,1,2,2,1,2,2,1,2,1,0,2,0,0,2,1,1,1,1,1,1,0,1,1,1,0,2,1,2,1,2,1,2,0,1,2,2,0,0,1,2,1,0,2,2,0,0,2,0,1,1,0,1,0,1,2,0,1,2,2,2,0,0,2,2,0,2,2,2,1,2,2,0,0,0,1,2,0,0,0,0,0,0,0,0,1,0,1,1,0,0,1,0,0,2,1,0,0,0,2,0,2,1,2,0,2,2,0,1
I9,2,1,0,1,0,0,0,0,0,0,0,0,1,0,0,0,1,0,2,1,0,0,1,0,0,0,1,2,1,0,0,2,0,0,0,0,0,0,2,0,1,0,1,0,0,2,0,0,1,0,0,2,0,1,0,0,2,0,0,0,1,0,0,0,0,0,1,0,0,0,0,0,1,0,2,0,0,1,0,0,1,0,2,0,1,0,0,2,0,1,2,0,0,2,0,1,0,0,2,0,0,0,0,0,0,0,0,0,0,0,0,0,0,0,0,0,0,0,0,0,0,0,1,0,1,0,2,0,0,2,0,0,0,0,0,1,0,0,2,0,0,0,1,1,0,0,0,0,2,2,0,1,2,1,0,0,0,2,0,0,1,2,2,0,2,0,0,2,2,0,0,0,0,1,0,0,1,2,1,0,1,0,0,0,2,2,0,2,0,0,0,0,0,0,0,0,0,1,0,0
I10,2,1,0,1,0,0,1,0,0,2,0,0,1,0,0,2,1,2,2,1,1,0,1,1,0,0,1,2,1,0,2,2,0,0,0,0,2,0,2,1,1,0,1,0,0,2,0,2,1,0,0,2,2,1,1,0,2,1,2,0,1,1,2,0,2,0,1,0,1,1,0,1,1,0,2,1,0,1,2,0,1,0,2,2,1,0,0,2,0,1,2,0,0,2,1,1,0,0,2,0,0,0,1,1,0,0,0,0,0,0,1,2,0,2,0,2,0,0,2,0,2,2,1,1,1,0,2,0,2,2,1,0,0,0,1,1,0,1,2,2,0,1,1,1,2,2,0,0,2,2,1,1,2,1,2,0,0,2,0,2,1,2,2,0,2,0,2,2,2,0,2,0,2,1,1,0,1,2,1,2,1,0,0,0,2,2,2,2,0,0,2,0,0,2,1,0,1,1,1,0
I11,2,1,0,1,0,0,1,0,1,2,0,0,1,0,0,2,1,2,2,1,1,0,1,1,0,0,1,2,1,0,2,2,0,0,0,0,2,0,2,1,1,0,1,2,0,2,2,2,1,0,1,2,2,1,1,0,2,1,2,0,1,1,2,0,2,0,1,0,1,1,0,1,1,0,2,1,0,1,2,0,1,1,2,2,1,0,0,2,0,1,2,0,0,2,1,1,0,1,2,0,0,0,1,1,0,0,0,0,0,0,1,2,1,2,0,2,0,0,2,0,2,2,1,1,1,0,2,0,2,2,1,0,0,0,1,1,0,1,2,2,0,1,1,1,2,2,0,0,2,2,1,1,2,1,2,0,0,2,0,2,1,2,2,2,2,0,2,2,2,0,2,0,2,1,1,0,1,2,1,2,1,0,1,0,2,2,2,2,0,0,2,0,0,2,1,1,1,1,1,0
216_25,2,1,1,1,0,2,1,0,1,2,0,0,1,0,0,2,1,2,2,1,1,0,1,1,0,0,1,2,1,0,2,2,0,0,0,0,2,0,2,1,1,0,1,2,0,2,2,2,1,0,1,2,2,1,1,0,2,1,2,0,1,1,2,0,2,0,1,0,1,1,0,1,1,0,2,1,0,1,2,0,1,1,2,2,1,0,0,2,0,1,2,0,0,2,1,1,0,1,2,0,0,0,1,1,0,0,0,0,0,0,1,2,1,2,0,2,0,0,2,0,2,2,1,1,1,0,2,0,2,2,1,0,0,0,1,1,0,1,2,2,0,1,1,1,2,2,0,0,2,2,1,1,2,1,2,0,0,2,0,2,1,2,2,2,2,0,2,2,2,0,2,0,2,1,1,0,1,2,1,2,1,0,1,0,2,2,2,2,0,0,2,0,0,2,1,1,1,1,1,0
216_24,2,1,0,1,0,0,1,0,1,2,0,0,1,0,0,2,1,2,2,1,1,0,1,1,0,0,1,2,1,0,2,2,0,0,0,0,2,0,2,1,1,0,1,2,0,2,2,2,1,0,1,2,2,1,1,0,2,1,2,0,1,1,2,0,2,0,1,0,1,1,0,1,1,0,2,1,0,1,2,0,1,1,2,2,1,0,0,2,0,1,2,2,0,2,1,1,0,1,2,0,0,0,1,1,0,0,0,0,0,0,1,2,1,2,0,2,0,0,2,0,2,2,1,1,1,0,2,0,2,2,1,0,0,0,1,1,0,1,2,2,0,1,1,1,2,2,0,0,2,2,1,1,2,1,2,0,0,2,0,2,1,2,2,2,2,0,2,2,2,0,2,0,2,1,1,0,1,2,1,2,1,0,1,0,2,2,2,2,0,0,2,0,0,2,1,1,1,1,1,0
I12,2,1,0,1,0,0,1,0,0,2,0,0,1,0,0,2,1,2,2,1,1,2,1,1,0,0,1,2,1,0,2,2,0,0,0,0,2,0,2,1,1,0,1,0,0,2,0,2,1,0,2,2,2,1,1,0,2,1,2,0,1,1,2,0,2,2,1,0,1,1,0,1,1,0,2,1,1,1,2,0,1,0,2,2,1,0,2,2,0,1,2,0,0,2,1,1,0,0,2,0,0,0,1,1,0,0,0,0,0,0,1,2,0,2,0,2,0,0,2,0,2,2,1,1,1,0,2,0,2,2,1,0,2,0,1,1,0,1,2,2,0,1,1,1,2,2,0,0,2,2,1,1,2,1,2,0,0,2,1,2,1,2,2,0,2,0,2,2,2,0,2,0,2,1,1,0,1,2,1,2,1,0,0,0,2,2,2,2,0,0,2,0,0,2,1,2,1,1,1,0
216_27,2,1,0,1,0,2,1,0,0,2,0,0,1,0,0,2,1,2,2,1,1,2,1,1,0,0,1,2,1,0,2,2,0,0,0,0,2,0,2,1,1,0,1,0,0,2,0,2,1,0,2,2,2,1,1,0,2,1,2,0,1,1,2,0,2,2,1,0,1,1,0,1,1,0,2,1,1,1,2,0,1,0,2,2,1,0,2,2,0,1,2,0,0,2,1,1,0,0,2,0,1,0,1,1,0,0,2,0,0,0,1,2,0,2,0,2,0,0,2,0,2,2,1,1,1,0,2,0,2,2,1,0,2,0,1,1,0,1,2,2,0,1,1,1,2,2,0,0,2,2,1,1,2,1,2,0,0,2,1,2,1,2,2,0,2,0,2,2,2,0,2,0,2,1,1,0,1,2,1,2,1,0,0,0,2,2,2,2,0,0,2,0,0,2,1,2,1,1,1,0
216_26,2,1,0,1,0,0,1,0,0,2,0,0,1,0,0,2,1,2,2,1,1,2,1,1,0,0,1,2,1,0,2,2,0,0,0,0,2,0,2,1,1,0,1,0,0,2,0,2,1,0,2,2,2,1,1,0,2,1,2,0,1,1,2,0,2,2,1,2,1,1,0,1,1,0,2,1,1,1,2,0,1,0,2,2,1,0,2,2,0,1,2,0,0,2,1,1,0,2,2,0,0,0,1,1,0,0,0,0,0,0,1,2,0,2,0,2,0,0,2,0,2,2,1,1,1,0,2,0,2,2,1,0,2,0,1,1,0,1,2,2,0,1,1,1,2,2,0,0,2,2,1,1,2,1,2,0,0,2,1,2,1,2,2,0,2,0,2,2,2,0,2,0,2,1,1,0,1,2,1,2,1,0,0,0,2,2,2,2,0,0,2,0,0,2,1,2,1,1,1,0
I13,2,1,0,1,1,0,0,0,0,2,0,0,1,0,0,0,1,0,2,1,0,0,1,2,0,0,1,2,1,0,0,2,1,0,0,0,0,0,2,0,1,0,1,0,0,2,0,0,1,0,0,2,0,1,1,0,2,0,0,0,1,0,0,0,0,0,1,2,0,0,0,0,1,1,2,0,0,1,0,0,1,0,2,0,1,0,0,2,0,1,2,0,0,2,2,1,0,2,2,2,0,0,0,0,0,0,0,2,0,0,0,0,0,0,0,2,0,2,0,0,0,1,1,0,1,0,2,2,0,2,0,0,2,0,0,1,0,2,2,0,0,0,1,1,0,2,0,0,2,2,0,1,2,1,0,0,0,2,0,0,1,2,2,0,2,0,1,2,2,0,0,0,0,1,2,0,1,2,1,0,1,0,0,0,2,2,0,2,0,0,0,0,0,0,0,2,0,1,0,2
I14,2,1,1,1,1,0,0,0,0,2,1,0,1,2,0,2,1,0,2,1,0,2,1,2,0,2,1,2,1,2,0,2,1,0,0,0,0,0,2,0,1,0,1,0,0,2,0,0,1,0,0,2,0,1,1,1,2,0,0,0,1,0,0,0,0,0,1,2,0,0,0,0,1,1,2,0,0,1,0,1,1,0,2,1,1,0,0,2,1,1,2,0,0,2,2,1,0,2,2,2,0,0,0,0,0,0,0,2,0,0,0,0,0,0,0,2,0,2,0,2,2,1,1,0,1,0,2,2,0,2,0,0,2,0,0,1,0,2,2,1,0,0,1,1,0,2,0,0,2,2,0,1,2,1,0,2,0,2,0,0,1,2,2,2,2,1,1,2,2,0,0,0,1,1,2,1,1,2,1,0,1,0,0,0,2,2,0,2,0,2,2,0,0,0,0,2,2,1,2,2
216_21,2,1,1,1,1,0,0,0,0,2,1,0,1,2,0,2,1,0,2,1,2,2,1,2,0,2,1,2,1,2,0,2,1,0,0,0,0,0,2,2,1,0,1,0,0,2,0,0,1,2,0,2,1,1,1,1,2,0,0,0,1,0,2,0,0,0,1,2,0,0,1,0,1,1,2,2,0,1,0,1,1,0,2,1,1,0,0,2,1,1,2,0,2,2,2,1,0,2,2,2,0,0,0,0,0,0,0,2,0,0,0,0,0,0,2,2,0,2,0,2,2,1,1,2,1,0,2,2,0,2,0,0,2,1,1,1,0,2,2,1,0,2,1,1,1,2,0,0,2,2,0,1,2,1,2,2,0,2,0,0,1,2,2,2,2,1,1,2,2,0,0,0,1,1,2,1,1,2,1,0,1,0,0,0,2,2,2,2,0,2,2,1,0,0,0,2,2,1,2,2
I15,2,1,1,1,1,0,0,0,0,2,1,0,1,2,0,2,1,0,2,1,0,2,1,2,2,2,1,2,1,2,0,2,1,0,0,1,0,0,2,0,1,0,1,0,0,2,0,0,1,0,0,2,1,1,1,1,2,0,0,0,1,0,1,0,0,0,1,2,0,0,0,0,1,1,2,0,0,1,2,1,1,0,2,1,1,0,1,2,1,1,2,0,0,2,2,1,0,2,2,2,0,0,0,0,0,2,0,2,0,0,0,0,0,0,0,2,0,2,2,2,2,1,1,0,1,0,2,2,0,2,0,0,2,0,0,1,0,2,2,1,0,0,1,1,0,2,0,0,2,2,0,1,2,1,0,2,0,2,0,0,1,2,2,2,2,1,1,2,2,0,0,0,1,1,2,1,1,2,1,0,1,0,0,0,2,2,0,2,0,2,2,0,0,0,0,2,2,1,2,2
216_23,2,1,1,1,1,0,0,0,0,2,1,0,1,2,0,2,1,0,2,1,0,2,1,2,2,2,1,2,1,2,0,2,1,0,0,1,0,0,2,0,1,0,1,0,0,2,0,0,1,0,0,2,1,1,1,1,2,1,0,0,1,0,1,0,0,0,1,2,0,0,0,0,1,1,2,0,2,1,2,1,1,0,2,1,1,0,1,2,1,1,2,0,0,2,2,1,0,2,2,2,0,0,0,0,0,2,0,2,0,0,0,0,0,0,0,2,0,2,2,2,2,1,1,0,1,0,2,2,0,2,0,0,2,0,0,1,0,2,2,1,0,0,1,1,0,2,2,0,2,2,0,1,2,1,0,2,0,2,0,0,1,2,2,2,2,1,1,2,2,0,0,0,1,1,2,1,1,2,1,0,1,0,0,0,2,2,0,2,0,2,2,0,0,0,0,2,2,1,2,2
216_22,2,1,1,1,1,0,1,0,0,2,1,0,1,2,0,2,1,0,2,1,0,2,1,2,2,2,1,2,1,2,0,2,1,0,0,1,0,0,2,0,1,0,1,0,0,2,0,0,1,0,0,2,1,1,1,1,2,2,0,1,1,0,1,0,0,0,1,2,0,0,0,0,1,1,2,0,0,1,2,1,1,0,2,1,1,0,1,2,1,1,2,0,0,2,2,1,0,2,2,2,0,0,0,0,0,2,0,2,0,0,0,0,0,0,0,2,0,2,2,2,2,1,1,0,1,0,2,2,0,2,0,0,2,0,0,1,0,2,2,1,0,0,1,1,0,2,0,0,2,2,0,1,2,1,0,2,0,2,0,0,1,2,2,2,2,1,1,2,2,0,0,0,1,1,2,1,1,2,1,0,1,0,0,0,2,2,0,2,0,2,2,0,0,0,0,2,2,1,2,2
I16,2,1,0,1,1,0,0,1,0,2,0,0,1,0,0,0,1,0,2,1,0,0,1,2,2,2,1,2,1,0,0,2,1,0,0,1,0,0,2,0,1,0,1,0,0,2,0,0,1,0,0,2,0,1,1,0,2,0,0,0,1,0,0,0,0,1,1,2,0,1,0,0,1,1,2,0,0,1,0,0,1,0,2,0,1,1,0,2,0,1,2,0,2,2,2,1,0,2,2,2,0,0,0,0,0,0,0,2,0,0,0,0,0,0,0,2,0,2,0,0,1,1,1,0,1,1,2,2,1,2,0,0,2,2,0,1,0,2,2,1,0,0,1,1,0,2,0,0,2,2,0,1,2,1,0,0,0,2,0,0,1,2,2,0,2,0,1,2,2,0,0,0,0,1,2,0,1,2,1,0,1,0,0,0,2,2,0,2,0,0,0,0,0,0,0,2,0,1,0,2
I17,2,1,0,1,1,0,0,1,0,2,0,0,1,0,0,0,1,0,2,1,0,0,1,2,2,2,1,2,1,0,0,2,1,0,0,1,0,2,2,0,1,0,1,0,0,2,0,0,1,0,0,2,0,1,1,0,2,0,0,0,1,0,0,0,0,1,1,2,0,1,0,2,1,1,2,1,0,1,0,0,1,0,2,2,1,1,0,2,2,1,2,1,2,2,2,1,0,2,2,2,0,1,2,0,0,0,0,2,0,0,2,0,0,0,0,2,0,2,0,0,1,1,1,0,1,1,2,2,1,2,0,0,2,2,0,1,0,2,2,1,0,0,1,1,1,2,0,0,2,2,2,1,2,1,0,0,0,2,0,0,1,2,2,0,2,0,1,2,2,0,0,0,0,1,2,0,1,2,1,0,1,0,0,2,2,2,2,2,0,0,1,0,0,0,0,2,0,1,0,2
216_20,2,1,0,1,1,0,0,1,2,2,0,0,1,0,0,0,1,0,2,1,0,0,1,2,2,2,1,2,1,0,0,2,1,0,0,1,0,2,2,0,1,0,1,0,0,2,0,0,1,0,0,2,0,1,1,0,2,0,0,0,1,0,1,0,0,1,1,2,0,1,0,2,1,1,2,1,0,1,0,0,1,0,2,2,1,1,0,2,2,1,2,1,2,2,2,1,0,2,2,2,0,1,2,0,0,2,0,2,0,2,2,0,0,0,0,2,0,2,0,2,1,1,1,0,1,1,2,2,1,2,0,0,2,2,0,1,0,2,2,1,0,0,1,1,1,2,0,0,2,2,2,1,2,1,0,0,0,2,0,0,1,2,2,0,2,0,1,2,2,0,0,0,0,1,2,0,1,2,1,0,1,0,0,2,2,2,2,2,0,0,1,0,0,0,0,2,0,1,0,2
216_19,2,1,0,1,1,1,2,1,0,2,0,0,1,0,0,0,1,0,2,1,1,0,1,2,2,2,1,2,1,0,0,2,1,0,0,1,0,2,2,1,1,0,1,0,0,2,0,0,1,1,0,2,0,1,1,0,2,0,0,0,1,0,0,0,0,1,1,2,0,1,0,2,1,1,2,1,0,1,0,0,1,0,2,2,1,1,0,2,2,1,2,1,2,2,2,1,0,2,2,2,0,1,2,0,0,0,0,2,2,0,2,0,0,0,0,2,0,2,0,0,1,1,1,0,1,1,2,2,1,2,0,0,2,2,0,1,0,2,2,1,0,0,1,1,1,2,0,0,2,2,2,1,2,1,0,0,0,2,0,0,1,2,2,0,2,0,1,2,2,0,0,0,0,1,2,0,1,2,1,0,1,2,0,2,2,2,2,2,0,0,1,0,0,0,0,2,0,1,0,2
I18,2,1,0,1,1,0,0,1,0,2,0,1,1,0,0,0,1,2,2,1,1,0,1,2,2,2,1,2,1,0,0,2,1,0,0,1,1,0,2,0,1,0,1,0,1,2,0,0,1,0,0,2,0,1,1,2,2,0,0,0,1,0,0,0,0,1,1,2,0,1,0,0,1,1,2,0,1,1,0,2,1,0,2,0,1,1,0,2,0,1,2,0,2,2,2,1,0,2,2,2,0,0,0,0,0,0,0,2,0,1,0,0,0,1,0,2,0,2,0,0,1,1,1,0,1,1,2,2,1,2,0,0,2,2,0,1,0,2,2,1,0,0,1,1,0,2,0,0,2,2,0,1,2,1,0,0,0,2,0,0,1,2,2,0,2,0,1,2,2,0,0,0,0,1,2,0,1,2,1,0,1,2,0,0,2,2,0,2,0,0,0,0,0,0,0,2,0,1,0,2
216_18,2,1,0,1,1,0,0,1,0,2,0,1,1,0,0,0,1,2,2,1,1,0,1,2,2,2,1,2,1,2,0,2,1,0,0,1,1,0,2,0,1,0,1,0,1,2,0,0,1,0,0,2,0,1,1,2,2,2,1,0,1,2,0,0,1,1,1,2,0,1,0,0,1,1,2,0,1,1,0,2,1,0,2,0,1,1,0,2,0,1,2,0,2,2,2,1,0,2,2,2,0,0,0,0,0,0,0,2,1,1,2,0,0,1,0,2,0,2,0,0,1,1,1,0,1,1,2,2,1,2,0,0,2,2,0,1,0,2,2,1,0,0,1,1,0,2,0,2,2,2,0,1,2,1,2,0,0,2,0,0,1,2,2,0,2,0,1,2,2,0,0,0,0,1,2,0,1,2,1,0,1,2,1,0,2,2,0,2,0,0,0,0,0,0,0,2,0,1,0,2
216_17,2,1,0,1,1,0,0,1,0,2,0,1,1,0,0,0,1,2,2,1,1,0,1,2,2,2,1,2,1,0,0,2,1,0,0,1,1,0,2,0,1,0,1,0,1,2,0,0,1,0,0,2,0,1,1,2,2,0,0,0,1,0,0,0,0,1,1,2,0,1,0,0,1,1,2,0,1,1,1,2,1,0,2,0,1,1,0,2,0,1,2,0,2,2,2,1,0,2,2,2,0,0,0,0,2,0,0,2,0,1,0,0,0,1,0,2,0,2,0,0,1,1,1,0,1,1,2,2,1,2,0,0,2,2,0,1,2,2,2,1,0,1,1,1,0,2,0,0,2,2,0,1,2,1,0,2,0,2,0,0,1,2,2,0,2,0,1,2,2,1,0,0,0,1,2,0,1,2,1,0,1,2,0,0,2,2,0,2,0,0,0,0,0,0,0,2,0,1,0,2
I19,0,0,0,0,0,0,0,0,0,0,0,0,0,0,0,0,0,0,0,0,0,0,0,0,0,0,0,0,0,0,1,0,1,0,0,0,0,0,2,0,0,0,0,0,0,0,0,2,0,0,0,0,0,0,0,0,0,0,0,0,0,0,0,0,0,0,1,2,0,0,0,0,0,0,2,0,0,0,0,0,0,0,0,0,0,0,0,0,0,0,0,1,0,0,0,0,0,0,0,0,0,0,0,0,0,0,0,0,0,0,2,0,1,1,0,0,0,0,0,0,0,0,2,0,0,0,0,1,0,0,0,0,1,0,0,0,0,1,0,0,0,2,0,0,0,0,0,0,0,0,2,0,0,0,0,0,0,0,0,0,0,0,0,2,0,0,0,1,0,0,0,1,0,0,0,0,2,0,0,0,0,0,0,0,0,0,0,0,0,0,0,0,0,0,1,0,0,0,0,1
216_4,1,1,2,0,2,2,0,1,1,2,2,0,0,0,0,0,0,1,1,0,0,0,0,2,2,0,0,2,2,2,1,2,1,0,2,2,2,2,2,0,2,1,2,0,2,2,0,2,0,1,1,1,2,1,2,0,1,1,1,2,0,0,0,2,0,1,1,2,0,0,1,1,0,2,2,1,0,2,2,1,1,1,1,2,0,0,0,0,1,0,0,1,0,1,1,2,2,1,1,2,0,2,2,2,0,0,2,1,0,1,2,2,1,1,1,2,0,2,1,0,0,2,2,1,0,1,0,1,0,2,2,1,1,2,0,1,1,1,0,2,2,2,1,0,2,1,0,1,0,2,2,0,0,1,1,0,0,0,2,0,1,0,0,2,1,0,1,1,1,2,0,1,0,1,2,1,2,0,0,1,1,0,1,0,2,0,0,1,2,2,0,1,2,2,1,2,0,2,1,1
I20,0,1,0,1,0,0,2,0,0,1,0,2,0,2,0,0,0,2,0,0,0,1,2,0,0,0,2,1,0,0,1,0,1,0,1,0,0,2,2,1,0,0,2,1,2,0,1,2,2,1,0,2,0,0,0,2,0,1,0,2,0,2,2,0,0,1,1,2,0,1,0,0,0,1,2,0,1,0,0,0,1,0,2,0,1,1,1,2,0,0,2,1,1,1,1,2,1,0,0,0,0,1,2,0,1,0,0,0,1,2,2,0,1,1,0,1,0,0,0,1,1,0,2,0,1,2,2,1,2,1,2,2,1,1,2,0,0,1,0,0,1,2,0,1,1,0,2,0,0,2,2,0,2,1,0,2,0,0,2,0,0,0,0,2,2,2,1,1,0,0,0,1,1,1,0,2,2,2,0,0,2,0,0,2,1,2,0,2,0,2,1,2,0,1,1,0,1,0,2,1
I21,0,1,0,1,0,0,2,0,1,1,0,2,0,2,0,0,0,2,0,0,0,1,2,0,0,0,2,1,0,2,1,0,1,0,1,0,0,2,2,1,0,0,2,1,2,1,1,2,2,1,0,2,0,0,0,2,0,1,0,2,0,2,2,0,0,1,1,2,0,1,0,0,0,1,2,1,1,0,2,0,1,0,2,0,1,1,1,2,0,0,2,1,1,1,1,2,1,0,0,0,0,1,2,0,1,0,0,0,1,2,2,2,1,1,0,1,0,0,0,1,1,0,2,0,1,2,2,1,2,1,2,2,1,1,2,0,0,1,0,1,1,2,0,1,1,0,2,0,0,2,2,2,2,1,0,2,0,0,2,0,0,0,0,2,2,2,1,1,0,1,2,1,1,1,0,2,2,2,0,0,2,0,0,2,1,2,0,2,0,2,1,2,0,1,1,0,1,0,2,1
216_11,0,1,0,1,0,0,2,0,1,1,0,2,0,2,0,0,0,2,0,0,0,1,2,0,0,0,2,1,0,2,1,0,1,0,1,2,0,2,2,1,0,0,2,1,2,1,1,2,2,1,0,2,2,0,0,2,0,1,0,2,0,2,2,0,0,1,1,2,0,1,0,0,1,1,2,1,1,0,2,2,1,0,2,0,1,1,1,2,0,0,2,1,1,1,1,2,1,0,2,2,0,1,2,0,1,0,0,0,1,2,2,2,1,1,0,1,0,0,0,1,1,0,2,0,1,2,2,1,2,1,2,2,1,1,2,0,0,1,0,1,1,2,0,1,1,0,2,0,0,2,2,2,2,1,0,2,1,0,2,0,0,0,0,2,2,2,1,1,0,1,2,1,1,1,0,2,2,2,0,1,2,0,0,2,1,2,0,2,2,2,1,2,0,1,1,0,1,0,2,1
216_10,0,1,0,1,0,0,2,0,1,1,0,2,0,2,0,0,0,2,0,0,0,1,2,2,0,0,2,1,0,2,1,0,1,0,1,2,0,2,2,1,0,0,2,1,2,1,1,2,2,1,0,2,0,0,0,2,0,1,0,2,0,2,2,0,2,1,1,2,0,1,0,0,0,1,2,1,1,0,2,0,1,0,2,1,1,1,1,2,0,1,2,1,1,1,1,2,1,0,1,0,1,1,2,1,1,0,0,0,1,2,2,2,1,1,0,1,0,0,0,1,1,0,2,0,1,2,2,1,2,1,2,2,1,1,2,0,0,1,0,1,1,2,0,1,1,0,2,1,0,2,2,2,2,1,0,2,0,0,2,0,0,2,0,2,2,2,1,1,0,1,2,1,1,1,0,2,2,2,0,0,2,0,0,2,1,2,0,2,0,2,1,2,0,1,1,0,1,0,2,1
I22,0,1,0,1,0,0,2,2,0,1,0,2,0,2,0,0,0,2,0,0,0,1,2,0,0,0,2,1,0,2,1,0,1,0,1,2,0,2,2,1,0,0,2,1,2,0,1,2,2,1,0,2,0,0,0,2,0,1,1,2,0,2,2,0,0,1,1,2,0,1,0,0,0,1,2,2,1,0,0,0,1,0,2,0,1,1,1,2,1,1,2,1,1,1,1,2,1,0,0,0,0,1,2,0,1,0,0,0,1,2,2,0,1,1,0,1,0,0,1,1,1,0,2,2,1,2,2,1,2,1,2,2,1,1,2,2,0,1,0,0,1,2,0,1,1,0,2,2,0,2,2,0,2,1,0,2,0,0,2,0,0,0,0,2,2,2,1,1,0,0,0,1,1,1,0,2,2,2,0,0,2,0,0,2,1,2,1,2,0,2,1,2,0,1,1,0,1,0,2,1
I23,0,1,0,1,0,0,2,2,0,1,0,2,0,2,0,2,0,2,0,0,0,1,2,0,0,0,2,1,0,2,1,0,1,0,1,2,0,2,2,1,0,0,2,1,2,0,1,2,2,1,0,2,0,0,0,2,0,1,1,2,0,2,2,0,0,1,1,2,0,1,0,0,0,1,2,2,1,0,2,1,1,0,2,0,1,1,1,2,1,1,2,1,1,1,1,2,1,0,0,0,2,1,2,0,1,0,0,0,1,2,2,2,1,1,0,1,0,0,1,1,1,0,2,2,1,2,2,1,2,1,2,2,1,1,2,2,0,1,0,1,1,2,0,1,1,0,2,2,0,2,2,0,2,1,0,2,1,0,2,0,1,0,0,2,2,2,1,1,0,1,0,1,1,1,0,2,2,2,0,2,2,0,0,2,1,2,1,2,0,2,1,2,0,1,1,0,1,0,2,1
216_7,0,1,0,1,0,0,2,2,0,1,0,2,0,2,0,2,0,2,0,0,0,1,2,0,0,0,2,1,0,2,1,0,1,0,1,2,0,2,2,1,0,0,2,1,2,0,1,2,2,1,0,2,0,0,0,2,0,1,1,2,0,2,2,0,0,1,1,2,0,1,0,0,0,1,2,2,1,0,2,1,1,0,2,0,1,1,1,2,1,1,2,1,1,1,1,2,1,0,0,0,2,1,2,0,1,0,0,0,1,2,2,2,1,1,0,1,0,0,1,1,1,0,2,2,1,2,2,1,2,1,2,2,1,1,2,2,0,1,0,1,1,2,0,1,1,0,2,2,0,2,2,0,2,1,0,2,1,0,2,0,1,0,0,2,2,2,1,1,0,1,0,1,1,1,0,2,2,2,0,2,2,0,0,2,1,2,1,2,0,2,1,2,0,1,1,0,1,0,2,1
216_6,0,1,0,1,0,0,2,2,0,1,0,2,0,2,0,2,0,2,0,0,0,1,2,0,0,0,2,1,0,2,1,0,1,0,1,2,0,2,2,1,0,0,2,1,2,0,1,2,2,1,0,2,0,0,0,2,0,1,1,2,0,2,2,0,0,1,1,2,0,1,0,0,0,1,2,2,1,0,2,1,1,0,2,0,1,1,1,2,1,1,2,1,1,1,1,2,1,0,0,0,2,1,2,0,1,0,0,0,1,2,2,2,1,1,0,1,0,0,1,1,1,0,2,2,1,2,2,1,2,1,2,2,1,1,2,2,0,1,0,1,1,2,0,1,1,0,2,2,0,2,2,0,2,1,0,2,1,0,2,0,1,0,0,2,2,2,1,1,0,1,0,1,1,1,0,2,2,2,0,2,2,0,0,2,1,2,1,2,0,2,1,2,0,1,1,0,1,0,2,1
I24,1,1,0,1,0,0,2,2,0,1,0,2,0,2,1,0,2,2,0,0,0,1,2,0,0,1,2,1,0,2,1,0,1,0,1,2,0,2,2,1,0,0,2,1,2,0,1,2,2,1,0,2,0,0,0,2,0,1,1,2,2,2,2,0,0,1,1,2,0,1,2,0,0,1,2,2,1,0,0,0,1,2,2,0,1,1,1,2,1,1,2,1,1,1,1,2,1,0,0,0,0,1,2,1,1,2,0,0,1,2,2,0,1,1,0,1,0,0,1,1,1,0,2,2,1,2,2,1,2,1,2,2,1,1,2,2,0,1,0,0,1,2,0,1,1,0,2,2,0,2,2,0,2,1,1,2,0,0,2,0,0,0,0,2,2,2,1,1,0,2,2,1,1,1,0,2,2,2,0,0,2,0,2,2,1,2,1,2,0,2,1,2,0,1,1,0,1,0,2,1
216_9,1,1,0,1,0,0,2,2,0,1,0,2,0,2,1,0,2,2,0,0,0,1,2,0,0,1,2,1,0,2,1,0,1,0,1,2,0,2,2,1,0,0,2,1,2,0,1,2,2,1,0,2,0,0,0,2,0,1,1,2,2,2,2,0,0,1,1,2,0,1,2,0,0,1,2,2,1,0,0,0,1,2,2,0,1,1,1,2,1,1,2,1,1,1,1,2,1,0,0,0,0,1,2,1,1,2,0,0,1,2,2,0,1,1,0,1,0,0,1,1,1,0,2,2,1,2,2,1,2,1,2,2,1,1,2,2,0,1,0,0,1,2,0,1,1,0,2,2,0,2,2,0,2,1,1,2,0,0,2,0,0,0,0,2,2,2,1,1,0,2,2,1,1,1,0,2,2,2,0,0,2,0,2,2,1,2,1,2,0,2,1,2,0,1,1,0,1,0,2,1
216_8,1,1,0,1,0,0,2,2,0,1,0,2,0,2,1,0,2,2,0,0,0,1,2,0,0,1,2,1,0,2,1,0,1,0,1,2,0,2,2,1,0,0,2,1,2,0,1,2,2,1,0,2,0,0,0,2,0,1,1,2,2,2,2,0,0,1,1,2,0,1,2,0,0,1,2,2,1,0,0,0,1,2,2,0,1,1,1,2,1,1,2,1,1,1,1,2,1,0,0,0,0,1,2,1,1,2,0,0,1,2,2,0,1,1,1,1,0,0,1,1,1,0,2,2,1,2,2,1,2,1,2,2,1,1,2,2,0,1,0,0,1,2,0,1,1,0,2,2,0,2,2,0,2,1,1,2,0,0,2,0,0,0,0,2,2,2,1,1,0,2,2,1,1,1,0,2,2,2,0,0,2,0,2,2,1,2,1,2,0,2,1,2,0,1,1,0,1,0,2,1
Evolve tree: [&R] (((((216_8:0.014321081231462463,216_9:0.014321081231462463)I24:0.10662088391217797,(216_6:0.012228765186287953,216_7:0.012228765186287953)I23:0.10871319995735249)I22:0.16776162790011917,(216_10:0.10950658646144862,216_11:0.10950658646144862)I21:0.17919700658231097)I20:0.6567134131580245,216_4:0.9454170062017838)I19:0.12431341558484638,(((((216_17:0.07208632009293092,216_18:0.07208632009293092)I18:0.13573371524635974,(216_19:0.07208632009293092,216_20:0.07208632009293092)I17:0.13573371524635974)I16:0.14699902468633938,((216_22:0.031638362837529375,216_23:0.031638362837529375)I15:0.1321484638912806,216_21:0.16378682672881)I14:0.19103223329682012)I13:0.21124654108183094,((216_26:0.03840571657315253,216_27:0.03840571657315253)I12:0.10034745571561374,(216_24:0.0294162965763624,216_25:0.0294162965763624)I11:0.10933687571240387)I10:0.42731242881869463)I9:0.2832513514037667,((((216_34:0.01642919235811928,216_35:0.01642919235811928)I8:0.10162159679040708,(216_32:0.014321081231462463,216_33:0.014321081231462463)I7:0.1037297079170639)I6:0.18328604314217123,(216_30:0.10950658646144862,216_31:0.10950658646144862)I5:0.19183024582924896)I4:0.24010216758302247,(216_29:0.062098776651768134,216_28:0.062098776651768134)I3:0.4793402232219519)I2:0.3078779526375076)I1:0.22041346927540317)I0:0;