[&R] (((((((216_42:0.03,216_43:1.03)194_29:0.975,(216_40:1.004,216_41:0.004)200_33:0.001)155_17:1.001,((216_44:0.027,216_45:1.027)196_33:0.979,(216_46:0,216_47:0)196_34:1.006)155_18:0.001)109_9:1.201,(((216_32:0,216_33:0)202_30:0.047,(216_34:0,216_35:0)203_32:1.047)162_15:2.246,((216_36:0,216_37:0)204_34:1.006,(216_38:1.005,216_39:0.005)204_35:0.001)162_16:1.287)112_9:1.915)64_7:1.201,(((216_26:0,216_27:0)196_21:1.075,(216_24:0,216_25:0)197_20:0.075)151_10:3.441,((216_20:0,216_21:0)194_16:0,(216_22:0,216_23:0)198_19:0)154_9:0.517)107_5:3.892)18_2:1.591,((((216_12:0,216_13:0)201_10:0,(216_10:0,216_11:0)207_9:0)167_5:0,216_17:0)120_3:5.791,(216_3:0,216_4:0)194_3:4.791)20_1:2.209)virtual:0)I0;
I0,0,0,0,0,0,0,0,0,0,0
virtual,0,0,0,0,0,0,0,0,0,0
20_1,0,0:0.45/1:0.55,0:0.45/1:0.55,0,0,0,0:0.45/1:0.55,0,0,0:0.45/2:0.55
194_3,1,1,1,0,0,2,1,2,0,2
216_4,1,1,1,0,0,2,1,2,0,2
216_3,1,1,1,0,0,2,1,2,0,2
120_3,0,1,1,2,2,1,1,0,2,2
216_17,0,1,1,2,2,1,1,0,2,2
167_5,0,1,1,2,2,1,1,0,2,2
207_9,0,1,1,2,2,1,1,0,2,2
216_11,0,1,1,2,2,1,1,0,2,2
216_10,0,1,1,2,2,1,1,0,2,2
201_10,0,1,1,2,2,1,1,0,2,2
216_13,0,1,1,2,2,1,1,0,2,2
216_12,0,1,1,2,2,1,1,0,2,2
18_2,0,0,0,0,0,0:0.2/1:0.8,0:0.2/2:0.8,0,0,0
107_5,0,0,0:0.12/1:0.88,0,0:0.12/2:0.88,0:0.02/1:0.98,0:0.02/2:0.98,0,0:0.12/1:0.88,0:0.12/1:0.88
154_9,0,0,1,0,2,1,2,0,1,1
198_19,0,0,1,0,2,1,2,0,1,1
216_23,0,0,1,0,2,1,2,0,1,1
216_22,0,0,1,0,2,1,2,0,1,1
194_16,0,0,1,0,2,1,2,0,1,1
216_21,0,0,1,0,2,1,2,0,1,1
216_20,0,0,1,0,2,1,2,0,1,1
151_10,0:0.02/1:0.98,0:0.02/1:0.98,1,0:0.02/1:0.98,2,1,2,0,1,1
197_20,1,1,1,1,2,1,2,0,1,1
216_25,1,1,1,1,2,1,2,0,1,1
216_24,1,1,1,1,2,1,2,0,1,1
196_21,1,1,1,1,2,1,2,2,1,1
216_27,1,1,1,1,2,1,2,2,1,1
216_26,1,1,1,1,2,1,2,2,1,1
64_7,0,0,0,0,0,0:0.03/1:0.97,0:0.03/2:0.97,0:0.15/1:0.85,0,0
112_9,0,0,0,0,0,1,2,0:0.02/1:0.98,0:0.13/2:0.87,0:0.13/2:0.87
162_16,0,0,2,0,0,1,2,1,2,2
204_35,0,0,2,0,0,1,2,1,2,2
216_39,0,0,2,0,0,1,2,1,2,2
216_38,1,0,2,0,0,1,2,1,2,2
204_34,0,0,2,0,2,1,2,1,2,2
216_37,0,0,2,0,2,1,2,1,2,2
216_36,0,0,2,0,2,1,2,1,2,2
162_15,0:0.02/1:0.98,0:0.02/1:0.98,0,0,0,1,2,1,2,2
203_32,1,1,1,0,0,1,2,1,2,2
216_35,1,1,1,0,0,1,2,1,2,2
216_34,1,1,1,0,0,1,2,1,2,2
202_30,1,1,0,0,0,1,2,1,2,2
216_33,1,1,0,0,0,1,2,1,2,2
216_32,1,1,0,0,0,1,2,1,2,2
109_9,0,0,0,0,0,1,2,1,0:0.01/1:0.99,0
155_18,0,0,0,0,0,1,2,1,1,0
196_34,0,0,0,0,1,1,2,1,1,0
216_47,0,0,0,0,1,1,2,1,1,0
216_46,0,0,0,0,1,1,2,1,1,0
196_33,0,0,0,0,0,1,2,1,1,0:0.03/1:0.97
216_45,2,0,0,0,0,1,2,1,1,1
216_44,0,0,0,0,0,1,2,1,1,1
155_17,0,0,0:0.01/1:0.99,0,0,1,2,1,1,0
200_33,0,0,1,0,0,1,2,1,1,0
216_41,0,0,1,0,0,1,2,1,1,0
216_40,0,0,1,0,2,1,2,1,1,0
194_29,0,0,1,0,0:0.03/2:0.97,1,2,1,1,0
216_43,1,0,1,0,2,1,2,1,1,0
216_42,0,0,1,0,2,1,2,1,1,0
