[&R] (((((((216_42:1.033,216_43:0.033)194_29:0.975,(216_40:1.004,216_41:0.004)200_33:0.004)155_17:1.094,((216_44:0,216_45:0)196_33:1.308,(216_46:0,216_47:0)196_34:2.308)155_18:0.794)109_9:0.989,(((216_32:0,216_33:0)202_30:2.306,(216_34:0,216_35:0)203_32:1.306)162_15:1.074,((216_36:0,216_37:0)204_34:0.079,(216_38:1.048,216_39:0.048)204_35:1.031)162_16:3.301)112_9:0.711)64_7:2.848,(((216_26:0,216_27:0)196_21:0,(216_24:0,216_25:0)197_20:0)151_10:0.099,((216_20:0,216_21:0)194_16:0.004,(216_22:0.002,216_23:1.002)198_19:0.002)154_9:1.095)107_5:7.839)18_2:0.062,((((216_12:0,216_13:0)201_10:0,(216_10:0,216_11:0)207_9:0)167_5:2.236,216_17:1.236)120_3:3.349,(216_3:1.019,216_4:0.019)194_3:3.566)20_1:0.415)virtual:0)I0;
I0,0,0,0,0,0,0,0,0,0,0
virtual,0,0,0,0,0,0,0,0,0,0
20_1,0,0,0,0,0,0,0,0:0.58/2:0.42,0,0
194_3,0,0,0,0,0:0.01/1:0.99,0:0.01/2:0.99,0,2,0:0.01/2:0.99,0
216_4,0,0,0,0,1,2,0,2,2,0
216_3,0,0,0,0,1,2,0,2,2,2
120_3,0:0.07/1:0.93,0:0.07/1:0.93,0,0:0.07/2:0.93,0,0,0,0:0.04/2:0.96,0,0
216_17,1,1,1,2,0,0,0,2,0,0
167_5,1,1,0,2,1,1,0,2,0,0
207_9,1,1,0,2,1,1,0,2,0,0
216_11,1,1,0,2,1,1,0,2,0,0
216_10,1,1,0,2,1,1,0,2,0,0
201_10,1,1,0,2,1,1,0,2,0,0
216_13,1,1,0,2,1,1,0,2,0,0
216_12,1,1,0,2,1,1,0,2,0,0
18_2,0:0.94/2:0.06,0,0,0,0,0,0,0,0,0
107_5,0:0.01/2:0.99,0:0.01/1:0.99,0,0:0.01/2:0.99,0:0.01/2:0.99,0:0.01/1:0.99,0,0:0.01/2:0.99,0:0.01/2:0.99,0:0.01/2:0.99
154_9,2,1,2,2,2,1,0,2,2,2
198_19,2,1,2,2,2,1,0,2,2,2
216_23,2,1,2,2,2,1,1,2,2,2
216_22,2,1,2,2,2,1,0,2,2,2
194_16,2,1,2,2,2,1,0,2,2,2
216_21,2,1,2,2,2,1,0,2,2,2
216_20,2,1,2,2,2,1,0,2,2,2
151_10,2,1,0,2,2,1,0,2,2,2
197_20,2,1,0,2,2,1,0,2,2,2
216_25,2,1,0,2,2,1,0,2,2,2
216_24,2,1,0,2,2,1,0,2,2,2
196_21,2,1,0,2,2,1,0,2,2,2
216_27,2,1,0,2,2,1,0,2,2,2
216_26,2,1,0,2,2,1,0,2,2,2
64_7,0:0.03/2:0.97,0,0:0.03/1:0.97,0,0,0,0,0,0,0:0.03/1:0.97
112_9,0:0.01/2:0.99,0,0:0.01/1:0.99,0,0,0,0,0,0:0.35/1:0.65,0:0.01/1:0.99
162_16,2,0,1,0,0:0.02/2:0.98,0,0:0.02/1:0.98,0:0.02/1:0.98,0:0.01/1:0.99,1
204_35,2,0,1,0,2,0:0.04/2:0.96,1,1,1,1
216_39,2,0,1,0,2,2,1,1,1,1
216_38,2,0,1,2,2,2,1,1,1,1
204_34,2,0,1,0,2,0,1,1,1,1
216_37,2,0,1,0,2,0,1,1,1,1
216_36,2,0,1,0,2,0,1,1,1,1
162_15,2,0,1,0,0,0:0.22/1:0.78,0,0,0:0.08/1:0.92,1
203_32,2,0,1,0,1,1,0,0,1,1
216_35,2,0,1,0,1,1,0,0,1,1
216_34,2,0,1,0,1,1,0,0,1,1
202_30,2,0,1,0,2,1,0,1,1,1
216_33,2,0,1,0,2,1,0,1,1,1
216_32,2,0,1,0,2,1,0,1,1,1
109_9,2,0,1,0,0,0:0.09/1:0.91,0,0,0,1
155_18,2,0,1,0,0:0.28/1:0.72,0:0.03/1:0.97,0,0,0,1
196_34,2,0,1,2,1,1,0,2,0,1
216_47,2,0,1,2,1,1,0,2,0,1
216_46,2,0,1,2,1,1,0,2,0,1
196_33,2,0,1,0,1,1,2,0,0,1
216_45,2,0,1,0,1,1,2,0,0,1
216_44,2,0,1,0,1,1,2,0,0,1
155_17,2,0:0.01/2:0.99,1,0,0,1,0,0,0,1
200_33,2,2,1,0,0,1,0,0,0,1
216_41,2,2,1,0,0,1,0,0,0,1
216_40,2,2,1,0,0,1,0,1,0,1
194_29,2,2,1,0,0,1,0,0:0.03/2:0.97,0,1
216_43,2,2,1,0,0,1,0,2,0,1
216_42,2,2,1,0,1,1,0,2,0,1
