[&R] (((((((216_42:1.007,216_43:0.007)194_29:0.003,(216_40:0,216_41:0)200_33:1.009)155_17:3.414,((216_44:1.01,216_45:1.01)196_33:0.002,(216_46:0,216_47:0)196_34:1.012)155_18:1.412)109_9:1.586,(((216_32:0,216_33:0)202_30:2.757,(216_34:0,216_35:0)203_32:3.757)162_15:0.305,((216_36:1,216_37:0)204_34:0,(216_38:0,216_39:0)204_35:0)162_16:0.063)112_9:0.947)64_7:0.002,(((216_26:0,216_27:0)196_21:2.279,(216_24:0.035,216_25:1.035)197_20:1.244)151_10:2.094,((216_20:0.035,216_21:1.035)194_16:1.258,(216_22:0.044,216_23:1.044)198_19:2.249)154_9:2.08)107_5:0.638)18_2:1.988,((((216_12:1,216_13:1)201_10:0,(216_10:0,216_11:1)207_9:0)167_5:1.16,216_17:2.161)120_3:2.794,(216_3:1.383,216_4:2.383)194_3:5.572)20_1:0.045)virtual:0)I0;
I0,0,0,0,0,0,0,0,0,0,0
virtual,0,0,0,0,0,0,0,0,0,0
20_1,0,0:0.96/2:0.04,0,0,0,0,0,0,0,0
194_3,0:0.06/1:0.94,0:0.06/2:0.94,0:0.06/2:0.94,0,0:0.06/2:0.94,0,0,0:0.06/1:0.94,0,0:0.06/1:0.94
216_4,1,2,2,0,2,1,0,1,2,1
216_3,1,2,2,1,2,0,0,1,0,1
120_3,0,0:0.05/2:0.95,0,0,0,0,0:0.05/1:0.95,0:0.05/2:0.95,0,0
216_17,0,2,2,0,0,1,1,2,0,0
167_5,0,2,0,1,0,0,1,2,0,0
207_9,0,2,0,1,0,0,1,2,0,0
216_11,0,2,0,1,0,0,1,2,0,1
216_10,0,2,0,1,0,0,1,2,0,0
201_10,0,2,0,1,0,0,1,2,0,0
216_13,1,2,0,1,0,0,1,2,0,0
216_12,0,2,0,1,1,0,1,2,0,0
18_2,0,0,0,0,0,0,0:0.01/1:0.99,0,0,0:0.01/2:0.99
107_5,0,0:0.37/1:0.63,0,0,0,0,1,0,0,2
154_9,0:0.12/1:0.88,0:0.05/1:0.95,0,0,0,0:0.12/2:0.88,1,0,0,2
198_19,1,1,0:0.02/1:0.98,0,0:0.02/2:0.98,2,1,0,0,2
216_23,1,1,1,0,2,2,1,2,0,2
216_22,1,1,1,0,2,2,1,0,0,2
194_16,1,1,0,0,0,2,1,0:0.03/1:0.97,0,2
216_21,1,1,2,0,0,2,1,1,0,2
216_20,1,1,0,0,0,2,1,1,0,2
151_10,0:0.12/2:0.88,0:0.04/1:0.96,0:0.12/2:0.88,0,0,0,1,0,0,2
197_20,2,1,2,0,0,0:0.03/1:0.97,1,0,0,2
216_25,2,1,2,1,0,1,1,0,0,2
216_24,2,1,2,0,0,1,1,0,0,2
196_21,2,1,2,0,0,2,1,2,0,2
216_27,2,1,2,0,0,2,1,2,0,2
216_26,2,1,2,0,0,2,1,2,0,2
64_7,0,0,0,0,0,0,0:0.01/1:0.99,0,0,0:0.01/2:0.99
112_9,0,0,0,0,0,0:0.06/2:0.94,1,0,0,2
162_16,0,0,0,0,0,2,1,0,0,2
204_35,0,0,0,0,0,2,1,0,0,2
216_39,0,0,0,0,0,2,1,0,0,2
216_38,0,0,0,0,0,2,1,0,0,2
204_34,0,0,0,0,0,2,1,0,0,2
216_37,0,0,0,0,0,2,1,0,0,2
216_36,0,0,0,0,0,2,1,2,0,2
162_15,0,0,0,0:0.71/2:0.29,0,0:0.04/2:0.96,1,0,0,2
203_32,0,0,2,2,2,2,1,1,0,2
216_35,0,0,2,2,2,2,1,1,0,2
216_34,0,0,2,2,2,2,1,1,0,2
202_30,1,0,0,2,1,2,1,0,0,2
216_33,1,0,0,2,1,2,1,0,0,2
216_32,1,0,0,2,1,2,1,0,0,2
109_9,0,0:0.21/2:0.79,0,0,0:0.21/1:0.79,0,1,0,0,2
155_18,0,2,0:0.01/1:0.99,0,1,0,1,0,0,2
196_34,0,2,1,0,1,1,1,0,0,2
216_47,0,2,1,0,1,1,1,0,0,2
216_46,0,2,1,0,1,1,1,0,0,2
196_33,0,2,0:0.01/1:0.99,0,1,0,1,0,0,2
216_45,0,2,1,2,1,0,1,0,0,2
216_44,0,2,1,0,1,0,1,0,2,2
155_17,2,2,0,2,1,1,1,0,0,2
200_33,2,2,1,2,1,1,1,0,0,2
216_41,2,2,1,2,1,1,1,0,0,2
216_40,2,2,1,2,1,1,1,0,0,2
194_29,2,2,0,2,1,1,1,0,0,2
216_43,2,2,0,2,1,1,1,0,0,2
216_42,2,2,0,2,1,1,1,2,0,2
