[&R] (((((((216_42:0.082,216_43:2.082)194_29:0.983,(216_40:0.018,216_41:1.018)200_33:1.047)155_17:0.956,((216_44:0,216_45:0)196_33:1.017,(216_46:0,216_47:0)196_34:0.017)155_18:2.003)109_9:0.003,(((216_32:1,216_33:0)202_30:0,(216_34:0,216_35:0)203_32:0)162_15:0.163,((216_36:0,216_37:0)204_34:0,(216_38:0,216_39:0)204_35:0)162_16:3.163)112_9:2.86)64_7:0.976,(((216_26:0,216_27:0)196_21:0.001,(216_24:1,216_25:0)197_20:0.001)151_10:1.104,((216_20:0,216_21:0)194_16:2.117,(216_22:0,216_23:0)198_19:0.117)154_9:0.988)107_5:3.895)18_2:0,((((216_12:0,216_13:0)201_10:0,(216_10:0,216_11:0)207_9:0)167_5:0.094,216_17:2.094)120_3:2.95,(216_3:0,216_4:0)194_3:6.044)20_1:0.956)virtual:0)I0;
I0,0,0,0,0,0,0,0,0,0,0
virtual,0,0,0,0,0,0,0,0,0,0
20_1,0,0,0,0:0.52/2:0.48,0:0.52/1:0.48,0,0,0,0,0
194_3,0,2,0,2,1,1,0,2,1,1
216_4,0,2,0,2,1,1,0,2,1,1
216_3,0,2,0,2,1,1,0,2,1,1
120_3,0:0.03/1:0.97,0,0,0:0.02/2:0.98,0:0.02/1:0.98,0,0:0.03/2:0.97,0,0,0
216_17,1,0,1,2,1,2,2,0,0,0
167_5,1,0,0,2,1,0,2,0,0,0
207_9,1,0,0,2,1,0,2,0,0,0
216_11,1,0,0,2,1,0,2,0,0,0
216_10,1,0,0,2,1,0,2,0,0,0
201_10,1,0,0,2,1,0,2,0,0,0
216_13,1,0,0,2,1,0,2,0,0,0
216_12,1,0,0,2,1,0,2,0,0,0
18_2,0,0,0,0,0,0,0,0,0,0
107_5,0,0:0.03/2:0.97,0,0:0.03/2:0.97,0,0,0,0:0.03/2:0.97,0,0:0.03/2:0.97
154_9,0,2,0:0.11/1:0.89,2,0,0,0,2,0,2
198_19,0,2,1,2,0,0,0,2,0,2
216_23,0,2,1,2,0,0,0,2,0,2
216_22,0,2,1,2,0,0,0,2,0,2
194_16,0,2,1,2,2,0,1,2,0,2
216_21,0,2,1,2,2,0,1,2,0,2
216_20,0,2,1,2,2,0,1,2,0,2
151_10,0,2,0,2,0,0,0,2,1,2
197_20,0,2,0,2,0,0,0,2,1,2
216_25,0,2,0,2,0,0,0,2,1,2
216_24,0,2,0,2,1,0,0,2,1,2
196_21,0,2,0,2,0,0,0,2,1,2
216_27,0,2,0,2,0,0,0,2,1,2
216_26,0,2,0,2,0,0,0,2,1,2
64_7,0,0,0,0,0,0:0.02/2:0.98,0,0,0,0
112_9,0:0.05/2:0.95,0,0,0:0.05/2:0.95,0,2,0,0,0:0.05/1:0.95,0
162_16,2,2,0,2,2,2,0,2,1,0
204_35,2,2,0,2,2,2,0,2,1,0
216_39,2,2,0,2,2,2,0,2,1,0
216_38,2,2,0,2,2,2,0,2,1,0
204_34,2,2,0,2,2,2,0,2,1,0
216_37,2,2,0,2,2,2,0,2,1,0
216_36,2,2,0,2,2,2,0,2,1,0
162_15,2,0,0,2,0,2,0,0,1,0
203_32,2,0,0,2,0,2,0,0,1,0
216_35,2,0,0,2,0,2,0,0,1,0
216_34,2,0,0,2,0,2,0,0,1,0
202_30,2,0,0,2,0,2,0,0,1,0
216_33,2,0,0,2,0,2,0,0,1,0
216_32,2,0,0,2,0,2,2,0,1,0
109_9,0,0,0,0,0,0:0.02/2:0.98,0,0,0,0
155_18,0:0.01/1:0.99,0,0,0,0,2,0:0.01/2:0.99,0,0,0
196_34,1,0,0,0,0,2,2,0,0,0
216_47,1,0,0,0,0,2,2,0,0,0
216_46,1,0,0,0,0,2,2,0,0,0
196_33,1,0,0,0,2,2,2,0,0,0
216_45,1,0,0,0,2,2,2,0,0,0
216_44,1,0,0,0,2,2,2,0,0,0
155_17,0,0,0,0,0,2,0,0:0.06/2:0.94,0,0
200_33,0,0,0,0,0,2,0,2,0,0:0.02/2:0.98
216_41,0,0,0,0,2,2,0,2,0,2
216_40,0,0,0,0,0,2,0,2,0,2
194_29,0,0,0,0:0.08/1:0.92,0,2,0,2,0,0
216_43,0,1,2,1,0,2,0,2,0,0
216_42,0,0,0,1,0,2,0,2,0,0
