[&R] (((((216_9:0,216_10:0)177_6:0.048,(216_11:0,216_12:0)184_10:1.048)131_5:3.787,(216_13:0,216_14:0)201_13:2.835)59_2:3.117,(((216_3:0,216_4:0)172_2:1.162,(216_1:0,216_2:0)181_1:1.162)120_1:1.115,((216_7:0.001,216_8:1.001)184_7:0.001,216_5:0.002)130_3:2.275)61_1:4.675)17_1:0.048)I0;
I0,0,0,0,0,0,0,0,0,0,0
17_1,0:0.95/1:0.05,0,0,0,0,0,0,0,0,0
61_1,0:0.05/1:0.95,0,0:0.06/1:0.94,0,0:0.06/2:0.94,0,0,0:0.06/2:0.94,0:0.06/2:0.94,0
130_3,1,0,1,0,2,1,2,2,2,0
216_5,1,0,1,0,2,1,2,2,2,0
184_7,1,0,1,0,2,1,2,2,2,0
216_8,1,0,1,2,2,1,2,2,2,0
216_7,1,0,1,0,2,1,2,2,2,0
120_1,0:0.01/1:0.99,0:0.13/2:0.87,0:0.01/1:0.99,0,0:0.01/2:0.99,0,0,0:0.01/2:0.99,0:0.01/2:0.99,0
181_1,1,2,1,0,2,0,1,2,2,0
216_2,1,2,1,0,2,0,1,2,2,0
216_1,1,2,1,0,2,0,1,2,2,0
172_2,1,2,1,0,2,0,0,2,2,1
216_4,1,2,1,0,2,0,0,2,2,1
216_3,1,2,1,0,2,0,0,2,2,1
59_2,0:0.2/1:0.8,0:0.21/2:0.79,0:0.21/2:0.79,0,0,0,0:0.21/2:0.79,0,0,0
201_13,1,2,2,2,0,0,2,0,0,2
216_14,1,2,2,2,0,0,2,0,0,2
216_13,1,2,2,2,0,0,2,0,0,2
131_5,1,2,2,0,0:0.01/1:0.99,0,2,0,0:0.01/1:0.99,0:0.01/1:0.99
184_10,1,2,2,2,1,0,2,0,1,1
216_12,1,2,2,2,1,0,2,0,1,1
216_11,1,2,2,2,1,0,2,0,1,1
177_6,1,2,2,0,1,0,2,0,1,1
216_10,1,2,2,0,1,0,2,0,1,1
216_9,1,2,2,0,1,0,2,0,1,1
