[&R] (((((216_9:0,216_10:0)177_6:1.385,(216_11:1.215,216_12:1.215)184_10:2.171)131_5:3.224,(216_13:0,216_14:0)201_13:7.609)59_2:1.39,(((216_3:0.16,216_4:2.16)172_2:1.328,(216_1:0,216_2:0)181_1:3.488)120_1:3.069,((216_7:1.035,216_8:0.035)184_7:2.198,216_5:1.233)130_3:2.324)61_1:1.443)17_1:0)I0;
I0,0,0,0,0,0,0,0,0,0,0
17_1,0,0,0,0,0,0,0,0,0,0
61_1,0,0,0,0:0.28/2:0.72,0,0,0,0:0.28/1:0.72,0,0
130_3,0:0.09/2:0.91,0,0,0:0.03/2:0.97,0,0,0,0:0.03/1:0.97,0,0:0.09/1:0.91
216_5,2,0,0,2,0,2,0,1,0,1
184_7,2,0:0.02/1:0.98,0,2,0,0,0:0.02/1:0.98,1,0,1
216_8,2,1,0,2,0,0,1,1,0,1
216_7,2,1,0,2,0,0,1,1,1,1
120_1,0,0:0.14/1:0.86,0,0:0.04/2:0.96,0:0.14/1:0.86,0,0,0:0.04/1:0.96,0:0.14/1:0.86,0
181_1,2,1,0,2,1,1,1,1,1,0
216_2,2,1,0,2,1,1,1,1,1,0
216_1,2,1,0,2,1,1,1,1,1,0
172_2,0,0:0.01/1:0.99,0:0.11/2:0.89,2,0:0.01/1:0.99,0,0,1,0:0.01/1:0.99,0
216_4,0,1,2,2,1,0,2,1,1,1
216_3,0,1,2,2,1,0,0,1,1,0
59_2,0,0,0,0,0,0:0.54/2:0.46,0,0,0:0.54/2:0.46,0:0.54/2:0.46
201_13,1,0,2,1,2,2,2,1,2,2
216_14,1,0,2,1,2,2,2,1,2,2
216_13,1,0,2,1,2,2,2,1,2,2
131_5,0,0,0:0.11/1:0.89,0:0.11/2:0.89,0,0:0.06/2:0.94,0,0,0:0.06/2:0.94,0:0.06/2:0.94
184_10,0,0,0:0.01/1:0.99,0:0.01/2:0.99,0:0.09/2:0.91,0:0.01/2:0.99,0,0:0.09/1:0.91,0:0.01/2:0.99,0:0.01/2:0.99
216_12,0,1,1,2,2,2,0,1,2,2
216_11,0,0,1,2,2,2,1,1,2,2
177_6,0,2,1,2,0,2,0,0,2,2
216_10,0,2,1,2,0,2,0,0,2,2
216_9,0,2,1,2,0,2,0,0,2,2
