[&R] (((((216_9:0,216_10:0)177_6:2.441,(216_11:0,216_12:0)184_10:1.441)131_5:0.62,(216_13:1.008,216_14:0.008)201_13:0.053)59_2:5.164,(((216_3:1.035,216_4:0.035)172_2:0.977,(216_1:1.011,216_2:1.011)181_1:0.002)120_1:4.201,((216_7:1.048,216_8:0.048)184_7:3.788,216_5:2.836)130_3:2.378)61_1:0.011)17_1:0.776)I0;
I0,0,0,0,0,0,0,0,0,0,0
17_1,0,0,0:0.22/1:0.78,0,0,0,0,0,0,0
61_1,0,0,0:0.21/1:0.79,0,0,0,0,0,0,0
130_3,0:0.26/2:0.74,0,0:0.06/1:0.94,0:0.26/2:0.74,0,0,0:0.26/1:0.74,0,0,0
216_5,2,0,1,2,2,1,1,0,0,0
184_7,2,0,1,2,0:0.01/1:0.99,0:0.01/2:0.99,1,0:0.01/1:0.99,0,0
216_8,2,0,1,2,1,2,1,1,0,0
216_7,2,1,1,2,1,2,1,1,0,0
120_1,0,1,1,0,2,0,0,2,2,0
181_1,0,1,1,0,2,0,0,2,2,0
216_2,0,1,1,0,2,0,2,2,2,0
216_1,0,1,1,2,2,0,0,2,2,0
172_2,0,1,1,0,2,0,0:0.03/2:0.97,2,2,0
216_4,0,1,1,0,2,0,2,2,2,0
216_3,0,1,1,2,2,0,2,2,2,0
59_2,0:0.01/1:0.99,0,1,0:0.01/2:0.99,0,0,0,0:0.01/2:0.99,0:0.01/2:0.99,0:0.01/2:0.99
201_13,1,0,1,2,0,0,0,2,2,2
216_14,1,0,1,2,0,0,0,2,2,2
216_13,1,2,1,2,0,0,0,2,2,2
131_5,1,0,1,2,0:0.42/2:0.58,0,0,2,2,2
184_10,1,0,1,2,2,0,1,2,2,2
216_12,1,0,1,2,2,0,1,2,2,2
216_11,1,0,1,2,2,0,1,2,2,2
177_6,1,0,1,2,2,2,2,2,2,2
216_10,1,0,1,2,2,2,2,2,2,2
216_9,1,0,1,2,2,2,2,2,2,2
