[&R] ((((((216_11:0.115,216_12:4.115)175_8:0.006,(216_9:2.456,216_10:1.456)178_7:1.665)130_4:1.883,((216_7:0.185,216_8:2.185)180_6:2.818,(216_5:0.002,216_6:3.002)185_3:0.001)132_3:0.001)83_2:0.007,((216_1:0,216_2:0)196_1:4.17,(216_3:0.161,216_4:3.161)200_3:0.009)140_1:1.841)37_1:3.989,((((216_14:0,216_15:0)191_12:0.02,216_13:1.02)140_7:0.986,(216_16:0.001,216_17:1.001)206_17:0.004)91_5:2.994,((216_20:0,216_21:0)181_19:5.166,(216_18:1.047,216_19:2.047)185_16:0.12)142_12:1.834)40_3:0)virtual:0)I0;
I0,0,0,0,0,0,0,0,0,0,0
virtual,0,0,0,0,0,0,0,0,0,0
40_3,0,0,0,0,0,0,0,0,0,0
142_12,0,0:0.08/1:0.92,0,0,0,0,0:0.08/1:0.92,0,0,0
185_16,0,0:0.02/1:0.98,0,0,0,0,0:0.02/1:0.98,0,0,0
216_19,2,1,0,0,1,0,1,0,0,0
216_18,1,1,0,0,0,0,1,0,0,0
181_19,1,1,1,0,0,0,1,2,1,1
216_21,1,1,1,0,0,0,1,2,1,1
216_20,1,1,1,0,0,0,1,2,1,1
91_5,1,0,0,0,0,0,0,0,2,1
206_17,1,0,0,0,0,0,0,0,2,1
216_17,1,1,0,0,0,0,0,0,2,1
216_16,1,0,0,0,0,0,0,0,2,1
140_7,1,0,0,0,0,0,0,0:0.02/2:0.98,2,1
216_13,1,0,0,0,0,0,2,2,2,1
191_12,1,0,0,0,0,0,0,2,2,1
216_15,1,0,0,0,0,0,0,2,2,1
216_14,1,0,0,0,0,0,0,2,2,1
37_1,0,1,0,2,0,1,1,0,0,0
140_1,0:0.08/2:0.92,1,0,2,0:0.08/1:0.92,1,1,0,0,0
200_3,0:0.08/2:0.92,1,0,2,0:0.08/1:0.92,1,1,0,0,0
216_4,2,1,0,2,1,1,1,2,2,1
216_3,2,1,0,2,1,1,1,0,0,0
196_1,2,1,1,2,1,1,1,2,2,1
216_2,2,1,1,2,1,1,1,2,2,1
216_1,2,1,1,2,1,1,1,2,2,1
83_2,0,1,0,2,0,1,1,0,0,0
132_3,0,1,0,2,0,1,1,0,0,0
185_3,0,1,0,2,0,1,1,0,0,0
216_6,0,1,1,2,0,1,1,0,1,1
216_5,0,1,0,2,0,1,1,0,0,0
180_6,0:0.06/2:0.94,1,0,2,0:0.06/1:0.94,1,1,0:0.06/2:0.94,0,0
216_8,2,1,0,2,1,1,1,2,2,1
216_7,2,1,0,2,1,1,1,2,0,0
130_4,0:0.06/2:0.94,1,0,2,0:0.06/1:0.94,1,1,0,0,0
178_7,0:0.01/2:0.99,1,0,2,0:0.01/1:0.99,1,1,0,0:0.21/1:0.79,0:0.21/1:0.79
216_10,2,1,0,2,1,1,1,2,1,1
216_9,2,1,2,2,1,1,1,1,1,1
175_8,0:0.06/2:0.94,1,0,2,0:0.06/1:0.94,1,1,0,0,0
216_12,2,1,1,2,1,1,1,2,1,1
216_11,2,1,0,2,1,1,1,0,0,0
