[&R] ((((((216_19:0.048,216_20:1.048)178_10:1.959,(216_21:0,216_22:1)181_12:0.007)132_5:0.001,((216_23:0.221,216_24:2.221)179_13:2.786,(216_25:0,216_26:0)189_22:1.007)136_9:0.001)83_3:2.38,((216_29:1.221,216_30:1.221)173_14:2.047,(216_27:2.414,216_28:1.414)175_14:0.854)130_7:2.12)38_2:2.613,((((216_17:0.045,216_18:1.045)187_13:3.477,216_15:1.522)135_4:0.649,((216_13:0,216_14:0)208_12:1.119,(216_11:0,216_12:0)209_11:1.119)173_6:2.052)89_2:0.901,(((216_1:1.004,216_2:1.004)185_1:0.001,(216_3:0.004,216_4:2.004)186_3:0.001)140_1:4.567,((216_5:1.025,216_6:1.025)187_5:0.035,216_8:3.06)146_3:1.512)97_1:0.5)40_1:1.928)virtual:0)I0;
I0,0,0,0,0,0,0,0,0,0,0
virtual,0,0,0,0,0,0,0,0,0,0
40_1,0,0,0,0,0,0:0.04/2:0.96,0,0:0.04/1:0.96,0,0
97_1,0:0.53/2:0.47,0,0,0,0,0:0.02/2:0.98,0,0:0.02/1:0.98,0,0
146_3,0:0.02/2:0.98,0,0,0,0,2,0,1,0:0.04/1:0.96,0
216_8,2,0,2,2,2,2,0,1,1,0
187_5,0:0.01/2:0.99,0,0,0,0,2,0,1,0:0.02/1:0.98,0
216_6,2,1,0,0,0,2,0,1,1,0
216_5,2,0,0,0,0,2,2,1,1,0
140_1,2,2,0,2,0,2,1,1,0,1
186_3,2,2,0,2,0,2,1,1,0,1
216_4,2,2,0,2,2,2,1,1,2,1
216_3,2,2,0,2,0,2,1,1,0,1
185_1,2,2,0,2,0,2,1,1,0,1
216_2,2,2,0,2,1,2,1,1,0,1
216_1,2,2,0,2,0,2,1,1,2,1
89_2,0,0,0,0,0:0.16/1:0.84,0:0.01/2:0.99,0,0:0.01/1:0.99,0,0
173_6,0:0.05/2:0.95,0,0,0:0.05/2:0.95,0:0.01/1:0.99,2,0,1,0,0
209_11,2,0,0,2,1,2,0,1,0,2
216_12,2,0,0,2,1,2,0,1,0,2
216_11,2,0,0,2,1,2,0,1,0,2
208_12,2,1,0,2,1,2,0,1,0,0
216_14,2,1,0,2,1,2,0,1,0,0
216_13,2,1,0,2,1,2,0,1,0,0
135_4,0,0,0,0,0:0.07/1:0.93,2,0,1,0:0.45/2:0.55,0
216_15,0,1,0,0,1,2,0,1,2,0
187_13,0,0,0:0.01/1:0.99,0:0.01/1:0.99,1,2,0:0.01/1:0.99,1,0:0.01/2:0.99,0
216_18,0,2,1,1,1,2,1,1,2,0
216_17,0,0,1,1,1,2,1,1,2,0
38_2,0:0.13/2:0.87,0,0,0,0:0.13/1:0.87,0,0,0,0,0:0.13/1:0.87
130_7,0:0.01/2:0.99,0,0,0:0.11/2:0.89,0:0.01/1:0.99,0:0.11/1:0.89,0,0,0,0:0.01/1:0.99
175_14,2,0,0,0:0.04/2:0.96,1,0:0.04/1:0.96,0,0,0:0.33/2:0.67,1
216_28,2,1,0,2,1,1,0,0,2,1
216_27,2,2,1,2,1,1,0,0,2,1
173_14,2,0:0.1/1:0.9,0:0.1/1:0.9,0:0.01/2:0.99,1,0:0.01/1:0.99,0,0,0,1
216_30,2,1,1,2,1,1,0,0,2,1
216_29,2,1,1,2,1,1,2,0,0,1
83_3,2,0,0,1,1,0,1,0,0,1
136_9,2,0,0,1,1,0,1,0,0,1
189_22,2,0,0,1,1,0,1,2,0,1
216_26,2,0,0,1,1,0,1,2,0,1
216_25,2,0,0,1,1,0,1,2,0,1
179_13,2,0:0.07/1:0.93,0,1,1,0:0.07/1:0.93,1,0:0.07/1:0.93,0,1
216_24,2,1,1,1,1,1,1,1,2,1
216_23,2,1,0,1,1,1,1,1,0,1
132_5,2,0,0,1,1,0,1,0,0,1
181_12,2,0,0,1,1,0,1,0,0,1
216_22,2,0,0,1,1,0,1,1,0,1
216_21,2,0,0,1,1,0,1,0,0,1
178_10,2,0:0.02/1:0.98,0,1,1,0:0.02/2:0.98,1,0,0,1
216_20,2,1,2,1,1,2,1,0,0,1
216_19,2,1,0,1,1,2,1,0,0,1
