[&R] ((((216_5:0,216_6:0)187_4:1.072,216_7:0.072)131_2:7.535,((216_1:0,216_2:0)185_1:1.145,216_3:1.145)136_1:5.462)82_1:0.394)I0;
I0,0,0,0,0,0,0,0,0,0,0
82_1,0,0,0,0,0,0,0,0:0.8/2:0.2,0,0:0.8/1:0.2
136_1,0:0.03/2:0.97,0,0,0:0.03/1:0.97,0,0:0.03/2:0.97,0,0:0.02/2:0.98,0:0.03/2:0.97,0:0.02/1:0.98
216_3,2,0,1,1,0,2,0,2,2,1
185_1,2,0,2,1,0,2,0,2,2,1
216_2,2,0,2,1,0,2,0,2,2,1
216_1,2,0,2,1,0,2,0,2,2,1
131_2,0:0.01/1:0.99,0:0.01/2:0.99,0:0.01/2:0.99,0:0.01/2:0.99,0,0:0.01/1:0.99,0:0.01/2:0.99,0:0.01/2:0.99,0,0:0.01/1:0.99
216_7,1,2,2,2,0,1,2,2,0,1
187_4,1,2,2,2,2,1,2,2,0,1
216_6,1,2,2,2,2,1,2,2,0,1
216_5,1,2,2,2,2,1,2,2,0,1
