[&R] ((((((216_5:5.397,216_6:2.397)192_3:0.01,216_7:6.408)152_2:1.595,((216_3:0,216_4:0)206_2:5.361,(216_1:1.35,216_2:4.35)208_1:0.011)161_1:3.642)105_1:0,((216_13:0,216_14:0)213_13:0,216_15:0)168_7:8.003)44_1:0.001,(((216_27:5.895,216_28:3.895)192_17:0.106,(216_29:7.001,216_30:1.001)192_18:0)155_10:0.003,(216_23:1.259,216_24:1.259)184_13:6.745)102_5:0)virtual:0.996)I0;
I0,0,0,0,0,0,0,0,0,0,0
virtual,0,1,0,0,0,0,0,0,0,0
102_5,0,1,0,0,0,0,0,0,0,0
184_13,0:0.04/1:0.96,1,0:0.04/1:0.96,0:0.04/1:0.96,0:0.04/1:0.96,0:0.04/1:0.96,0:0.04/1:0.96,0,0,0:0.04/1:0.96
216_24,1,1,1,1,1,1,1,0,2,1
216_23,1,1,1,1,1,1,1,1,0,1
155_10,0,1,0,0,0,0,0,0,0,0
192_18,0,1,0,0,0,0,0,0,0,0
216_30,2,1,0,0,0,0,0,0,0,0
216_29,1,1,1,1,1,1,1,1,0,0
192_17,0,1,0,0,0,0,0:0.89/1:0.11,0,0,0
216_28,0,1,0,2,0,0,1,0,1,1
216_27,1,1,1,1,1,1,1,0,0,0
44_1,0,1,0,0,0,0,0,0,0,0
168_7,2,1,1,0,1,1,1,2,1,1
216_15,2,1,1,0,1,1,1,2,1,1
213_13,2,1,1,0,1,1,1,2,1,1
216_14,2,1,1,0,1,1,1,2,1,1
216_13,2,1,1,0,1,1,1,2,1,1
105_1,0,1,0,0,0,0,0,0,0,0
161_1,0,1,0:0.09/1:0.91,0:0.09/1:0.91,0,0,0,0,0:0.09/1:0.91,0:0.09/1:0.91
208_1,0,1,0:0.09/1:0.91,0:0.09/1:0.91,0,0,0,0,0:0.09/1:0.91,0:0.09/1:0.91
216_2,0,1,1,1,1,1,1,1,1,1
216_1,1,1,1,1,0,0,0,0,1,1
206_2,1,1,1,1,1,1,1,1,1,1
216_4,1,1,1,1,1,1,1,1,1,1
216_3,1,1,1,1,1,1,1,1,1,1
152_2,0:0.2/1:0.8,1,0,0,0,0:0.2/1:0.8,0,0,0,0
216_7,1,1,1,1,1,1,1,1,0,1
192_3,0:0.2/1:0.8,1,0,0,0,0:0.2/1:0.8,0,0,0,0
216_6,1,1,0,2,0,1,0,0,1,0
216_5,1,1,1,1,1,1,1,0,0,1
