[&R] (((((216_1:1.063,216_2:0.063)194_1:2.383,(216_3:0,216_4:0)209_3:1.445)134_1:2.867,((216_5:1.021,216_6:0.021)199_4:1.694,(216_7:0,216_8:0)200_6:4.715)135_3:0.597)75_1:2.326,(((216_15:0,216_16:0)181_8:3.027,216_14:2.027)132_4:0.002,((216_11:1,216_12:1)185_6:0,(216_9:0,216_10:1)190_5:0)135_4:0.029)83_3:4.609)24_1:0.362)I0;
I0,0,0,0,0,0,0,0,0,0,0
24_1,0,0,0,0,0,0,0,0:0.64/1:0.36,0,0
83_3,0:0.01/1:0.99,0:0.01/1:0.99,0:0.01/1:0.99,0,0,0:0.01/1:0.99,0,1,0,0
135_4,1,1,1,0,0,1,0,1,0,0
190_5,1,1,1,0,0,1,0,1,0,0
216_10,1,1,1,0,0,1,0,1,2,0
216_9,1,1,1,0,0,1,0,1,0,0
185_6,1,1,1,0,0,1,0,1,0,0
216_12,1,1,1,0,0,1,0,1,0,2
216_11,1,1,1,0,2,1,0,1,0,0
132_4,0:0.01/1:0.99,0:0.01/1:0.99,0:0.01/1:0.99,0,0,0:0.01/1:0.99,0,1,0,0
216_14,1,1,1,2,1,1,0,1,0,0
181_8,1,1,1,0,2,1,0,1,1,1
216_16,1,1,1,0,2,1,0,1,1,1
216_15,1,1,1,0,2,1,0,1,1,1
75_1,0,0,0,0:0.12/1:0.88,0:0.12/1:0.88,0,0,0:0.08/1:0.92,0,0
135_3,0,0,0,0:0.06/1:0.94,0:0.06/1:0.94,0,0,0:0.04/1:0.96,0:0.55/2:0.45,0
200_6,1,1,0,1,1,0,1,1,2,2
216_8,1,1,0,1,1,0,1,1,2,2
216_7,1,1,0,1,1,0,1,1,2,2
199_4,0,0:0.01/2:0.99,0,1,1,0,0,1,0:0.01/2:0.99,0
216_6,0,2,0,1,1,0,0,1,2,0
216_5,0,2,0,1,1,0,0,1,2,2
134_1,0:0.13/1:0.87,0,0:0.13/1:0.87,0:0.02/1:0.98,0:0.02/1:0.98,0,0:0.13/1:0.87,0:0.01/1:0.99,0,0
209_3,1,1,1,1,1,0,1,1,0,0
216_4,1,1,1,1,1,0,1,1,0,0
216_3,1,1,1,1,1,0,1,1,0,0
194_1,1,0:0.03/2:0.97,1,1,1,0,1,1,0,0:0.03/2:0.97
216_2,1,2,1,1,1,0,1,1,0,2
216_1,1,2,1,1,1,0,1,1,1,2
