[&R] (((((216_1:1.046,216_2:0.046)194_1:0.005,(216_3:0,216_4:0)209_3:2.05)134_1:5.185,((216_5:0,216_6:0)199_4:1.02,(216_7:0,216_8:0)200_6:0.02)135_3:2.215)75_1:0.009,(((216_15:0.048,216_16:1.048)181_8:0.96,216_14:0.008)132_4:0.001,((216_11:1.008,216_12:0.008)185_6:0.002,(216_9:0,216_10:0)190_5:1.01)135_4:1)83_3:3.234)24_1:2.756)I0;
I0,0,0,0,0,0,0,0,0,0,0
24_1,0:0.08/1:0.92,0,0:0.08/2:0.92,0,0,0:0.08/2:0.92,0,0,0,0
83_3,1,0,2,0,0,2,2,1,2,0
135_4,1,0,2,0,0:0.01/2:0.99,2,2,1,2,0
190_5,1,2,2,0,2,2,2,1,2,0
216_10,1,2,2,0,2,2,2,1,2,0
216_9,1,2,2,0,2,2,2,1,2,0
185_6,1,0,2,0,0:0.01/2:0.99,2,2,1,2,0
216_12,1,0,2,0,2,2,2,1,2,0
216_11,1,0,2,1,2,2,2,1,2,0
132_4,1,0,2,0,0,2,2,1,2,0
216_14,1,0,2,0,0,2,2,1,2,0
181_8,1,0,2,0,0,2,2,1,2,0:0.05/1:0.95
216_16,1,0,2,2,0,2,2,1,2,1
216_15,1,0,2,0,0,2,2,1,2,1
75_1,0:0.08/1:0.92,0,0:0.08/2:0.92,0,0,0:0.08/2:0.92,0,0,0,0
135_3,1,0,2,0,0,2,0,0,0:0.01/2:0.99,0:0.01/2:0.99
200_6,1,0,2,0,0,2,0,0,2,2
216_8,1,0,2,0,0,2,0,0,2,2
216_7,1,0,2,0,0,2,0,0,2,2
199_4,1,0,2,0,0,2,2,0,2,2
216_6,1,0,2,0,0,2,2,0,2,2
216_5,1,0,2,0,0,2,2,0,2,2
134_1,1,0:0.01/1:0.99,2,0:0.01/2:0.99,0:0.01/2:0.99,2,0:0.01/1:0.99,0:0.01/1:0.99,0,0
209_3,1,1,2,2,2,2,1,1,2,2
216_4,1,1,2,2,2,2,1,1,2,2
216_3,1,1,2,2,2,2,1,1,2,2
194_1,1,0:0.01/1:0.99,2,0:0.01/2:0.99,0:0.01/2:0.99,2,0:0.01/1:0.99,0:0.01/1:0.99,0,0
216_2,1,1,2,2,2,2,1,1,0,0
216_1,1,1,2,2,2,2,1,1,2,0
