[&R] (((((216_1:0.075,216_2:1.075)194_1:0.953,(216_3:0,216_4:0)209_3:1.028)134_1:0.003,((216_5:0,216_6:0)199_4:1.075,(216_7:0,216_8:0)200_6:0.075)135_3:0.957)75_1:2.025,(((216_15:0,216_16:0)181_8:1.143,216_14:1.143)132_4:0.91,((216_11:0,216_12:0)185_6:1.049,(216_9:0,216_10:0)190_5:0.049)135_4:2.003)83_3:0.003)24_1:4.944)I0;
I0,0,0,0,0,0,0,0,0,0,0
24_1,0,0:0.01/1:0.99,0,0:0.01/1:0.99,0:0.01/2:0.99,0,0:0.01/1:0.99,0:0.01/2:0.99,0,0
83_3,0,0:0.01/1:0.99,0,0:0.01/1:0.99,0:0.01/2:0.99,0,0:0.01/1:0.99,0:0.01/2:0.99,0,0
135_4,0:0.02/1:0.98,1,0,1,2,0,1,2,0:0.02/2:0.98,0
190_5,1,1,0,1,2,0,1,2,2,0
216_10,1,1,0,1,2,0,1,2,2,0
216_9,1,1,0,1,2,0,1,2,2,0
185_6,1,1,2,1,2,0,1,2,2,0
216_12,1,1,2,1,2,0,1,2,2,0
216_11,1,1,2,1,2,0,1,2,2,0
132_4,0,1,0,1,2,0,1,2,0:0.14/1:0.86,0
216_14,1,1,0,1,2,0,1,2,1,0
181_8,0,1,0,1,2,1,1,2,1,0
216_16,0,1,0,1,2,1,1,2,1,0
216_15,0,1,0,1,2,1,1,2,1,0
75_1,0,1,0:0.02/2:0.98,1,2,0,1,2,0,0:0.02/1:0.98
135_3,0,1,2,1,2,0,1,2,0:0.07/1:0.93,1
200_6,0,1,2,1,2,0,1,2,1,1
216_8,0,1,2,1,2,0,1,2,1,1
216_7,0,1,2,1,2,0,1,2,1,1
199_4,1,1,2,1,2,0,1,2,1,1
216_6,1,1,2,1,2,0,1,2,1,1
216_5,1,1,2,1,2,0,1,2,1,1
134_1,0,1,0:0.01/2:0.99,1,2,0,1,2,0,0:0.01/1:0.99
209_3,1,1,2,1,2,0,1,2,0,1
216_4,1,1,2,1,2,0,1,2,0,1
216_3,1,1,2,1,2,0,1,2,0,1
194_1,0,1,2,1,2,0:0.07/2:0.93,1,2,0,1
216_2,0,1,2,1,2,2,1,2,1,1
216_1,0,1,2,1,2,2,1,2,0,1
