[&R] (((((216_1:1.224,216_2:1.224)194_1:1.314,(216_3:0,216_4:0)209_3:3.538)134_1:0.501,((216_5:0,216_6:0)199_4:0.037,(216_7:0,216_8:0)200_6:3.037)135_3:0.002)75_1:1.063,(((216_15:0.074,216_16:2.074)181_8:0.006,216_14:3.08)132_4:0.95,((216_11:0,216_12:0)185_6:1.028,(216_9:0,216_10:0)190_5:2.028)135_4:0.001)83_3:1.073)24_1:3.898)I0;
I0,0,0,0,0,0,0,0,0,0,0
24_1,0,0,0:0.03/1:0.97,0:0.03/1:0.97,0:0.03/2:0.97,0:0.03/1:0.97,0,0,0,0
83_3,0,0,1,1,2,1,0,0,0:0.03/2:0.97,0
135_4,0,0,1,1,2,1,0,0,0:0.03/2:0.97,0
190_5,0,1,1,1,2,1,0,1,2,0
216_10,0,1,1,1,2,1,0,1,2,0
216_9,0,1,1,1,2,1,0,1,2,0
185_6,2,0,1,1,2,1,0,0,2,0
216_12,2,0,1,1,2,1,0,0,2,0
216_11,2,0,1,1,2,1,0,0,2,0
132_4,0:0.08/2:0.92,0,1,1,2,1,0,0,2,0
216_14,2,2,1,1,2,1,1,0,2,1
181_8,0:0.07/2:0.93,0,1,1,2,1,0,0,2,0
216_16,2,2,1,1,2,1,0,2,2,0
216_15,2,0,1,1,2,1,0,0,2,0
75_1,0,0:0.04/2:0.96,1,1,2,1,0,0,0,0
135_3,0,0:0.03/2:0.97,1,1,2,1,0,0,0,0
200_6,0,2,1,1,2,1,1,2,0,2
216_8,0,2,1,1,2,1,1,2,0,2
216_7,0,2,1,1,2,1,1,2,0,2
199_4,0,2,1,1,2,1,0,0,0,0
216_6,0,2,1,1,2,1,0,0,0,0
216_5,0,2,1,1,2,1,0,0,0,0
134_1,0:0.52/2:0.48,0:0.02/2:0.98,1,1,2,1,0,0,0,0
209_3,2,2,1,1,2,1,1,2,2,0
216_4,2,2,1,1,2,1,1,2,2,0
216_3,2,2,1,1,2,1,1,2,2,0
194_1,0:0.08/2:0.92,2,1,1,2,1,0:0.15/2:0.85,0,0,0
216_2,2,2,1,1,2,1,2,0,1,0
216_1,2,2,1,1,2,1,2,0,2,0
