[&R] ((((((216_5:1.015,216_6:0.015)193_3:0.003,(216_7:0,216_8:0)195_5:1.018)153_2:3.541,((216_3:0,216_4:0)198_2:2.151,(216_1:0,216_2:0)199_1:0.151)155_1:1.408)108_1:2.52,(((216_9:0.045,216_10:1.045)199_8:1.981,(216_11:0,216_12:0)201_11:1.026)158_5:0.003,((216_15:0,216_16:0)205_14:0,(216_13:0,216_14:0)207_13:0)162_7:1.029)108_2:3.051)59_1:0.005,((((216_29:0,216_30:0)193_15:3.042,(216_31:0,216_32:0)197_20:0.042)149_8:0.002,((216_25:1.07,216_26:0.07)194_14:1.16,(216_27:0,216_28:0)200_20:1.231)151_7:0.813)105_4:2.172,(((216_17:0,216_18:0)201_14:1.018,(216_19:1.015,216_20:0.015)202_17:0.003)160_8:3.623,((216_21:0,216_22:0)210_21:1.029,(216_23:0,216_24:0)215_23:0.029)161_10:1.612)112_5:0.574)60_3:1.868)13_1:1.916)I0;
I0,0,0,0,0,0,0,0,0,0,0
13_1,0,0,0,0,0,0,0,0:0.04/1:0.96,0:0.04/2:0.96,0
60_3,0:0.1/2:0.9,0:0.1/2:0.9,0,0,0,0,0,1,2,0
112_5,0:0.05/2:0.95,0:0.05/2:0.95,0:0.53/2:0.47,0,0,0,0,1,2,0
161_10,2,2,0:0.01/2:0.99,0,0,0,0,1,2,0:0.02/2:0.98
215_23,2,2,2,0,0,0,0,1,2,2
216_24,2,2,2,0,0,0,0,1,2,2
216_23,2,2,2,0,0,0,0,1,2,2
210_21,2,2,2,0,2,0,0,1,2,2
216_22,2,2,2,0,2,0,0,1,2,2
216_21,2,2,2,0,2,0,0,1,2,2
160_8,2,2,2,1,2,1,0,1,2,0
202_17,2,2,2,1,2,1,0,1,2,0
216_20,2,2,2,1,2,1,0,1,2,0
216_19,2,2,2,1,2,1,2,1,2,0
201_14,2,2,2,1,2,1,0,1,2,1
216_18,2,2,2,1,2,1,0,1,2,1
216_17,2,2,2,1,2,1,0,1,2,1
105_4,2,2,0,0:0.02/2:0.98,0,0,0:0.02/2:0.98,1,2,0
151_7,2,2,0,2,0:0.22/1:0.78,0,2,1,2,0
200_20,2,2,1,2,1,0,2,1,2,0
216_28,2,2,1,2,1,0,2,1,2,0
216_27,2,2,1,2,1,0,2,1,2,0
194_14,2,2,0,2,0:0.01/1:0.99,0,2,1,2,0:0.06/1:0.94
216_26,2,2,0,2,1,0,2,1,2,1
216_25,2,2,0,2,1,2,2,1,2,1
149_8,2,2,0,0:0.02/2:0.98,0,0,0:0.02/2:0.98,1,2,0
197_20,2,2,0,2,0,0,2,1,2,0
216_32,2,2,0,2,0,0,2,1,2,0
216_31,2,2,0,2,0,0,2,1,2,0
193_15,2,2,0,2,1,1,2,1,2,1
216_30,2,2,0,2,1,1,2,1,2,1
216_29,2,2,0,2,1,1,2,1,2,1
59_1,0,0,0,0,0,0,0,0:0.04/1:0.96,0:0.04/2:0.96,0
108_2,0,0:0.01/2:0.99,0,0,0:0.01/1:0.99,0:0.01/1:0.99,0,1,2,0
162_7,0,2,0,0,1,1,0,1,2,2
207_13,0,2,0,0,1,1,0,1,2,2
216_14,0,2,0,0,1,1,0,1,2,2
216_13,0,2,0,0,1,1,0,1,2,2
205_14,0,2,0,0,1,1,0,1,2,2
216_16,0,2,0,0,1,1,0,1,2,2
216_15,0,2,0,0,1,1,0,1,2,2
158_5,0,0:0.01/2:0.99,0,0,0:0.01/1:0.99,0:0.01/1:0.99,0,1,2,0
201_11,0,2,0,0,1,1,1,1,2,0
216_12,0,2,0,0,1,1,1,1,2,0
216_11,0,2,0,0,1,1,1,1,2,0
199_8,0:0.02/1:0.98,2,0,0:0.02/2:0.98,1,1,0,1,2,0
216_10,1,2,0,2,1,1,2,1,2,0
216_9,1,2,0,2,1,1,0,1,2,0
108_1,0:0.18/1:0.82,0:0.18/1:0.82,0:0.18/2:0.82,0,0,0,0,0:0.01/1:0.99,0:0.01/2:0.99,0
155_1,0:0.02/1:0.98,0:0.02/1:0.98,0:0.02/2:0.98,0,0:0.1/1:0.9,0,0,1,2,0
199_1,1,1,2,0,1,0,0,1,2,0
216_2,1,1,2,0,1,0,0,1,2,0
216_1,1,1,2,0,1,0,0,1,2,0
198_2,1,1,2,0,1,1,2,1,2,0
216_4,1,1,2,0,1,1,2,1,2,0
216_3,1,1,2,0,1,1,2,1,2,0
153_2,1,1,2,0:0.01/1:0.99,0,0,0:0.01/1:0.99,1,2,0:0.01/2:0.99
195_5,1,1,2,1,2,0,1,1,2,2
216_8,1,1,2,1,2,0,1,1,2,2
216_7,1,1,2,1,2,0,1,1,2,2
193_3,1,1,2,1,0,0,1,1,2,2
216_6,1,1,2,1,0,0,1,1,2,2
216_5,1,1,2,1,0,2,1,1,2,2
