[&R] ((((((216_5:1.013,216_6:2.013)193_3:0.002,(216_7:2.233,216_8:1.233)195_5:0.782)153_2:1.047,((216_3:0.022,216_4:1.022)198_2:1.002,(216_1:0,216_2:0)199_1:0.024)155_1:1.037)108_1:0.955,(((216_9:0,216_10:0)199_8:2.11,(216_11:0,216_12:0)201_11:0.11)158_5:0.907,((216_15:0,216_16:0)205_14:1,(216_13:0,216_14:1)207_13:0)162_7:0.017)108_2:2.999)59_1:0.002,((((216_29:0,216_30:0)193_15:0.352,(216_31:0,216_32:0)197_20:3.352)149_8:0.656,((216_25:2.005,216_26:0.005)194_14:0,(216_27:0,216_28:0)200_20:3.005)151_7:0.003)105_4:3.938,(((216_17:0,216_18:0)201_14:1.001,(216_19:0,216_20:0)202_17:1.001)160_8:0,((216_21:0,216_22:0)210_21:0.001,(216_23:0,216_24:0)215_23:1.001)161_10:0)112_5:4.945)60_3:0.072)13_1:0.982)I0;
I0,0,0,0,0,0,0,0,0,0,0
13_1,0,0,0,0:0.02/1:0.98,0,0,0,0,0,0
60_3,0,0,0,0:0.02/1:0.98,0,0,0,0,0:0.93/1:0.07,0
112_5,2,0,2,1,2,0,1,0,1,0
161_10,2,0,2,1,2,0,1,0,1,0
215_23,2,0,2,1,2,0,1,0,1,1
216_24,2,0,2,1,2,0,1,0,1,1
216_23,2,0,2,1,2,0,1,0,1,1
210_21,2,0,2,1,2,0,1,0,1,0
216_22,2,0,2,1,2,0,1,0,1,0
216_21,2,0,2,1,2,0,1,0,1,0
160_8,2,0,2,1,2,0,1,0,1,0
202_17,2,0,2,1,2,2,1,0,1,0
216_20,2,0,2,1,2,2,1,0,1,0
216_19,2,0,2,1,2,2,1,0,1,0
201_14,2,0,2,1,2,0,1,0,1,2
216_18,2,0,2,1,2,0,1,0,1,2
216_17,2,0,2,1,2,0,1,0,1,2
105_4,0,1,0,1,0,1,0,1,1,0
151_7,0,1,0,1,0,1,0,1,1,0
200_20,1,1,0,1,1,1,1,1,1,0
216_28,1,1,0,1,1,1,1,1,1,0
216_27,1,1,0,1,1,1,1,1,1,0
194_14,0,1,0,1,0,1,0,1,1,0
216_26,0,1,0,1,0,1,0,1,1,0
216_25,0,1,2,1,0,1,2,1,1,0
149_8,0:0.35/2:0.65,1,0,1,0,1,0,1,1,0
197_20,2,1,1,1,1,1,0,1,1,1
216_32,2,1,1,1,1,1,0,1,1,1
216_31,2,1,1,1,1,1,0,1,1,1
193_15,2,1,0,1,0,1,0,1,1,0
216_30,2,1,0,1,0,1,0,1,1,0
216_29,2,1,0,1,0,1,0,1,1,0
59_1,0,0,0,0:0.02/1:0.98,0,0,0,0,0,0
108_2,0,0:0.01/1:0.99,0,1,0,0,0,0:0.01/2:0.99,0:0.01/2:0.99,0
162_7,0,1,0,1,0,0,0,2,2,0
207_13,0,1,0,1,0,0,0,2,2,0
216_14,0,1,0,1,0,0,0,2,2,2
216_13,0,1,0,1,0,0,0,2,2,0
205_14,2,1,0,1,0,0,0,2,2,0
216_16,2,1,0,1,0,0,0,2,2,0
216_15,2,1,0,1,0,0,0,2,2,0
158_5,0,1,0,1,0,0,0:0.11/1:0.89,2,2,0
201_11,0,1,0,1,0,0,1,2,2,0
216_12,0,1,0,1,0,0,1,2,2,0
216_11,0,1,0,1,0,0,1,2,2,0
199_8,2,1,2,1,0,0,1,2,2,0
216_10,2,1,2,1,0,0,1,2,2,0
216_9,2,1,2,1,0,0,1,2,2,0
108_1,0,0,0,1,0,0,0:0.06/1:0.94,0,0,0
155_1,0,0:0.02/1:0.98,0,1,0,0,1,0,0,0
199_1,0,1,0,1,0,0,1,0,0,0
216_2,0,1,0,1,0,0,1,0,0,0
216_1,0,1,0,1,0,0,1,0,0,0
198_2,0,1,0,1,0,0:0.02/1:0.98,1,0,0,0
216_4,0,1,0,1,0,1,1,0,1,0
216_3,0,1,0,1,0,1,1,0,0,0
153_2,0,0,0:0.01/2:0.99,1,0,0,1,0,0,0
195_5,0,0,2,1,0:0.23/2:0.77,0,1,0,0,0
216_8,0,0,2,1,2,0,1,0,0,1
216_7,0,2,2,1,2,0,1,0,0,2
193_3,0,0,0:0.01/2:0.99,1,0,0,1,0,0,0
216_6,0,1,2,1,1,0,1,0,0,0
216_5,0,0,2,1,0,0,1,1,0,0
