[&R] ((((((216_5:0,216_6:0)193_3:0.003,(216_7:0.002,216_8:1.002)195_5:0.001)153_2:3.077,((216_3:0.017,216_4:2.017)198_2:0.058,(216_1:0,216_2:0)199_1:4.075)155_1:0.006)108_1:2.304,(((216_9:0.072,216_10:1.072)199_8:1.163,(216_11:0,216_12:0)201_11:1.234)158_5:2.397,((216_15:1.001,216_16:0.001)205_14:0.001,(216_13:0,216_14:0)207_13:0.002)162_7:2.63)108_2:1.753)59_1:2.073,((((216_29:0,216_30:1)193_15:0,(216_31:0,216_32:0)197_20:0)149_8:0.033,((216_25:0,216_26:0)194_14:0.043,(216_27:0,216_28:0)200_20:1.043)151_7:0.99)105_4:2.18,(((216_17:0,216_18:0)201_14:2.024,(216_19:1.032,216_20:0.032)202_17:0.992)160_8:0.002,((216_21:0,216_22:0)210_21:2.401,(216_23:0,216_24:0)215_23:1.401)161_10:0.624)112_5:1.188)60_3:3.245)13_1:0.542)I0;
I0,0,0,0,0,0,0,0,0,0,0
13_1,0,0,0,0,0,0,0,0,0:0.46/2:0.54,0
60_3,0,0,0:0.06/2:0.94,0:0.06/1:0.94,0,0,0,0:0.06/1:0.94,0:0.03/2:0.97,0
112_5,0,0,2,1,0,0,0,1,2,0:0.02/2:0.98
161_10,0:0.39/1:0.61,0,2,1,0,0,0,1,2,0:0.01/2:0.99
215_23,1,0,2,1,0,2,0,1,2,2
216_24,1,0,2,1,0,2,0,1,2,2
216_23,1,0,2,1,0,2,0,1,2,2
210_21,1,1,2,1,1,0,0,1,2,2
216_22,1,1,2,1,1,0,0,1,2,2
216_21,1,1,2,1,1,0,0,1,2,2
160_8,0,0,2,1,0,0,0,1,2,0:0.02/2:0.98
202_17,0,0,2,1,0,0,0:0.03/2:0.97,1,2,2
216_20,0,0,2,1,0,0,2,1,2,2
216_19,0,2,2,1,0,0,2,1,2,2
201_14,0,1,2,1,1,0,0,1,2,2
216_18,0,1,2,1,1,0,0,1,2,2
216_17,0,1,2,1,1,0,0,1,2,2
105_4,0,0:0.01/2:0.99,2,1,0,0,0,1,2,0:0.01/1:0.99
151_7,0:0.04/1:0.96,2,2,1,0,0,0,1,2,1
200_20,1,2,2,1,2,0,0,1,2,1
216_28,1,2,2,1,2,0,0,1,2,1
216_27,1,2,2,1,2,0,0,1,2,1
194_14,1,2,2,1,0,0,0,1,2,1
216_26,1,2,2,1,0,0,0,1,2,1
216_25,1,2,2,1,0,0,0,1,2,1
149_8,0,2,2,1,0,0,0,1,2,1
197_20,0,2,2,1,0,0,0,1,2,1
216_32,0,2,2,1,0,0,0,1,2,1
216_31,0,2,2,1,0,0,0,1,2,1
193_15,0,2,2,1,0,0,0,1,2,1
216_30,1,2,2,1,0,0,0,1,2,1
216_29,0,2,2,1,0,0,0,1,2,1
59_1,0,0,0:0.16/1:0.84,0,0,0,0,0:0.16/2:0.84,0:0.07/2:0.93,0
108_2,0:0.26/1:0.74,0,0:0.04/1:0.96,0,0,0,0:0.26/1:0.74,0:0.04/2:0.96,0:0.02/2:0.98,0
162_7,1,1,1,0,2,0,1,2,2,0
207_13,1,1,1,0,2,0,1,2,2,0
216_14,1,1,1,0,2,0,1,2,2,0
216_13,1,1,1,0,2,0,1,2,2,0
205_14,1,1,1,0,2,0,1,2,2,0
216_16,1,1,1,0,2,0,1,2,2,0
216_15,1,1,1,0,2,0,1,2,2,1
158_5,0:0.02/1:0.98,0,1,0,0:0.09/1:0.91,0:0.09/1:0.91,0:0.02/1:0.98,2,2,0
201_11,1,0,1,1,1,1,1,2,2,0
216_12,1,0,1,1,1,1,1,2,2,0
216_11,1,0,1,1,1,1,1,2,2,0
199_8,1,0:0.06/1:0.94,1,0,0:0.01/1:0.99,0:0.01/1:0.99,1,2,2,0
216_10,1,1,1,1,1,1,1,2,2,0
216_9,1,1,1,0,1,1,1,2,2,0
108_1,0:0.03/2:0.97,0,0:0.01/1:0.99,0,0,0:0.03/2:0.97,0,0:0.01/2:0.99,2,0
155_1,0:0.03/2:0.97,0,1,0,0,0:0.03/2:0.97,0,2,2,0
199_1,2,2,1,2,1,2,0,2,2,1
216_2,2,2,1,2,1,2,0,2,2,1
216_1,2,2,1,2,1,2,0,2,2,1
198_2,0:0.01/2:0.99,0,1,0,0,0:0.01/2:0.99,0,2,2,0
216_4,2,0,1,1,0,2,2,2,2,0
216_3,2,0,1,0,0,2,0,2,2,0
153_2,2,2,1,0,1,2,1,2,2,0
195_5,2,2,1,0,1,2,1,2,2,0
216_8,2,2,1,0,1,2,1,2,2,2
216_7,2,2,1,0,1,2,1,2,2,0
193_3,2,2,1,0,1,2,1,2,2,0
216_6,2,2,1,0,1,2,1,2,2,0
216_5,2,2,1,0,1,2,1,2,2,0
