[&R] ((((((216_5:0,216_6:0)193_3:1.012,(216_7:0,216_8:0)195_5:1.012)153_2:0.002,((216_3:0.034,216_4:1.034)198_2:0.973,(216_1:1.006,216_2:0.006)199_1:0.002)155_1:1.007)108_1:1.022,(((216_9:0,216_10:0)199_8:0,(216_11:0,216_12:0)201_11:1)158_5:0,((216_15:0,216_16:0)205_14:0,(216_13:0,216_14:0)207_13:0)162_7:1)108_2:0.036)59_1:2.578,((((216_29:0,216_30:0)193_15:0.07,(216_31:0,216_32:0)197_20:1.07)149_8:1.302,((216_25:0,216_26:0)194_14:1.077,(216_27:0,216_28:0)200_20:0.077)151_7:2.295)105_4:1.741,(((216_17:0,216_18:0)201_14:2.161,(216_19:0,216_20:0)202_17:0.162)160_8:0.851,((216_21:0,216_22:0)210_21:1.001,(216_23:0,216_24:0)215_23:0.001)161_10:0.012)112_5:0.1)60_3:3.502)13_1:1.385)I0;
I0,0,0,0,0,0,0,0,0,0,0
13_1,0,0,0,0,0,0:0.31/2:0.69,0,0,0,0:0.31/1:0.69
60_3,0,0:0.03/1:0.97,0,0:0.03/2:0.97,0,0:0.01/2:0.99,0,0:0.03/1:0.97,0,0:0.01/1:0.99
112_5,0,1,0,2,0,2,0,1,0,1
161_10,0,1,0,2,0,2,0,1,0,1
215_23,0,1,0,2,0,2,0,1,0,1
216_24,0,1,0,2,0,2,0,1,0,1
216_23,0,1,0,2,0,2,0,1,0,1
210_21,2,1,0,2,0,2,0,1,0,1
216_22,2,1,0,2,0,2,0,1,0,1
216_21,2,1,0,2,0,2,0,1,0,1
160_8,0,1,0,2,0,2,0:0.16/2:0.84,1,0,1
202_17,0,1,0,2,0,2,2,1,0,1
216_20,0,1,0,2,0,2,2,1,0,1
216_19,0,1,0,2,0,2,2,1,0,1
201_14,0,1,2,2,2,2,2,1,0,1
216_18,0,1,2,2,2,2,2,1,0,1
216_17,0,1,2,2,2,2,2,1,0,1
105_4,0,0:0.01/1:0.99,0,0:0.01/2:0.99,0,2,0:0.18/2:0.82,0:0.01/1:0.99,0:0.18/2:0.82,1
151_7,0:0.03/1:0.97,1,0,2,0:0.03/2:0.97,2,0:0.01/2:0.99,1,0:0.01/2:0.99,1
200_20,1,1,0,2,2,2,2,1,2,1
216_28,1,1,0,2,2,2,2,1,2,1
216_27,1,1,0,2,2,2,2,1,2,1
194_14,1,1,1,2,2,2,2,1,2,1
216_26,1,1,1,2,2,2,2,1,2,1
216_25,1,1,1,2,2,2,2,1,2,1
149_8,0:0.05/2:0.95,1,0,2,0,2,0:0.01/2:0.99,1,0:0.01/2:0.99,1
197_20,2,1,0,2,1,2,2,1,2,1
216_32,2,1,0,2,1,2,2,1,2,1
216_31,2,1,0,2,1,2,2,1,2,1
193_15,2,1,0,2,0,2,2,1,2,1
216_30,2,1,0,2,0,2,2,1,2,1
216_29,2,1,0,2,0,2,2,1,2,1
59_1,0,0,0,0,0,2,0:0.01/2:0.99,0,0:0.01/2:0.99,1
108_2,0,0,0,0,0,2,2,0,2,1
162_7,0,0,0,0,0,2,2,1,2,1
207_13,0,0,0,0,0,2,2,1,2,1
216_14,0,0,0,0,0,2,2,1,2,1
216_13,0,0,0,0,0,2,2,1,2,1
205_14,0,0,0,0,0,2,2,1,2,1
216_16,0,0,0,0,0,2,2,1,2,1
216_15,0,0,0,0,0,2,2,1,2,1
158_5,0,0,0,0,0,2,2,0,2,1
201_11,0,0,0,0,0,2,2,1,2,1
216_12,0,0,0,0,0,2,2,1,2,1
216_11,0,0,0,0,0,2,2,1,2,1
199_8,0,0,0,0,0,2,2,0,2,1
216_10,0,0,0,0,0,2,2,0,2,1
216_9,0,0,0,0,0,2,2,0,2,1
108_1,0:0.01/1:0.99,0,0,0,0,2,2,0,2,1
155_1,1,0:0.01/2:0.99,0,0,0,2,2,0,2,1
199_1,1,0:0.01/2:0.99,0,0,0,2,2,0,2,1
216_2,1,2,0,0,0,2,2,0,2,1
216_1,1,2,0,0,0,2,2,1,2,1
198_2,1,2,0,0,0:0.03/2:0.97,2,2,0,2,1
216_4,1,2,2,0,2,2,2,0,2,1
216_3,1,2,0,0,2,2,2,0,2,1
153_2,0:0.01/1:0.99,0,0,0,0,2,2,0,2,1
195_5,1,0,0,2,0,2,2,0,2,1
216_8,1,0,0,2,0,2,2,0,2,1
216_7,1,0,0,2,0,2,2,0,2,1
193_3,1,0,0,0,0,2,2,1,2,1
216_6,1,0,0,0,0,2,2,1,2,1
216_5,1,0,0,0,0,2,2,1,2,1
