cell,r0,r1,r2,r3,r4,r5,r6,r7,r8,r9,r10,r11,r12,r13,r14,r15,r16,r17,r18,r19,r20,r21,r22,r23,r24,r25,r26,r27,r28,r29,r30,r31,r32,r33,r34,r35,r36,r37,r38,r39,r40,r41,r42,r43,r44,r45,r46,r47,r48,r49,r50,r51,r52,r53,r54,r55,r56,r57,r58,r59,r60,r61,r62,r63,r64,r65,r66,r67,r68,r69,r70,r71,r72,r73,r74,r75,r76,r77,r78,r79,r80,r81,r82,r83,r84,r85,r86,r87,r88,r89,r90,r91,r92,r93,r94,r95,r96,r97,r98,r99,r100,r101,r102,r103,r104,r105,r106,r107,r108,r109,r110,r111,r112,r113,r114,r115,r116,r117,r118,r119,r120,r121,r122,r123,r124,r125,r126,r127,r128,r129,r130,r131,r132,r133,r134,r135,r136,r137,r138,r139,r140,r141,r142,r143,r144,r145,r146,r147,r148,r149,r150,r151,r152,r153,r154,r155,r156,r157,r158,r159,r160,r161,r162,r163,r164,r165,r166,r167,r168,r169,r170,r171,r172,r173,r174,r175,r176,r177,r178,r179,r180,r181,r182,r183,r184,r185,r186,r187,r188,r189,r190,r191,r192,r193,r194,r195,r196,r197,r198,r199
I0,0,0,0,0,1,0,0,0,0,1,0,0,0,0,0,0,0,0,0,0,0,0,0,0,0,0,0,0,0,0,0,0,0,0,0,0,1,0,2,0,0,0,0,0,0,0,0,2,0,0,0,0,2,0,0,1,0,0,2,2,0,0,0,0,0,0,0,0,2,0,0,0,0,0,0,0,0,0,2,0,0,0,0,0,0,0,0,1,1,0,0,2,0,0,0,0,0,0,0,0,0,0,0,0,0,0,2,0,0,0,0,0,0,0,0,0,0,0,0,0,0,0,0,1,0,0,0,0,0,0,0,0,0,0,0,0,0,0,0,0,0,0,0,0,0,0,0,0,0,2,0,0,0,0,0,0,0,0,0,0,0,0,0,0,0,0,0,0,0,0,0,0,0,0,0,0,0,0,0,0,0,0,0,0,0,0,0,0,0,0,0,0,0,2,0,0,0,0,0,0
I1,0,1,0,1,1,2,0,1,2,1,0,0,0,0,0,0,0,0,0,0,0,0,0,0,0,2,1,0,0,2,0,0,0,2,0,1,1,0,2,2,0,0,0,1,0,0,2,2,0,0,0,2,2,0,2,1,2,0,2,2,2,2,2,0,0,0,0,0,2,1,0,1,2,0,0,1,0,2,2,2,0,1,0,0,0,0,0,1,1,0,0,2,1,0,0,0,0,0,0,0,2,0,0,0,0,1,2,0,1,0,2,0,0,0,0,0,0,1,0,0,0,0,0,1,0,0,2,1,1,2,0,0,1,0,2,0,1,2,0,0,0,0,1,0,0,1,0,0,0,2,0,0,2,1,0,0,0,0,0,2,0,0,1,0,0,0,1,0,0,0,0,0,2,0,0,0,2,0,0,0,2,0,1,0,1,0,0,2,1,1,0,0,0,2,0,0,0,0,0,0
I2,0,1,0,1,1,2,0,1,2,1,0,0,0,0,0,0,0,0,0,0,0,0,0,2,0,2,1,0,0,2,1,0,0,2,0,1,1,0,2,2,0,1,0,1,0,0,2,2,1,2,1,2,2,0,2,1,2,1,2,2,2,2,2,2,1,1,0,0,2,1,0,1,2,2,0,1,0,2,2,2,0,1,1,0,0,0,0,1,1,2,0,2,1,0,0,0,0,0,0,0,2,0,0,2,0,1,2,0,1,2,2,0,2,1,0,0,2,1,0,0,0,0,0,1,2,2,2,1,1,2,0,1,1,1,2,0,1,2,0,0,2,0,1,0,2,1,0,0,0,2,1,2,2,1,0,0,1,0,0,2,0,0,1,0,0,0,1,0,0,0,0,1,2,0,0,0,2,0,2,2,2,0,1,2,1,0,0,2,1,1,0,2,1,2,1,0,1,0,0,0
I3,0,1,2,1,1,2,0,1,2,1,0,2,0,2,0,0,0,0,0,2,1,0,0,2,0,2,1,0,0,2,1,1,0,2,0,1,1,0,2,2,0,1,0,1,2,0,2,2,1,2,1,2,2,0,2,1,2,1,2,2,2,2,2,2,1,1,0,0,2,1,0,1,2,2,0,1,0,2,2,2,0,1,1,0,1,0,0,1,1,2,0,2,1,0,0,0,0,0,0,0,2,0,0,2,0,1,2,2,1,2,2,0,2,1,0,2,2,1,2,0,0,0,0,1,2,2,2,1,1,2,0,1,1,1,2,0,1,2,0,0,2,2,1,0,2,1,0,0,2,2,1,2,2,1,0,0,1,0,0,2,0,0,1,0,0,0,1,0,0,0,0,1,2,0,0,0,2,0,2,2,2,2,1,2,1,0,0,2,1,1,0,2,1,2,1,0,1,0,0,0
I4,0,1,2,1,1,2,0,1,2,1,0,2,0,2,0,1,0,0,0,2,1,0,0,2,0,2,1,0,0,2,1,1,2,2,0,1,1,0,2,2,0,1,1,1,2,0,2,2,1,2,1,2,2,0,2,1,2,1,2,2,2,2,2,2,1,1,0,0,2,1,0,1,2,2,2,1,0,2,2,2,0,1,1,0,1,0,1,1,1,2,0,2,1,1,0,0,1,2,0,2,2,0,0,2,0,1,2,2,1,2,2,0,2,1,0,2,2,1,2,1,0,0,0,1,2,2,2,1,1,2,0,1,1,1,2,2,1,2,0,0,2,2,1,1,2,1,0,0,2,2,1,2,2,1,0,0,1,0,0,2,1,0,1,0,0,1,1,1,2,0,0,1,2,0,0,0,2,0,2,2,2,2,1,2,1,0,1,2,1,1,0,2,1,2,1,2,1,0,1,0
216_24,0,1,2,1,1,2,0,1,2,1,0,2,0,2,0,1,0,0,0,2,1,0,0,2,0,2,1,0,0,2,1,1,2,2,0,1,1,0,2,2,0,1,1,1,2,0,2,2,1,2,1,2,2,0,2,1,2,1,2,2,2,2,2,2,1,1,0,0,2,1,0,1,2,2,2,1,0,2,2,2,0,1,1,0,1,0,1,1,1,2,0,2,1,1,0,0,1,2,0,2,2,0,0,2,0,1,2,2,1,2,2,0,2,1,0,2,2,1,2,1,0,0,0,1,2,2,2,1,1,2,0,1,1,1,2,2,1,2,0,0,2,2,1,1,2,1,0,0,2,2,1,2,2,1,0,0,1,0,0,2,1,0,1,0,0,1,1,1,2,0,0,1,2,0,0,0,2,0,2,2,2,2,1,2,1,0,1,2,1,1,0,2,1,2,1,2,1,0,1,0
216_23,0,1,2,1,1,2,0,1,2,1,0,2,0,2,0,1,0,0,0,2,1,0,0,2,0,2,1,0,0,2,1,1,2,2,0,1,1,0,2,2,0,1,1,1,2,0,2,2,1,2,1,2,2,0,2,1,2,1,2,2,2,2,2,2,1,1,0,0,2,1,0,1,2,2,2,1,0,2,2,2,0,1,1,0,1,0,1,1,1,2,0,2,1,1,0,0,1,2,0,2,2,0,0,2,0,1,2,2,1,2,2,0,2,1,0,2,2,1,2,1,0,0,0,1,2,2,2,1,1,2,0,1,1,1,2,2,1,2,0,0,2,2,1,1,2,1,0,0,2,2,1,2,2,1,0,0,1,0,0,2,1,0,1,0,0,1,1,1,2,0,0,1,2,0,0,0,2,0,2,2,2,2,1,2,1,0,1,2,1,1,0,2,1,2,1,2,1,0,1,0
I5,0,1,2,1,1,2,0,1,2,1,0,2,2,2,0,0,0,0,0,2,1,0,0,2,0,2,1,0,0,2,1,1,0,2,0,1,1,2,2,2,0,1,2,1,2,0,2,2,1,2,1,2,2,0,2,1,2,1,2,2,2,2,2,2,1,1,0,0,2,1,0,1,2,2,0,1,0,2,2,2,0,1,1,0,1,0,2,1,1,2,2,2,1,0,2,0,0,0,0,0,2,0,0,2,2,1,2,2,1,2,2,0,2,1,2,2,2,1,2,1,2,0,0,1,2,2,2,1,1,2,0,1,1,1,2,1,1,2,0,2,2,2,1,1,2,1,1,0,2,2,1,2,2,1,2,0,1,0,0,2,1,0,1,0,0,2,1,0,0,0,0,1,2,0,0,0,2,1,2,2,2,2,1,2,1,2,0,2,1,1,0,2,1,2,1,0,1,2,2,0
216_22,0,1,2,1,1,2,0,1,2,1,0,2,2,2,0,0,0,0,0,2,1,0,0,2,0,2,1,0,0,2,1,1,0,2,0,1,1,2,2,2,0,1,2,1,2,0,2,2,1,2,1,2,2,0,2,1,2,1,2,2,2,2,2,2,1,1,0,0,2,1,0,1,2,2,0,1,0,2,2,2,0,1,1,0,1,0,2,1,1,2,2,2,1,0,2,0,0,0,0,0,2,0,0,2,2,1,2,2,1,2,2,0,2,1,2,2,2,1,2,1,2,0,0,1,2,2,2,1,1,2,0,1,1,1,2,1,1,2,0,2,2,2,1,1,2,1,1,0,2,2,1,2,2,1,2,0,1,0,0,2,1,0,1,0,0,2,1,0,0,0,0,1,2,0,0,0,2,1,2,2,2,2,1,2,1,2,0,2,1,1,0,2,1,2,1,0,1,2,2,0
216_21,0,1,2,1,1,2,0,1,2,1,0,2,2,2,0,0,0,0,0,2,1,0,0,2,0,2,1,0,0,2,1,1,0,2,0,1,1,2,2,2,0,1,2,1,2,0,2,2,1,2,1,2,2,0,2,1,2,1,2,2,2,2,2,2,1,1,0,0,2,1,0,1,2,2,0,1,0,2,2,2,0,1,1,0,1,0,2,1,1,2,2,2,1,0,2,0,0,0,0,0,2,0,0,2,2,1,2,2,1,2,2,0,2,1,2,2,2,1,2,1,2,0,0,1,2,2,2,1,1,2,0,1,1,1,2,1,1,2,0,2,2,2,1,1,2,1,1,0,2,2,1,2,2,1,2,0,1,0,0,2,1,0,1,0,0,2,1,0,0,0,0,1,2,0,0,0,2,1,2,2,2,2,1,2,1,2,0,2,1,1,0,2,1,2,1,0,1,2,2,0
I6,0,1,0,1,1,2,2,1,2,1,0,0,0,0,0,0,2,1,0,0,0,0,1,2,0,2,1,0,1,2,1,1,0,2,2,1,1,0,2,2,0,1,0,1,1,0,2,2,1,2,1,2,2,0,2,1,2,1,2,2,2,2,2,2,1,1,0,0,2,1,0,1,2,2,0,1,0,2,2,2,0,1,1,1,0,0,0,1,1,2,0,2,1,0,0,0,0,2,0,0,2,0,1,2,1,1,2,0,1,2,2,1,2,1,0,0,2,1,0,0,0,0,0,1,2,2,2,1,1,2,0,1,1,1,2,0,1,2,0,0,2,0,1,0,2,1,0,0,0,2,1,2,2,1,0,0,1,0,0,2,0,0,1,0,1,2,1,1,0,2,0,1,2,0,0,0,2,0,2,2,2,0,1,2,1,2,0,2,1,1,0,2,1,2,1,0,1,0,1,0
I7,0,1,0,1,1,2,2,1,2,1,1,0,0,0,0,0,2,1,0,0,0,0,1,2,0,2,1,0,1,2,1,1,0,2,2,1,1,1,2,2,0,1,0,1,1,0,2,2,1,2,1,2,2,0,2,1,2,1,2,2,2,2,2,2,1,1,0,0,2,1,0,1,2,2,0,1,0,2,2,2,0,1,1,1,0,0,0,1,1,2,0,2,1,0,0,0,0,2,0,0,2,2,1,2,1,1,2,0,1,2,2,1,2,1,0,0,2,1,2,0,0,0,0,1,2,2,2,1,1,2,2,1,1,1,2,0,1,2,0,0,2,0,1,0,2,1,0,0,0,2,1,2,2,1,1,0,1,0,0,2,0,0,1,0,1,2,1,1,0,2,0,1,2,0,0,1,2,0,2,2,2,1,1,2,1,2,0,2,1,1,0,2,1,2,1,0,1,0,1,0
216_20,0,1,0,1,1,2,2,1,2,1,1,0,2,0,0,0,2,1,2,1,0,0,1,2,0,2,1,1,1,2,1,1,1,2,2,1,1,1,2,2,0,1,0,1,1,0,2,2,1,2,1,2,2,0,2,1,2,1,2,2,2,2,2,2,1,1,0,0,2,1,0,1,2,2,0,1,0,2,2,2,0,1,1,1,0,0,0,1,1,2,0,2,1,0,0,0,0,2,0,0,2,2,1,2,1,1,2,1,1,2,2,1,2,1,0,0,2,1,2,0,0,0,0,1,2,2,2,1,1,2,2,1,1,1,2,0,1,2,0,2,2,0,1,0,2,1,0,0,0,2,1,2,2,1,1,0,1,0,0,2,0,0,1,0,1,2,1,1,0,2,0,1,2,0,0,1,2,0,2,2,2,1,1,2,1,2,0,2,1,1,0,2,1,2,1,0,1,0,1,0
216_19,0,1,0,1,1,2,2,1,2,1,1,0,0,0,0,0,2,1,0,0,0,0,1,2,0,2,1,0,1,2,1,1,0,2,2,1,1,1,2,2,1,1,0,1,1,0,2,2,1,2,1,2,2,0,2,1,2,1,2,2,2,2,2,2,1,1,0,0,2,1,0,1,2,2,0,1,0,2,2,2,0,1,1,1,0,0,0,1,1,2,0,2,1,1,0,0,0,2,0,0,2,2,1,2,1,1,2,0,1,2,2,1,2,1,0,0,2,1,2,0,0,0,0,1,2,2,2,1,1,2,2,1,1,1,2,0,1,2,0,0,2,0,1,0,2,1,0,0,0,2,1,2,2,1,1,0,1,0,0,2,0,0,1,0,1,2,1,1,0,2,0,1,2,0,0,1,2,0,2,2,2,1,1,2,1,2,0,2,1,1,0,2,1,2,1,0,1,0,1,0
I8,0,1,0,1,1,2,2,1,2,1,2,0,0,0,0,0,2,1,0,0,0,0,1,2,1,2,1,0,1,2,1,1,0,2,2,1,1,0,2,2,0,1,0,1,1,0,2,2,1,2,1,2,2,2,2,1,2,1,2,2,2,2,2,2,1,1,0,0,2,1,0,1,2,2,0,1,0,2,2,2,0,1,1,1,0,0,0,1,1,2,1,2,1,0,0,2,0,2,0,0,2,0,1,2,1,1,2,0,1,2,2,1,2,1,0,0,2,1,0,0,0,0,0,1,2,2,2,1,1,2,1,1,1,1,2,0,1,2,0,0,2,0,1,0,2,1,2,0,0,2,1,2,2,1,0,0,1,0,0,2,0,2,1,1,1,2,1,1,0,2,2,1,2,0,1,0,2,0,2,2,2,0,1,2,1,2,2,2,1,1,0,2,1,2,1,2,1,0,1,0
216_18,0,1,0,1,1,2,2,1,2,1,2,0,0,0,0,0,2,1,0,0,0,0,1,2,1,2,1,0,1,2,1,1,0,2,2,1,1,0,2,2,0,1,0,1,1,1,2,2,1,2,1,2,2,2,2,1,2,1,2,2,2,2,2,2,1,1,0,1,2,1,0,1,2,2,0,1,0,2,2,2,0,1,1,1,0,0,0,1,1,2,1,2,1,0,0,2,0,2,0,0,2,0,1,2,1,1,2,0,1,2,2,1,2,1,0,0,2,1,0,0,0,0,0,1,2,2,2,1,1,2,1,1,1,1,2,0,1,2,0,0,2,0,1,0,2,1,2,0,0,2,1,2,2,1,0,0,1,0,0,2,0,2,1,1,1,2,1,1,0,2,2,1,2,0,1,0,2,0,2,2,2,0,1,2,1,2,2,2,1,1,2,2,1,2,1,2,1,0,1,0
216_17,0,1,2,1,1,2,2,1,2,1,2,0,0,0,0,0,2,1,0,0,0,0,1,2,1,2,1,0,1,2,1,1,0,2,2,1,1,0,2,2,0,1,1,1,1,0,2,2,1,2,1,2,2,2,2,1,2,1,2,2,2,2,2,2,1,1,0,0,2,1,0,1,2,2,0,1,0,2,2,2,0,1,1,1,0,0,1,1,1,2,1,2,1,0,0,2,0,2,0,0,2,0,1,2,1,1,2,0,1,2,2,1,2,1,0,0,2,1,2,0,0,0,0,1,2,2,2,1,1,2,1,1,1,1,2,0,1,2,0,0,2,0,1,0,2,1,2,0,0,2,1,2,2,1,0,0,1,0,0,2,0,2,1,1,1,2,1,1,0,2,2,1,2,0,1,1,2,0,2,2,2,0,1,2,1,2,2,2,1,1,0,2,1,2,1,2,1,0,1,0
I9,0,1,0,1,1,2,0,1,2,1,0,0,1,0,2,0,0,0,0,2,0,0,0,0,0,2,1,0,2,2,0,0,1,2,0,1,1,0,2,2,1,0,1,1,1,0,2,2,0,0,0,2,2,0,2,1,2,0,2,2,2,2,2,1,0,0,0,2,2,1,0,1,2,2,0,1,0,2,2,2,0,1,0,0,0,0,0,1,1,0,2,2,1,2,0,0,0,0,1,0,2,0,0,2,2,1,2,0,1,0,2,0,0,0,0,0,0,1,1,0,0,0,0,1,0,0,2,1,1,2,0,0,1,0,2,2,1,2,0,0,0,0,1,0,1,1,0,2,1,2,0,0,2,1,1,0,0,0,0,2,1,0,1,0,1,0,1,0,2,2,0,0,2,0,0,0,2,0,0,1,2,0,1,0,1,0,1,2,1,1,0,1,0,2,0,0,0,2,0,0
I10,0,1,0,1,1,2,2,1,2,1,2,0,1,0,2,0,0,1,0,2,0,1,0,0,0,2,1,1,2,2,0,0,1,2,0,1,1,1,2,2,1,0,1,1,1,0,2,2,1,2,0,2,2,0,2,1,2,0,2,2,2,2,2,1,0,0,1,2,2,1,0,1,2,2,2,1,0,2,2,2,0,1,0,0,1,0,1,1,1,0,2,2,1,2,0,0,0,0,1,0,2,0,0,2,2,1,2,0,1,0,2,0,0,0,1,1,0,1,1,1,0,0,0,1,0,0,2,1,1,2,0,0,1,0,2,2,1,2,0,0,0,0,1,0,1,1,0,2,1,2,0,1,2,1,1,0,1,0,0,2,1,0,1,0,1,0,1,0,2,2,0,0,2,0,0,0,2,1,0,1,2,0,1,0,1,0,1,2,1,1,0,1,0,2,0,0,0,2,2,0
I11,2,1,0,1,1,2,2,1,2,1,2,0,1,0,2,0,0,1,0,2,0,1,0,0,1,2,1,1,2,2,0,0,1,2,1,1,1,1,2,2,1,2,1,1,1,2,2,2,1,2,0,2,2,0,2,1,2,0,2,2,2,2,2,1,0,0,1,2,2,1,0,1,2,2,2,1,0,2,2,2,0,1,0,0,1,0,1,1,1,0,2,2,1,2,0,0,0,0,1,0,2,0,0,2,2,1,2,0,1,1,2,0,1,0,1,1,0,1,1,1,0,0,0,1,0,0,2,1,1,2,0,0,1,0,2,2,1,2,2,2,0,2,1,0,1,1,0,2,1,2,0,1,2,1,1,0,1,0,0,2,1,0,1,0,1,0,1,0,2,2,2,0,2,0,1,0,2,1,2,1,2,1,1,0,1,0,1,2,1,1,0,1,0,2,0,1,2,2,2,1
216_28,2,1,0,1,1,2,2,1,2,1,2,0,1,0,2,0,0,1,0,2,0,1,0,0,1,2,1,1,2,2,0,0,1,2,1,1,1,1,2,2,1,2,1,1,1,2,2,2,1,2,0,2,2,0,2,1,2,0,2,2,2,2,2,1,2,0,1,2,2,1,0,1,2,2,2,1,0,2,2,2,0,1,0,0,1,0,1,1,1,0,2,2,1,2,0,0,0,0,1,0,2,0,0,2,2,1,2,0,1,1,2,0,1,0,1,1,0,1,1,1,0,0,0,1,0,0,2,1,1,2,0,0,1,2,2,2,1,2,2,2,0,2,1,0,1,1,0,2,1,2,0,1,2,1,1,0,1,0,0,2,1,0,1,0,1,0,1,0,2,2,2,0,2,0,1,0,2,1,2,1,2,1,1,0,1,0,1,2,1,1,0,1,0,2,0,1,2,2,2,1
216_27,2,1,0,1,1,2,2,1,2,1,2,0,1,0,2,0,0,1,0,2,0,1,0,0,1,2,1,1,2,2,0,0,1,2,1,1,1,1,2,2,1,2,1,1,1,2,2,2,1,2,0,2,2,0,2,1,2,0,2,2,2,2,2,1,0,0,1,2,2,1,0,1,2,2,2,1,0,2,2,2,0,1,0,0,1,0,1,1,1,0,2,2,1,2,0,0,0,0,1,0,2,0,0,2,2,1,2,0,1,1,2,0,1,0,1,1,0,1,1,1,2,0,0,1,0,0,2,1,1,2,0,0,1,0,2,2,1,2,2,2,0,2,1,0,1,1,0,2,1,2,0,1,2,1,1,0,1,0,0,2,1,0,1,0,1,0,1,0,2,2,2,0,2,0,1,0,2,1,2,1,2,1,1,0,1,0,1,2,1,1,0,1,1,2,0,1,2,2,2,1
I12,0,1,0,1,1,2,2,1,2,1,2,1,1,0,2,0,2,1,0,2,1,1,0,0,0,2,1,1,2,2,0,1,1,2,0,1,1,1,2,2,1,0,1,1,1,0,2,2,1,2,2,2,2,0,2,1,2,0,2,2,2,2,2,1,0,0,1,2,2,1,0,1,2,2,2,1,0,2,2,2,0,1,0,0,1,0,1,1,1,2,2,2,1,2,0,1,0,0,1,2,2,0,1,2,2,1,2,0,1,0,2,0,0,0,1,1,0,1,1,1,0,0,0,1,2,2,2,1,1,2,0,0,1,1,2,2,1,2,0,0,0,0,1,0,1,1,0,2,1,2,0,1,2,1,1,0,1,0,0,2,1,0,1,0,1,0,1,1,2,2,0,0,2,2,0,0,2,1,0,1,2,0,1,0,1,0,1,2,1,1,0,1,0,2,0,0,1,2,2,0
216_26,2,1,1,1,1,2,2,1,2,1,2,1,1,0,2,0,2,1,0,2,1,1,0,0,1,2,1,1,2,2,0,1,1,2,0,1,1,1,2,2,1,0,1,1,1,0,2,2,1,2,2,2,2,0,2,1,2,0,2,2,2,2,2,1,0,0,1,2,2,1,0,1,2,2,2,1,0,2,2,2,1,1,0,0,1,0,1,1,1,2,2,2,1,2,0,1,0,0,1,2,2,0,1,2,2,1,2,0,1,0,2,0,0,0,1,1,1,1,1,1,0,0,2,1,2,2,2,1,1,2,0,0,1,1,2,2,1,2,0,0,0,0,1,0,1,1,0,2,1,2,0,1,2,1,1,0,1,0,0,2,1,0,1,0,1,0,1,1,2,2,0,0,2,2,0,0,2,1,0,1,2,0,1,0,1,0,1,2,1,1,0,1,0,2,0,0,1,2,2,0
216_25,0,1,0,1,1,2,2,1,2,1,2,1,1,0,2,0,2,1,0,2,1,1,0,0,0,2,1,1,2,2,0,1,1,2,0,1,1,1,2,2,1,0,1,1,1,0,2,2,1,2,2,2,2,0,2,1,2,0,2,2,2,2,2,1,0,0,1,2,2,1,0,1,2,2,2,1,0,2,2,2,0,1,0,0,1,0,1,1,1,2,2,2,1,2,1,1,0,0,1,2,2,0,1,2,2,1,2,0,1,0,2,0,0,0,1,1,0,1,1,1,0,0,0,1,2,2,2,1,1,2,0,0,1,1,2,2,1,2,0,0,0,0,1,0,1,1,0,2,1,2,2,1,2,1,1,0,1,0,0,2,1,0,1,0,1,0,1,1,2,2,0,0,2,2,0,0,2,1,0,1,2,0,1,0,1,0,1,2,1,1,0,1,0,2,0,0,1,2,2,0
I13,2,1,0,1,1,2,0,1,2,1,0,0,1,0,2,1,0,0,0,2,0,1,0,0,0,2,1,0,2,2,0,0,1,2,1,1,1,0,2,2,1,1,1,1,1,0,2,2,0,0,0,2,2,0,2,1,2,0,2,2,2,2,2,1,0,0,1,2,2,1,1,1,2,2,1,1,0,2,2,2,0,1,0,0,0,0,0,1,1,0,2,2,1,2,0,0,0,0,1,0,2,2,0,2,2,1,2,0,1,1,2,0,0,0,0,0,0,1,1,0,0,0,0,1,0,0,2,1,1,2,0,0,1,0,2,2,1,2,0,0,0,0,1,2,1,1,1,2,1,2,0,0,2,1,1,0,2,0,0,2,1,0,1,0,1,0,1,0,2,2,2,0,2,0,0,2,2,0,0,1,2,2,1,0,1,1,1,2,1,1,0,1,0,2,0,2,0,2,0,0
I14,2,1,0,1,1,2,0,1,2,1,0,0,1,0,2,1,0,0,0,2,1,1,0,0,0,2,1,0,2,2,0,2,1,2,1,1,1,0,2,2,1,1,1,1,1,0,2,2,0,0,2,2,2,0,2,1,2,0,2,2,2,2,2,1,0,0,1,2,2,1,1,1,2,2,1,1,0,2,2,2,0,1,0,0,0,0,0,1,1,0,2,2,1,2,1,0,0,0,1,0,2,2,0,2,2,1,2,0,1,1,2,1,0,0,0,1,2,1,1,0,2,0,0,1,2,0,2,1,1,2,0,0,1,0,2,2,1,2,0,0,0,0,1,2,1,1,1,2,1,2,0,0,2,1,1,0,2,2,0,2,1,2,1,0,1,0,1,0,2,2,2,0,2,0,0,2,2,0,1,1,2,2,1,1,1,1,1,2,1,1,2,1,0,2,2,2,0,2,2,0
216_32,2,1,0,1,1,2,0,1,2,1,0,0,1,0,2,1,0,0,0,2,1,1,0,0,1,2,1,0,2,2,0,2,1,2,1,1,1,0,2,2,1,1,1,1,1,0,2,2,0,0,2,2,2,0,2,1,2,0,2,2,2,2,2,1,0,0,1,2,2,1,1,1,2,2,1,1,2,2,2,2,1,1,0,0,2,0,1,1,1,0,2,2,1,2,1,0,1,0,1,0,2,2,0,2,2,1,2,0,1,1,2,1,0,2,0,1,2,1,1,0,2,0,0,1,2,0,2,1,1,2,0,0,1,0,2,2,1,2,0,0,0,0,1,2,1,1,1,2,1,2,0,0,2,1,1,0,2,2,0,2,1,2,1,0,1,0,1,0,2,2,2,0,2,0,0,2,2,0,1,1,2,2,1,1,1,1,1,2,1,1,2,1,0,2,2,2,0,2,2,0
216_31,2,1,0,1,1,2,0,1,2,1,0,0,1,0,2,1,2,0,2,2,1,1,0,0,0,2,1,0,2,2,0,2,1,2,1,1,1,0,2,2,1,1,1,1,1,0,2,2,0,0,2,2,2,1,2,1,2,0,2,2,2,2,2,1,0,0,1,2,2,1,1,1,2,2,1,1,0,2,2,2,0,1,2,0,0,0,0,1,1,0,2,2,1,2,1,0,0,0,1,0,2,2,0,2,2,1,2,0,1,1,2,1,2,0,0,1,2,1,1,0,2,0,0,1,2,0,2,1,1,2,0,0,1,0,2,2,1,2,0,0,0,0,1,2,1,1,1,2,1,2,0,0,2,1,1,0,2,2,0,2,1,2,1,0,1,0,1,0,2,2,2,0,2,0,0,2,2,0,1,1,2,2,1,1,1,1,1,2,1,1,2,1,1,2,2,2,0,2,2,0
I15,2,1,1,1,1,2,0,1,2,1,1,1,1,0,2,1,0,0,0,2,0,1,0,2,0,2,1,2,2,2,0,0,1,2,1,1,1,0,2,2,1,1,1,1,1,0,2,2,0,0,0,2,2,0,2,1,2,0,2,2,2,2,2,1,0,0,1,2,2,1,1,1,2,2,1,1,0,2,2,2,0,1,2,1,2,0,0,1,1,0,2,2,1,2,0,0,0,0,1,0,2,2,0,2,2,1,2,0,1,1,2,0,0,0,0,0,0,1,1,0,1,0,0,1,0,0,2,1,1,2,0,0,1,1,2,2,1,2,0,0,0,0,1,2,1,1,1,2,1,2,0,0,2,1,1,0,2,0,0,2,1,0,1,1,1,0,1,0,2,2,2,1,2,0,0,2,2,1,0,1,2,2,1,0,1,1,1,2,1,1,0,1,0,2,0,2,0,2,0,0
216_30,2,1,1,1,1,2,0,1,2,1,1,1,1,0,2,1,0,0,0,2,0,1,0,2,0,2,1,2,2,2,0,0,1,2,1,1,1,0,2,2,1,1,1,1,1,0,2,2,0,0,1,2,2,0,2,1,2,0,2,2,2,2,2,1,0,0,1,2,2,1,1,1,2,2,1,1,0,2,2,2,0,1,2,1,2,0,0,1,1,0,2,2,1,2,0,0,0,0,1,0,2,2,0,2,2,1,2,0,1,1,2,0,0,0,0,2,0,1,1,0,1,0,0,1,0,0,2,1,1,2,1,0,1,1,2,2,1,2,0,0,0,0,1,2,1,1,1,2,1,2,0,2,2,1,1,0,2,0,0,2,1,0,1,1,1,0,1,0,2,2,2,1,2,0,0,2,2,1,0,1,2,2,1,0,1,1,1,2,1,1,0,1,0,2,0,2,0,2,0,0
216_29,2,1,1,1,1,2,0,1,2,1,1,1,1,0,2,1,0,0,0,2,0,1,0,2,0,2,1,2,2,2,0,0,1,2,1,1,1,0,2,2,1,1,1,1,1,0,2,2,0,0,1,2,2,0,2,1,2,0,2,2,2,2,2,1,0,0,1,2,2,1,1,1,2,2,1,1,0,2,2,2,0,1,2,1,2,0,0,1,1,2,2,2,1,2,0,0,0,0,1,0,2,2,2,2,2,1,2,0,1,1,2,0,0,0,0,0,1,1,1,0,1,0,0,1,0,0,2,1,1,2,0,0,1,1,2,2,1,2,0,0,0,0,1,2,1,1,1,2,1,2,0,0,2,1,1,0,2,0,0,2,1,1,1,1,1,0,1,0,2,2,2,1,2,0,0,2,2,1,0,1,2,2,1,0,1,1,1,2,1,1,0,1,0,2,2,2,0,2,0,0
I16,0,1,0,0,1,1,0,2,0,1,2,0,0,2,0,2,0,1,1,0,0,0,1,0,0,0,0,1,0,2,2,0,0,0,2,0,1,0,2,0,0,0,0,0,1,0,0,2,2,0,2,1,2,0,0,1,0,0,2,2,0,0,1,2,0,0,0,2,2,1,0,0,1,2,0,1,0,0,2,0,0,0,0,0,0,2,0,1,1,0,2,2,0,0,0,0,0,0,1,0,0,0,0,2,2,0,2,1,0,0,0,0,2,1,0,0,1,0,2,0,1,0,0,1,2,0,0,0,1,2,0,1,0,1,0,0,0,0,0,0,0,0,0,2,0,2,0,0,0,2,0,0,1,0,0,1,2,0,2,0,0,0,2,0,0,2,0,1,1,0,0,0,1,0,0,0,0,0,0,0,0,0,0,0,0,0,0,0,1,0,1,2,0,2,1,1,0,2,2,0
I17,0,1,0,0,1,1,0,2,2,1,2,0,0,2,0,2,2,1,1,0,0,0,1,1,0,0,0,1,0,2,2,0,0,1,2,0,1,0,2,0,0,0,1,0,1,2,1,2,2,2,2,1,2,2,0,1,0,0,2,2,0,0,1,2,0,2,0,2,2,1,0,1,1,2,0,1,2,2,2,2,1,1,0,0,0,2,0,1,1,0,2,2,0,0,0,0,2,0,1,0,0,0,1,2,2,0,2,1,0,0,1,0,2,1,2,2,1,0,2,0,1,0,0,1,2,0,0,2,1,2,0,1,0,1,2,0,0,0,0,0,0,0,0,2,1,2,0,1,0,2,2,0,1,0,1,1,2,0,2,0,0,0,2,0,0,2,0,1,1,0,0,0,1,0,0,0,0,2,0,0,0,0,0,0,0,0,2,0,1,1,1,2,1,2,1,1,0,2,2,0
I18,0,1,1,0,1,1,0,2,2,1,2,0,0,2,0,2,2,1,1,0,0,0,1,1,0,0,0,1,1,2,2,0,0,1,2,0,1,2,2,0,0,0,1,2,1,2,1,2,2,2,2,1,2,2,0,1,1,0,2,2,0,0,1,2,1,2,2,2,2,1,2,1,1,2,2,1,2,2,2,2,1,1,1,1,0,2,1,1,1,2,2,2,0,2,0,2,2,0,1,0,0,0,1,2,2,0,2,1,0,1,1,0,2,1,2,2,1,2,2,0,1,2,0,1,2,0,0,2,1,2,0,1,0,1,2,0,2,0,0,0,1,0,0,2,1,2,1,1,0,2,2,0,1,0,1,1,2,1,2,0,0,0,2,0,0,2,0,1,1,2,0,0,1,0,1,0,0,2,2,0,0,0,1,1,0,1,2,0,1,1,1,2,1,2,1,1,0,2,2,2
I19,0,1,1,1,1,1,0,2,2,1,2,1,1,2,1,2,2,1,1,0,0,0,1,1,0,0,0,1,1,2,2,0,0,1,2,0,1,2,2,0,0,0,1,2,1,2,1,2,2,2,2,1,2,2,0,1,1,1,2,2,0,2,1,2,1,2,2,2,2,1,2,1,1,2,2,1,2,2,2,2,1,1,1,1,0,2,1,1,1,2,2,2,0,2,0,2,2,0,1,0,0,0,1,2,2,0,2,1,1,1,1,0,2,1,2,2,1,2,2,2,1,2,2,1,2,0,0,2,1,2,0,1,0,1,2,0,2,0,0,2,1,1,0,2,1,2,1,1,0,2,2,0,1,0,1,1,2,1,2,0,0,0,2,0,0,2,0,1,1,2,1,1,1,0,1,0,0,2,2,0,1,0,1,1,1,1,2,0,1,1,1,2,1,2,1,1,2,2,2,2
216_14,0,1,1,1,1,1,0,2,2,1,2,1,1,2,1,2,2,1,1,2,0,0,1,1,2,0,0,1,1,2,2,0,0,1,2,0,1,2,2,0,0,0,1,2,1,2,1,2,2,2,2,1,2,2,0,1,1,1,2,2,0,2,1,2,1,2,2,2,2,1,2,1,1,2,2,1,2,2,2,2,1,1,1,1,0,2,1,1,1,2,2,2,0,2,0,2,2,0,1,0,0,0,1,2,2,0,2,1,1,1,1,0,2,1,2,2,1,2,2,2,1,2,2,1,2,0,0,2,1,2,0,1,0,1,2,0,2,0,0,2,1,1,0,2,1,2,1,1,0,2,2,0,1,0,1,1,2,1,2,0,0,1,2,0,0,2,0,1,1,2,1,1,1,0,1,0,0,2,2,0,1,0,1,1,1,1,2,0,1,1,1,2,1,2,1,1,2,2,2,2
216_13,0,1,1,1,1,1,0,2,2,1,2,1,1,2,1,2,2,1,1,0,0,0,1,1,0,0,0,1,1,2,2,0,0,1,2,0,1,2,2,0,0,0,1,2,1,2,1,2,2,2,2,1,2,2,0,1,1,1,2,2,0,2,1,2,1,2,2,2,2,1,2,1,1,2,2,1,2,2,2,2,1,1,1,1,0,2,1,1,1,2,2,2,0,2,0,2,2,0,1,0,0,0,1,2,2,0,2,1,1,1,1,0,2,1,2,2,1,2,2,2,1,2,2,1,2,0,0,2,1,2,0,1,0,1,2,0,2,0,0,2,1,1,0,2,1,2,1,1,0,2,2,0,1,0,1,1,2,1,2,0,0,0,2,0,0,2,0,1,1,2,1,1,1,0,1,2,0,2,2,0,1,0,1,1,1,1,2,0,1,1,1,2,1,2,1,1,2,2,2,2
I20,0,1,1,0,1,1,0,2,2,1,2,0,1,2,0,2,2,1,1,0,0,0,1,1,1,0,0,1,1,2,2,2,0,1,2,2,1,2,2,0,1,0,1,2,1,2,1,2,2,2,2,1,2,2,2,1,1,0,2,2,0,0,1,2,1,2,2,2,2,1,2,1,1,2,2,1,2,2,2,2,1,1,1,1,1,2,1,1,1,2,2,2,0,2,0,2,2,0,1,0,0,0,1,2,2,1,2,1,0,1,1,0,2,1,2,2,1,2,2,0,1,2,0,1,2,0,0,2,1,2,0,1,0,1,2,0,2,2,0,0,1,0,0,2,1,2,1,1,0,2,2,0,1,0,1,1,2,1,2,1,0,2,2,0,0,2,0,1,1,2,2,0,1,0,1,0,0,2,2,0,0,0,1,1,0,1,2,0,1,1,1,2,1,2,1,1,2,2,2,2
216_16,0,1,1,0,1,1,0,2,2,1,2,0,1,2,0,2,2,1,1,0,0,0,1,1,1,0,0,1,1,2,2,2,0,1,2,2,1,2,2,0,1,0,1,2,1,2,1,2,2,2,2,1,2,2,2,1,1,0,2,2,0,0,1,2,1,2,2,2,2,1,2,1,1,2,2,1,2,2,2,2,1,1,1,1,1,2,1,1,1,2,2,2,0,2,0,2,2,0,1,0,1,0,1,2,2,1,2,1,0,1,1,0,2,1,2,2,1,2,2,0,1,2,0,1,2,0,0,2,1,2,0,1,0,1,2,0,2,2,0,0,1,0,0,2,1,2,1,1,0,2,2,0,1,0,1,1,2,1,2,1,0,2,2,2,0,2,0,1,1,2,2,0,1,0,1,0,1,2,2,0,0,0,1,1,0,1,2,0,1,1,1,2,1,2,1,1,2,2,2,2
216_15,0,1,1,0,1,1,0,2,2,1,2,0,1,2,0,2,2,1,1,0,0,0,1,1,1,0,0,1,1,2,2,2,0,1,2,2,1,2,2,0,1,0,1,2,1,2,1,2,2,2,2,1,2,2,2,1,1,0,2,2,2,0,1,2,1,2,2,2,2,1,2,1,1,2,2,1,2,2,2,2,1,1,1,1,1,2,1,1,1,2,2,2,0,2,0,2,2,0,1,0,0,0,1,2,2,1,2,1,0,1,1,0,2,1,2,2,1,2,2,0,1,2,0,1,2,0,0,2,1,2,0,1,0,1,2,0,2,2,0,1,1,0,0,2,1,2,1,1,0,2,2,0,1,0,1,1,2,1,2,1,0,2,2,0,0,2,0,1,1,2,2,0,1,0,1,0,0,2,2,0,0,0,1,1,0,1,2,0,1,1,1,2,1,2,1,1,2,2,2,2
I21,0,1,0,0,1,1,2,2,2,1,2,0,0,2,0,2,2,1,1,0,0,0,1,1,0,0,0,1,0,2,2,0,1,1,2,1,1,0,2,1,2,0,1,2,1,2,1,2,2,2,2,1,2,2,0,1,0,0,2,2,0,0,1,2,1,2,1,2,2,1,0,1,1,2,0,1,2,2,2,2,1,1,0,0,0,2,0,1,1,1,2,2,0,0,0,0,2,0,1,2,0,2,1,2,2,2,2,1,2,2,1,1,2,1,2,2,1,0,2,0,1,0,0,1,2,0,0,2,1,2,0,1,2,1,2,0,0,0,0,0,0,0,2,2,1,2,2,1,0,2,2,0,1,0,1,1,2,0,2,0,0,0,2,0,0,2,0,1,1,0,0,0,1,0,0,0,0,2,0,0,0,0,1,0,2,0,2,0,1,1,1,2,1,2,1,1,1,2,2,0
I22,0,1,0,0,1,1,2,2,2,1,2,0,1,2,1,2,2,1,1,1,0,0,1,1,0,0,0,1,0,2,2,0,1,1,2,1,1,0,2,1,2,0,1,2,1,2,1,2,2,2,2,1,2,2,0,1,0,1,2,2,0,0,1,2,1,2,1,2,2,1,0,1,1,2,0,1,2,2,2,2,1,1,0,0,2,2,0,1,1,1,2,2,0,0,0,0,2,0,1,2,0,2,1,2,2,2,2,1,2,2,1,1,2,1,2,2,1,0,2,0,1,0,0,1,2,0,0,2,1,2,0,1,2,1,2,0,0,0,0,0,0,0,2,2,1,2,2,1,0,2,2,0,1,0,1,1,2,0,2,2,2,2,2,0,0,2,0,1,1,0,0,0,1,0,0,0,0,2,0,0,2,0,1,0,2,0,2,0,1,1,1,2,1,2,1,1,1,2,2,0
216_12,0,1,0,0,1,1,2,2,2,1,2,0,1,2,1,2,2,1,1,1,0,0,1,1,0,0,0,1,0,2,2,0,1,1,2,1,1,0,2,1,2,0,1,2,1,2,1,2,2,2,2,1,2,2,0,1,0,1,2,2,0,0,1,2,1,2,1,2,2,1,0,1,1,2,0,1,2,2,2,2,1,1,0,2,2,2,0,1,1,1,2,2,0,0,0,0,2,0,1,2,0,2,1,2,2,2,2,1,2,2,1,1,2,1,2,2,1,0,2,0,1,0,0,1,2,0,0,2,1,2,0,1,2,1,2,0,0,0,0,0,0,0,2,2,1,2,2,1,0,2,2,0,1,0,1,1,2,0,2,2,2,2,2,0,0,2,0,1,1,0,0,0,1,0,0,0,0,2,0,0,2,0,1,0,2,0,2,0,1,1,1,2,1,2,1,1,1,2,2,0
216_11,0,1,0,0,1,1,2,2,2,1,2,0,1,2,1,2,2,1,1,1,0,0,1,1,0,0,0,1,0,2,2,0,1,1,2,1,1,0,2,1,2,1,1,2,1,2,1,2,2,2,2,1,2,2,0,1,0,1,2,2,0,0,1,2,1,2,1,2,2,1,0,1,1,2,0,1,2,2,2,2,1,1,0,0,2,2,0,1,1,1,2,2,0,0,0,0,2,0,1,2,0,2,1,2,2,2,2,1,2,2,1,1,2,1,2,2,1,0,2,0,1,0,0,1,2,0,0,2,1,2,0,1,2,1,2,0,0,0,0,0,0,0,2,2,1,2,2,1,0,2,2,0,1,0,1,1,2,1,2,2,2,2,2,0,0,2,0,1,1,0,2,0,1,0,0,0,0,2,0,0,2,0,1,0,2,0,2,0,1,1,1,2,1,2,1,1,1,2,2,0
I23,0,1,0,0,1,1,2,2,2,1,2,0,2,2,0,2,2,1,1,0,2,0,1,1,0,0,0,1,0,2,2,0,1,1,2,1,1,0,2,1,2,0,1,2,1,2,1,2,2,2,2,1,2,2,0,1,1,0,2,2,0,0,1,2,1,2,1,2,2,1,0,1,1,2,0,1,2,2,2,2,1,1,0,0,2,2,0,1,1,1,2,2,0,0,0,0,2,0,1,2,0,2,1,2,2,2,2,1,2,2,1,1,2,1,2,2,1,0,2,0,1,0,0,1,2,2,1,2,1,2,1,1,2,1,2,0,0,0,0,0,0,0,2,2,1,2,2,1,0,2,2,2,1,2,1,1,2,0,2,0,0,0,2,1,0,2,1,1,1,0,0,0,1,0,0,0,0,2,0,0,0,0,1,2,2,0,2,0,1,1,1,2,1,2,1,1,1,2,2,0
216_10,0,1,1,0,1,1,2,2,2,1,2,0,2,2,0,2,2,1,1,0,2,0,1,1,0,0,0,1,0,2,2,0,1,1,2,1,1,0,2,1,2,0,1,2,1,2,1,2,2,2,2,1,2,2,0,1,1,0,2,2,0,0,1,2,1,2,1,2,2,1,0,1,1,2,0,1,2,2,2,2,1,1,0,0,2,2,0,1,1,1,2,2,1,0,0,0,2,0,1,2,0,2,1,2,2,2,2,1,2,2,1,1,2,1,2,2,1,0,2,0,1,0,0,1,2,2,1,2,1,2,1,1,2,1,2,0,0,0,0,0,0,0,2,2,1,2,2,1,0,2,2,2,1,2,1,1,2,0,2,0,0,0,2,1,0,2,1,1,1,0,0,0,1,0,0,0,0,2,0,1,0,0,1,2,2,0,2,0,1,1,1,2,1,2,1,1,1,2,2,0
216_9,0,1,0,0,1,1,2,2,2,1,2,0,2,2,0,2,2,1,1,0,2,0,1,1,0,0,0,1,0,2,2,0,1,1,2,1,1,0,2,1,2,0,1,2,1,2,1,2,2,2,2,1,2,2,0,1,1,0,2,2,0,0,1,2,1,2,1,2,2,1,0,1,1,2,0,1,2,2,2,2,1,1,0,2,2,2,0,1,1,1,2,2,0,0,0,0,2,0,1,2,0,2,1,2,2,2,2,1,2,2,1,1,2,1,2,2,1,0,2,0,1,0,0,1,2,2,1,2,1,2,1,1,2,1,2,0,0,0,0,0,0,0,2,2,1,2,2,1,0,2,2,2,1,2,1,1,2,0,2,0,0,1,2,1,0,2,1,1,1,0,0,0,1,0,0,0,2,2,2,0,0,2,1,2,2,0,2,0,1,1,1,2,1,2,1,1,1,2,2,0
I24,0,1,0,1,1,1,1,2,0,1,2,0,0,2,0,2,0,1,1,0,0,0,1,0,1,0,0,1,1,2,2,0,0,0,2,0,1,0,2,1,0,2,0,0,1,0,1,2,2,0,2,1,2,1,0,1,0,1,2,2,0,1,1,2,2,0,1,2,2,1,0,0,1,2,0,1,0,0,2,0,0,0,0,0,0,2,0,1,1,0,2,2,1,0,0,1,0,0,1,0,0,0,1,2,2,2,2,1,0,0,0,0,2,1,2,0,1,0,2,0,1,2,0,1,2,0,0,0,1,2,0,1,0,1,0,0,2,0,0,0,0,0,0,2,0,2,1,0,0,2,2,2,1,2,0,1,2,0,2,0,1,0,2,0,0,2,0,1,1,0,2,1,1,0,0,0,0,0,0,0,2,0,0,1,0,1,2,0,1,2,1,2,0,2,1,1,0,2,2,1
I25,0,1,2,1,1,1,1,2,0,1,2,0,0,2,0,2,1,1,1,1,0,2,1,0,1,0,0,1,1,2,2,0,0,0,2,0,1,0,2,1,0,2,0,0,1,0,1,2,2,0,2,1,2,1,0,1,0,1,2,2,0,1,1,2,2,0,1,2,2,1,0,0,1,2,0,1,1,0,2,0,0,0,0,0,0,2,0,1,1,0,2,2,1,0,0,1,2,0,1,1,0,0,1,2,2,2,2,1,0,2,0,0,2,1,2,0,1,0,2,0,1,2,0,1,2,0,0,0,1,2,0,1,1,1,0,0,2,0,0,0,1,0,0,2,0,2,1,0,0,2,2,2,1,2,0,1,2,0,2,2,1,0,2,1,1,2,0,1,1,0,2,1,1,0,0,0,0,0,0,1,2,0,0,1,0,1,2,0,1,2,1,2,0,2,1,1,2,2,2,1
I26,2,1,2,1,1,1,1,2,0,1,2,0,0,2,0,2,1,1,1,1,2,2,1,0,1,0,2,1,1,2,2,0,0,0,2,0,1,0,2,1,0,2,0,0,1,0,1,2,2,0,2,1,2,1,0,1,2,1,2,2,0,1,1,2,2,0,1,2,2,1,0,0,1,2,0,1,1,2,2,0,0,0,0,0,0,2,0,1,1,0,2,2,1,0,2,1,2,0,1,1,0,1,1,2,2,2,2,1,0,2,0,0,2,1,2,0,1,2,2,2,1,2,0,1,2,0,0,0,1,2,2,1,1,1,0,0,2,0,0,0,1,0,0,2,0,2,1,0,2,2,2,2,1,2,0,1,2,0,2,2,1,0,2,1,1,2,0,1,1,1,2,1,1,0,1,0,0,1,0,1,2,0,0,1,1,1,2,0,1,2,1,2,0,2,1,1,2,2,2,1
216_2,2,1,2,1,1,1,1,2,0,1,2,0,0,2,0,2,1,1,1,1,2,2,1,0,1,0,2,1,1,2,2,0,0,0,2,0,1,2,2,1,0,2,0,0,1,0,1,2,2,0,2,1,2,1,1,1,2,1,2,2,0,1,1,2,2,0,1,2,2,1,0,0,1,2,0,1,1,2,2,1,0,0,0,0,0,2,0,1,1,0,2,2,1,0,2,1,2,0,1,1,0,1,1,2,2,2,2,1,0,2,0,0,2,1,2,2,1,2,2,2,1,2,0,1,2,0,0,1,1,2,2,1,1,1,0,0,2,2,0,0,1,0,0,2,0,2,1,0,2,2,2,2,1,2,0,1,2,0,2,2,1,0,2,1,1,2,0,1,1,1,2,1,1,0,1,0,0,1,0,1,2,0,0,1,1,1,2,0,1,2,1,2,0,2,1,1,2,2,2,1
216_1,2,1,2,1,1,1,1,2,0,1,2,0,0,2,1,2,1,1,1,1,2,2,1,0,1,0,2,1,1,2,2,0,0,0,2,0,1,0,2,1,0,2,0,0,1,0,1,2,2,0,2,1,2,1,0,1,2,1,2,2,0,1,1,2,2,0,1,2,2,1,0,0,1,2,0,1,1,2,2,0,0,0,0,0,0,2,0,1,1,0,2,2,1,0,2,1,2,0,1,1,0,1,1,2,2,2,2,1,0,2,0,0,2,1,2,0,1,2,2,2,1,2,0,1,2,1,2,0,1,2,2,1,1,1,0,2,2,2,0,0,1,0,0,2,0,2,1,0,2,2,2,2,1,2,0,1,2,0,2,2,1,0,2,1,1,2,0,1,1,1,2,1,1,2,1,0,0,1,0,1,2,0,0,1,1,1,2,0,1,2,1,2,0,2,1,1,2,2,2,1
I27,0,1,2,1,1,1,1,2,0,1,2,1,1,2,2,2,1,1,1,1,0,2,1,0,1,0,1,1,1,2,2,0,0,0,2,0,1,0,2,1,0,2,0,0,1,0,1,2,2,2,2,1,2,1,0,1,0,1,2,2,0,1,1,2,2,0,1,2,2,1,0,2,1,2,0,1,1,0,2,0,0,0,0,0,0,2,0,1,1,0,2,2,1,0,2,1,2,2,1,1,0,1,1,2,2,2,2,1,0,2,0,2,2,1,2,0,1,0,2,0,1,2,0,1,2,0,0,0,1,2,0,1,1,1,0,0,2,0,0,0,1,0,0,2,2,2,1,0,0,2,2,2,1,2,0,1,2,0,2,2,1,0,2,1,1,2,2,1,1,1,2,1,1,0,0,0,2,0,0,1,2,0,0,1,0,1,2,0,1,2,1,2,0,2,1,1,2,2,2,1
216_4,0,1,2,1,1,1,1,2,0,1,2,1,1,2,2,2,1,1,1,1,0,2,1,0,1,0,1,1,1,2,2,0,0,0,2,0,1,0,2,1,0,2,0,1,1,0,1,2,2,2,2,1,2,1,0,1,0,1,2,2,1,1,1,2,2,0,1,2,2,1,0,2,1,2,0,1,1,0,2,0,0,0,0,0,0,2,0,1,1,2,2,2,1,0,2,1,2,2,1,1,0,1,1,2,2,2,2,1,1,2,0,2,2,1,2,0,1,0,2,0,1,2,0,1,2,0,0,0,1,2,0,1,1,1,0,0,2,0,0,0,1,0,0,2,2,2,1,0,0,2,2,2,1,2,0,1,2,0,2,2,1,0,2,1,1,2,2,1,1,1,2,1,1,0,2,0,2,0,0,1,2,0,0,1,0,1,2,0,1,2,1,2,0,2,1,1,2,2,2,1
216_3,0,1,2,1,1,1,1,2,0,1,2,1,1,2,2,2,1,1,1,1,0,2,1,0,1,0,1,1,1,2,2,0,0,0,2,0,1,0,2,1,0,2,2,0,1,0,1,2,2,2,2,1,2,1,0,1,0,1,2,2,0,1,1,2,2,0,1,2,2,1,0,2,1,2,0,1,1,0,2,0,0,0,0,0,0,2,0,1,1,1,2,2,1,0,2,1,2,2,1,1,0,1,1,2,2,2,2,1,0,2,0,2,2,1,2,0,1,2,2,0,1,2,0,1,2,0,0,0,1,2,0,1,1,1,0,0,2,0,0,1,1,0,0,2,2,2,1,0,0,2,2,2,1,2,0,1,2,0,2,2,1,0,2,1,1,2,2,1,1,1,2,1,1,0,2,0,2,1,2,1,2,0,0,1,0,1,2,0,1,2,1,2,0,2,1,1,2,2,2,1
I28,0,1,0,1,1,1,1,2,0,1,2,0,0,2,0,2,0,1,1,0,2,1,1,1,1,0,0,1,1,2,2,2,0,0,2,0,1,0,2,1,0,2,0,0,1,0,1,2,2,2,2,1,2,1,0,1,1,1,2,2,0,1,1,2,2,0,1,2,2,1,0,0,1,2,0,1,0,0,2,0,2,2,1,0,0,2,0,1,1,0,2,2,1,0,0,1,0,0,1,2,0,0,1,2,2,2,2,1,0,2,0,0,2,1,2,0,1,0,2,1,1,2,0,1,2,0,0,2,1,2,0,1,0,1,0,2,2,0,0,0,0,2,2,2,0,2,1,0,0,2,2,2,1,2,0,1,2,0,2,0,1,0,2,0,2,2,0,1,1,0,2,1,1,0,0,0,0,0,1,1,2,0,0,1,2,1,2,0,1,2,1,2,0,2,1,1,0,2,2,1
I29,0,1,0,1,1,1,1,2,2,1,2,0,0,2,0,2,0,1,1,0,2,1,1,1,1,0,1,1,1,2,2,2,0,0,2,0,1,0,2,1,0,2,2,2,1,0,1,2,2,2,2,1,2,1,0,1,1,1,2,2,0,1,1,2,2,0,1,2,2,1,2,0,1,2,1,1,0,0,2,0,2,2,1,0,0,2,0,1,1,0,2,2,1,0,1,1,0,0,1,2,0,0,1,2,2,2,2,1,1,2,0,0,2,1,2,0,1,2,2,1,1,2,0,1,2,0,0,2,1,2,0,1,0,1,0,2,2,0,1,0,0,2,2,2,0,2,1,0,0,2,2,2,1,2,0,1,2,2,2,0,1,0,2,0,2,2,0,1,1,0,2,1,1,0,0,0,0,0,1,1,2,1,0,1,2,1,2,2,1,2,1,2,0,2,1,1,0,2,2,1
216_8,0,1,0,1,1,1,1,2,2,1,2,0,0,2,0,2,0,1,1,0,2,1,1,1,1,0,1,1,1,2,2,2,0,0,2,0,1,0,2,1,0,2,2,2,1,0,1,2,2,2,2,1,2,1,0,1,1,1,2,2,0,1,1,2,2,0,1,2,2,1,2,0,1,2,1,1,0,0,2,1,2,2,1,1,0,2,0,1,1,2,2,2,1,0,1,1,0,0,1,2,0,0,1,2,2,2,2,1,1,2,0,0,2,1,2,0,1,2,2,1,1,2,0,1,2,0,0,2,1,2,0,1,0,1,0,2,2,0,1,0,1,2,2,2,0,2,1,0,0,2,2,2,1,2,1,1,2,2,2,0,1,0,2,0,2,2,0,1,1,0,2,1,1,0,0,2,0,0,1,1,2,1,0,1,2,1,2,2,1,2,1,2,0,2,1,1,0,2,2,1
216_7,0,1,0,1,1,1,1,2,2,1,2,0,0,2,0,2,0,1,1,0,2,1,1,1,1,0,1,1,1,2,2,2,0,0,2,0,1,0,2,1,0,2,2,2,1,0,1,2,2,2,2,1,2,1,0,1,1,1,2,2,0,1,1,2,2,0,1,2,2,1,2,0,1,2,1,1,0,0,2,0,2,2,1,0,0,2,0,1,1,0,2,2,1,0,1,1,0,2,1,2,0,0,1,2,2,2,2,1,1,2,0,0,2,1,2,0,1,2,2,1,1,2,0,1,2,0,0,2,1,2,0,1,0,1,0,2,2,2,1,0,0,2,2,2,0,2,1,0,1,2,2,2,1,2,0,1,2,2,2,0,1,0,2,0,2,2,0,1,1,0,2,1,1,0,0,0,0,0,1,1,2,1,0,1,2,1,2,2,1,2,1,2,0,2,1,1,0,2,2,1
I30,0,1,0,1,1,1,1,2,0,1,2,0,0,2,0,2,0,1,1,0,2,1,1,1,1,0,0,1,1,2,2,2,2,0,2,0,1,0,2,1,0,2,0,1,1,0,1,2,2,2,2,1,2,1,0,1,1,1,2,2,0,1,1,2,2,0,1,2,2,1,0,2,1,2,1,1,0,0,2,0,2,2,1,0,0,2,0,1,1,0,2,2,1,0,0,1,0,2,1,2,0,0,1,2,2,2,2,1,0,2,0,0,2,1,2,0,1,0,2,1,1,2,0,1,2,2,0,2,1,2,0,1,0,1,1,2,2,0,0,0,0,2,2,2,0,2,1,0,0,2,2,2,1,2,0,1,2,0,2,0,1,0,2,2,2,2,0,1,1,0,2,1,1,2,0,0,0,0,1,1,2,0,2,1,2,1,2,2,1,2,1,2,0,2,1,1,0,2,2,1
216_6,2,1,0,1,1,1,1,2,0,1,2,0,0,2,0,2,0,1,1,0,2,1,1,1,1,0,0,1,1,2,2,2,2,0,2,0,1,0,2,1,0,2,0,1,1,0,1,2,2,2,2,1,2,1,0,1,1,1,2,2,0,1,1,2,2,0,1,2,2,1,0,2,1,2,1,1,0,0,2,1,2,2,1,1,0,2,2,1,1,0,2,2,1,0,0,1,0,2,1,2,0,0,1,2,2,2,2,1,0,2,0,0,2,1,2,0,1,0,2,1,1,2,0,1,2,2,1,2,1,2,0,1,0,1,1,2,2,1,0,0,0,2,2,2,0,2,1,0,0,2,2,2,1,2,0,1,2,1,2,0,1,0,2,2,2,2,0,1,1,0,2,1,1,2,0,0,0,0,1,1,2,0,2,1,2,1,2,2,1,2,1,2,0,2,1,1,0,2,2,1
216_5,0,1,0,1,1,1,1,2,0,1,2,0,0,2,0,2,0,1,1,0,2,1,1,1,1,0,2,1,1,2,2,2,2,0,2,0,1,0,2,1,0,2,1,1,1,1,1,2,2,2,2,1,2,1,0,1,1,1,2,2,0,1,1,2,2,0,1,2,2,1,0,2,1,2,1,1,0,0,2,0,2,2,1,0,0,2,0,1,1,0,2,2,1,0,0,1,0,2,1,2,0,0,1,2,2,2,2,1,0,2,0,0,2,1,2,0,1,0,2,1,1,2,0,1,2,2,0,2,1,2,0,1,1,1,1,2,2,0,0,0,0,2,2,2,0,2,1,0,0,2,2,2,1,2,0,1,2,1,2,0,1,0,2,2,2,2,0,1,1,2,2,1,1,2,0,0,0,0,1,1,2,0,2,1,2,1,2,2,1,2,1,2,0,2,1,1,0,2,2,1
Evolve tree: [&R] (((((216_5:0.09535897289914641,216_6:0.09535897289914641)I30:0.1837416004478283,(216_7:0.0867819963171266,216_8:0.0867819963171266)I29:0.19231857702984811)I28:0.23726007856380954,((216_3:0.07402026117428229,216_4:0.07402026117428229)I27:0.19531690248808092,(216_1:0.06979383206259182,216_2:0.06979383206259182)I26:0.19954333159977142)I25:0.24702348824842096)I24:0.300880231290716,(((216_9:0.06979383206259182,216_10:0.06979383206259182)I23:0.1850162954939144,(216_11:0.06138193148560831,216_12:0.06138193148560831)I22:0.19342819607089792)I21:0.26155052435427806,((216_15:0.044720728399874905,216_16:0.044720728399874905)I20:0.19093830049441085,(216_13:0.03647072670750793,216_14:0.03647072670750793)I19:0.1991883021867778)I18:0.2807016230164986)I17:0.300880231290716)I16:0.32939630818296556,((((216_29:0.09535897289914641,216_30:0.09535897289914641)I15:0.2034591905320864,(216_31:0.07826040190720206,216_32:0.07826040190720206)I14:0.22055776152403073)I13:0.23462340330526407,((216_25:0.09106353939559214,216_26:0.09106353939559214)I12:0.1978638964136526,(216_27:0.06558107023196158,216_28:0.06558107023196158)I11:0.22334636557728316)I10:0.24451413092725213)I9:0.2771694860746945,(((216_17:0.06138193148560831,216_18:0.06138193148560831)I8:0.18382163159114093,(216_19:0.05719637176967074,216_20:0.05719637176967074)I7:0.1880071913070785)I6:0.24863919305099094,((216_21:0.02419549947338963,216_22:0.02419549947338963)I5:0.2162280678191671,(216_23:0.00400000000000029,216_24:0.00400000000000029)I4:0.23642356729255642)I3:0.25341918883518344)I2:0.3167682966834513)I1:0.3360261385732744)I0:0.09431084328484335;