cell,r0,r1,r2,r3,r4,r5,r6,r7,r8,r9,r10,r11,r12,r13,r14,r15,r16,r17,r18,r19,r20,r21,r22,r23,r24,r25,r26,r27,r28,r29,r30,r31,r32,r33,r34,r35,r36,r37,r38,r39,r40,r41,r42,r43,r44,r45,r46,r47,r48,r49,r50,r51,r52,r53,r54,r55,r56,r57,r58,r59,r60,r61,r62,r63,r64,r65,r66,r67,r68,r69,r70,r71,r72,r73,r74,r75,r76,r77,r78,r79,r80,r81,r82,r83,r84,r85,r86,r87,r88,r89,r90,r91,r92,r93,r94,r95,r96,r97,r98,r99,r100,r101,r102,r103,r104,r105,r106,r107,r108,r109,r110,r111,r112,r113,r114,r115,r116,r117,r118,r119,r120,r121,r122,r123,r124,r125,r126,r127,r128,r129,r130,r131,r132,r133,r134,r135,r136,r137,r138,r139,r140,r141,r142,r143,r144,r145,r146,r147,r148,r149,r150,r151,r152,r153,r154,r155,r156,r157,r158,r159,r160,r161,r162,r163,r164,r165,r166,r167,r168,r169,r170,r171,r172,r173,r174,r175,r176,r177,r178,r179,r180,r181,r182,r183,r184,r185,r186,r187,r188,r189,r190,r191,r192,r193,r194,r195,r196,r197,r198,r199
I0,0,0,0,0,0,0,2,0,0,0,0,0,0,0,0,0,2,0,0,0,0,0,0,0,0,1,1,0,0,0,0,1,0,1,0,0,0,0,0,0,1,0,0,0,0,0,0,0,0,0,0,0,0,0,0,0,0,0,0,0,1,0,0,0,0,0,0,0,0,2,0,0,2,0,0,0,0,0,0,0,0,0,1,0,0,1,0,0,0,0,0,0,0,0,0,0,0,0,0,0,0,0,0,2,0,0,0,0,0,0,0,0,0,0,0,0,0,0,0,0,0,0,0,0,0,0,0,0,0,0,0,0,0,0,1,0,0,0,0,0,0,1,0,0,0,2,0,0,0,1,0,0,0,0,1,0,0,0,0,0,0,0,0,0,0,0,0,0,0,0,0,0,0,0,0,0,0,0,0,0,0,0,0,0,0,0,2,0,0,0,0,0,0,0,0,0,0,0,0,0
I1,0,0,0,0,0,2,2,2,0,0,0,0,1,2,0,1,2,0,2,0,2,0,0,0,0,1,1,0,0,0,0,1,0,1,0,0,0,2,0,0,1,0,0,2,2,0,0,1,0,0,1,0,0,0,0,0,0,0,0,0,1,0,0,0,0,0,0,1,0,2,0,2,2,0,0,1,2,0,0,0,0,0,1,0,0,1,1,0,0,0,0,1,0,1,0,2,0,0,0,1,2,0,0,2,0,0,0,0,0,0,0,0,0,0,0,0,0,0,0,0,1,0,1,0,1,2,0,0,0,0,0,0,0,0,1,1,1,0,0,0,0,1,0,0,0,2,0,0,0,1,0,0,0,1,1,0,1,0,1,0,0,0,0,0,2,1,0,0,0,0,0,1,0,0,1,0,0,0,0,2,2,0,0,2,2,0,2,0,0,0,1,0,0,2,2,1,0,0,0,2
I2,0,1,0,0,0,2,2,2,0,0,0,0,1,2,0,1,2,0,2,2,2,0,0,0,0,1,1,2,0,2,0,1,0,1,0,0,0,2,0,0,1,1,0,2,2,0,0,1,1,0,1,0,0,0,0,1,0,0,0,0,1,2,1,0,0,0,0,1,0,2,0,2,2,0,1,1,2,0,0,0,1,0,1,1,1,1,1,0,0,0,1,1,2,1,0,2,1,0,0,1,2,0,0,2,0,0,2,1,0,0,0,0,1,0,0,0,0,0,0,2,1,0,1,0,1,2,0,0,0,0,2,0,0,0,1,1,1,0,0,0,0,1,2,0,1,2,1,0,0,1,2,0,0,1,1,0,1,1,1,0,0,0,2,0,2,1,0,0,0,0,0,1,1,1,1,0,0,0,0,2,2,2,0,2,2,0,2,0,0,0,1,0,0,2,2,1,1,0,0,2
I3,0,1,0,0,0,2,2,2,0,1,0,0,1,2,2,1,2,0,2,2,2,0,0,0,1,1,1,2,2,2,2,1,0,1,0,0,0,2,0,0,1,1,2,2,2,0,0,1,1,1,1,0,2,0,0,1,0,0,2,0,1,2,1,2,0,0,0,1,0,2,0,2,2,0,1,1,2,0,0,0,1,0,1,1,1,1,1,1,2,0,1,1,2,1,1,2,1,0,0,1,2,0,0,2,0,0,2,1,0,0,0,0,1,1,0,0,0,0,0,2,1,0,1,0,1,2,0,0,0,0,2,1,0,0,1,1,1,0,0,0,0,1,2,2,1,2,1,0,0,1,2,0,0,1,1,0,1,1,1,0,0,0,2,0,2,1,0,0,0,1,0,1,1,1,1,0,1,0,0,2,2,2,0,2,2,0,2,0,0,0,1,0,0,2,2,1,1,0,0,2
I4,0,1,0,0,0,2,2,2,0,1,0,0,1,2,2,1,2,0,2,2,2,0,0,0,1,1,1,2,2,2,2,1,0,1,0,0,0,2,0,0,1,1,2,2,2,0,0,1,1,1,1,0,2,0,0,1,0,0,2,0,1,2,1,2,0,1,0,1,1,2,0,2,2,0,1,1,2,1,0,0,1,0,1,1,1,1,1,1,2,0,1,1,2,1,1,2,1,0,0,1,2,1,2,2,2,0,2,1,0,0,0,0,1,1,0,1,0,0,0,2,1,0,1,0,1,2,1,0,0,0,2,1,0,0,1,1,1,0,0,0,0,1,2,2,1,2,1,0,0,1,2,0,0,1,1,0,1,1,1,0,0,0,2,0,2,1,0,0,0,1,0,1,1,1,1,0,1,0,0,2,2,2,0,2,2,0,2,0,0,0,1,2,0,2,2,1,1,1,0,2
216_24,0,1,0,0,0,2,2,2,0,1,0,0,1,2,2,1,2,0,2,2,2,0,0,0,1,1,1,2,2,2,2,1,0,1,0,0,0,2,0,0,1,1,2,2,2,0,0,1,1,1,1,0,2,0,0,1,0,0,2,0,1,2,1,2,0,1,0,1,1,2,1,2,2,0,1,1,2,1,0,0,1,0,1,1,1,1,1,1,2,0,1,1,2,1,1,2,1,0,0,1,2,1,2,2,2,0,2,1,0,0,0,0,1,1,0,1,0,0,0,2,1,0,1,0,1,2,1,0,0,0,2,1,0,0,1,1,1,0,0,0,0,1,2,2,1,2,1,0,0,1,2,0,0,1,1,0,1,1,1,0,0,0,2,0,2,1,0,0,0,1,0,1,1,1,1,0,1,0,0,2,2,2,0,2,2,0,2,0,0,0,1,2,0,2,2,1,1,1,0,2
216_23,0,1,0,0,0,2,2,2,0,1,0,0,1,2,2,1,2,0,2,2,2,0,0,0,1,1,1,2,2,2,2,1,0,1,0,0,0,2,0,0,1,1,2,2,2,0,0,1,1,1,1,0,2,0,0,1,0,0,2,0,1,2,1,2,0,1,0,1,1,2,0,2,2,0,1,1,2,1,0,0,1,0,1,1,1,1,1,1,2,0,1,1,2,1,1,2,1,0,0,1,2,1,2,2,2,0,2,1,0,0,0,0,1,1,0,1,0,0,0,2,1,0,1,0,1,2,1,0,0,0,2,1,0,0,1,1,1,0,0,0,0,1,2,2,1,2,1,0,0,1,2,0,0,1,1,0,1,1,1,0,0,0,2,0,2,1,0,0,0,1,0,1,1,1,1,0,1,0,0,2,2,2,0,2,2,0,2,0,0,0,1,2,0,2,2,1,1,1,0,2
I5,0,1,2,0,0,2,2,2,0,1,0,0,1,2,2,1,2,0,2,2,2,1,0,0,1,1,1,2,2,2,2,1,0,1,0,0,0,2,0,0,1,1,2,2,2,0,0,1,1,1,1,0,2,0,0,1,0,1,2,0,1,2,1,2,0,0,0,1,0,2,0,2,2,0,1,1,2,0,0,0,1,0,1,1,1,1,1,1,2,0,1,1,2,1,1,2,1,0,0,1,2,0,0,2,0,0,2,1,0,0,0,0,1,1,0,0,0,0,0,2,1,0,1,0,1,2,0,1,0,0,2,1,0,0,1,1,1,0,0,0,0,1,2,2,1,2,1,0,0,1,2,0,0,1,1,0,1,1,1,0,0,0,2,0,2,1,0,0,0,1,0,1,1,1,1,0,1,0,0,2,2,2,0,2,2,0,2,0,0,0,1,0,0,2,2,1,1,0,1,2
216_22,0,1,2,0,0,2,2,2,0,1,0,0,1,2,2,1,2,0,2,2,2,1,0,0,1,1,1,2,2,2,2,1,0,1,0,0,0,2,0,0,1,1,2,2,2,0,0,1,1,1,1,0,2,0,0,1,0,1,2,0,1,2,1,2,0,0,0,1,0,2,0,2,2,0,1,1,2,0,0,1,1,0,1,1,1,1,1,1,2,0,1,1,2,1,1,2,1,0,0,1,2,0,0,2,0,0,2,1,0,0,0,0,1,1,0,0,1,0,0,2,1,0,1,0,1,2,0,1,0,0,2,1,0,0,1,1,1,0,0,0,0,1,2,2,1,2,1,0,0,1,2,0,0,1,1,0,1,1,1,0,0,0,2,0,2,1,0,0,0,1,0,1,1,1,1,0,1,0,0,2,2,2,0,2,2,0,2,0,0,0,1,0,0,2,2,1,1,0,1,2
216_21,0,1,2,0,0,2,2,2,0,1,0,0,1,2,2,1,2,0,2,2,2,1,0,0,1,1,1,2,2,2,2,1,0,1,0,0,0,2,0,0,1,1,2,2,2,0,0,1,1,1,1,0,2,0,0,1,0,1,2,0,1,2,1,2,0,0,0,1,0,2,0,2,2,0,1,1,2,0,0,0,1,0,1,1,1,1,1,1,2,0,1,1,2,1,1,2,1,0,0,1,2,0,0,2,0,0,2,1,0,0,0,0,1,1,0,0,0,0,0,2,1,0,1,0,1,2,0,1,0,0,2,1,0,0,1,1,1,0,0,0,0,1,2,2,1,2,1,0,0,1,2,0,0,1,1,0,1,1,1,0,1,0,2,0,2,1,0,0,0,1,0,1,1,1,1,0,1,0,0,2,2,2,0,2,2,0,2,0,0,0,1,0,0,2,2,1,1,0,1,2
I6,0,1,0,0,0,2,2,2,0,0,0,2,1,2,0,1,2,0,2,2,2,0,0,0,0,1,1,2,0,2,1,1,0,1,0,0,0,2,0,0,1,1,0,2,2,0,0,1,1,0,1,2,2,0,0,1,0,0,0,0,1,2,1,0,0,0,0,1,0,2,0,2,2,0,1,1,2,0,0,0,1,0,1,1,1,1,1,0,0,0,1,1,2,1,0,2,1,0,2,1,2,1,0,2,0,0,2,1,1,0,0,0,1,2,0,1,2,0,0,2,1,0,1,1,1,2,2,0,0,0,2,0,0,0,1,1,1,0,0,1,0,1,2,0,1,2,1,0,0,1,2,0,0,1,1,0,1,1,1,0,0,0,2,0,2,1,0,0,0,0,0,1,1,1,1,0,0,0,0,2,2,2,0,2,2,0,2,0,0,0,1,0,0,2,2,1,1,0,1,2
I7,0,1,0,0,0,2,2,2,0,0,2,2,1,2,0,1,2,0,2,2,2,0,0,0,0,1,1,2,0,2,1,1,0,1,2,0,0,2,0,0,1,1,0,2,2,0,0,1,1,0,1,2,2,1,0,1,0,0,0,0,1,2,1,1,0,0,0,1,0,2,0,2,2,0,1,1,2,0,0,0,1,0,1,1,1,1,1,0,0,2,1,1,2,1,0,2,1,2,2,1,2,1,0,2,0,0,2,1,1,0,0,0,1,2,0,1,2,0,0,2,1,0,1,1,1,2,2,0,0,2,2,0,0,0,1,1,1,0,0,1,2,1,2,0,1,2,1,0,0,1,2,0,0,1,1,0,1,1,1,0,0,0,2,0,2,1,0,0,0,0,2,1,1,1,1,0,1,0,0,2,2,2,0,2,2,0,2,0,0,0,1,0,0,2,2,1,1,0,1,2
216_20,0,1,0,0,0,2,2,2,0,0,2,2,1,2,0,1,2,0,2,2,2,0,0,0,0,1,1,2,0,2,1,1,0,1,2,0,2,2,0,0,1,1,0,2,2,0,0,1,1,0,1,2,2,1,0,1,0,0,0,0,1,2,1,1,1,0,0,1,0,2,0,2,2,0,1,1,2,0,0,0,1,0,1,1,1,1,1,0,0,2,1,1,2,1,0,2,1,2,2,1,2,1,0,2,0,0,2,1,1,0,0,0,1,2,0,1,2,0,0,2,1,0,1,1,1,2,2,0,0,2,2,0,0,0,1,1,1,0,0,1,2,1,2,0,1,2,1,0,0,1,2,0,0,1,1,0,1,1,1,0,0,0,2,0,2,1,0,0,0,0,2,1,1,1,1,0,1,0,0,2,2,2,0,2,2,0,2,0,0,0,1,0,0,2,2,1,1,0,1,2
216_19,0,1,0,0,0,2,2,2,0,0,2,2,1,2,0,1,2,0,2,2,2,0,0,0,0,1,1,2,0,2,1,1,0,1,2,2,0,2,0,0,1,1,0,2,2,0,0,1,1,0,1,2,2,1,0,1,0,0,0,0,1,2,1,1,0,0,0,1,0,2,0,2,2,0,1,1,2,0,0,0,1,0,1,1,1,1,1,0,0,2,1,1,2,1,0,2,1,2,2,1,2,1,0,2,0,0,2,1,1,0,0,0,1,2,0,1,2,0,0,2,1,0,1,1,1,2,2,0,0,2,2,0,0,0,1,1,1,0,0,1,2,1,2,0,1,2,1,0,0,1,2,0,0,1,1,1,1,1,1,0,0,0,2,0,2,1,0,0,0,0,2,1,1,1,1,0,1,0,0,2,2,2,0,2,2,0,2,0,0,0,1,0,0,2,2,1,1,0,1,2
I8,0,1,0,0,0,2,2,2,0,0,0,2,1,2,2,1,2,0,2,2,2,0,0,0,0,1,1,2,2,2,1,1,0,1,0,2,0,2,0,1,1,1,0,2,2,0,0,1,1,0,1,2,2,0,0,1,0,0,1,0,1,2,1,0,0,0,0,1,0,2,0,2,2,0,1,1,2,0,0,0,1,0,1,1,1,1,1,0,0,0,1,1,2,1,0,2,1,0,2,1,2,1,0,2,0,0,2,1,1,0,0,0,1,2,2,1,2,0,0,2,1,0,1,1,1,2,2,0,0,1,2,0,0,0,1,1,1,0,0,1,1,1,2,2,1,2,1,0,0,1,2,0,0,1,1,1,1,1,1,0,0,2,2,0,2,1,0,0,0,0,0,1,1,1,1,0,2,0,0,2,2,2,0,2,2,0,2,0,0,0,1,0,2,2,2,1,1,0,1,2
216_18,0,1,0,0,0,2,2,2,0,0,0,2,1,2,2,1,2,0,2,2,2,0,0,0,0,1,1,2,2,2,1,1,0,1,0,2,0,2,0,1,1,1,0,2,2,0,0,1,1,0,1,2,2,0,0,1,0,0,1,0,1,2,1,0,0,0,0,1,0,2,0,2,2,0,1,1,2,0,0,0,1,0,1,1,1,1,1,0,0,0,1,1,2,1,0,2,1,0,2,1,2,1,0,2,0,0,2,1,1,1,0,0,1,2,2,1,2,0,0,2,1,0,1,1,1,2,2,2,0,1,2,0,0,0,1,1,1,0,0,1,1,1,2,2,1,2,1,0,0,1,2,0,0,1,1,1,1,1,1,0,0,2,2,0,2,1,0,0,0,0,0,1,1,1,1,0,2,0,0,2,2,2,0,2,2,0,2,0,0,2,1,0,2,2,2,1,1,0,1,2
216_17,0,1,0,0,0,2,2,2,0,0,0,2,1,2,2,1,2,0,2,2,2,0,0,0,0,1,1,2,2,2,1,1,0,1,0,2,0,2,0,1,1,1,0,2,2,0,0,1,1,0,1,2,2,2,0,1,0,0,1,0,1,2,1,0,0,0,0,1,0,2,0,2,2,0,1,1,2,0,0,0,1,0,1,1,1,1,1,0,0,0,1,1,2,1,0,2,1,0,2,1,2,1,0,2,0,0,2,1,1,0,0,0,1,2,2,1,2,0,0,2,1,0,1,1,1,2,2,0,0,1,2,0,0,0,1,1,1,0,0,1,1,1,2,2,1,2,1,0,0,1,2,0,0,1,1,1,1,1,1,0,0,2,2,0,2,1,0,0,0,0,0,1,1,1,1,0,2,0,0,2,2,2,0,2,2,0,2,0,0,0,1,0,2,2,2,1,1,0,1,2
I9,0,0,1,0,0,2,2,2,0,2,0,0,1,2,0,1,2,0,2,0,2,1,0,0,0,1,1,0,0,0,1,1,0,1,2,0,0,2,0,1,1,0,0,2,2,0,0,1,0,0,1,0,0,0,0,0,0,0,0,0,1,0,0,0,0,0,0,1,0,2,0,2,2,0,0,1,2,0,2,1,0,2,1,0,1,1,1,0,0,0,0,1,0,1,1,2,0,0,0,1,2,0,1,2,0,0,0,1,0,0,0,0,2,0,0,0,0,0,0,2,1,1,1,0,1,2,0,1,1,2,0,1,1,0,1,1,1,2,0,0,0,1,0,0,0,2,0,0,0,1,0,0,2,1,1,0,1,0,1,0,0,1,2,0,2,1,0,0,0,0,0,1,0,0,1,0,1,0,0,2,2,0,0,2,2,0,2,0,0,0,1,0,0,2,2,1,0,0,0,2
I10,2,0,1,0,0,2,2,2,0,2,0,1,1,2,0,1,2,0,2,0,2,1,0,1,0,1,1,0,0,0,1,1,0,1,2,0,0,2,0,1,1,0,0,2,2,0,1,1,0,0,1,0,0,2,0,0,0,0,0,0,1,0,0,0,0,0,0,1,0,2,0,2,2,0,0,1,2,0,2,1,0,2,1,0,1,1,1,1,2,0,2,1,0,1,1,2,0,0,0,1,2,0,1,2,0,0,0,1,2,0,1,0,2,0,0,0,1,0,2,2,1,1,1,1,1,2,0,1,1,2,0,1,1,2,1,1,1,2,0,1,0,1,0,0,0,2,0,0,0,1,0,0,2,1,1,0,1,0,1,2,0,1,2,0,2,1,0,0,0,0,0,1,0,0,1,0,1,0,0,2,2,0,0,2,2,1,2,0,0,2,1,0,0,2,2,1,0,0,0,2
I11,2,2,1,0,0,2,2,2,2,2,0,1,1,2,2,1,2,0,2,0,2,1,0,1,1,1,1,0,0,0,1,1,0,1,2,0,0,2,0,1,1,1,0,2,2,0,1,1,0,0,1,1,0,2,0,0,0,0,0,0,1,0,0,0,0,0,0,1,0,2,0,2,2,0,0,1,2,0,2,1,0,2,1,0,1,1,1,1,2,2,2,1,0,1,1,2,0,0,1,1,2,0,1,2,0,0,0,1,2,0,1,0,2,0,0,0,1,1,2,2,1,1,1,1,1,2,0,1,1,2,1,1,1,2,1,1,1,2,0,1,2,1,2,0,0,2,0,0,2,1,0,0,2,1,1,0,1,0,1,2,0,1,2,0,2,1,0,0,0,0,0,1,0,0,1,0,1,0,0,2,2,0,0,2,2,1,2,0,0,2,1,0,0,2,2,1,0,0,0,2
216_28,2,2,1,0,0,2,2,2,2,2,2,1,1,2,2,1,2,0,2,0,2,1,0,1,1,1,1,0,0,0,1,1,0,1,2,0,0,2,0,1,1,1,0,2,2,0,1,1,0,2,1,1,0,2,0,0,0,0,0,0,1,0,0,0,0,0,0,1,0,2,0,2,2,0,2,1,2,0,2,1,0,2,1,0,1,1,1,1,2,2,2,1,0,1,1,2,0,0,1,1,2,0,1,2,0,0,0,1,2,0,1,0,2,0,0,1,1,1,2,2,1,1,1,1,1,2,0,1,1,2,1,1,1,2,1,1,1,2,0,1,2,1,2,0,0,2,0,0,2,1,0,0,2,1,1,0,1,0,1,2,0,1,2,0,2,1,0,0,0,0,0,1,0,0,1,0,1,0,0,2,2,0,0,2,2,1,2,0,0,2,1,2,0,2,2,1,0,0,0,2
216_27,2,2,1,0,0,2,2,2,2,2,0,1,1,2,2,1,2,0,2,0,2,1,0,1,1,1,1,0,0,0,1,1,0,1,2,0,0,2,0,1,1,1,0,2,2,0,1,1,0,0,1,1,0,2,0,0,0,0,0,0,1,0,0,0,0,0,0,1,0,2,0,2,2,0,0,1,2,0,2,1,0,2,1,0,1,1,1,1,2,2,2,1,0,1,1,2,0,0,1,1,2,0,1,2,0,0,0,1,2,0,1,0,2,0,0,0,1,1,2,2,1,1,1,1,1,2,0,1,1,2,1,1,1,2,1,1,1,2,1,1,2,1,2,0,0,2,0,0,2,1,0,0,2,1,1,0,1,0,1,2,0,1,2,0,2,1,0,0,0,0,0,1,0,2,1,0,1,0,0,2,2,0,0,2,2,1,2,0,0,2,1,0,0,2,2,1,0,0,0,2
I12,2,0,1,2,0,2,2,2,1,2,0,1,1,2,0,1,2,0,2,0,2,1,2,1,0,1,1,2,0,0,1,1,0,1,2,0,1,2,0,1,1,1,0,2,2,0,1,1,0,0,1,0,0,2,0,0,0,0,0,0,1,0,0,0,0,0,0,1,0,2,2,2,2,1,0,1,2,1,2,1,0,2,1,0,1,1,1,1,2,0,2,1,0,1,1,2,1,0,0,1,2,0,1,2,0,0,0,1,2,0,1,0,2,0,0,0,1,2,2,2,1,1,1,1,1,2,0,1,1,2,0,1,1,2,1,1,1,2,0,1,1,1,0,0,0,2,0,0,0,1,0,0,2,1,1,0,1,0,1,2,0,1,2,0,2,1,0,0,0,0,0,1,0,0,1,0,1,0,0,2,2,0,0,2,2,1,2,0,0,2,1,0,1,2,2,1,0,0,0,2
216_26,2,0,1,2,0,2,2,2,1,2,0,1,1,2,0,1,2,0,2,0,2,1,2,1,0,1,1,2,0,0,1,1,0,1,2,0,1,2,0,1,1,1,0,2,2,0,1,1,0,0,1,0,0,2,0,0,0,0,0,0,1,0,0,2,0,0,0,1,0,2,2,2,2,1,0,1,2,1,2,1,0,2,1,0,1,1,1,1,2,0,2,1,0,1,1,2,1,0,0,1,2,0,1,2,0,0,2,1,2,0,1,0,2,0,0,0,1,2,2,2,1,1,1,1,1,2,0,1,1,2,0,1,1,2,1,1,1,2,0,1,1,1,0,0,0,2,0,1,0,1,0,0,2,1,1,0,1,0,1,2,0,1,2,0,2,1,0,0,0,0,0,1,2,0,1,0,1,0,0,2,2,1,0,2,2,1,2,0,0,2,1,0,1,2,2,1,0,0,0,2
216_25,2,0,1,2,0,2,2,2,1,2,1,1,1,2,0,1,2,0,2,0,2,1,2,1,0,1,1,2,0,0,1,1,0,1,2,0,1,2,0,1,1,1,0,2,2,0,1,1,0,0,1,0,0,2,0,0,0,0,0,0,1,0,0,0,0,0,0,1,0,2,2,2,2,1,0,1,2,1,2,1,0,2,1,0,1,1,1,1,2,0,2,1,0,1,1,2,1,0,0,1,2,0,1,2,0,0,0,1,2,0,1,0,2,0,0,0,1,2,2,2,1,1,1,1,1,2,0,1,1,2,0,1,1,2,1,1,1,2,0,1,1,1,0,1,0,2,0,0,0,1,0,0,2,1,1,0,1,0,1,2,0,1,2,0,2,1,0,0,1,0,0,1,0,0,1,0,1,0,0,2,2,0,0,2,2,1,2,0,0,2,1,0,1,2,2,1,0,0,0,2
I13,0,0,1,0,0,2,2,2,0,2,0,2,1,2,0,1,2,0,2,0,2,1,0,0,0,1,1,1,0,0,1,1,0,1,2,0,0,2,0,1,1,0,0,2,2,0,0,1,0,0,1,0,0,0,2,0,0,2,0,0,1,0,0,0,0,0,0,1,0,2,2,2,2,0,0,1,2,0,2,1,0,2,1,0,1,1,1,0,0,0,0,1,0,1,1,2,0,0,0,1,2,0,1,2,0,0,0,1,0,0,0,0,2,0,0,0,0,0,0,2,1,1,1,0,1,2,1,1,1,2,2,1,1,0,1,1,1,2,0,2,0,1,0,1,0,2,0,0,0,1,0,0,2,1,1,0,1,0,1,0,0,1,2,0,2,1,0,0,0,0,1,1,0,0,1,0,1,0,0,2,2,0,0,2,2,0,2,0,0,0,1,0,0,2,2,1,0,0,0,2
I14,0,0,1,0,0,2,2,2,0,2,0,2,1,2,1,1,2,0,2,0,2,1,0,0,0,1,1,1,0,0,1,1,0,1,2,0,0,2,1,1,1,0,0,2,2,0,0,1,0,0,1,0,0,0,2,0,0,2,0,0,1,0,1,0,1,0,0,1,0,2,2,2,2,1,0,1,2,0,2,1,0,2,1,0,1,1,1,0,0,0,0,1,0,1,1,2,0,0,1,1,2,0,1,2,0,0,0,1,0,0,0,0,2,0,0,0,0,0,0,2,1,1,1,1,1,2,1,1,1,2,2,1,1,0,1,1,1,2,0,2,0,1,0,1,0,2,0,0,0,1,0,0,2,1,1,0,1,1,1,0,0,1,2,0,2,1,0,0,0,0,1,1,1,1,1,1,1,0,1,2,2,0,0,2,2,0,2,0,0,0,1,2,0,2,2,1,0,0,0,2
216_32,0,0,1,0,0,2,2,2,0,2,0,2,1,2,1,1,2,0,2,0,2,1,0,0,0,1,1,1,0,0,1,1,0,1,2,0,0,2,1,1,1,2,0,2,2,0,0,1,2,0,1,0,0,0,2,0,0,2,0,0,1,1,1,0,1,0,0,1,0,2,2,2,2,1,0,1,2,0,2,1,0,2,1,0,1,1,1,0,0,0,0,1,0,1,1,2,0,0,1,1,2,0,1,2,0,0,0,1,0,0,0,0,2,0,0,0,0,0,0,2,1,1,1,1,1,2,1,1,1,2,2,1,1,0,1,1,1,2,0,2,0,1,0,1,2,2,0,0,0,1,0,0,2,1,1,0,1,1,1,0,0,1,2,0,2,1,0,0,0,0,1,1,1,1,1,1,1,0,1,2,2,0,0,2,2,0,2,0,0,0,1,2,0,2,2,1,0,0,0,2
216_31,0,0,1,0,0,2,2,2,0,2,0,2,1,2,1,1,2,0,2,0,2,1,0,0,0,1,1,1,0,0,1,1,0,1,2,0,0,2,1,1,1,0,0,2,2,0,0,1,0,0,1,0,0,0,2,0,0,2,0,0,1,0,1,0,1,0,0,1,0,2,2,2,2,1,0,1,2,0,2,1,0,2,1,0,1,1,1,0,0,0,0,1,2,1,1,2,0,0,1,1,2,0,1,2,0,0,0,1,0,0,0,0,2,0,0,0,0,0,0,2,1,1,1,1,1,2,1,1,1,2,2,1,1,0,1,1,1,2,0,2,0,1,0,1,0,2,0,0,0,1,0,0,2,1,1,0,1,1,1,0,0,1,2,0,2,1,0,0,1,0,1,1,1,1,1,1,1,0,1,2,2,0,0,2,2,0,2,0,0,0,1,2,0,2,2,1,0,0,0,2
I15,0,0,1,0,0,2,2,2,0,2,0,2,1,2,0,1,2,0,2,0,2,1,0,0,0,1,1,1,0,0,1,1,0,1,2,0,0,2,0,1,1,0,0,2,2,0,0,1,0,0,1,0,0,0,2,0,0,2,0,0,1,0,0,0,0,0,0,1,1,2,2,2,2,0,0,1,2,0,2,1,0,2,1,0,1,1,1,0,0,1,0,1,0,1,1,2,0,2,0,1,2,0,1,2,0,0,0,1,0,0,0,0,2,0,0,0,0,0,0,2,1,1,1,0,1,2,1,1,1,2,2,1,1,0,1,1,1,2,0,2,1,1,0,1,0,2,0,0,0,1,0,0,2,1,1,0,1,0,1,0,0,1,2,0,2,1,0,0,0,0,1,1,0,0,1,0,1,0,0,2,2,0,0,2,2,2,2,0,0,1,1,0,1,2,2,1,0,0,0,2
216_30,0,0,1,0,0,2,2,2,1,2,0,2,1,2,0,1,2,0,2,0,2,1,0,0,0,1,1,1,0,0,1,1,0,1,2,0,2,2,0,1,1,0,0,2,2,0,0,1,0,0,1,0,0,0,2,0,0,2,0,0,1,0,0,0,0,0,0,1,1,2,2,2,2,0,0,1,2,0,2,1,0,2,1,0,1,1,1,0,0,1,0,1,0,1,1,2,0,2,0,1,2,0,1,2,0,0,0,1,0,0,0,0,2,0,0,0,0,0,0,2,1,1,1,0,1,2,1,1,1,2,2,1,1,0,1,1,1,2,0,2,1,1,0,1,0,2,0,0,0,1,0,0,2,1,1,0,1,0,1,0,0,1,2,0,2,1,0,0,0,0,1,1,0,0,1,0,1,1,0,2,2,0,0,2,2,2,2,0,0,1,1,0,1,2,2,1,0,0,0,2
216_29,0,0,1,0,0,2,2,2,0,2,0,2,1,2,0,1,2,0,2,0,2,1,0,0,0,1,1,1,0,0,1,1,0,1,2,0,0,2,0,1,1,0,0,2,2,0,0,1,0,0,1,0,0,0,2,0,0,2,0,0,1,0,1,0,0,0,0,1,1,2,2,2,2,0,0,1,2,0,2,1,0,2,1,0,1,1,1,0,0,1,0,1,0,1,1,2,0,2,0,1,2,0,1,2,0,0,0,1,2,0,0,0,2,2,0,0,0,0,0,2,1,1,1,0,1,2,1,1,1,2,2,1,1,0,1,1,1,2,0,2,1,1,0,1,0,2,2,0,0,1,0,0,2,1,1,0,1,0,1,0,0,1,2,2,2,1,0,0,0,0,1,1,0,0,1,0,1,0,0,2,2,0,0,2,2,2,2,0,0,1,1,0,1,2,2,1,0,0,0,2
I16,0,0,0,0,2,1,2,0,0,0,1,1,0,0,0,1,2,0,0,0,0,0,0,0,0,1,1,0,1,0,1,1,0,1,0,1,2,0,2,0,1,1,1,0,0,0,1,0,0,0,0,0,0,0,0,0,0,0,2,0,1,0,0,1,1,2,1,0,0,2,0,2,2,0,0,0,2,2,1,0,0,0,1,0,0,1,0,1,1,2,0,0,0,0,2,0,0,0,2,0,2,0,0,2,1,2,0,1,0,0,0,0,0,0,1,0,0,0,0,0,0,0,1,0,0,2,0,0,0,1,0,0,0,1,1,1,0,0,1,1,1,1,0,0,0,2,0,0,0,1,0,0,1,0,1,0,0,0,0,2,0,0,0,0,0,2,1,0,1,0,0,0,0,0,0,2,0,0,0,0,0,0,0,2,0,1,2,2,1,0,0,2,0,0,2,0,0,0,2,0
I17,0,0,1,0,2,1,2,0,2,0,1,1,0,2,0,1,2,0,0,0,0,0,2,0,0,1,1,0,1,1,1,1,0,1,2,1,2,1,2,2,1,1,1,0,0,0,1,2,0,0,2,0,0,1,0,0,2,1,2,1,1,0,0,1,1,2,1,2,0,2,1,2,2,0,0,0,2,2,1,0,0,0,1,0,2,1,2,1,1,2,0,0,0,0,2,0,0,0,2,0,2,0,0,2,1,2,2,1,0,2,0,0,1,2,1,0,0,0,0,1,0,0,1,1,0,2,1,0,1,1,2,0,1,1,1,1,0,0,1,1,1,1,0,0,0,2,0,0,0,1,0,0,1,0,1,0,0,0,0,2,0,1,0,0,0,2,1,0,1,0,1,1,0,0,0,2,0,1,0,2,0,0,0,2,0,1,2,2,1,0,0,2,2,0,2,2,0,0,2,0
I18,0,0,1,0,2,1,2,0,2,1,1,1,0,2,0,1,2,0,0,0,2,2,2,0,0,1,1,2,1,1,1,1,0,1,2,1,2,1,2,2,1,1,1,0,0,0,1,2,0,0,2,0,0,1,0,1,2,1,2,1,1,0,0,1,1,2,1,2,0,2,1,2,2,0,0,0,2,2,1,0,0,0,1,0,2,1,2,1,1,2,0,0,0,0,2,2,0,0,2,0,2,0,0,2,1,2,2,1,0,2,0,0,1,2,1,0,0,0,1,1,1,0,1,1,0,2,1,0,1,1,2,1,1,1,1,1,1,2,1,1,1,1,0,0,0,2,0,0,0,1,1,0,1,0,1,0,0,2,1,2,2,1,0,0,0,2,1,0,1,0,1,1,0,1,1,2,2,1,0,2,2,0,0,2,0,1,2,2,1,0,0,2,2,1,2,2,0,0,2,2
I19,0,0,1,2,2,1,2,0,2,1,1,1,0,2,0,1,2,2,0,0,2,2,2,0,0,1,1,2,1,1,1,1,0,1,2,1,2,1,2,2,1,1,1,0,0,0,1,2,0,0,2,0,0,1,0,1,2,1,2,1,1,0,0,1,1,2,1,2,0,2,1,2,2,0,0,0,2,2,1,0,0,1,1,0,2,1,2,1,1,2,0,0,0,0,2,2,0,0,2,0,2,0,0,2,1,2,2,1,0,2,0,0,1,2,1,2,0,0,1,1,1,0,1,1,0,2,1,0,1,1,2,1,1,1,1,1,1,2,1,1,1,1,0,0,0,2,2,0,0,1,1,0,1,0,1,1,0,2,1,2,2,1,0,0,0,2,1,0,1,0,1,1,0,1,1,2,2,1,1,2,2,0,0,2,0,1,2,2,1,0,0,2,2,1,2,2,0,0,2,2
216_14,0,0,1,2,2,1,2,0,2,1,1,1,0,2,0,1,2,2,0,0,2,2,2,0,0,1,1,2,1,1,1,1,0,1,2,1,2,1,2,2,1,1,1,0,0,0,1,2,0,0,2,0,1,1,0,1,2,1,2,1,1,0,0,1,1,2,1,2,0,2,1,2,2,0,0,0,2,2,1,0,0,1,1,0,2,1,2,1,1,2,0,0,0,0,2,2,0,0,2,2,2,0,1,2,1,2,2,1,0,2,0,0,1,2,1,2,0,0,1,1,1,0,1,1,0,2,1,0,1,1,2,1,1,1,1,1,1,2,1,1,1,1,0,0,0,2,2,0,0,1,1,0,1,0,1,1,0,2,1,2,2,1,0,0,0,2,1,0,1,0,1,1,0,1,1,2,2,1,1,2,2,0,0,2,0,1,2,2,1,0,0,2,2,1,2,2,0,0,2,2
216_13,0,0,1,2,2,1,2,0,2,1,1,1,0,2,0,1,2,2,0,0,2,2,2,0,0,1,1,2,1,1,1,1,0,1,2,1,2,1,2,2,1,1,1,0,0,0,1,2,0,0,2,0,0,1,0,1,2,1,2,1,1,0,0,1,1,2,1,2,0,2,1,2,2,0,0,0,2,2,1,0,0,1,1,0,2,1,2,1,1,2,0,0,0,0,2,2,0,0,2,0,2,0,0,2,1,2,2,1,0,2,0,0,1,2,1,2,0,0,1,1,1,0,1,1,0,2,1,0,1,1,2,1,1,1,1,1,1,2,1,1,1,1,0,0,0,2,2,0,0,1,1,0,1,0,1,1,0,2,1,2,2,1,0,0,0,2,1,0,1,0,1,1,0,1,1,2,2,1,1,2,2,0,0,2,0,1,2,2,1,0,0,2,2,1,2,2,0,0,2,2
I20,0,0,1,0,2,1,2,0,2,1,1,1,1,2,0,1,2,1,0,0,2,2,2,0,0,1,1,2,1,1,1,1,2,1,2,1,2,1,2,2,1,1,1,0,0,0,1,2,0,0,2,0,0,1,2,1,2,1,2,1,1,0,0,1,1,2,1,2,0,2,1,2,2,0,0,0,2,2,1,0,0,0,1,0,2,1,2,1,1,2,0,0,0,0,2,2,0,0,2,0,2,0,0,2,1,2,2,1,0,2,0,0,1,2,1,0,2,0,1,1,1,0,1,1,0,2,1,0,1,1,2,1,1,1,1,1,1,2,1,1,1,1,0,0,0,2,0,0,2,1,1,0,1,0,1,0,0,2,1,2,2,1,2,0,0,2,1,0,1,0,1,1,0,1,1,2,2,1,0,2,2,0,0,2,0,1,2,2,1,0,0,2,2,1,2,2,0,0,2,2
216_16,0,0,1,0,2,1,2,0,2,1,1,1,1,2,0,1,2,1,0,0,2,2,2,0,0,1,1,2,1,1,1,1,2,1,2,1,2,1,2,2,1,1,1,0,0,0,1,2,0,0,2,0,0,1,2,1,2,1,2,1,1,0,0,1,1,2,1,2,0,2,1,2,2,0,0,0,2,2,1,0,0,0,1,0,2,1,2,1,1,2,0,0,0,0,2,2,0,0,2,0,2,0,0,2,1,2,2,1,0,2,0,0,1,2,1,0,2,0,1,1,1,0,1,1,0,2,1,0,1,1,2,1,1,1,1,1,1,2,1,1,1,1,0,0,0,2,0,0,2,1,1,0,1,0,1,0,0,2,1,2,2,1,2,0,0,2,1,0,1,0,1,1,0,1,1,2,2,1,0,2,2,0,0,2,0,1,2,2,1,0,0,2,2,1,2,2,0,0,2,2
216_15,0,0,1,0,2,1,2,0,2,1,1,1,1,2,0,1,2,1,0,0,2,2,2,0,0,1,1,2,1,1,1,1,2,1,2,1,2,1,2,2,1,1,1,0,0,0,1,2,0,0,2,0,0,1,2,1,2,1,2,1,1,0,0,1,1,2,1,2,0,2,1,2,2,0,0,0,2,2,1,0,0,0,1,0,2,1,2,1,1,2,0,0,0,0,2,2,0,0,2,0,2,0,0,2,1,2,2,1,0,2,0,0,1,2,1,0,2,0,1,1,1,0,1,1,0,2,1,0,1,1,2,1,1,1,1,1,1,2,1,1,1,1,0,0,0,2,0,0,2,1,1,0,1,0,1,0,0,2,1,2,2,1,2,0,0,2,1,0,1,0,1,1,0,1,1,2,2,1,0,2,2,0,0,2,0,1,2,2,1,0,0,2,2,1,2,2,0,0,2,2
I21,0,0,1,0,2,1,2,0,2,0,1,1,0,2,0,1,2,0,0,0,0,0,2,0,0,1,1,0,1,1,1,1,0,1,2,1,2,1,2,2,1,1,1,0,0,0,1,2,0,0,2,0,0,1,0,0,2,1,2,1,1,0,0,1,1,2,1,2,0,2,1,2,2,0,0,1,2,2,1,0,2,0,1,0,2,1,2,1,1,2,0,0,0,0,2,2,2,2,2,0,2,0,0,2,1,2,2,1,0,2,0,1,1,2,1,0,0,0,2,1,0,0,1,1,0,2,1,0,1,1,2,0,1,1,1,1,0,0,1,1,1,1,2,0,0,2,0,0,1,1,0,0,1,0,1,0,0,0,0,2,0,1,0,1,0,2,1,2,1,1,1,1,0,0,2,2,0,1,2,2,0,0,0,2,0,1,2,2,1,0,0,2,2,0,2,2,2,0,2,0
I22,0,0,1,0,2,1,2,0,2,0,1,1,0,2,0,1,2,0,0,0,0,0,2,0,1,1,1,0,1,1,1,1,0,1,2,1,2,1,2,2,1,1,1,0,0,0,1,2,0,0,2,0,0,1,0,2,2,1,2,1,1,0,0,1,1,2,1,2,1,2,1,2,2,0,0,1,2,2,1,0,2,0,1,0,2,1,2,1,1,2,0,0,0,0,2,2,2,2,2,0,2,0,0,2,1,2,2,1,0,2,0,1,1,2,1,0,0,0,2,1,0,0,1,1,0,2,1,1,1,1,2,0,1,1,1,1,0,0,1,1,1,1,2,0,0,2,0,0,1,1,0,0,1,0,1,0,0,0,0,2,0,1,0,1,0,2,1,2,1,1,1,1,2,0,2,2,0,1,2,2,0,0,2,2,0,1,2,2,1,0,0,2,2,0,2,2,2,0,2,0
216_12,0,0,1,0,2,1,2,0,2,0,1,1,0,2,0,1,2,0,0,0,0,0,2,0,1,1,1,0,1,1,1,1,0,1,2,1,2,1,2,2,1,1,1,0,0,0,1,2,0,0,2,0,0,1,0,2,2,1,2,1,1,0,0,1,1,2,1,2,1,2,1,2,2,0,0,1,2,2,1,0,2,0,1,0,2,1,2,1,1,2,0,0,0,0,2,2,2,2,2,0,2,0,0,2,1,2,2,1,0,2,0,1,1,2,1,0,0,0,2,1,0,0,1,1,0,2,1,1,1,1,2,0,1,1,1,1,0,0,1,1,1,1,2,0,0,2,0,2,1,1,2,0,1,0,1,0,0,0,0,2,0,1,0,1,0,2,1,2,1,1,1,1,2,1,2,2,0,1,2,2,0,0,2,2,0,1,2,2,1,0,0,2,2,0,2,2,2,0,2,0
216_11,0,2,1,0,2,1,2,0,2,0,1,1,0,2,0,1,2,0,0,0,0,0,2,0,1,1,1,0,1,1,1,1,0,1,2,1,2,1,2,2,1,1,1,0,0,0,1,2,0,0,2,0,0,1,0,2,2,1,2,1,1,0,0,1,1,2,1,2,1,2,1,2,2,0,0,1,2,2,1,0,2,0,1,0,2,1,2,1,1,2,0,0,0,0,2,2,2,2,2,0,2,0,0,2,1,2,2,1,0,2,2,1,1,2,1,0,0,0,2,1,1,0,1,1,0,2,1,1,1,1,2,0,1,1,1,1,0,0,1,1,1,1,2,0,0,2,0,0,1,1,2,0,1,0,1,1,0,0,0,2,0,1,0,1,0,2,1,2,1,1,1,1,2,0,2,2,2,1,2,2,0,0,2,2,0,1,2,2,1,0,0,2,2,0,2,2,2,0,2,0
I23,1,2,1,0,2,1,2,0,2,0,1,1,0,2,0,1,2,0,0,0,0,2,2,2,0,1,1,0,1,1,1,1,0,1,2,1,2,1,2,2,1,1,1,0,0,0,1,2,0,0,2,0,0,1,0,0,2,1,2,1,1,0,0,1,1,2,1,2,0,2,1,2,2,0,0,1,2,2,1,0,2,0,1,1,2,1,2,1,1,2,0,0,0,0,2,2,2,2,2,0,2,0,0,2,1,2,2,1,0,2,0,1,1,2,1,0,0,0,2,1,0,0,1,1,0,2,1,0,1,1,2,0,1,1,1,1,0,0,1,1,1,1,2,0,0,2,0,0,1,1,0,0,1,0,1,0,0,0,0,2,0,1,0,1,2,2,1,2,1,1,1,1,0,0,2,2,0,1,2,2,0,0,0,2,0,1,2,2,1,0,0,2,2,1,2,2,2,0,2,0
216_10,1,2,1,0,2,1,2,0,2,0,1,1,0,2,0,1,2,0,0,0,0,2,2,2,0,1,1,0,1,1,1,1,0,1,2,1,2,1,2,2,1,1,1,0,1,0,1,2,0,0,2,0,0,1,0,0,2,1,2,1,1,0,0,1,1,2,1,2,0,2,1,2,2,0,0,1,2,2,1,0,2,0,1,1,2,1,2,1,1,2,0,0,0,0,2,2,2,2,2,0,2,0,0,2,1,2,2,1,0,2,0,1,1,2,1,0,0,0,2,1,0,0,1,1,0,2,1,0,1,1,2,0,1,1,1,1,0,0,1,1,1,1,2,0,0,2,0,0,1,1,0,0,1,0,1,0,0,0,0,2,0,1,0,1,2,2,1,2,1,1,1,1,0,0,2,2,0,1,2,2,0,0,0,2,0,1,2,2,1,0,0,2,2,1,2,2,2,2,2,0
216_9,1,2,1,0,2,1,2,0,2,0,1,1,0,2,0,1,2,0,0,0,0,2,2,2,0,1,1,0,1,1,1,1,0,1,2,1,2,1,2,2,1,1,1,0,0,0,1,2,0,2,2,0,0,1,0,0,2,1,2,1,1,0,0,1,1,2,1,2,0,2,1,2,2,0,0,1,2,2,1,0,2,0,1,1,2,1,2,1,1,2,0,0,0,0,2,2,2,2,2,0,2,0,0,2,1,2,2,1,0,2,0,1,1,2,1,0,0,0,2,1,0,2,1,1,1,2,1,0,1,1,2,1,1,1,1,1,0,0,1,1,1,1,2,0,0,2,0,0,1,1,0,0,1,0,1,0,0,0,0,2,0,1,0,1,2,2,1,2,1,1,1,1,0,0,2,2,0,1,2,2,1,0,0,2,0,1,2,2,1,0,0,2,2,1,2,2,2,0,2,0
I24,2,0,0,0,2,1,2,0,0,1,1,1,0,0,0,1,2,0,0,1,2,1,0,0,0,1,1,0,1,0,1,1,0,1,1,1,2,0,2,0,1,1,1,0,0,0,1,1,0,1,0,2,2,0,2,0,1,1,2,0,1,0,0,1,1,2,1,0,0,2,0,2,2,0,0,0,2,2,1,2,2,0,1,0,2,1,0,1,1,2,0,0,1,0,2,1,2,0,2,0,2,0,1,2,1,2,0,1,0,0,1,1,0,1,1,1,0,1,0,0,0,0,1,0,0,2,0,0,0,1,0,1,0,1,1,1,1,0,1,1,1,1,0,0,0,2,1,0,0,1,0,0,1,1,1,0,1,0,2,2,0,1,1,0,0,2,1,0,1,0,0,0,0,0,0,2,0,0,2,0,0,0,0,2,0,1,2,2,1,0,0,2,0,0,2,0,0,1,2,0
I25,2,2,0,0,2,1,2,0,0,1,1,1,2,0,0,1,2,0,0,1,2,1,0,0,1,1,1,0,1,0,1,1,0,1,1,1,2,0,2,0,1,1,1,0,0,0,1,1,0,1,0,2,2,0,2,1,1,1,2,0,1,0,0,1,1,2,1,0,0,2,0,2,2,0,0,0,2,2,1,2,2,2,1,0,2,1,1,1,1,2,0,0,1,0,2,1,2,0,2,0,2,0,1,2,1,2,0,1,0,0,1,1,0,1,1,1,2,1,0,0,0,0,1,0,1,2,1,0,0,1,0,1,1,1,1,1,1,0,1,1,1,1,0,2,2,2,1,0,0,1,0,0,1,1,1,0,1,0,2,2,0,1,1,1,0,2,1,0,1,0,2,0,0,0,0,2,0,0,2,0,0,0,0,2,0,1,2,2,1,0,1,2,0,0,2,0,0,1,2,0
I26,2,2,0,0,2,1,2,0,0,1,1,1,2,2,0,1,2,2,0,1,2,1,2,0,1,1,1,0,1,0,1,1,0,1,1,1,2,0,2,0,1,1,1,0,0,0,1,1,0,1,2,2,2,0,2,1,1,1,2,0,1,0,0,1,1,2,1,0,0,2,0,2,2,0,0,0,2,2,1,2,2,2,1,0,2,1,1,1,1,2,0,0,1,0,2,1,2,0,2,0,2,0,1,2,1,2,0,1,0,0,1,1,1,1,1,1,2,1,0,0,0,0,1,0,1,2,1,0,2,1,0,1,1,1,1,1,1,0,1,1,1,1,0,2,2,2,1,0,0,1,0,0,1,1,1,0,1,0,2,2,0,1,1,1,0,2,1,2,1,0,2,0,0,0,0,2,1,0,2,0,0,0,0,2,0,1,2,2,1,1,1,2,0,0,2,0,0,1,2,0
216_2,2,2,0,0,2,1,2,0,0,1,1,1,2,2,0,1,2,2,0,1,2,1,2,0,1,1,1,0,1,0,1,1,0,1,1,1,2,0,2,0,1,1,1,0,0,0,1,1,0,1,2,2,2,0,2,1,1,1,2,0,1,0,0,1,1,2,1,0,0,2,0,2,2,0,0,0,2,2,1,2,2,2,1,0,2,1,1,1,1,2,0,0,1,0,2,1,2,0,2,0,2,0,1,2,1,2,0,1,0,0,1,1,1,1,1,1,2,1,1,0,0,0,1,0,1,2,1,0,2,1,0,1,1,1,1,1,1,0,1,1,1,1,0,2,2,2,1,0,0,1,0,0,1,1,1,1,1,0,2,2,0,1,1,1,0,2,1,2,1,0,2,0,0,0,0,2,1,1,2,0,0,0,0,2,0,1,2,2,1,1,1,2,0,0,2,0,0,1,2,2
216_1,2,2,0,0,2,1,2,0,0,1,1,1,2,2,0,1,2,2,0,1,2,1,2,0,1,1,1,0,1,0,1,1,0,1,1,1,2,0,2,0,1,1,1,1,0,0,1,1,0,1,2,2,2,0,2,1,1,1,2,0,1,0,0,1,1,2,1,0,0,2,0,2,2,0,0,0,2,2,1,2,2,2,1,0,2,1,1,1,1,2,0,0,1,0,2,1,2,2,2,0,2,0,1,2,1,2,0,1,0,0,1,1,1,1,1,1,2,1,0,0,0,0,1,0,1,2,1,0,2,1,0,1,1,1,1,1,1,0,1,1,1,1,0,2,2,2,1,0,0,1,0,0,1,1,1,0,1,0,2,2,0,1,1,1,0,2,1,2,1,0,2,0,0,0,0,2,1,0,2,0,0,0,0,2,0,1,2,2,1,1,1,2,0,0,2,2,0,1,2,0
I27,2,2,2,0,2,1,2,0,0,1,1,1,2,0,0,1,2,1,0,1,2,1,0,0,1,1,1,0,1,0,1,1,0,1,1,1,2,0,2,0,1,1,1,0,0,0,1,1,2,1,0,2,2,2,2,1,1,1,2,2,1,0,0,1,1,2,1,0,0,2,0,2,2,0,0,0,2,2,1,2,2,2,1,0,2,1,1,1,1,2,0,0,1,0,2,1,2,0,2,0,2,0,1,2,1,2,2,1,0,0,1,1,0,1,1,1,2,1,1,2,0,0,1,0,1,2,1,0,0,1,2,1,1,1,1,1,1,0,1,1,1,1,0,2,2,2,1,0,0,1,0,1,1,1,1,0,1,1,2,2,0,1,1,1,0,2,1,0,1,0,2,0,0,0,0,2,0,0,2,0,0,0,0,2,0,1,2,2,1,0,1,2,0,0,2,2,0,1,2,0
216_4,2,2,2,0,2,1,2,0,0,1,1,1,2,0,0,1,2,1,0,1,2,1,0,0,1,1,1,0,1,0,1,1,0,1,1,1,2,0,2,0,1,1,1,0,0,2,1,1,2,1,0,2,2,2,2,1,1,1,2,2,1,0,0,1,1,2,1,0,0,2,0,2,2,0,0,0,2,2,1,2,2,2,1,0,2,1,1,1,1,2,1,0,1,1,2,1,2,1,2,0,2,0,1,2,1,2,2,1,0,0,1,1,0,1,1,1,2,1,1,2,0,0,1,0,1,2,1,1,0,1,2,1,1,1,1,1,1,0,1,1,1,1,0,2,2,2,1,0,0,1,0,1,1,1,1,0,1,1,2,2,0,1,1,1,0,2,1,0,1,0,2,0,0,0,0,2,0,0,2,0,0,0,0,2,0,1,2,2,1,0,1,2,0,0,2,2,0,1,2,0
216_3,2,2,2,0,2,1,2,0,0,1,1,1,2,0,0,1,2,1,0,1,2,1,0,0,1,1,1,0,1,0,1,1,0,1,1,1,2,0,2,0,1,1,1,0,0,0,1,1,2,1,0,2,2,2,2,1,1,1,2,2,1,0,0,1,1,2,1,0,0,2,0,2,2,0,0,0,2,2,1,2,2,2,1,0,2,1,1,1,1,2,0,0,1,0,2,1,2,0,2,0,2,0,1,2,1,2,2,1,0,0,1,1,0,1,1,1,2,1,1,2,0,0,1,2,1,2,1,0,0,1,2,1,1,1,1,1,1,0,1,1,1,1,0,2,2,2,1,0,0,1,0,1,1,1,1,0,1,1,2,2,0,1,1,1,0,2,1,0,1,0,2,0,0,0,0,2,0,0,2,0,0,0,0,2,2,1,2,2,1,0,1,2,0,0,2,2,0,1,2,0
I28,2,0,0,1,2,1,2,0,0,1,1,1,0,0,0,1,2,1,0,1,2,1,0,0,0,1,1,0,1,0,1,1,0,1,1,1,2,0,2,0,1,1,1,0,0,1,1,1,0,1,0,2,2,0,2,0,1,1,2,0,1,0,0,1,1,2,1,0,0,2,1,2,2,0,0,0,2,2,1,2,2,1,1,0,2,1,0,1,1,2,2,2,1,0,2,1,2,0,2,0,2,0,1,2,1,2,0,1,2,0,1,1,0,1,1,1,0,1,0,0,0,0,1,0,0,2,0,0,0,1,0,1,0,1,1,1,1,0,1,1,1,1,0,1,1,2,1,2,2,1,0,2,1,1,1,0,1,0,2,2,0,1,1,0,0,2,1,0,1,0,0,0,1,0,0,2,0,0,2,0,0,0,0,2,2,1,2,2,1,0,0,2,1,1,2,0,0,1,2,0
I29,2,0,0,1,2,1,2,0,0,1,1,1,0,0,0,1,2,1,0,1,2,1,0,0,0,1,1,0,1,0,1,1,0,1,1,1,2,0,2,0,1,1,1,2,0,1,1,1,0,1,0,2,2,0,2,1,1,1,2,0,1,0,0,1,1,2,1,0,0,2,1,2,2,1,0,0,2,2,1,2,2,1,1,0,2,1,0,1,1,2,2,2,1,0,2,1,2,0,2,0,2,0,1,2,1,2,0,1,2,0,1,1,0,1,1,1,0,1,1,0,2,0,1,0,0,2,0,0,2,1,0,1,0,1,1,1,1,0,1,1,1,1,0,1,1,2,1,2,2,1,0,2,1,1,1,1,1,0,2,2,0,1,1,1,0,2,1,0,1,0,0,2,1,0,0,2,0,0,2,0,0,0,0,2,2,1,2,2,1,0,0,2,1,1,2,0,2,1,2,0
216_8,2,0,0,1,2,1,2,0,0,1,1,1,0,0,0,1,2,1,0,1,2,1,0,0,0,1,1,0,1,0,1,1,0,1,1,1,2,0,2,0,1,1,1,2,0,1,1,1,0,1,0,2,2,0,2,1,1,1,2,0,1,0,1,1,1,2,1,0,0,2,1,2,2,1,0,0,2,2,1,2,2,1,1,0,2,1,0,1,1,2,2,2,1,0,2,1,2,0,2,0,2,0,1,2,1,2,0,1,2,0,1,1,0,1,1,1,0,1,1,0,2,1,1,0,0,2,0,0,2,1,0,1,0,1,1,1,1,0,1,1,1,1,0,1,1,2,1,2,2,1,0,2,1,1,1,1,1,0,2,2,0,1,1,1,0,2,1,2,1,0,0,2,1,0,0,2,0,0,2,0,0,0,0,2,2,1,2,2,1,0,0,2,1,1,2,1,2,1,2,0
216_7,2,0,0,1,2,1,2,1,0,1,1,1,0,0,0,1,2,1,0,1,2,1,0,1,0,1,1,0,1,0,1,1,0,1,1,1,2,0,2,0,1,1,1,2,0,1,1,1,0,1,0,2,2,0,2,1,1,1,2,0,1,0,0,1,1,2,1,0,0,2,1,2,2,1,0,0,2,2,1,2,2,1,1,2,2,1,0,1,1,2,2,2,1,0,2,1,2,0,2,0,2,0,1,2,1,2,0,1,2,0,1,1,0,1,1,1,0,1,1,0,2,0,1,0,0,2,0,0,2,1,0,1,0,1,1,1,1,0,1,1,1,1,0,1,1,2,1,2,2,1,0,2,1,1,1,1,1,0,2,2,0,1,1,1,0,2,1,0,1,0,0,2,1,0,0,2,2,0,2,0,0,0,0,2,2,1,2,2,1,0,0,2,1,1,2,0,2,1,2,0
I30,2,0,0,1,2,1,2,0,0,1,1,1,2,0,0,1,2,1,0,1,2,1,0,0,0,1,1,1,1,0,1,1,0,1,1,1,2,0,2,0,1,1,1,0,0,1,1,1,0,1,0,2,2,0,2,2,1,1,2,0,1,0,0,1,1,2,1,0,0,2,1,2,2,0,2,0,2,2,1,2,2,1,1,0,2,1,0,1,1,2,2,2,1,0,2,1,2,0,2,0,2,0,1,2,1,2,0,1,2,0,1,1,0,1,1,1,1,1,0,0,0,0,1,0,0,2,0,0,0,1,0,1,0,1,1,1,1,0,1,1,1,1,0,1,1,2,1,2,2,1,0,2,1,1,1,0,1,0,2,2,0,1,1,0,1,2,1,0,1,0,1,0,1,0,0,2,2,0,2,0,0,0,0,2,2,1,2,2,1,2,0,2,1,1,2,0,0,1,2,0
216_6,2,0,0,1,2,1,2,0,0,1,1,1,2,0,0,1,2,1,0,1,2,1,0,0,0,1,1,1,1,0,1,1,0,1,1,1,2,0,2,0,1,1,1,0,0,1,1,1,0,1,0,2,2,0,2,2,1,1,2,0,1,0,0,1,1,2,1,0,0,2,1,2,2,0,2,0,2,2,1,2,2,1,1,0,2,1,0,1,1,2,2,2,1,0,2,1,2,0,2,0,2,0,1,2,1,2,0,1,2,0,1,1,0,1,1,1,1,1,0,0,0,0,1,0,0,2,0,0,0,1,0,1,0,1,1,1,1,0,1,1,1,1,0,1,1,2,1,2,2,1,0,2,1,1,1,0,1,0,2,2,0,1,1,0,1,2,1,0,1,0,1,0,1,0,0,2,2,0,2,0,0,0,0,2,2,1,2,2,1,2,0,2,1,1,2,0,0,1,2,0
216_5,2,0,0,1,2,1,2,0,0,1,1,1,2,0,0,1,2,1,0,1,2,1,1,0,0,1,1,1,1,0,1,1,0,1,1,1,2,0,2,0,1,1,1,0,0,1,1,1,1,1,0,2,2,0,2,2,1,1,2,0,1,0,0,1,1,2,1,0,0,2,1,2,2,0,2,0,2,2,1,2,2,1,1,0,2,1,0,1,1,2,2,2,1,0,2,1,2,0,2,0,2,0,1,2,1,2,0,1,2,0,1,1,2,1,1,1,1,1,0,0,0,0,1,0,0,2,0,0,0,1,0,1,0,1,1,1,1,2,1,1,1,1,0,1,1,2,1,2,2,1,0,2,1,1,1,0,1,0,2,2,0,1,1,0,1,2,1,0,1,0,1,0,1,0,0,2,2,0,2,0,0,0,0,2,2,1,2,2,1,2,0,2,1,1,2,0,0,1,2,0
Evolve tree: [&R] (((((216_5:0.05002953623636411,216_6:0.05002953623636411)I30:0.11054509817552668,(216_7:0.04532749229029334,216_8:0.04532749229029334)I29:0.11524714212159745)I28:0.17137221133131725,((216_3:0.03840571657315253,216_4:0.03840571657315253)I27:0.1158165552008194,(216_1:0.03613294572515325,216_2:0.03613294572515325)I26:0.1180893260488187)I25:0.1777245739692361)I24:0.26596231943858056,(((216_9:0.03613294572515325,216_10:0.03613294572515325)I23:0.10873815239797219,(216_11:0.031638362837529375,216_12:0.031638362837529375)I22:0.11323273528559606)I21:0.18707574762008258,((216_15:0.02284949311935647,216_16:0.02284949311935647)I20:0.10987708734738065,(216_13:0.01855321780474515,216_14:0.01855321780474515)I19:0.11417336266199196)I18:0.1992202652764709)I17:0.26596231943858056)I16:0.35664487879311485,((((216_29:0.05002953623636411,216_30:0.05002953623636411)I15:0.12354009582788474,(216_31:0.04069564477212541,216_32:0.04069564477212541)I14:0.13287398729212344)I13:0.1719972062463222,((216_25:0.04766967359496056,216_26:0.04766967359496056)I12:0.1193535945786666,(216_27:0.03387720367619631,216_28:0.03387720367619631)I11:0.13314606449743088)I10:0.17854357013694389)I9:0.24587746081122708,(((216_17:0.031638362837529375,216_18:0.031638362837529375)I8:0.1071148094512369,(216_19:0.0294162965763624,216_20:0.0294162965763624)I7:0.10933687571240387)I6:0.17550517290999465,((216_21:0.012228765186287953,216_22:0.012228765186287953)I5:0.12349978014047829,(216_23:0.002000000000000148,216_24:0.002000000000000148)I4:0.13372854532676612)I3:0.1785297998719947)I2:0.27718595392303724)I1:0.36310974485310527)I0:0.11517637781172758;