[&R] (((((216_7:1.017,216_8:0.017)195_4:1.171,(216_5:2.2,216_6:1.2)197_3:1.988)152_2:0.884,((216_3:1.003,216_4:1.003)201_2:0.001,216_2:1.004)156_1:1.068)107_1:0.928,(((216_15:0,216_16:0)198_10:0,(216_13:0,216_14:0)209_13:0)160_6:3.026,((216_11:4.014,216_12:2.014)205_10:0.001,(216_9:1.362,216_10:3.362)206_9:1.652)166_5:0.011)115_3:1.974)58_1:0)I0;
I0,0,0,0,0,0,0,0,0,0,0
58_1,0,0,0,0,0,0,0,0,0,0
115_3,0:0.01/2:0.99,0,0,0,0:0.01/1:0.99,0,0,0,0,0
166_5,0:0.01/2:0.99,0,0,0,0:0.01/1:0.99,0,0,0,0,0
206_9,2,0,0:0.18/2:0.82,0,1,0,0,0:0.18/1:0.82,0,0
216_10,2,2,2,0,1,0,2,1,0,1
216_9,2,1,2,0,1,0,0,1,0,0
205_10,0:0.01/2:0.99,0,0,0,0:0.01/1:0.99,0,0,0,0,0
216_12,2,1,0,0,1,0,1,0,0,0
216_11,2,2,2,0,1,0,2,2,0,0
160_6,2,0,2,0,1,0,0,1,0,1
209_13,2,0,2,0,1,0,0,1,0,1
216_14,2,0,2,0,1,0,0,1,0,1
216_13,2,0,2,0,1,0,0,1,0,1
198_10,2,0,2,0,1,0,0,1,0,1
216_16,2,0,2,0,1,0,0,1,0,1
216_15,2,0,2,0,1,0,0,1,0,1
107_1,0,0:0.07/1:0.93,0,0,0,0,0,0,0,0
156_1,1,1,0,0,0,0,0,0,0,0
216_2,1,1,0,0,0,0,1,0,0,0
201_2,1,1,0,0,0,0,0,0,0,0
216_4,1,1,0,0,0,0,1,0,0,0
216_3,1,1,0,0,0,1,0,0,0,0
152_2,0,0:0.01/1:0.99,0,0,0,0,0:0.18/1:0.82,0,0,0
197_3,0,1,0,0,0:0.09/1:0.91,0:0.09/1:0.91,0:0.02/1:0.98,0,0,0
216_6,2,1,0,0,1,1,1,0,0,0
216_5,1,1,0,2,1,1,1,0,0,0
195_4,0:0.01/1:0.99,1,0,0,0,0,1,0,0,0
216_8,1,1,0,0,0,0,1,0,0,0
216_7,1,1,0,0,1,0,1,0,0,0
