[&R] (((((216_17:0,216_18:0)188_12:1.104,(216_15:1.034,216_16:0.034)198_13:1.07)153_8:1.299,((216_21:0,216_22:0)192_16:1.204,(216_19:0,216_20:0)202_17:1.204)158_10:3.199)103_5:2.718,216_4:9.121)virtual:0.879)I0;
I0,0,0,0,0,0,0,0,0,0,0
virtual,0,0,0,0,0,0:0.56/1:0.44,0,0,0,0:0.56/1:0.44
216_4,1,1,1,1,1,1,1,1,1,1
103_5,0,0,0,0,0,0:0.07/1:0.93,0:0.13/2:0.87,0:0.13/2:0.87,0,0:0.07/1:0.93
158_10,0:0.06/2:0.94,0,0:0.06/2:0.94,0,0:0.06/2:0.94,1,0:0.01/2:0.99,0:0.01/2:0.99,0,1
202_17,2,2,2,0,2,1,2,2,0,1
216_20,2,2,2,0,2,1,2,2,0,1
216_19,2,2,2,0,2,1,2,2,0,1
192_16,2,1,2,0,2,1,2,2,0,1
216_22,2,1,2,0,2,1,2,2,0,1
216_21,2,1,2,0,2,1,2,2,0,1
153_8,0,0:0.07/1:0.93,0,0,0,0:0.01/1:0.99,0:0.01/2:0.99,0:0.01/2:0.99,0,0:0.01/1:0.99
198_13,0,1,0:0.03/1:0.97,0,0,1,2,2,0,1
216_16,0,1,1,0,0,1,2,2,0,1
216_15,0,1,1,2,0,1,2,2,0,1
188_12,0,1,2,0,0,1,2,2,0,1
216_18,0,1,2,0,0,1,2,2,0,1
216_17,0,1,2,0,0,1,2,2,0,1
