[&R] ((((((216_3:0,216_4:0)193_2:0,(216_1:0,216_2:0)206_1:0)142_1:1.336,(216_5:0,216_6:0)191_4:1.336)106_1:3.455,(((216_9:0,216_10:0)190_6:2.131,(216_7:1.126,216_8:1.126)196_8:0.005)152_5:0.957,((216_11:0,216_12:0)194_10:1.086,216_13:2.086)155_7:0.003)108_3:2.703)60_1:1.865,((216_19:0.004,216_20:1.004)186_11:0.001,(216_15:0,216_16:0)190_9:1.004)109_6:3.652)5_1:2.343)I0;
I0,0,0,0,0,0,0,0,0,0,0
5_1,0,0:0.22/1:0.78,0,0,0,0:0.22/1:0.78,0,0,0,0:0.22/1:0.78
109_6,0,1,0,0,2,1,2,2,0,1
190_9,0,1,2,0,2,1,2,2,0,1
216_16,0,1,2,0,2,1,2,2,0,1
216_15,0,1,2,0,2,1,2,2,0,1
186_11,0,1,0,0,2,1,2,2,0,1
216_20,0,1,2,0,2,1,2,2,0,1
216_19,0,1,0,0,2,1,2,2,0,1
60_1,0,0:0.07/1:0.93,0:0.3/1:0.7,0,0:0.3/1:0.7,0:0.07/1:0.93,0,0,0,0:0.07/1:0.93
108_3,0:0.03/1:0.97,1,0:0.01/1:0.99,0,0:0.01/1:0.99,1,0,0:0.03/1:0.97,0,1
155_7,0:0.03/1:0.97,1,0:0.01/1:0.99,0,0:0.01/1:0.99,1,0,0:0.03/1:0.97,0,1
216_13,1,1,1,2,1,1,1,1,0,1
194_10,1,1,1,1,1,1,0,1,0,1
216_12,1,1,1,1,1,1,0,1,0,1
216_11,1,1,1,1,1,1,0,1,0,1
152_5,1,1,1,0,1,1,0:0.12/1:0.88,1,0,1
196_8,1,1,1,0,1,1,0:0.12/1:0.88,1,0,1
216_8,1,1,1,0,1,1,1,1,1,1
216_7,1,1,1,1,1,1,1,1,0,1
190_6,1,1,1,1,1,1,1,1,1,1
216_10,1,1,1,1,1,1,1,1,1,1
216_9,1,1,1,1,1,1,1,1,1,1
106_1,0:0.09/2:0.91,0:0.01/1:0.99,0:0.03/1:0.97,0,0:0.03/1:0.97,0:0.01/1:0.99,0:0.09/1:0.91,0,0:0.09/2:0.91,0:0.01/1:0.99
191_4,2,1,1,0,1,1,1,1,2,1
216_6,2,1,1,0,1,1,1,1,2,1
216_5,2,1,1,0,1,1,1,1,2,1
142_1,2,1,1,0,1,1,1,2,2,1
206_1,2,1,1,0,1,1,1,2,2,1
216_2,2,1,1,0,1,1,1,2,2,1
216_1,2,1,1,0,1,1,1,2,2,1
193_2,2,1,1,0,1,1,1,2,2,1
216_4,2,1,1,0,1,1,1,2,2,1
216_3,2,1,1,0,1,1,1,2,2,1
