[&R] (((((216_6:0.074,216_7:1.074)200_4:1.167,(216_4:0,216_5:0)206_4:1.241)157_2:6.091,(216_1:1.033,216_2:0.033)204_1:5.299)90_1:0.008,(((216_12:0,216_13:0)191_7:2.414,(216_14:0,216_15:0)193_9:1.414)142_4:1.805,((216_10:2.312,216_11:0.312)194_6:3.371,(216_8:1.029,216_9:0.029)195_5:1.654)150_3:0.536)91_3:3.12)33_1:0.661)I0;
I0,0,0,0,0,0,0,0,0,0,0
33_1,0,0,0,0,0,0,0,0:0.34/2:0.66,0,0
91_3,0:0.07/2:0.93,0:0.07/1:0.93,0,0,0,0,0,0:0.02/2:0.98,0:0.07/2:0.93,0
150_3,0:0.04/2:0.96,0:0.04/1:0.96,0,0,0:0.56/2:0.44,0,0,0:0.01/2:0.99,0:0.04/2:0.96,0
195_5,2,1,0,0,0:0.01/2:0.99,0:0.02/1:0.98,0,2,2,0
216_9,2,1,0,0,2,1,0,2,2,0
216_8,2,1,0,0,2,1,0,2,2,2
194_6,2,1,0:0.08/2:0.92,0:0.08/1:0.92,0:0.05/2:0.95,0,0:0.08/1:0.92,2,2,0
216_11,2,1,2,1,2,0,1,2,2,0
216_10,2,1,2,1,2,2,1,2,2,2
142_4,0:0.01/2:0.99,0:0.01/1:0.99,0,0:0.19/2:0.81,0,0,0:0.19/2:0.81,2,0:0.01/2:0.99,0
193_9,2,1,0,2,0,0,2,2,2,2
216_15,2,1,0,2,0,0,2,2,2,2
216_14,2,1,0,2,0,0,2,2,2,2
191_7,2,1,0,2,2,1,2,2,2,0
216_13,2,1,0,2,2,1,2,2,2,0
216_12,2,1,0,2,2,1,2,2,2,0
90_1,0,0,0,0,0,0,0,0:0.33/2:0.67,0,0
204_1,0,0:0.01/1:0.99,0,0:0.01/1:0.99,0,0,0:0.01/1:0.99,2,0:0.01/1:0.99,0:0.01/1:0.99
216_2,0,1,0,1,0,0,1,2,1,1
216_1,2,1,0,1,0,0,1,2,1,1
157_2,0:0.04/2:0.96,0:0.04/2:0.96,0:0.04/1:0.96,0,0:0.04/1:0.96,0:0.04/1:0.96,0:0.04/2:0.96,0:0.01/2:0.99,0,0
206_4,2,2,1,2,1,1,2,2,0,0
216_5,2,2,1,2,1,1,2,2,0,0
216_4,2,2,1,2,1,1,2,2,0,0
200_4,2,2,1,0,1,1,2,2,0:0.06/2:0.94,0
216_7,2,2,1,2,1,1,2,2,2,0
216_6,2,2,1,0,1,1,2,2,2,0
