cell,r1,r2,r3,r4,r5,r6,r7,r8,r9,r10
I0,0,0,0,0,0,0,0,0,0,0
I1,1,0,0,1,0,0,0,1,0,2
I2,1,1,0,1,0,1,0,1,0,2
I3,1,1,1,1,0,1,0,1,0,2
216_9,1,1,1,1,1,1,0,1,0,2
216_8,1,1,1,1,0,1,0,1,0,2
I4,1,1,0,1,0,1,0,1,0,2
216_11,1,1,0,1,1,1,0,1,0,2
216_10,1,1,0,1,0,1,2,1,0,2
I5,1,0,0,1,0,1,2,1,0,2
I6,1,0,0,1,0,1,2,1,0,2
216_15,1,0,0,1,0,1,2,1,0,2
216_14,1,0,0,1,0,1,2,1,0,2
I7,1,0,0,1,1,1,2,1,2,2
216_13,1,0,0,1,1,1,2,1,2,2
216_12,1,0,0,1,1,1,2,1,2,2
I8,0,0,1,0,0,0,0,0,1,0
I9,2,0,1,1,0,2,2,0,1,1
216_2,2,0,1,1,0,2,2,0,1,1
216_1,2,0,1,1,0,2,2,0,1,1
I10,0,2,1,0,0,0,0,2,1,0
I11,0,2,1,0,0,0,1,2,1,0
216_5,0,2,1,0,0,0,1,2,1,0
216_4,0,2,1,0,0,0,1,2,1,0
I12,0,2,1,0,0,0,0,2,1,2
216_7,0,2,1,0,0,0,0,2,1,2
216_6,0,2,1,0,0,2,0,2,1,2
Evolve tree: [&R] ((((216_6:16,216_7:16)I12:43,(216_4:10,216_5:10)I11:49)I10:67,(216_1:12,216_2:12)I9:114)I8:57,(((216_12:25,216_13:25)I7:49,(216_14:23,216_15:23)I6:51)I5:51,((216_10:22,216_11:22)I4:44,(216_8:21,216_9:21)I3:45)I2:59)I1:58)I0:32;