[&R] ((((((216_7:1.046,216_8:0.046)201_4:1.069,(216_5:0,216_6:0)210_4:1.115)157_2:2.172,((216_3:1.159,216_4:0.159)205_2:3.108,(216_1:0,216_2:0)210_1:4.268)162_1:2.019)108_1:0.011,((216_9:0,216_10:0)174_5:1.524,(216_11:0,216_12:0)174_6:1.524)119_3:4.774)62_1:0.731,(((216_17:2.604,216_18:2.604)175_11:2.422,(216_19:1.486,216_20:2.486)175_12:3.54)119_5:0.001,((216_13:0.115,216_14:1.115)188_9:2.172,216_15:0.288)125_5:3.739)62_2:0.002)20_1:2.971)I0;
I0,0,0,0,0,0,0,0,0,0,0
20_1,0,0:0.01/1:0.99,0,0,0,0:0.01/1:0.99,0,0,0,0:0.01/1:0.99
62_2,0,0:0.01/1:0.99,0,0,0,0:0.01/1:0.99,0,0,0,0:0.01/1:0.99
125_5,0:0.07/1:0.93,1,0:0.07/1:0.93,0:0.07/1:0.93,0,1,0:0.07/1:0.93,0,0,1
216_15,1,1,1,1,0,1,1,0,0,1
188_9,1,1,1,1,0:0.05/2:0.95,1,1,0,0:0.05/2:0.95,1
216_14,1,1,1,1,2,1,1,1,2,1
216_13,1,1,1,1,2,1,1,0,2,1
119_5,0,0:0.01/1:0.99,0,0,0,0:0.01/1:0.99,0,0,0,0:0.01/1:0.99
175_12,0:0.12/1:0.88,1,0,0,0,1,0:0.12/1:0.88,0:0.12/2:0.88,0:0.12/2:0.88,1
216_20,1,1,2,0,2,1,1,2,2,1
216_19,1,1,1,0,0,1,1,2,2,1
175_11,0:0.2/2:0.8,1,0:0.2/1:0.8,0,0,1,0,0,0:0.2/1:0.8,1
216_18,2,1,1,0,1,1,1,0,1,1
216_17,2,1,1,0,2,1,2,0,1,1
62_1,0,1,0:0.29/1:0.71,0,0,1,0,0,0,1
119_3,0:0.1/1:0.9,1,0:0.03/1:0.97,0:0.1/1:0.9,0:0.1/1:0.9,1,0:0.1/1:0.9,0:0.1/1:0.9,0,1
174_6,1,1,1,1,1,1,1,1,2,1
216_12,1,1,1,1,1,1,1,1,2,1
216_11,1,1,1,1,1,1,1,1,2,1
174_5,1,1,1,1,1,1,1,1,1,1
216_10,1,1,1,1,1,1,1,1,1,1
216_9,1,1,1,1,1,1,1,1,1,1
108_1,0,1,0:0.28/1:0.72,0,0,1,0,0,0,1
162_1,0:0.39/1:0.61,1,0:0.11/1:0.89,0,0,1,0:0.39/1:0.61,0,0:0.39/2:0.61,1
210_1,1,1,1,1,2,1,1,1,2,1
216_2,1,1,1,1,2,1,1,1,2,1
216_1,1,1,1,1,2,1,1,1,2,1
205_2,0:0.02/1:0.98,1,0:0.01/1:0.99,0:0.05/2:0.95,0:0.05/1:0.95,1,0:0.02/1:0.98,0,0:0.02/2:0.98,1
216_4,1,1,1,2,1,1,1,0,2,1
216_3,1,1,1,2,1,1,1,1,2,1
157_2,0,1,0:0.01/1:0.99,0,0:0.05/2:0.95,1,0:0.05/2:0.95,0,0,1
210_4,0,1,1,0,2,1,2,0,2,1
216_6,0,1,1,0,2,1,2,0,2,1
216_5,0,1,1,0,2,1,2,0,2,1
201_4,0,1,1,0,2,1,2,0:0.04/1:0.96,0,1
216_8,0,1,1,0,2,1,2,1,0,1
216_7,0,1,1,0,2,1,2,1,1,1
