[&R] (((((((216_13:0,216_14:0)200_9:0,(216_15:0,216_16:0)203_13:0)163_4:1.029,((216_11:0,216_12:0)200_8:0.025,(216_9:0,216_10:0)202_7:2.025)166_4:0.004)120_2:3.43,(((216_1:1,216_2:0)195_1:0,(216_3:1,216_4:0)197_3:0)163_1:1.01,((216_5:0,216_6:0)207_5:2.009,(216_7:0,216_8:0)211_7:0.01)166_3:0.001)122_1:1.448)77_1:1.616,(((216_17:2,216_19:0)161_5:0,((216_21:1.035,216_22:0.035)201_17:1.965,216_23:2.001)164_9:0)125_5:0.005,((216_26:0,216_28:0)174_13:1.562,(216_31:0,216_32:0)200_21:3.562)132_7:0.444)80_3:2.069)38_1:0.008,(216_33:1.772,216_34:3.772)175_17:3.311)virtual:1.917)I0;
I0,0,0,0,0,0,0,0,0,0,0
virtual,0,0,0,0:0.04/2:0.96,0,0,0,0:0.04/2:0.96,0,0
175_17,0,0:0.19/1:0.81,0:0.19/1:0.81,0:0.01/2:0.99,0,0,0,0:0.01/2:0.99,0:0.19/1:0.81,0:0.19/1:0.81
216_34,2,1,1,2,2,1,0,2,1,1
216_33,0,1,1,2,0,0,1,2,1,1
38_1,0,0,0,0:0.04/2:0.96,0,0,0,0:0.04/2:0.96,0,0
80_3,0,0,0,2,0,0,0,2,2,2
132_7,0:0.56/2:0.44,0,0,2,0,0,0,2,2,2
200_21,2,2,0,2,1,0,2,2,2,2
216_32,2,2,0,2,1,0,2,2,2,2
216_31,2,2,0,2,1,0,2,2,2,2
174_13,2,0,1,2,0,0,0,2,2,2
216_28,2,0,1,2,0,0,0,2,2,2
216_26,2,0,1,2,0,0,0,2,2,2
125_5,0,0,0,2,0,0,0,2,2,2
164_9,0,0,0,2,0,0,0,2,2,2
216_23,0,0,0,2,2,0,1,2,2,2
201_17,0,0,0:0.02/1:0.98,2,0:0.02/1:0.98,0,0,2,2,2
216_22,0,0,1,2,1,0,0,2,2,2
216_21,2,0,1,2,1,0,0,2,2,2
161_5,0,0,0,2,0,0,0,2,2,2
216_19,0,0,0,2,0,0,0,2,2,2
216_17,1,2,0,2,0,0,0,2,2,2
77_1,0,0,0:0.22/1:0.78,0:0.01/2:0.99,0,0:0.22/1:0.78,0,0:0.01/2:0.99,0,0
122_1,0,0,1,2,0:0.01/2:0.99,1,0,2,0,0
166_3,0,0,1,2,0:0.01/2:0.99,1,0,2,0,0
211_7,0,0,1,2,2,1,0,2,0,0
216_8,0,0,1,2,2,1,0,2,0,0
216_7,0,0,1,2,2,1,0,2,0,0
207_5,0,0,1,2,2,1,1,2,1,0
216_6,0,0,1,2,2,1,1,2,1,0
216_5,0,0,1,2,2,1,1,2,1,0
163_1,0,0,1,2,2,1,0,2,1,0
197_3,0,0,1,2,2,1,0,2,1,0
216_4,0,0,1,2,2,1,0,2,1,0
216_3,0,2,1,2,2,1,0,2,1,0
195_1,0,0,1,2,2,1,0,2,1,0
216_2,0,0,1,2,2,1,0,2,1,0
216_1,0,0,1,2,2,1,1,2,1,0
120_2,0,0:0.01/1:0.99,1,2,0:0.01/1:0.99,1,0,2,0:0.01/2:0.99,0
166_4,0,0:0.01/1:0.99,1,2,0:0.01/1:0.99,1,0,2,0:0.01/2:0.99,0
202_7,1,1,1,2,1,1,0,2,2,1
216_10,1,1,1,2,1,1,0,2,2,1
216_9,1,1,1,2,1,1,0,2,2,1
200_8,0,1,1,2,1,1,0,2,2,0
216_12,0,1,1,2,1,1,0,2,2,0
216_11,0,1,1,2,1,1,0,2,2,0
163_4,1,1,1,2,1,1,0,2,2,0
203_13,1,1,1,2,1,1,0,2,2,0
216_16,1,1,1,2,1,1,0,2,2,0
216_15,1,1,1,2,1,1,0,2,2,0
200_9,1,1,1,2,1,1,0,2,2,0
216_14,1,1,1,2,1,1,0,2,2,0
216_13,1,1,1,2,1,1,0,2,2,0
