[&R] (((((((216_32:0,216_33:0)211_28:0,(216_30:0,216_31:0)215_30:0)177_16:3.328,(216_34:0.033,216_35:1.033)183_21:0.295)139_9:2.265,(216_26:2.235,216_27:0.235)179_15:2.357)87_4:1.592,(((216_20:1.005,216_21:0.005)182_12:0.129,(216_18:0.214,216_19:2.214)185_11:1.919)141_6:1.13,((216_24:1.074,216_25:0.074)194_17:2.732,(216_22:0,216_23:0)196_17:2.806)146_9:1.458)90_3:0.921)39_2:2.28,((((216_6:0,216_7:0)211_6:1.063,216_5:0.063)174_3:3.094,((216_9:0,216_10:0)214_9:1.044,216_8:1.044)178_5:0.112)135_2:1.193,216_3:3.349)90_1:3.115)virtual:0.536)I0;
I0,0,0,0,0,0,0,0,0,0,0
virtual,0,0,0,0,0,0,0:0.46/1:0.54,0,0,0
90_1,0:0.1/1:0.9,0,0,0:0.1/2:0.9,0,0,0:0.05/1:0.95,0,0:0.1/2:0.9,0
216_3,1,2,1,2,0,2,1,0,2,0
135_2,0:0.01/1:0.99,0:0.12/1:0.88,0,0:0.01/2:0.99,0,0,0:0.01/1:0.99,0,0:0.01/2:0.99,0
178_5,1,0:0.03/1:0.97,0,2,0,0,1,0,2,0
216_8,1,1,0,2,1,0,1,0,2,0
214_9,1,1,2,2,0,0,1,0,2,0
216_10,1,1,2,2,0,0,1,0,2,0
216_9,1,1,2,2,0,0,1,0,2,0
174_3,1,1,0:0.02/2:0.98,2,0:0.02/2:0.98,0,1,0,2,0:0.02/1:0.98
216_5,1,1,2,2,2,0,1,0,2,1
211_6,1,1,2,2,2,2,1,0,2,1
216_7,1,1,2,2,2,2,1,0,2,1
216_6,1,1,2,2,2,2,1,0,2,1
39_2,0,0,0,0,0,0:0.07/2:0.93,0:0.03/1:0.97,0,0,0:0.07/1:0.93
90_3,0,0:0.22/1:0.78,0,0,0,0:0.02/2:0.98,0:0.01/1:0.99,0,0,0:0.02/1:0.98
146_9,0,0:0.08/1:0.92,0,0:0.36/2:0.64,0:0.36/2:0.64,0:0.01/2:0.99,1,0,0,0:0.01/1:0.99
196_17,0,1,0,2,2,2,1,2,2,1
216_23,0,1,0,2,2,2,1,2,2,1
216_22,0,1,0,2,2,2,1,2,2,1
194_17,0:0.03/1:0.97,1,0:0.03/2:0.97,0:0.01/2:0.99,0:0.01/2:0.99,2,1,0,0,1
216_25,1,1,2,2,2,2,1,0,0,1
216_24,1,1,2,2,2,2,1,1,0,1
141_6,0:0.11/1:0.89,0:0.02/1:0.98,0,0,0,2,1,0,0,1
185_11,0:0.01/1:0.99,1,0:0.1/1:0.9,0,0,2,1,0:0.1/1:0.9,0,1
216_19,1,1,1,2,0,2,1,1,2,1
216_18,1,1,1,0,0,2,1,1,0,1
182_12,1,1,0,0,0,2,1,0,0,1
216_21,1,1,0,0,0,2,1,0,0,1
216_20,1,1,0,0,1,2,1,0,0,1
87_4,0:0.27/2:0.73,0,0,0,0:0.27/1:0.73,0:0.02/2:0.98,0:0.01/1:0.99,0,0,0:0.02/1:0.98
179_15,0:0.02/2:0.98,0:0.09/1:0.91,0:0.09/1:0.91,0,0:0.02/1:0.98,2,1,0,0,1
216_27,2,1,1,0,1,2,1,0,0,1
216_26,2,1,1,2,1,2,1,1,0,1
139_9,0:0.03/2:0.97,0,0,0,0:0.03/1:0.97,2,1,0:0.13/1:0.87,0:0.13/2:0.87,1
183_21,2,0,0,0,1,2,1,0:0.01/1:0.99,0:0.01/2:0.99,1
216_35,2,0,2,0,1,2,1,1,2,1
216_34,2,0,0,0,1,2,1,1,2,1
177_16,2,2,1,1,1,2,1,1,2,1
215_30,2,2,1,1,1,2,1,1,2,1
216_31,2,2,1,1,1,2,1,1,2,1
216_30,2,2,1,1,1,2,1,1,2,1
211_28,2,2,1,1,1,2,1,1,2,1
216_33,2,2,1,1,1,2,1,1,2,1
216_32,2,2,1,1,1,2,1,1,2,1
