[&R] ((((((216_14:2.564,216_15:2.564)199_9:4.439,216_16:3.003)146_5:0,((216_19:2.493,216_20:2.493)195_12:0.835,(216_17:1.045,216_18:0.045)202_12:3.283)147_7:2.675)93_3:0.001,(((216_23:0.009,216_24:3.009)208_20:0.001,(216_25:0,216_26:0)209_22:2.01)164_15:0.005,216_21:2.015)104_5:3.989)44_2:0.005,((((216_8:1.075,216_9:3.075)205_6:0.004,(216_6:1.132,216_7:1.132)206_5:2.948)153_3:0.922,((216_12:3.593,216_13:2.593)213_10:1.407,(216_10:6.001,216_11:1.001)215_9:0)163_7:0)104_2:0.005,216_1:2.006)49_1:1.003)2_1:0.991)I0;
I0,0,0,0,0,0,0,0,0,0,0
2_1,0,0,0,0,0,0,0:0.01/1:0.99,0,0,0
49_1,0,0:0.01/1:0.99,0,0,0,0,1,0,0,0
216_1,2,1,0,0,1,0,1,0,0,0
104_2,0,1,0,0,0,0,1,0,0,0
163_7,0,1,0,0,0,0,1,0,0,0
215_9,0,1,0,0,0,0,1,0,0,0
216_11,2,1,0,0,0,0,1,0,0,0
216_10,1,1,1,2,1,1,1,0,0,2
213_10,0,1,0,0:0.3/2:0.7,0,0:0.3/1:0.7,1,0,0,0
216_13,2,1,0,2,1,1,1,0,0,0
216_12,1,1,1,2,0,1,1,0,0,1
153_3,0,1,0,0:0.08/1:0.92,0,0,1,0,0,0
206_5,0:0.04/1:0.96,1,0:0.04/1:0.96,1,0,0,1,0,0:0.04/2:0.96,0
216_7,1,1,1,1,0,0,1,0,2,1
216_6,1,1,1,1,1,0,1,0,2,0
205_6,0,1,0,0:0.07/1:0.93,0,0,1,0,0,0
216_9,2,1,0,1,1,1,1,0,0,0
216_8,1,1,0,1,0,0,1,0,0,0
44_2,0,0,0,0,0,0,1,0,0,0
104_5,1,1,1,1,0,0,1,0,0,0
216_21,1,1,1,1,0,0,1,0,1,1
164_15,1,1,1,1,0,0,1,0,0,0
209_22,1,1,1,1,0,0,1,0,1,1
216_26,1,1,1,1,0,0,1,0,1,1
216_25,1,1,1,1,0,0,1,0,1,1
208_20,1,1,1,1,0,0,1,0,0,0
216_24,1,1,1,1,1,0,1,0,1,1
216_23,1,1,1,1,0,0,1,0,0,0
93_3,0,0,0,0,0,0,1,0,0,0
147_7,0,0:0.11/1:0.89,0,0,0,0,1,0,0:0.11/2:0.89,0:0.11/1:0.89
202_12,0,1,0:0.01/1:0.99,0:0.01/2:0.99,0,0:0.01/1:0.99,1,0,2,1
216_18,0,1,1,2,0,1,1,0,2,1
216_17,0,1,1,2,2,1,1,0,2,1
195_12,0,0:0.04/1:0.96,0,0,0,0,1,0:0.37/2:0.63,0:0.04/2:0.96,0:0.04/1:0.96
216_20,1,1,0,0,2,0,1,2,2,1
216_19,2,1,0,0,1,0,1,2,2,1
146_5,0,0,0,0,0,0,1,0,0,0
216_16,2,1,0,0,1,0,1,0,0,0
199_9,0:0.11/1:0.89,0:0.11/2:0.89,0:0.11/1:0.89,0,0,0,1,0,0:0.11/2:0.89,0:0.11/1:0.89
216_15,1,2,1,1,1,0,1,0,2,1
216_14,1,2,1,2,0,1,1,0,2,1
