[&R] (((((216_3:0,216_4:0)203_3:2.28,(216_5:1.034,216_6:0.034)208_5:1.246)157_2:2.357,(216_1:2.41,216_2:1.41)168_1:3.227)73_1:0.515,(((216_9:0,216_10:0)194_6:2.73,(216_7:0.065,216_8:1.065)198_5:2.665)140_3:1.687,(216_11:0,216_12:0)197_8:1.417)76_3:1.735)26_1:1.848)I0;
I0,0,0,0,0,0,0,0,0,0,0
26_1,0,0:0.08/1:0.92,0,0,0,0,0:0.08/1:0.92,0,0,0
76_3,0:0.19/2:0.81,0:0.01/1:0.99,0,0:0.19/2:0.81,0,0,0:0.01/1:0.99,0,0,0
197_8,2,1,0,2,0,0,1,2,0,0
216_12,2,1,0,2,0,0,1,2,0,0
216_11,2,1,0,2,0,0,1,2,0,0
140_3,0:0.06/2:0.94,1,0,0:0.06/2:0.94,0,0,1,0,0:0.3/2:0.7,0:0.3/1:0.7
198_5,2,1,0,2,0,0:0.02/1:0.98,1,0:0.02/2:0.98,0:0.01/2:0.99,0:0.01/1:0.99
216_8,2,1,0,2,1,1,1,2,2,1
216_7,2,1,0,2,0,1,1,2,2,1
194_6,2,1,1,2,0,0,1,1,2,1
216_10,2,1,1,2,0,0,1,1,2,1
216_9,2,1,1,2,0,0,1,1,2,1
73_1,0,0:0.04/1:0.96,0,0,0,0,0:0.04/1:0.96,0,0,0:0.55/2:0.45
168_1,0,1,0,0,0:0.11/2:0.89,0:0.11/2:0.89,1,0:0.11/2:0.89,0,0:0.06/2:0.94
216_2,0,1,1,0,2,2,1,2,0,2
216_1,2,1,0,1,2,2,1,2,0,2
157_2,0,1,0:0.11/2:0.89,0,0,0:0.11/1:0.89,1,0,0,0:0.06/2:0.94
208_5,0,1,2,0,0:0.03/2:0.97,1,1,0,0,2
216_6,0,1,2,0,2,1,1,0,0,2
216_5,0,1,2,0,2,1,1,0,1,2
203_3,1,1,2,1,0,1,1,0,0,2
216_4,1,1,2,1,0,1,1,0,0,2
216_3,1,1,2,1,0,1,1,0,0,2
