[&R] ((((((216_13:1.048,216_14:0.048)189_11:2.133,216_11:5.181)143_6:0.01,((216_9:0,216_10:0)190_8:1.011,(216_7:0.008,216_8:1.008)191_7:0.002)150_5:2.181)103_3:2.812,216_22:2.004)57_2:0,(((216_3:1.193,216_4:2.193)165_2:1.809,216_5:2.002)112_2:0,(216_1:6.973,216_2:4.973)171_1:0.029)68_1:0.001)17_1:1.996)I0;
I0,0,0,0,0,0,0,0,0,0,0
17_1,0,1,0,0,0,0,1,0,0,0
68_1,0,1,0,0,0,0,1,0,0,0
171_1,0,1,0:0.97/1:0.03,0,0,0,1,0,0,0
216_2,1,1,1,2,2,1,1,0,0,0
216_1,2,1,1,1,1,0,1,2,2,1
112_2,0,1,0,0,0,0,1,0,0,0
216_5,2,1,0,0,1,0,1,0,0,0
165_2,0,1,0:0.1/1:0.9,0,0,0,1,0,0,0:0.1/1:0.9
216_4,1,1,1,0,0,0,1,0,2,1
216_3,0,1,1,0,1,0,1,0,0,1
57_2,0,1,0,0,0,0,1,0,0,0
216_22,2,1,0,0,1,0,1,0,0,0
103_3,0,1,0:0.06/1:0.94,0,0,0,1,0:0.06/2:0.94,0,0:0.06/1:0.94
150_5,1,1,1,1,0,0,1,2,0,1
191_7,1,1,1,1,0,0,1,2,0,1
216_8,1,1,1,1,0,0,1,2,2,1
216_7,1,1,1,1,0,0,1,2,0,1
190_8,1,1,1,1,0,0,1,2,2,1
216_10,1,1,1,1,0,0,1,2,2,1
216_9,1,1,1,1,0,0,1,2,2,1
143_6,0,1,0:0.06/1:0.94,0,0,0,1,0:0.06/2:0.94,0,0:0.06/1:0.94
216_11,2,1,1,2,1,1,1,2,2,1
189_11,0:0.02/1:0.98,1,1,0:0.02/1:0.98,0,0,1,2,0,1
216_14,1,1,1,1,0,0,1,2,0,1
216_13,1,1,1,1,0,0,1,2,2,1
