[&R] ((((((216_7:1.042,216_8:0.042)201_4:1.017,(216_5:0,216_6:0)210_4:0.06)157_2:1.063,((216_3:0,216_4:0)205_2:1.162,(216_1:0,216_2:0)210_1:1.162)162_1:0.961)108_1:2.061,((216_9:1.218,216_10:1.218)174_5:3.521,(216_11:2.41,216_12:1.41)174_6:2.329)119_3:0.445)62_1:1.959,(((216_17:1.2,216_18:2.2)175_11:1.168,(216_19:1.395,216_20:2.395)175_12:2.973)119_5:0.972,((216_13:0.001,216_14:1.001)188_9:0.001,216_15:0.001)125_5:4.339)62_2:0.803)20_1:0.857)I0;
I0,0,0,0,0,0,0,0,0,0,0
20_1,0,0,0,0,0,0,0,0,0,0:0.14/2:0.86
62_2,0,0,0,0,0,0,0:0.3/1:0.7,0,0,0:0.04/2:0.96
125_5,2,0,2,1,0,1,1,0,0,2
216_15,2,0,2,1,0,1,1,0,0,2
188_9,2,0,2,1,0,1,1,0,0,2
216_14,2,0,2,1,1,1,1,0,0,2
216_13,2,0,2,1,0,1,1,0,0,2
119_5,0,0,0,0:0.27/2:0.73,0,0,0:0.08/1:0.92,0,0,0:0.01/2:0.99
175_12,0,0:0.12/1:0.88,0,0:0.03/2:0.97,0,0,0:0.01/1:0.99,0:0.12/1:0.88,0:0.12/1:0.88,2
216_20,1,1,0,2,0,1,1,1,1,2
216_19,0,1,0,2,0,2,1,1,1,2
175_11,0:0.15/1:0.85,0,0,0:0.04/2:0.96,0,0,0:0.01/1:0.99,0,0,2
216_18,1,2,0,2,0,0,1,0,1,2
216_17,1,0,1,2,0,0,1,0,0,2
62_1,0,0,0,0,0,0,0:0.09/2:0.91,0:0.09/2:0.91,0,0:0.01/2:0.99
119_3,0,0,0,0,0,0:0.62/2:0.38,0:0.05/2:0.95,0:0.05/2:0.95,0,0:0.01/2:0.99
174_6,0,0,0:0.15/2:0.85,0:0.15/1:0.85,0,0:0.09/2:0.91,0:0.01/2:0.99,0:0.01/2:0.99,0,2
216_12,0,1,2,1,0,2,2,2,0,2
216_11,1,0,2,1,0,2,2,2,1,2
174_5,0:0.06/2:0.94,0,0:0.06/1:0.94,0,0,0:0.04/2:0.96,2,2,0:0.06/2:0.94,2
216_10,2,2,1,0,0,2,2,2,2,2
216_9,2,0,1,0,2,2,2,2,2,2
108_1,0,0:0.06/1:0.94,0,0,0,0:0.06/1:0.94,2,2,0,2
162_1,0,0:0.01/1:0.99,0,0,0:0.14/1:0.86,0:0.01/1:0.99,2,2,0,2
210_1,1,1,0,0,1,1,2,2,0,2
216_2,1,1,0,0,1,1,2,2,0,2
216_1,1,1,0,0,1,1,2,2,0,2
205_2,0,1,0,0,1,1,2,2,1,2
216_4,0,1,0,0,1,1,2,2,1,2
216_3,0,1,0,0,1,1,2,2,1,2
157_2,0,1,0:0.05/2:0.95,0,0,1,2,2,0,2
210_4,0,1,2,0,0,1,2,2,0,2
216_6,0,1,2,0,0,1,2,2,0,2
216_5,0,1,2,0,0,1,2,2,0,2
201_4,0,1,2,0,0,1,2,2,0:0.04/2:0.96,2
216_8,0,1,2,0,0,1,2,2,2,2
216_7,0,1,2,1,0,1,2,2,2,2
