[&R] ((((((216_7:1.345,216_8:1.345)201_4:1.713,(216_5:0,216_6:0)210_4:0.059)157_2:0.006,((216_3:0,216_4:0)205_2:0,(216_1:0,216_2:0)210_1:0)162_1:1.065)108_1:2.485,((216_9:0,216_10:0)174_5:1.241,(216_11:1.074,216_12:0.074)174_6:1.167)119_3:2.308)62_1:4.451,(((216_17:0.004,216_18:1.004)175_11:0.02,(216_19:0.137,216_20:2.137)175_12:0.887)119_5:2.143,((216_13:0.003,216_14:1.003)188_9:0.032,216_15:2.036)125_5:1.131)62_2:2.833)20_1:0)I0;
I0,0,0,0,0,0,0,0,0,0,0
20_1,0,0,0,0,0,0,0,0,0,0
62_2,0:0.06/1:0.94,0,0:0.06/1:0.94,0,0:0.06/2:0.94,0,0,0,0,0
125_5,1,0,1,0,2,0,0:0.03/1:0.97,0,0,0
216_15,1,0,1,0,2,1,1,1,0,0
188_9,1,0,1,0,2,0,1,0,0,0
216_14,1,0,1,0,2,0,1,0,2,0
216_13,1,0,1,0,2,0,1,0,0,0
119_5,1,0,1,0,2,0,0,0,0:0.01/1:0.99,0:0.01/2:0.99
175_12,1,0,1,0,2,0,0:0.13/1:0.87,0,1,2
216_20,1,0,1,2,2,2,1,0,1,2
216_19,1,0,1,0,2,0,1,0,1,2
175_11,1,0,1,0,2,0,0,0,1,2
216_18,1,2,1,0,2,0,0,0,1,2
216_17,1,0,1,0,2,0,0,0,1,2
62_1,0:0.11/2:0.89,0,0,0,0:0.11/1:0.89,0:0.11/1:0.89,0,0:0.11/1:0.89,0,0:0.11/1:0.89
119_3,0:0.01/2:0.99,0,0,0,0:0.01/1:0.99,0:0.01/1:0.99,0:0.09/1:0.91,0:0.01/1:0.99,0:0.09/2:0.91,0:0.01/1:0.99
174_6,2,0:0.06/2:0.94,0,0,1,1,0:0.01/1:0.99,1,0:0.01/2:0.99,1
216_12,2,2,0,0,1,1,1,1,2,1
216_11,2,2,2,0,1,1,1,1,2,1
174_5,2,0,2,0,1,1,1,1,2,1
216_10,2,0,2,0,1,1,1,1,2,1
216_9,2,0,2,0,1,1,1,1,2,1
108_1,2,0,0:0.03/1:0.97,0:0.03/1:0.97,1,1,0,1,0,1
162_1,2,0,1,1,1,1,1,1,0,1
210_1,2,0,1,1,1,1,1,1,0,1
216_2,2,0,1,1,1,1,1,1,0,1
216_1,2,0,1,1,1,1,1,1,0,1
205_2,2,0,1,1,1,1,1,1,0,1
216_4,2,0,1,1,1,1,1,1,0,1
216_3,2,0,1,1,1,1,1,1,0,1
157_2,2,0,0:0.02/1:0.98,0:0.02/1:0.98,1,1,0,1,0,1
210_4,2,0,1,1,1,1,0,1,0,1
216_6,2,0,1,1,1,1,0,1,0,1
216_5,2,0,1,1,1,1,0,1,0,1
201_4,2,0:0.17/2:0.83,1,1,1,1,0:0.17/2:0.83,1,0,1
216_8,2,2,1,1,1,1,2,1,1,1
216_7,2,2,1,1,1,1,2,1,2,1
