[&R] ((((((216_7:0,216_8:0)201_4:1.001,(216_5:0,216_6:0)210_4:1.001)157_2:0,((216_3:0,216_4:0)205_2:0.001,(216_1:0,216_2:0)210_1:1.001)162_1:0)108_1:1.046,((216_9:0,216_10:0)174_5:2.044,(216_11:0.049,216_12:1.049)174_6:1.995)119_3:0.003)62_1:4.573,(((216_17:0,216_18:0)175_11:0.006,(216_19:1.004,216_20:0.004)175_12:0.002)119_5:2.216,((216_13:1,216_14:0)188_9:0,216_15:0.001)125_5:0.221)62_2:6.399)20_1:0.38)I0;
I0,0,0,0,0,0,0,0,0,0,0
20_1,0,0:0.81/2:0.19,0,0,0,0,0,0,0,0:0.81/1:0.19
62_2,0:0.03/1:0.97,0:0.03/2:0.97,0,0:0.03/2:0.97,0,0,0:0.03/2:0.97,0:0.03/1:0.97,0:0.03/1:0.97,0:0.03/1:0.97
125_5,1,2,0,2,0,0,2,1,1,1
216_15,1,2,0,2,0,0,2,1,1,1
188_9,1,2,0,2,0,0,2,1,1,1
216_14,1,2,0,2,0,0,2,1,1,1
216_13,1,2,0,2,0,2,2,1,1,1
119_5,1,2,2,2,0,2,2,1,1,1
175_12,1,2,2,2,0,2,2,1,1,1
216_20,1,2,2,2,0,2,2,1,1,1
216_19,1,2,2,2,2,2,2,1,1,1
175_11,1,2,2,2,0,2,2,1,1,1
216_18,1,2,2,2,0,2,2,1,1,1
216_17,1,2,2,2,0,2,2,1,1,1
62_1,0,0:0.01/2:0.99,0,0,0:0.01/2:0.99,0,0,0:0.01/2:0.99,0:0.01/2:0.99,0:0.01/1:0.99
119_3,0,0:0.01/2:0.99,0,0,0:0.01/2:0.99,0,0,0:0.01/2:0.99,0:0.01/2:0.99,0:0.01/1:0.99
174_6,0:0.02/2:0.98,2,0,0,2,0,0:0.02/2:0.98,2,2,1
216_12,2,2,0,1,2,0,2,2,2,1
216_11,2,2,0,0,2,0,2,2,2,1
174_5,0,2,1,2,2,0,0,2,2,1
216_10,0,2,1,2,2,0,0,2,2,1
216_9,0,2,1,2,2,0,0,2,2,1
108_1,1,2,0,0,2,0,0,2,2,1
162_1,1,2,0,0,2,0,0,2,2,1
210_1,1,2,0,1,2,0,0,2,2,1
216_2,1,2,0,1,2,0,0,2,2,1
216_1,1,2,0,1,2,0,0,2,2,1
205_2,1,2,0,0,2,0,0,2,2,1
216_4,1,2,0,0,2,0,0,2,2,1
216_3,1,2,0,0,2,0,0,2,2,1
157_2,1,2,0,0,2,0,0,2,2,1
210_4,1,2,0,0,2,1,0,2,2,1
216_6,1,2,0,0,2,1,0,2,2,1
216_5,1,2,0,0,2,1,0,2,2,1
201_4,1,2,0,0,2,2,0,2,2,1
216_8,1,2,0,0,2,2,0,2,2,1
216_7,1,2,0,0,2,2,0,2,2,1
