[&R] ((((((216_7:0,216_8:0)201_4:1.035,(216_5:0,216_6:0)210_4:0.035)157_2:1.475,((216_3:1.001,216_4:0.001)205_2:0.002,(216_1:0,216_2:0)210_1:0.003)162_1:3.508)108_1:0.634,((216_9:0,216_10:0)174_5:0.023,(216_11:0,216_12:0)174_6:1.023)119_3:1.122)62_1:3.311,(((216_17:0,216_18:0)175_11:0,(216_19:0,216_20:1)175_12:0)119_5:1.47,((216_13:1.044,216_14:0.044)188_9:1.114,216_15:1.158)125_5:3.313)62_2:1.986)20_1:0.544)I0;
I0,0,0,0,0,0,0,0,0,0,0
20_1,0,0,0,0,0,0,0:0.46/1:0.54,0,0,0
62_2,0,0,0,0,0:0.19/1:0.81,0:0.19/1:0.81,0:0.09/1:0.91,0,0,0
125_5,0,0,0,0,0:0.01/1:0.99,0:0.01/1:0.99,1,0:0.05/1:0.95,0:0.05/1:0.95,0:0.05/1:0.95
216_15,0,0,2,0,1,1,1,1,1,1
188_9,0,0,0:0.04/1:0.96,0,1,1,1,1,1,1
216_14,0,0,1,0,1,1,1,1,1,1
216_13,0,2,1,0,1,1,1,1,1,1
119_5,0,2,0,0,1,1,1,0,0,0
175_12,0,2,0,0,1,1,1,0,0,0
216_20,0,2,2,0,1,1,1,0,0,0
216_19,0,2,0,0,1,1,1,0,0,0
175_11,0,2,0,0,1,1,1,0,0,0
216_18,0,2,0,0,1,1,1,0,0,0
216_17,0,2,0,0,1,1,1,0,0,0
62_1,0,0,0,0,0,0:0.04/2:0.96,0:0.02/1:0.98,0,0:0.04/1:0.96,0:0.04/1:0.96
119_3,0:0.02/1:0.98,0,0,0,0,2,1,0,1,1
174_6,1,0,2,0,0,2,1,0,1,1
216_12,1,0,2,0,0,2,1,0,1,1
216_11,1,0,2,0,0,2,1,0,1,1
174_5,1,0,0,0,0,2,1,0,1,1
216_10,1,0,0,0,0,2,1,0,1,1
216_9,1,0,0,0,0,2,1,0,1,1
108_1,0,0,0,0:0.45/1:0.55,0,0:0.02/2:0.98,0:0.01/1:0.99,0,0:0.02/1:0.98,0:0.02/1:0.98
162_1,0,0,1,1,1,2,1,2,1,1
210_1,0,0,1,1,1,2,1,2,1,1
216_2,0,0,1,1,1,2,1,2,1,1
216_1,0,0,1,1,1,2,1,2,1,1
205_2,0,0,1,1,1,2,1,2,1,1
216_4,0,0,1,1,1,2,1,2,1,1
216_3,2,0,1,1,1,2,1,2,1,1
157_2,0:0.02/1:0.98,0,0,0:0.01/1:0.99,0,2,1,0,1,1
210_4,1,0,0,1,0,2,1,0,1,1
216_6,1,0,0,1,0,2,1,0,1,1
216_5,1,0,0,1,0,2,1,0,1,1
201_4,1,0,1,1,0,2,1,0,1,1
216_8,1,0,1,1,0,2,1,0,1,1
216_7,1,0,1,1,0,2,1,0,1,1
