[&R] (((((((216_32:0,216_33:0)211_28:1.039,(216_30:0,216_31:0)215_30:0.039)177_16:2.962,(216_34:1.192,216_35:1.192)183_21:2.809)139_9:0,(216_26:0,216_27:0)179_15:5.001)87_4:0,(((216_20:2.867,216_21:2.867)182_12:1.964,(216_18:0,216_19:0)185_11:4.831)141_6:0.17,((216_24:0,216_25:0)194_17:2.444,(216_22:4.2,216_23:3.2)196_17:0.245)146_9:1.557)90_3:0)39_2:0.004,((((216_6:0,216_7:0)211_6:0,216_5:0)174_3:1.327,((216_9:0,216_10:0)214_9:1.654,216_8:2.654)178_5:0.673)135_2:2.187,216_3:2.514)90_1:0.491)virtual:3.995)I0;
I0,0,0,0,0,0,0,0,0,0,0
virtual,0,1,1,0,0,1,0,0,0,1
90_1,0,1,1,0,0,1,0:0.51/1:0.49,0,0,1
216_3,0,1,1,0,2,1,1,0,2,1
135_2,0:0.13/2:0.87,1,1,0,0,1,0:0.07/1:0.93,0:0.13/1:0.87,0,1
178_5,0:0.06/2:0.94,1,1,0:0.49/1:0.51,0,1,0:0.03/1:0.97,0:0.06/1:0.94,0,1
216_8,2,1,1,1,1,1,1,1,1,1
214_9,2,1,1,1,0,1,1,1,2,1
216_10,2,1,1,1,0,1,1,1,2,1
216_9,2,1,1,1,0,1,1,1,2,1
174_3,2,1,1,0,1,1,1,1,0,1
216_5,2,1,1,0,1,1,1,1,0,1
211_6,2,1,1,0,1,1,1,1,0,1
216_7,2,1,1,0,1,1,1,1,0,1
216_6,2,1,1,0,1,1,1,1,0,1
39_2,0,1,1,0,0,1,0,0,0,1
90_3,0,1,1,0,0,1,0,0,0,1
146_9,0,1,1,0:0.22/2:0.78,0,1,0:0.22/1:0.78,0,0,1
196_17,0,1,1,0:0.18/2:0.82,0,1,0:0.18/1:0.82,0,0:0.83/1:0.17,1
216_23,1,1,1,2,0,1,1,2,1,1
216_22,2,1,1,2,1,1,1,1,1,1
194_17,2,1,1,2,0,1,1,2,0,1
216_25,2,1,1,2,0,1,1,2,0,1
216_24,2,1,1,2,0,1,1,2,0,1
141_6,0,1,1,0,0:0.83/1:0.17,1,0,0,0,1
185_11,1,1,1,0,1,1,1,2,1,1
216_19,1,1,1,0,1,1,1,2,1,1
216_18,1,1,1,0,1,1,1,2,1,1
182_12,0,1,1,0,0:0.25/1:0.75,1,0,0:0.31/1:0.69,0:0.31/2:0.69,1
216_21,1,1,1,0,1,1,2,1,2,1
216_20,2,1,1,0,1,1,1,1,2,1
87_4,0,1,1,0,0,1,0,0,0,1
179_15,2,1,1,0,1,1,1,1,2,1
216_27,2,1,1,0,1,1,1,1,2,1
216_26,2,1,1,0,1,1,1,1,2,1
139_9,0,1,1,0,0,1,0,0,0,1
183_21,0:0.06/2:0.94,1,1,0:0.06/2:0.94,0,1,0,0:0.06/1:0.94,0,1
216_35,2,1,1,2,0,1,2,1,0,1
216_34,2,1,1,2,0,1,1,1,0,1
177_16,0,1,1,0,0,1,0:0.01/1:0.99,0:0.01/2:0.99,0:0.01/2:0.99,1
215_30,0,1,1,0,0,1,1,2,2,1
216_31,0,1,1,0,0,1,1,2,2,1
216_30,0,1,1,0,0,1,1,2,2,1
211_28,0,1,1,0,1,1,1,2,2,1
216_33,0,1,1,0,1,1,1,2,2,1
216_32,0,1,1,0,1,1,1,2,2,1
