[&R] (((((216_15:1.032,216_16:0.032)204_14:1.877,216_13:4.909)78_3:2.599,(((216_23:0,216_24:0)193_16:1.049,(216_21:0,216_22:0)203_17:0.049)139_10:3.306,((216_19:1.065,216_20:0.065)203_16:3.532,(216_17:0.032,216_18:1.032)211_16:1.566)141_9:0.758)83_6:2.153)32_2:1.492,(((216_1:1.024,216_2:1.024)180_1:0.003,(216_3:0,216_4:0)191_3:2.027)136_1:2.337,((216_7:0.033,216_8:1.033)194_6:0.974,(216_5:1.004,216_6:0.004)198_5:0.003)138_3:2.358)82_1:2.635)virtual:0)I0;
I0,0,0,0,0,0,0,0,0,0,0
virtual,0,0,0,0,0,0,0,0,0,0
82_1,0:0.12/1:0.88,0:0.12/1:0.88,0,0:0.12/2:0.88,0,0,0,0,0,0
138_3,1,1,0,2,0,2,1,0,0,0
198_5,1,1,0,2,0,2,1,0,0,0
216_6,1,1,0,2,0,2,1,0,0,0
216_5,1,1,0,2,0,2,1,1,0,0
194_6,1,1,0,2,0,2,1,0,0,0:0.03/1:0.97
216_8,1,1,0,2,2,2,1,0,0,1
216_7,1,1,0,2,0,2,1,0,0,1
136_1,1,1,0,2,0,0,0,0,0:0.01/1:0.99,0:0.01/1:0.99
191_3,1,1,2,2,1,0,0,0,1,1
216_4,1,1,2,2,1,0,0,0,1,1
216_3,1,1,2,2,1,0,0,0,1,1
180_1,1,1,0,2,0,0,0,0,0:0.01/1:0.99,0:0.01/1:0.99
216_2,1,1,2,2,0,0,0,0,1,1
216_1,1,1,1,2,0,0,0,0,1,1
32_2,0,0,0,0,0,0:0.25/1:0.75,0,0,0,0:0.25/2:0.75
83_6,0:0.14/1:0.86,0,0:0.14/1:0.86,0,0,0:0.04/1:0.96,0,0,0,0:0.04/2:0.96
141_9,0:0.06/1:0.94,0,0:0.06/1:0.94,0,0,0:0.02/1:0.98,0,0,0:0.44/2:0.56,0:0.02/2:0.98
211_16,1,0,1,0,0,1,0,0:0.02/1:0.98,0:0.01/2:0.99,2
216_18,1,1,1,0,0,1,0,1,2,2
216_17,1,0,1,0,0,1,0,1,2,2
203_16,1,0,1,0,0:0.02/1:0.98,1,0:0.02/2:0.98,0:0.02/2:0.98,0:0.01/2:0.99,2
216_20,1,0,1,0,1,1,2,2,2,2
216_19,1,2,1,0,1,1,2,2,2,2
139_10,1,0,1,0,0:0.01/2:0.99,1,0:0.01/2:0.99,0,0:0.01/1:0.99,2
203_17,1,0,1,0,2,1,2,0,1,2
216_22,1,0,1,0,2,1,2,0,1,2
216_21,1,0,1,0,2,1,2,0,1,2
193_16,1,0,1,0,2,1,2,2,1,2
216_24,1,0,1,0,2,1,2,2,1,2
216_23,1,0,1,0,2,1,2,2,1,2
78_3,0,0,0:0.26/2:0.74,0,0,0:0.07/1:0.93,0:0.26/1:0.74,0,0:0.26/2:0.74,0:0.07/2:0.93
216_13,1,1,2,2,0,1,1,1,2,2
204_14,0,0,2,0,0:0.02/2:0.98,1,1,0,2,2
216_16,0,0,2,0,2,1,1,0,2,2
216_15,2,0,2,0,2,1,1,0,2,2
