[&R] ((((((216_10:1.073,216_11:0.073)207_8:1.164,(216_8:0,216_9:0)210_7:1.237)166_6:0.943,((216_6:0,216_7:0)215_6:0.047,216_5:1.047)173_5:1.133)115_3:2.604,((216_14:1.001,216_15:0.001)205_10:0.001,(216_12:0,216_13:0)208_10:0.002)159_8:3.783)45_2:3.184,(216_3:0,216_4:0)186_2:7.968)virtual:0.032)I0;
I0,0,0,0,0,0,0,0,0,0,0
virtual,0,0:0.97/2:0.03,0,0,0,0,0,0,0,0
186_2,2,2,0,1,1,1,2,1,1,0
216_4,2,2,0,1,1,1,2,1,1,0
216_3,2,2,0,1,1,1,2,1,1,0
45_2,0,0:0.19/2:0.81,0:0.2/2:0.8,0,0:0.2/2:0.8,0,0,0:0.2/2:0.8,0,0
159_8,0,2,2,0,2,0,1,2,1,2
208_10,0,2,2,0,2,0,1,2,1,2
216_13,0,2,2,0,2,0,1,2,1,2
216_12,0,2,2,0,2,0,1,2,1,2
205_10,0,2,2,0,2,0,1,2,1,2
216_15,0,2,2,0,2,0,1,2,1,2
216_14,0,2,2,0,2,2,1,2,1,2
115_3,0,0:0.01/2:0.99,0:0.01/2:0.99,0,0:0.01/2:0.99,0,0:0.06/2:0.94,0:0.01/2:0.99,0:0.06/2:0.94,0
173_5,0,2,2,0,2,0,2,2,2,0:0.04/1:0.96
216_5,0,2,2,0,2,1,2,2,2,1
215_6,0,2,2,0,2,0,2,2,2,1
216_7,0,2,2,0,2,0,2,2,2,1
216_6,0,2,2,0,2,0,2,2,2,1
166_6,0:0.2/2:0.8,2,2,0,2,0,0:0.01/2:0.99,2,0:0.01/2:0.99,0
210_7,2,2,2,2,2,0,2,2,2,0
216_9,2,2,2,2,2,0,2,2,2,0
216_8,2,2,2,2,2,0,2,2,2,0
207_8,0:0.01/2:0.99,2,2,0:0.06/1:0.94,2,0,2,2,2,0
216_11,2,2,2,1,2,0,2,2,2,0
216_10,2,2,2,1,2,2,2,2,2,0
