[&R] ((((((216_10:0,216_11:0)207_8:1.02,(216_8:0,216_9:0)210_7:0.02)166_6:1.069,((216_6:0,216_7:0)215_6:0,216_5:0)173_5:3.089)115_3:0.005,((216_14:0,216_15:0)205_10:1.047,(216_12:0,216_13:0)208_10:0.047)159_8:3.047)45_2:3.872,(216_3:1.225,216_4:1.225)186_2:6.741)virtual:0.034)I0;
I0,0,0,0,0,0,0,0,0,0,0
virtual,0,0,0,0:0.97/2:0.03,0,0,0,0,0,0
186_2,0:0.03/2:0.97,0,0:0.03/2:0.97,0:0.03/2:0.97,0,0,0:0.03/2:0.97,0:0.03/1:0.97,0:0.03/1:0.97,0:0.03/2:0.97
216_4,2,1,2,2,0,0,2,1,1,2
216_3,2,0,2,2,0,1,2,1,1,2
45_2,0,0,0,0:0.02/2:0.98,0:0.02/2:0.98,0:0.02/1:0.98,0,0,0:0.02/2:0.98,0
159_8,0,0,0:0.02/1:0.98,2,2,1,0,0:0.02/1:0.98,2,0:0.02/1:0.98
208_10,0,0,1,2,2,1,0,1,2,1
216_13,0,0,1,2,2,1,0,1,2,1
216_12,0,0,1,2,2,1,0,1,2,1
205_10,1,0,1,2,2,1,0,1,2,1
216_15,1,0,1,2,2,1,0,1,2,1
216_14,1,0,1,2,2,1,0,1,2,1
115_3,0,0,0,0:0.02/2:0.98,0:0.02/2:0.98,0:0.02/1:0.98,0,0,0:0.02/2:0.98,0
173_5,0,1,1,2,2,1,0,1,2,0
216_5,0,1,1,2,2,1,0,1,2,0
215_6,0,1,1,2,2,1,0,1,2,0
216_7,0,1,1,2,2,1,0,1,2,0
216_6,0,1,1,2,2,1,0,1,2,0
166_6,0:0.02/2:0.98,0,0,2,2,1,0,0,2,0
210_7,2,0,0,2,2,1,0,0,2,0
216_9,2,0,0,2,2,1,0,0,2,0
216_8,2,0,0,2,2,1,0,0,2,0
207_8,2,0,0,2,2,1,0,0,2,1
216_11,2,0,0,2,2,1,0,0,2,1
216_10,2,0,0,2,2,1,0,0,2,1
