[&R] ((((((216_10:0,216_11:0)207_8:0.025,(216_8:0,216_9:0)210_7:1.025)166_6:0.002,((216_6:0,216_7:0)215_6:1.109,216_5:0.109)173_5:0.918)115_3:4.568,((216_14:0,216_15:0)205_10:0,(216_12:0,216_13:0)208_10:0)159_8:4.595)45_2:2.717,(216_3:0,216_4:0)186_2:5.312)virtual:0.688)I0;
I0,0,0,0,0,0,0,0,0,0,0
virtual,0:0.66/2:0.34,0,0,0,0,0,0,0:0.66/1:0.34,0,0
186_2,2,0,2,1,2,0,1,1,0,0
216_4,2,0,2,1,2,0,1,1,0,0
216_3,2,0,2,1,2,0,1,1,0,0
45_2,0:0.24/2:0.76,0,0:0.37/1:0.63,0,0,0:0.37/1:0.63,0,0:0.24/1:0.76,0,0:0.37/2:0.63
159_8,2,2,1,1,0,1,1,1,0,2
208_10,2,2,1,1,0,1,1,1,0,2
216_13,2,2,1,1,0,1,1,1,0,2
216_12,2,2,1,1,0,1,1,1,0,2
205_10,2,2,1,1,0,1,1,1,0,2
216_15,2,2,1,1,0,1,1,1,0,2
216_14,2,2,1,1,0,1,1,1,0,2
115_3,2,0:0.01/1:0.99,1,0:0.01/2:0.99,0,1,0,1,0:0.01/1:0.99,2
173_5,2,1,1,2,0:0.11/2:0.89,1,0,1,1,2
216_5,2,1,1,2,2,1,0,1,1,2
215_6,2,1,1,2,2,1,1,1,1,2
216_7,2,1,1,2,2,1,1,1,1,2
216_6,2,1,1,2,2,1,1,1,1,2
166_6,2,0:0.01/1:0.99,1,0:0.01/2:0.99,0,1,0,1,0:0.01/1:0.99,2
210_7,2,1,1,2,2,1,0,1,1,2
216_9,2,1,1,2,2,1,0,1,1,2
216_8,2,1,1,2,2,1,0,1,1,2
207_8,2,1,1,2,0,1,0,1,1,2
216_11,2,1,1,2,0,1,0,1,1,2
216_10,2,1,1,2,0,1,0,1,1,2
