[&R] ((((((216_10:0,216_11:0)207_8:0,(216_8:0,216_9:0)210_7:0)166_6:0.003,((216_6:0,216_7:0)215_6:1.002,216_5:0.002)173_5:0.001)115_3:5.229,((216_14:0,216_15:0)205_10:1.033,(216_12:0,216_13:0)208_10:0.033)159_8:3.199)45_2:0.193,(216_3:0.05,216_4:1.05)186_2:4.376)virtual:2.575)I0;
I0,0,0,0,0,0,0,0,0,0,0
virtual,0,0,0:0.14/2:0.86,0:0.14/2:0.86,0,0:0.14/2:0.86,0,0,0,0
186_2,0:0.01/2:0.99,0,2,2,0,2,0:0.01/2:0.99,0:0.01/2:0.99,0,0:0.01/1:0.99
216_4,2,0,2,2,2,2,2,2,0,1
216_3,2,0,2,2,0,2,2,2,0,1
45_2,0,0:0.86/1:0.14,0:0.12/2:0.88,0:0.12/2:0.88,0,0:0.12/2:0.88,0,0,0,0
159_8,0,0:0.01/1:0.99,2,2,0,2,0:0.01/1:0.99,0,0:0.01/2:0.99,0
208_10,0,1,2,2,0,2,1,0,2,0
216_13,0,1,2,2,0,2,1,0,2,0
216_12,0,1,2,2,0,2,1,0,2,0
205_10,1,1,2,2,0,2,1,0,2,0
216_15,1,1,2,2,0,2,1,0,2,0
216_14,1,1,2,2,0,2,1,0,2,0
115_3,1,1,2,2,2,2,0,2,0,2
173_5,1,1,2,2,2,2,0,2,0,2
216_5,1,1,2,2,2,2,0,2,0,2
215_6,1,1,2,2,2,2,2,2,0,2
216_7,1,1,2,2,2,2,2,2,0,2
216_6,1,1,2,2,2,2,2,2,0,2
166_6,1,1,2,2,2,2,0,2,0,2
210_7,1,1,2,2,2,2,0,2,0,2
216_9,1,1,2,2,2,2,0,2,0,2
216_8,1,1,2,2,2,2,0,2,0,2
207_8,1,1,2,2,2,2,0,2,0,2
216_11,1,1,2,2,2,2,0,2,0,2
216_10,1,1,2,2,2,2,0,2,0,2
