cell,r0,r1,r2,r3,r4,r5,r6,r7,r8,r9,r10,r11,r12,r13,r14,r15,r16,r17,r18,r19,r20,r21,r22,r23,r24,r25,r26,r27,r28,r29,r30,r31,r32,r33,r34,r35,r36,r37,r38,r39,r40,r41,r42,r43,r44,r45,r46,r47,r48,r49,r50,r51,r52,r53,r54,r55,r56,r57,r58,r59,r60,r61,r62,r63,r64,r65,r66,r67,r68,r69,r70,r71,r72,r73,r74,r75,r76,r77,r78,r79,r80,r81,r82,r83,r84,r85,r86,r87,r88,r89,r90,r91,r92,r93,r94,r95,r96,r97,r98,r99,r100,r101,r102,r103,r104,r105,r106,r107,r108,r109,r110,r111,r112,r113,r114,r115,r116,r117,r118,r119,r120,r121,r122,r123,r124,r125,r126,r127,r128,r129,r130,r131,r132,r133,r134,r135,r136,r137,r138,r139,r140,r141,r142,r143,r144,r145,r146,r147,r148,r149,r150,r151,r152,r153,r154,r155,r156,r157,r158,r159,r160,r161,r162,r163,r164,r165,r166,r167,r168,r169,r170,r171,r172,r173,r174,r175,r176,r177,r178,r179,r180,r181,r182,r183,r184,r185,r186,r187,r188,r189,r190,r191,r192,r193,r194,r195,r196,r197,r198,r199
I0,0,0,0,0,0,0,0,0,0,0,0,0,0,0,0,0,0,0,0,0,0,0,0,0,0,0,0,0,0,0,0,0,0,0,0,0,0,0,0,0,0,0,0,0,0,0,0,0,0,0,0,0,0,0,0,0,0,0,0,0,0,0,0,0,0,0,0,0,0,0,0,0,0,0,0,0,0,0,0,0,0,0,0,0,0,0,0,0,0,0,0,0,0,0,0,0,0,0,0,0,0,0,0,0,0,0,0,0,0,0,0,0,0,0,0,0,0,0,0,0,0,0,0,0,0,0,0,0,0,0,0,0,0,0,0,0,0,0,0,0,0,0,0,0,0,0,0,0,0,0,0,0,0,0,0,0,0,0,0,0,0,0,0,0,0,0,0,0,0,0,0,0,0,0,0,0,0,0,0,0,0,0,0,0,0,0,0,0,0,0,0,0,0,0,0,0,0,0,0,0
I1,1,2,0,1,2,2,1,1,2,1,0,1,1,0,2,0,2,2,0,0,1,1,1,1,0,0,1,1,1,1,1,1,0,0,2,0,0,1,0,0,2,2,0,0,1,1,2,0,0,2,1,2,2,0,0,1,1,0,0,2,0,0,0,0,2,0,2,1,0,0,1,1,1,0,1,0,2,1,0,2,0,1,0,2,0,2,1,1,1,0,0,2,1,0,1,2,2,0,2,2,0,2,0,1,0,1,0,1,1,2,0,1,0,2,2,0,0,1,0,2,0,1,0,1,2,0,0,2,0,0,0,1,1,1,0,0,0,0,2,0,0,0,0,2,0,0,1,1,1,2,1,1,0,1,1,0,0,1,1,1,0,2,1,2,2,0,0,2,2,2,1,0,0,1,0,1,2,2,0,0,0,2,0,1,2,1,0,1,1,1,1,1,0,2,1,2,1,2,0,2
216_4,1,2,0,1,2,2,1,1,2,1,0,1,1,0,2,0,2,2,0,2,1,1,1,1,0,0,1,1,1,1,1,1,0,2,2,0,0,1,0,0,2,2,0,2,1,1,2,1,0,2,1,2,2,0,0,1,1,0,0,2,0,0,0,0,2,0,2,1,2,0,1,1,1,0,1,0,2,1,0,2,0,1,0,2,0,2,1,1,1,0,0,2,1,0,1,2,2,0,2,2,0,2,0,1,0,1,0,1,1,2,0,1,0,2,2,0,0,1,0,2,0,1,0,1,2,0,0,2,0,0,0,1,1,1,0,0,0,0,2,0,0,0,0,2,0,0,1,1,1,2,1,1,0,1,1,0,0,1,1,1,0,2,1,2,2,0,0,2,2,2,1,0,0,1,0,1,2,2,0,0,0,2,0,1,2,1,0,1,1,1,1,1,0,2,1,2,1,2,0,2
216_3,1,2,0,1,2,2,1,1,2,1,1,1,1,0,2,0,2,2,0,0,1,1,1,1,0,0,1,1,1,1,1,1,0,0,2,0,0,1,0,2,2,2,0,0,1,1,2,0,0,2,1,2,2,2,0,1,1,0,0,2,0,0,0,0,2,0,2,1,0,0,1,1,1,0,1,0,2,1,1,2,0,1,0,2,0,2,1,1,1,0,0,2,1,0,1,2,2,0,2,2,0,2,0,1,0,1,0,1,1,2,0,1,0,2,2,2,2,1,0,2,0,1,0,1,2,0,0,2,0,0,0,1,1,1,0,0,0,0,2,0,0,0,0,2,0,0,1,1,1,2,1,1,0,1,1,0,0,1,1,1,0,2,1,2,2,0,0,2,2,2,1,0,0,1,0,1,2,2,2,0,0,2,0,1,2,1,0,1,1,1,1,1,0,2,1,2,1,2,0,2
I2,1,0,0,0,0,0,0,0,0,1,0,2,0,1,1,0,0,0,1,0,1,0,0,0,1,0,0,1,0,2,0,0,0,2,0,1,1,0,0,0,0,1,0,2,2,0,2,0,0,2,0,1,0,1,0,0,0,0,0,1,2,0,1,0,0,1,0,0,0,0,2,0,1,0,2,1,0,1,2,1,2,2,2,1,2,0,1,1,0,0,0,0,0,0,1,0,2,0,1,0,0,0,0,0,0,0,0,0,0,0,0,0,0,0,0,0,0,2,0,2,1,2,0,0,0,2,2,0,2,1,0,0,1,0,0,0,0,1,0,0,1,0,2,1,0,0,2,0,2,0,0,0,2,1,0,1,0,0,0,0,0,0,0,0,0,0,0,0,0,0,0,2,0,1,1,1,0,0,2,2,0,0,0,0,0,0,2,0,2,2,0,1,0,0,0,1,0,0,0,0
I3,1,0,1,1,0,1,0,0,0,1,0,2,0,1,1,0,0,0,1,0,1,0,1,0,1,0,1,1,0,2,2,0,1,2,2,1,1,0,2,1,0,1,0,2,2,0,2,0,1,2,1,1,1,1,0,1,0,0,0,1,2,0,1,0,1,1,2,2,0,1,2,2,1,1,2,1,0,1,2,1,2,2,2,1,2,0,1,1,2,0,1,0,0,1,1,0,2,1,1,1,2,0,0,0,1,0,0,2,0,1,1,2,0,0,0,2,1,2,0,2,1,2,1,0,2,2,2,0,2,1,0,0,1,0,1,0,1,1,2,1,1,0,2,1,0,0,2,0,2,2,2,1,2,1,0,1,1,2,1,0,1,0,2,0,0,0,1,0,0,0,0,2,2,1,1,1,0,1,2,2,0,0,0,0,2,1,2,0,2,2,0,1,0,0,0,1,1,0,0,0
I4,1,0,1,1,0,1,0,0,0,1,0,2,0,1,1,0,0,0,1,0,1,0,1,0,1,1,1,1,0,2,2,0,1,2,2,1,1,0,2,1,0,1,0,2,2,0,2,0,1,2,1,1,1,1,0,1,0,0,0,1,2,2,1,0,1,1,2,2,0,1,2,2,1,1,2,1,0,1,2,1,2,2,2,1,2,0,1,1,2,0,1,1,0,1,1,0,2,1,1,1,2,0,0,0,1,0,0,2,0,1,1,2,0,0,0,2,1,2,0,2,1,2,1,0,2,2,2,0,2,1,0,2,1,0,1,0,1,1,2,1,1,0,2,1,0,1,2,0,2,2,2,1,2,1,1,1,1,2,1,0,1,0,2,0,0,0,1,0,0,0,0,2,2,1,1,1,0,1,2,2,0,0,0,1,2,1,2,0,2,2,0,1,0,0,0,1,1,2,0,0
216_13,1,0,1,1,0,1,0,0,0,1,0,2,0,1,1,0,0,2,1,0,1,0,1,0,1,1,1,1,0,2,2,0,1,2,2,1,1,0,2,1,0,1,0,2,2,0,2,0,1,2,1,1,1,1,0,1,0,0,0,1,2,2,1,0,1,1,2,2,0,1,2,2,1,1,2,1,0,1,2,1,2,2,2,1,2,0,1,1,2,0,1,1,0,1,1,0,2,1,1,1,2,0,0,0,1,0,0,2,0,1,1,2,0,0,0,2,1,2,0,2,1,2,1,0,2,2,2,0,2,1,0,2,1,0,1,0,1,1,2,1,1,0,2,1,0,1,2,0,2,2,2,1,2,1,1,1,1,2,1,0,1,0,2,0,0,0,1,0,0,0,0,2,2,1,1,1,0,1,2,2,0,0,0,1,2,1,2,0,2,2,0,1,0,0,0,1,1,2,0,0
216_12,1,0,1,1,0,1,0,0,0,1,0,2,0,1,1,0,0,0,1,0,1,0,1,0,1,1,1,1,0,2,2,0,1,2,2,1,1,0,2,1,0,1,0,2,2,0,2,0,1,2,1,1,1,1,0,1,0,0,0,1,2,2,1,0,1,1,2,2,0,1,2,2,1,1,2,1,0,1,2,1,2,2,2,1,2,0,1,1,2,0,1,1,0,1,1,0,2,1,1,1,2,0,0,0,1,0,0,2,0,1,1,2,0,0,0,2,1,2,0,2,1,2,1,2,2,2,2,0,2,1,0,2,1,0,1,0,1,1,2,1,1,0,2,1,0,1,2,0,2,2,2,1,2,1,1,1,1,2,1,0,1,0,2,0,0,0,1,0,0,0,0,2,2,1,1,1,0,1,2,2,0,0,0,1,2,1,2,0,2,2,0,1,2,0,0,1,1,2,0,0
I5,1,0,1,1,0,1,0,0,0,1,0,2,0,1,1,1,0,0,1,0,1,0,1,0,1,0,1,1,0,2,2,0,1,2,2,1,1,0,2,1,0,1,0,2,2,0,2,1,1,2,1,1,1,1,0,1,1,0,0,1,2,1,1,0,1,1,2,2,0,1,2,2,1,1,2,1,0,1,2,1,2,2,2,1,2,0,1,1,2,2,1,0,0,1,1,0,2,1,1,1,2,0,0,0,1,0,0,2,0,1,1,2,0,1,0,2,1,2,0,2,1,2,1,0,2,2,2,0,2,1,0,0,1,0,1,0,1,1,2,1,1,1,2,1,0,0,2,0,2,2,2,1,2,1,0,1,1,2,1,0,1,0,2,0,0,0,1,0,0,0,0,2,2,1,1,1,0,1,2,2,0,0,0,0,2,1,2,2,2,2,2,1,0,2,0,1,1,0,0,0
216_15,1,0,1,1,0,1,0,0,0,1,0,2,0,1,1,1,0,0,1,0,1,0,1,0,1,0,1,1,0,2,2,0,1,2,2,1,1,0,2,1,0,1,0,2,2,0,2,1,1,2,1,1,1,1,0,1,1,0,0,1,2,1,1,0,1,1,2,2,0,1,2,2,1,1,2,1,0,1,2,1,2,2,2,1,2,0,1,1,2,2,1,0,0,1,1,0,2,1,1,1,2,0,0,0,1,0,0,2,0,1,1,2,0,1,0,2,1,2,0,2,1,2,1,0,2,2,2,0,2,1,0,0,1,0,1,0,1,1,2,1,1,1,2,1,0,0,2,0,2,2,2,1,2,1,0,1,1,2,1,0,1,0,2,0,0,0,1,0,0,0,0,2,2,1,1,1,0,1,2,2,0,0,0,0,2,1,2,2,2,2,2,1,0,2,0,1,1,0,0,0
216_14,1,0,1,1,0,1,0,0,0,1,2,2,0,1,1,1,0,0,1,0,1,0,1,0,1,0,1,1,0,2,2,0,1,2,2,1,1,0,2,1,0,1,0,2,2,0,2,1,1,2,1,1,1,1,0,1,1,0,0,1,2,1,1,0,1,1,2,2,0,1,2,2,1,1,2,1,0,1,2,1,2,2,2,1,2,0,1,1,2,2,1,0,0,1,1,0,2,1,1,1,2,0,0,0,1,0,0,2,0,1,1,2,0,1,0,2,1,2,0,2,1,2,1,0,2,2,2,0,2,1,2,0,1,0,1,0,1,1,2,1,1,1,2,1,0,0,2,0,2,2,2,1,2,1,0,1,1,2,1,0,1,0,2,0,0,0,1,0,0,0,0,2,2,1,1,1,0,1,2,2,0,0,0,2,2,1,2,2,2,2,2,1,0,2,0,1,1,0,0,0
I6,1,0,0,0,0,0,0,0,0,1,1,2,0,1,1,0,0,0,1,0,1,2,1,0,1,0,0,1,0,2,0,2,0,2,2,1,1,0,1,0,0,1,1,2,2,1,2,0,0,2,1,1,0,1,2,0,1,0,1,1,2,0,1,0,0,1,2,0,2,0,2,0,1,2,2,1,2,1,2,1,2,2,2,1,2,1,1,1,2,2,0,0,0,0,1,0,2,0,1,0,0,0,0,2,0,0,2,0,0,0,0,1,0,2,0,0,0,2,0,2,1,2,1,0,0,2,2,0,2,1,2,1,1,0,0,2,0,1,0,0,1,0,2,1,0,0,2,0,2,1,1,0,2,1,0,1,0,0,0,0,0,0,0,0,0,1,1,2,0,0,0,2,0,1,1,1,0,0,2,2,0,0,0,0,0,0,2,0,2,2,0,1,0,2,0,1,0,1,2,2
I7,1,1,0,0,0,0,0,0,0,1,1,2,0,1,1,0,0,1,1,0,1,2,1,0,1,0,0,1,1,2,0,2,0,2,2,1,1,0,1,0,0,1,1,2,2,1,2,0,0,2,1,1,2,1,2,2,1,0,1,1,2,0,1,0,0,1,2,0,2,0,2,1,1,2,2,1,2,1,2,1,2,2,2,1,2,1,1,1,2,2,2,0,0,0,1,0,2,0,1,0,0,0,0,2,0,0,2,1,0,0,0,1,0,2,1,0,0,2,0,2,1,2,1,0,0,2,2,0,2,1,2,1,1,0,0,2,1,1,0,0,1,0,2,1,0,0,2,0,2,1,1,0,2,1,0,1,0,0,0,0,0,0,0,2,0,1,1,2,0,0,2,2,0,1,1,1,0,0,2,2,0,0,0,0,0,0,2,0,2,2,0,1,0,2,0,1,0,1,2,2
216_5,1,1,0,0,0,2,0,0,0,1,1,2,0,1,1,0,0,1,1,0,1,2,1,0,1,0,0,1,1,2,0,2,0,2,2,1,1,0,1,0,0,1,1,2,2,1,2,0,0,2,1,1,2,1,2,2,1,0,1,1,2,0,1,0,0,1,2,0,2,2,2,1,1,2,2,1,2,1,2,1,2,2,2,1,2,1,1,1,2,2,2,0,0,0,1,0,2,0,1,0,0,0,0,2,0,0,2,1,0,0,0,1,0,2,1,0,0,2,0,2,1,2,1,0,0,2,2,2,2,1,2,1,1,0,0,2,1,1,0,2,1,2,2,1,0,0,2,0,2,1,1,0,2,1,0,1,0,0,0,0,0,0,0,2,0,1,1,2,0,0,2,2,0,1,1,1,2,0,2,2,0,0,0,0,0,0,2,0,2,2,0,1,0,2,0,1,1,1,2,2
I8,1,1,0,0,0,0,0,0,0,1,1,2,0,1,1,0,0,1,1,0,1,2,1,0,1,0,0,1,1,2,0,2,0,2,2,1,1,0,1,0,0,1,1,2,2,1,2,0,0,2,1,1,2,1,2,2,1,0,1,1,2,0,1,0,0,1,2,0,2,0,2,1,1,2,2,1,2,1,2,1,2,2,2,1,2,1,1,1,2,2,2,0,0,0,1,0,2,0,1,0,2,0,0,2,0,0,2,1,0,0,0,1,0,2,1,0,0,2,0,2,1,2,1,0,0,2,2,0,2,1,2,1,1,0,0,2,1,1,0,0,1,0,2,1,0,0,2,0,2,1,1,1,2,1,0,1,0,0,0,0,0,2,0,2,0,1,1,2,0,0,2,2,0,1,1,1,0,0,2,2,0,0,0,0,0,0,2,0,2,2,0,1,0,2,0,1,0,1,2,2
216_7,1,1,0,0,0,0,0,0,0,1,1,2,0,1,1,0,0,1,1,0,1,2,1,0,1,0,0,1,1,2,0,2,0,2,2,1,1,0,1,0,0,1,1,2,2,1,2,0,0,2,1,1,2,1,2,2,1,0,1,1,2,0,1,0,0,1,2,0,2,0,2,1,1,2,2,1,2,1,2,1,2,2,2,1,2,1,1,1,2,2,2,0,0,0,1,0,2,0,1,0,2,0,0,2,0,0,2,1,0,0,0,1,0,2,1,0,0,2,0,2,1,2,1,0,0,2,2,0,2,1,2,1,1,0,0,2,1,1,0,0,1,0,2,1,0,0,2,0,2,1,1,1,2,1,0,1,0,0,0,0,0,2,0,2,0,1,1,2,0,0,2,2,0,1,1,1,0,0,2,2,0,0,0,0,0,0,2,0,2,2,0,1,0,2,0,1,0,1,2,2
216_6,1,1,0,0,0,0,0,0,0,1,1,2,0,1,1,0,0,1,1,0,1,2,1,0,1,0,0,1,1,2,0,2,0,2,2,1,1,0,1,0,0,1,1,2,2,1,2,0,0,2,1,1,2,1,2,2,1,0,1,1,2,0,1,0,0,1,2,0,2,0,2,1,1,2,2,1,2,1,2,1,2,2,2,1,2,1,1,1,2,2,2,0,0,0,1,0,2,0,1,0,2,0,0,2,0,0,2,1,0,0,0,1,0,2,1,0,0,2,0,2,1,2,1,0,0,2,2,0,2,1,2,1,1,0,0,2,1,1,0,0,1,0,2,1,0,0,2,0,2,1,1,1,2,1,0,1,0,0,0,0,0,2,0,2,0,1,1,2,0,0,2,2,0,1,1,1,0,0,2,2,0,0,0,0,0,0,2,0,2,2,0,1,0,2,0,1,0,1,2,2
I9,1,0,0,0,0,0,1,0,0,1,1,2,0,1,1,0,0,0,1,0,1,2,1,0,1,1,0,1,2,2,0,2,0,2,2,1,1,0,1,0,0,1,1,2,2,1,2,2,0,2,1,1,0,1,2,0,1,0,1,1,2,0,1,0,1,1,2,2,2,0,2,0,1,2,2,1,2,1,2,1,2,2,2,1,2,1,1,1,2,2,0,0,1,0,1,0,2,0,1,2,0,0,0,2,0,0,2,0,1,0,0,1,0,2,0,0,0,2,1,2,1,2,1,0,0,2,2,0,2,1,2,1,1,0,0,2,0,1,1,0,1,0,2,1,2,0,2,0,2,1,1,0,2,1,2,1,2,0,0,0,0,0,0,2,0,1,1,2,0,0,0,2,0,1,1,1,0,0,2,2,0,2,0,2,0,2,2,0,2,2,0,1,0,2,0,1,0,1,2,2
I10,1,0,0,0,0,0,1,0,0,1,1,2,0,1,1,0,0,0,1,0,1,2,1,0,1,1,1,1,2,2,0,2,0,2,2,1,1,2,1,1,0,1,1,2,2,1,2,2,0,2,1,1,0,1,2,0,1,0,1,1,2,1,1,0,1,1,2,2,2,1,2,0,1,2,2,1,2,1,2,1,2,2,2,1,2,1,1,1,2,2,0,0,1,0,1,0,2,0,1,2,0,0,0,2,0,0,2,0,1,0,0,1,0,2,2,0,0,2,1,2,1,2,1,0,0,2,2,0,2,1,2,1,1,0,0,2,0,1,1,0,1,0,2,1,2,0,2,0,2,1,1,0,2,1,2,1,2,0,0,0,2,0,0,2,0,1,1,2,0,0,0,2,0,1,1,1,0,0,2,2,0,2,1,2,0,2,2,0,2,2,0,1,0,2,0,1,0,1,2,2
216_9,1,0,0,0,0,0,1,0,0,1,1,2,0,1,1,0,0,0,1,0,1,2,1,0,1,1,1,1,2,2,0,2,0,2,2,1,1,2,1,1,0,1,1,2,2,1,2,2,0,2,1,1,0,1,2,0,1,0,1,1,2,1,1,0,1,1,2,2,2,1,2,0,1,2,2,1,2,1,2,1,2,2,2,1,2,1,1,1,2,2,0,0,1,0,1,0,2,0,1,2,0,0,0,2,0,0,2,0,1,0,0,1,0,2,2,0,0,2,1,2,1,2,1,0,0,2,2,0,2,1,2,1,1,0,0,2,0,1,1,0,1,0,2,1,2,0,2,0,2,1,1,0,2,1,2,1,2,0,0,0,2,0,0,2,0,1,1,2,0,0,0,2,0,1,1,1,0,0,2,2,0,2,1,2,0,2,2,0,2,2,0,1,0,2,0,1,0,1,2,2
216_8,1,0,0,0,0,0,1,0,0,1,1,2,0,1,1,0,0,0,1,0,1,2,1,0,1,1,1,1,2,2,0,2,0,2,2,1,1,2,1,1,0,1,1,2,2,1,2,2,0,2,1,1,0,1,2,1,1,0,1,1,2,1,1,0,1,1,2,2,2,1,2,0,1,2,2,1,2,1,2,1,2,2,2,1,2,1,1,1,2,2,0,0,1,0,1,0,2,0,1,2,0,0,0,2,0,0,2,0,1,0,0,1,0,2,2,0,0,2,1,2,1,2,1,0,0,2,2,0,2,1,2,1,1,0,0,2,0,1,1,0,1,0,2,1,2,0,2,0,2,1,1,0,2,1,2,1,2,0,0,0,2,0,0,2,0,1,1,2,0,0,0,2,0,1,1,1,0,0,2,2,0,2,1,2,0,2,2,0,2,2,0,1,0,2,0,1,0,1,2,2
I11,1,0,0,0,0,0,1,0,0,1,1,2,0,1,1,0,0,0,1,0,1,2,1,0,1,1,0,1,2,2,0,2,0,2,2,1,1,0,1,0,0,1,1,2,2,1,2,2,0,2,1,1,0,1,2,0,1,0,1,1,2,0,1,0,1,1,2,2,2,1,2,0,1,2,2,1,2,1,2,1,2,2,2,1,2,1,1,1,2,2,0,0,1,0,1,0,2,0,1,2,0,0,0,2,0,0,2,0,1,0,0,1,0,2,0,0,0,2,1,2,1,2,1,0,0,2,2,0,2,1,2,1,1,0,2,2,0,1,1,1,1,0,2,1,2,0,2,1,2,1,1,0,2,1,2,1,2,0,0,0,0,0,0,2,0,1,1,2,0,0,0,2,0,1,1,1,0,0,2,2,0,2,0,2,0,2,2,0,2,2,0,1,0,2,0,1,0,1,2,2
216_11,1,0,0,0,0,0,1,0,0,1,1,2,0,1,1,0,0,0,1,0,1,2,1,0,1,1,0,1,2,2,0,2,0,2,2,1,1,0,1,0,0,1,1,2,2,1,2,2,0,2,1,1,0,1,2,0,1,0,1,1,2,0,1,0,1,1,2,2,2,1,2,0,1,2,2,1,2,1,2,1,2,2,2,1,2,1,1,1,2,2,0,0,1,0,1,2,2,0,1,2,0,0,0,2,0,0,2,0,1,0,0,1,0,2,0,0,0,2,1,2,1,2,1,0,0,2,2,0,2,1,2,1,1,0,2,2,0,1,1,1,1,0,2,1,2,0,2,1,2,1,1,0,2,1,2,1,2,0,0,0,0,0,0,2,0,1,1,2,0,0,0,2,0,1,1,1,0,0,2,2,0,2,0,2,0,2,2,0,2,2,0,1,0,2,0,1,0,1,2,2
216_10,1,1,0,0,0,0,1,0,0,1,1,2,0,1,1,0,0,1,1,0,1,2,1,0,1,1,0,1,2,2,0,2,0,2,2,1,1,0,1,0,0,1,1,2,2,1,2,2,0,2,1,1,0,1,2,0,1,0,1,1,2,0,1,0,1,1,2,2,2,1,2,0,1,2,2,1,2,1,2,1,2,2,2,1,2,1,1,1,2,2,0,0,1,0,1,0,2,0,1,2,0,0,0,2,0,0,2,0,1,0,0,1,0,2,0,0,0,2,1,2,1,2,1,0,0,2,2,0,2,1,2,1,1,0,2,2,0,1,1,1,1,0,2,1,2,0,2,1,2,1,1,0,2,1,2,1,2,0,0,0,0,0,0,2,0,1,1,2,0,0,0,2,0,1,1,1,0,0,2,2,0,2,0,2,0,2,2,1,2,2,0,1,0,2,0,1,0,1,2,2
Evolve tree: [&R] (((((216_10:0.01855321780474515,216_11:0.01855321780474515)I11:0.10238874733889528,(216_8:0.012228765186287953,216_9:0.012228765186287953)I10:0.10871319995735249)I9:0.18039486714705716,((216_6:0.002000000000000148,216_7:0.002000000000000148)I8:0.0991530014371418,216_5:0.10115300143714195)I7:0.20018383085355565)I6:0.392376355882096,((216_14:0.02284949311935647,216_15:0.02284949311935647)I5:0.11895113931162112,(216_12:0.01642919235811928,216_13:0.01642919235811928)I4:0.1253714400728583)I3:0.5519125557418159)I2:0.37601723361383765,(216_3:0.06705499223213832,216_4:0.06705499223213832)I1:1.0026754295544924)I0:0;