[&R] (((((((216_42:1.048,216_43:0.048)194_29:1.103,(216_40:1.048,216_41:0.048)200_33:1.103)155_17:3.22,((216_44:0,216_45:0)196_33:1.096,(216_46:1.123,216_47:1.123)196_34:0.973)155_18:1.275)109_9:1.66,(((216_32:0,216_33:0)202_30:3.289,(216_34:1.017,216_35:0.017)203_32:1.272)162_15:0.975,((216_36:0,216_37:0)204_34:2.281,(216_38:0.035,216_39:1.035)204_35:1.246)162_16:2.983)112_9:0.766)64_7:0.007,(((216_26:0,216_27:1)196_21:0,(216_24:0,216_25:0)197_20:1)151_10:0,((216_20:1,216_21:0)194_16:0,(216_22:2,216_23:0)198_19:0)154_9:0)107_5:5.038)18_2:0.962,((((216_12:0,216_13:0)201_10:0.002,(216_10:0.002,216_11:1.002)207_9:0)167_5:0.003,216_17:1.006)120_3:8.935,(216_3:1.304,216_4:2.304)194_3:4.637)20_1:0.059)virtual:0)I0;
I0,0,0,0,0,0,0,0,0,0,0
virtual,0,0,0,0,0,0,0,0,0,0
20_1,0,0,0,0,0,0,0:0.97/1:0.03,0,0:0.97/1:0.03,0
194_3,0:0.06/2:0.94,0:0.06/2:0.94,0:0.06/2:0.94,0,0,0,0:0.06/1:0.94,0,0:0.06/1:0.94,0
216_4,2,2,2,0,0,2,1,0,1,1
216_3,2,2,2,2,0,0,1,0,1,0
120_3,1,1,1,0,1,1,1,2,1,1
216_17,1,1,1,1,1,1,1,2,1,1
167_5,1,1,1,0,1,1,1,2,1,1
207_9,1,1,1,0,1,1,1,2,1,1
216_11,1,1,1,1,1,1,1,2,1,1
216_10,1,1,1,0,1,1,1,2,1,1
201_10,1,1,1,0,1,1,1,2,1,1
216_13,1,1,1,0,1,1,1,2,1,1
216_12,1,1,1,0,1,1,1,2,1,1
18_2,0,0,0:0.04/1:0.96,0,0,0,0,0,0,0
107_5,0,1,1,1,0,1,2,0,2,0
154_9,0,1,1,1,0,1,2,0,2,0
198_19,0,1,1,1,0,1,2,0,2,0
216_23,0,1,1,1,0,1,2,0,2,0
216_22,0,1,1,1,1,1,2,1,2,0
194_16,0,1,1,1,0,1,2,0,2,0
216_21,0,1,1,1,0,1,2,0,2,0
216_20,0,1,1,1,2,1,2,0,2,0
151_10,0,1,1,1,0,1,2,0,2,0
197_20,0,1,1,1,0,1,2,0,2,2
216_25,0,1,1,1,0,1,2,0,2,2
216_24,0,1,1,1,0,1,2,0,2,2
196_21,0,1,1,1,0,1,2,0,2,0
216_27,0,1,1,1,0,1,2,1,2,0
216_26,0,1,1,1,0,1,2,0,2,0
64_7,0,0,0:0.03/1:0.97,0,0,0,0,0,0,0
112_9,0,0,0:0.01/1:0.99,0,0,0,0,0:0.26/2:0.74,0,0
162_16,0:0.09/2:0.91,0,1,0,0:0.09/2:0.91,0,0,0:0.02/2:0.98,0,0:0.09/2:0.91
204_35,2,0,1,0,2,0:0.03/1:0.97,0,2,0,2
216_39,2,0,1,0,2,1,0,2,1,2
216_38,2,0,1,0,2,1,0,2,0,2
204_34,2,0,1,1,2,2,0,2,0,2
216_37,2,0,1,1,2,2,0,2,0,2
216_36,2,0,1,1,2,2,0,2,0,2
162_15,0:0.23/1:0.77,0,1,0,0,0,0,0:0.06/2:0.94,0,0
203_32,1,0,1,0,0,0,0,2,0,0:0.01/2:0.99
216_35,1,0,1,0,0,0,0,2,0,2
216_34,1,0,1,0,0,2,0,2,0,2
202_30,1,1,1,1,0,0,0,2,1,0
216_33,1,1,1,1,0,0,0,2,1,0
216_32,1,1,1,1,0,0,0,2,1,0
109_9,0:0.18/2:0.82,0,0:0.01/1:0.99,0:0.18/1:0.82,0,0,0,0,0,0
155_18,0:0.01/2:0.99,0,1,0:0.01/1:0.99,0,0,0,0,0:0.07/1:0.93,0
196_34,2,0,1,1,0,0:0.11/1:0.89,0,0,0:0.01/1:0.99,0
216_47,2,0,1,1,0,1,2,0,1,0
216_46,2,0,1,1,0,1,0,2,1,0
196_33,2,0,1,1,1,0,0,0,1,0
216_45,2,0,1,1,1,0,0,0,1,0
216_44,2,0,1,1,1,0,0,0,1,0
155_17,0:0.01/2:0.99,0,1,0:0.01/1:0.99,0,0:0.04/1:0.96,0,0,0:0.04/2:0.96,0:0.04/2:0.96
200_33,2,0,1,1,0,1,0:0.04/1:0.96,0,2,2
216_41,2,0,1,1,0,1,1,0,2,2
216_40,2,2,1,1,0,1,1,0,2,2
194_29,2,0,1,1,0:0.04/1:0.96,1,0,0,2,2
216_43,2,0,1,1,1,1,0,0,2,2
216_42,2,0,1,1,1,1,0,1,2,2
