[&R] (((((216_1:2.09,216_2:0.09)179_1:1.91,(216_3:5,216_4:3)191_3:0)131_1:0,((216_5:0,216_6:0)190_4:1.024,(216_7:1.021,216_8:3.021)192_7:0.003)141_3:0.976)81_1:0,(((216_13:2.09,216_14:0.09)176_7:1.91,(216_15:0.031,216_16:1.031)180_10:3.969)133_5:0,(216_9:0.213,216_10:3.213)190_6:1.787)83_3:0)33_1:2)I0;
I0,0,0,0,0,0,0,0,0,0,0
33_1,0,1,0,0,0,0,1,0,0,0
83_3,0,1,0,0,0,0,1,0,0,0
190_6,0:0.11/1:0.89,1,0,0:0.11/1:0.89,0,0,1,0,0,0
216_10,1,1,1,1,1,0,1,0,0,1
216_9,1,1,0,1,0,0,1,0,0,0
133_5,0,1,0,0,0,0,1,0,0,0
180_10,0:0.01/1:0.99,1,0:0.01/1:0.99,0:0.01/1:0.99,0,0,1,0,0,0:0.01/1:0.99
216_16,1,1,1,1,0,0,1,0,1,1
216_15,1,1,1,1,0,0,1,0,0,1
176_7,0:0.05/2:0.95,1,0,0,0:0.05/1:0.95,0,1,0,0,0
216_14,2,1,0,0,1,0,1,0,0,0
216_13,2,1,1,1,1,0,1,0,0,0
81_1,0,1,0,0,0,0,1,0,0,0
141_3,0,1,0,0,0:0.02/1:0.98,0,1,0,0,0
192_7,0,1,0,0,0:0.02/1:0.98,0,1,0,0,0
216_8,1,1,0,1,1,0,1,0,0,1
216_7,2,1,0,0,1,0,1,0,0,0
190_4,2,1,0,0,1,0,1,0,0,0
216_6,2,1,0,0,1,0,1,0,0,0
216_5,2,1,0,0,1,0,1,0,0,0
131_1,0,1,0,0,0,0,1,0,0,0
191_3,0,1,0,0,0,0,1,0,0,0
216_4,2,1,0,2,0,1,1,0,0,0
216_3,1,1,1,1,1,0,1,0,0,1
179_1,0:0.05/2:0.95,1,0,0,0:0.05/1:0.95,0,1,0,0,0
216_2,2,1,0,0,1,0,1,0,0,0
216_1,2,1,1,1,1,0,1,0,0,0
