[&R] ((((((216_5:0,216_6:0)192_3:1,216_7:0)152_2:0,((216_3:0,216_4:0)206_2:0,(216_1:0,216_2:0)208_1:1)161_1:0)105_1:2.796,((216_13:0,216_14:0)213_13:1.05,216_15:0.05)168_7:3.745)44_1:3.17,(((216_27:0,216_28:0)192_17:0.012,(216_29:1.061,216_30:0.061)192_18:0.951)155_10:0.003,(216_23:0,216_24:0)184_13:1.015)102_5:6.951)virtual:0.034)I0;
I0,0,0,0,0,0,0,0,0,0,0
virtual,0,0,0,0,0:0.97/1:0.03,0,0,0,0,0
102_5,2,2,0,1,1,0,1,0,2,1
184_13,2,2,1,1,1,0,1,0,2,1
216_24,2,2,1,1,1,0,1,0,2,1
216_23,2,2,1,1,1,0,1,0,2,1
155_10,2,2,0,1,1,0,1,0,2,1
192_18,2,2,0:0.06/1:0.94,1,1,0,1,0,2,1
216_30,2,2,1,1,1,0,1,0,2,1
216_29,2,2,1,1,1,0,1,1,2,1
192_17,2,2,0,1,1,0,1,0,2,1
216_28,2,2,0,1,1,0,1,0,2,1
216_27,2,2,0,1,1,0,1,0,2,1
44_1,0,0:0.2/1:0.8,0:0.2/1:0.8,0,0:0.19/1:0.81,0:0.2/1:0.8,0,0,0,0
168_7,0:0.01/1:0.99,1,1,0,1,1,0,0:0.01/1:0.99,0,0:0.01/1:0.99
216_15,1,1,1,0,1,1,0,1,0,1
213_13,1,1,1,0,1,1,1,1,0,1
216_14,1,1,1,0,1,1,1,1,0,1
216_13,1,1,1,0,1,1,1,1,0,1
105_1,0,1,1,2,1,1,0,0,1,0
161_1,0,1,1,2,1,1,0,0,1,0
208_1,0,1,1,2,1,1,0,2,1,0
216_2,0,1,1,2,1,1,0,2,1,0
216_1,0,1,1,2,1,1,0,2,1,0
206_2,0,1,1,2,1,1,0,0,1,0
216_4,0,1,1,2,1,1,0,0,1,0
216_3,0,1,1,2,1,1,0,0,1,0
152_2,0,1,1,2,1,1,0,0,1,0
216_7,0,1,1,2,1,1,0,0,1,0
192_3,2,1,1,2,1,1,0,0,1,0
216_6,2,1,1,2,1,1,0,0,1,0
216_5,2,1,1,2,1,1,0,0,1,0
