[&R] ((((((216_5:0,216_6:0)192_3:0.042,216_7:1.042)152_2:2.047,((216_3:0,216_4:0)206_2:1.006,(216_1:0,216_2:0)208_1:0.006)161_1:0.083)105_1:3.2,((216_13:0,216_14:0)213_13:0,216_15:0)168_7:6.289)44_1:1.346,(((216_27:0.049,216_28:1.049)192_17:1.121,(216_29:0,216_30:0)192_18:1.17)155_10:1.105,(216_23:1.049,216_24:0.049)184_13:2.226)102_5:4.36)virtual:0.365)I0;
I0,0,0,0,0,0,0,0,0,0,0
virtual,0,0:0.64/1:0.36,0,0,0,0,0,0,0,0
102_5,0:0.06/1:0.94,0:0.04/1:0.96,0,0:0.06/2:0.94,0,0,0:0.06/1:0.94,0,0,0:0.06/2:0.94
184_13,1,1,0,2,0:0.02/1:0.98,0:0.02/2:0.98,1,0,0,2
216_24,1,1,0,2,1,2,1,0,0,2
216_23,1,1,0,2,1,2,1,0,1,2
155_10,0:0.01/1:0.99,0:0.01/1:0.99,0,0:0.01/2:0.99,0,0,0:0.01/1:0.99,0,0:0.13/1:0.87,0:0.01/2:0.99
192_18,1,1,0,2,0,1,1,0,1,2
216_30,1,1,0,2,0,1,1,0,1,2
216_29,1,1,0,2,0,1,1,0,1,2
192_17,1,1,0:0.04/1:0.96,2,0,0,1,0,0:0.01/1:0.99,2
216_28,1,1,1,2,0,0,1,1,1,2
216_27,1,1,1,2,0,0,1,0,1,2
44_1,0:0.49/2:0.51,0:0.31/1:0.69,0,0,0,0:0.49/2:0.51,0,0,0,0
168_7,2,1,2,2,2,2,2,0,2,0
216_15,2,1,2,2,2,2,2,0,2,0
213_13,2,1,2,2,2,2,2,0,2,0
216_14,2,1,2,2,2,2,2,0,2,0
216_13,2,1,2,2,2,2,2,0,2,0
105_1,0:0.01/2:0.99,0:0.01/1:0.99,0,0,0,0:0.01/2:0.99,0:0.03/1:0.97,0,0,0:0.03/1:0.97
161_1,2,1,0,0,0,2,1,0,0,1
208_1,2,1,0,0,0,2,1,0,0,1
216_2,2,1,0,0,0,2,1,0,0,1
216_1,2,1,0,0,0,2,1,0,0,1
206_2,2,1,2,0,0,2,1,0,0,1
216_4,2,1,2,0,0,2,1,0,0,1
216_3,2,1,2,0,0,2,1,0,0,1
152_2,2,1,0,0:0.02/1:0.98,0:0.02/1:0.98,2,1,0,0,1
216_7,2,1,1,1,1,2,1,0,0,1
192_3,2,1,0,1,1,2,1,0,0,1
216_6,2,1,0,1,1,2,1,0,0,1
216_5,2,1,0,1,1,2,1,0,0,1
