[&R] ((((((216_5:0.001,216_6:1.001)192_3:0.001,216_7:0.002)152_2:1.123,((216_3:0,216_4:0)206_2:0,(216_1:0,216_2:0)208_1:0)161_1:1.125)105_1:2.075,((216_13:0,216_14:0)213_13:2.091,216_15:0.091)168_7:1.109)44_1:2.8,(((216_27:1.047,216_28:0.047)192_17:0.988,(216_29:3.031,216_30:0.031)192_18:0.004)155_10:3.335,(216_23:1.224,216_24:2.224)184_13:1.147)102_5:2.63)virtual:0)I0;
I0,0,0,0,0,0,0,0,0,0,0
virtual,0,0,0,0,0,0,0,0,0,0
102_5,0,0,0,0,0,0,0,0:0.12/2:0.88,0:0.12/2:0.88,0:0.12/1:0.88
184_13,0,0,0,0,0,0,0:0.16/2:0.84,0:0.02/2:0.98,0:0.02/2:0.98,0:0.02/1:0.98
216_24,0,0,0,1,0,1,2,2,2,1
216_23,0,2,0,0,0,0,2,2,2,1
155_10,0:0.01/2:0.99,0:0.01/1:0.99,0,0:0.01/2:0.99,0,0,0,2,2,1
192_18,0:0.01/2:0.99,0:0.01/1:0.99,0,0:0.01/2:0.99,0,0,0,2,2,1
216_30,2,1,0,2,0,0,0,2,2,1
216_29,2,1,1,2,2,0,1,2,2,1
192_17,2,1,0,2,0,0:0.05/1:0.95,0,2,2,1
216_28,2,1,0,2,0,1,0,2,2,1
216_27,2,1,0,2,1,1,0,2,2,1
44_1,0:0.07/2:0.93,0:0.07/1:0.93,0:0.07/1:0.93,0,0,0,0,0,0,0
168_7,0:0.01/2:0.99,0:0.01/1:0.99,0:0.01/1:0.99,0,0:0.08/2:0.92,0,0,0,0,0
216_15,2,1,1,0,2,0,0,0,0,0
213_13,2,1,1,2,2,0,0,0,1,0
216_14,2,1,1,2,2,0,0,0,1,0
216_13,2,1,1,2,2,0,0,0,1,0
105_1,2,1,1,0,0:0.06/1:0.94,0,0,0,0:0.06/1:0.94,0
161_1,2,1,1,0,1,0,0,2,1,0
208_1,2,1,1,0,1,0,0,2,1,0
216_2,2,1,1,0,1,0,0,2,1,0
216_1,2,1,1,0,1,0,0,2,1,0
206_2,2,1,1,0,1,0,0,2,1,0
216_4,2,1,1,0,1,0,0,2,1,0
216_3,2,1,1,0,1,0,0,2,1,0
152_2,2,1,1,0,1,2,0,0,1,0
216_7,2,1,1,0,1,2,0,0,1,0
192_3,2,1,1,0,1,2,0,0,1,0
216_6,2,1,1,0,1,2,0,0,1,1
216_5,2,1,1,0,1,2,0,0,1,0
