[&R] ((((((216_5:1.001,216_6:1.001)192_3:0,216_7:0.001)152_2:0.002,((216_3:0,216_4:0)206_2:0.002,(216_1:0.001,216_2:1.001)208_1:0.001)161_1:1)105_1:4.003,((216_13:0,216_14:0)213_13:0,216_15:0)168_7:4.005)44_1:1.642,(((216_27:0,216_28:0)192_17:0.002,(216_29:1.001,216_30:0.001)192_18:0.001)155_10:2.595,(216_23:1.049,216_24:0.049)184_13:2.549)102_5:4.05)virtual:0.353)I0;
I0,0,0,0,0,0,0,0,0,0,0
virtual,0,0,0,0:0.65/2:0.35,0,0,0,0,0,0
102_5,0,0,0,0:0.08/2:0.92,0:0.13/1:0.87,0,0:0.13/1:0.87,0,0:0.13/1:0.87,0:0.13/1:0.87
184_13,0:0.02/1:0.98,0:0.02/2:0.98,0,2,1,0,1,0,1,1
216_24,1,2,0,2,1,0,1,0,1,1
216_23,1,2,2,2,1,0,1,0,1,1
155_10,0,0,2,2,1,2,1,0,1,1
192_18,0,0,2,2,1,2,1,0,1,1
216_30,0,0,2,2,1,2,1,0,1,1
216_29,2,0,2,2,1,2,1,0,1,1
192_17,0,0,2,2,1,2,1,0,1,1
216_28,0,0,2,2,1,2,1,0,1,1
216_27,0,0,2,2,1,2,1,0,1,1
44_1,0,0:0.38/2:0.62,0,0:0.25/2:0.75,0,0,0:0.38/2:0.62,0,0,0
168_7,1,2,0,2,2,0,2,0,0,1
216_15,1,2,0,2,2,0,2,0,0,1
213_13,1,2,0,2,2,0,2,0,0,1
216_14,1,2,0,2,2,0,2,0,0,1
216_13,1,2,0,2,2,0,2,0,0,1
105_1,0,2,1,2,0,0,2,2,2,0
161_1,0,2,1,2,1,0,2,2,2,0
208_1,0,2,1,2,1,0,2,2,2,0
216_2,0,2,1,2,1,1,2,2,2,0
216_1,0,2,1,2,1,0,2,2,2,0
206_2,0,2,1,2,1,0,2,2,2,0
216_4,0,2,1,2,1,0,2,2,2,0
216_3,0,2,1,2,1,0,2,2,2,0
152_2,0,2,1,2,0,0,2,2,2,0
216_7,0,2,1,2,0,0,2,2,2,0
192_3,0,2,1,2,0,0,2,2,2,0
216_6,0,2,1,2,0,0,2,2,2,2
216_5,0,2,1,2,0,1,2,2,2,0
