[&R] (((((((216_15:1.02,216_16:0.02)199_9:0.002,216_18:1.021)152_7:2.132,((216_19:0,216_20:0)202_13:1.327,(216_21:0,216_22:0)204_15:1.327)156_9:1.827)104_5:0.007,(((216_29:0,216_30:0)205_21:0,216_27:0)160_12:3.045,216_26:3.045)114_7:1.115)52_3:4.902,(((216_31:0,216_32:0)203_21:3.116,(216_35:0,216_36:0)208_28:3.116)116_9:5.934,(((216_43:0,216_44:0)207_31:7.046,(216_45:3.453,216_46:1.453)211_37:3.592)164_19:0.001,((216_39:0,216_40:0)208_30:2.575,(216_41:2.5,216_42:1.5)211_34:2.075)170_20:3.471)120_11:0.004)59_5:0.013)12_2:0.937,((((216_11:0,216_12:0)212_7:1.004,(216_13:1.004,216_14:0.004)214_12:0)168_4:0.003,((216_8:0,216_9:0)213_6:0,216_10:0)172_3:1.007)123_2:6.144,((216_1:3.645,216_3:1.645)175_1:3.502,(216_6:0.001,216_7:1.001)213_5:0.147)125_1:0.005)69_1:1.848)virtual:0)I0;
I0,0,0,0,0,0,0,0,0,0,0
virtual,0,0,0,0,0,0,0,0,0,0
69_1,0:0.08/1:0.92,0:0.08/1:0.92,0,0,0,0,0,0,0,0
125_1,0:0.07/1:0.93,0:0.07/1:0.93,0,0,0,0,0,0,0,0
213_5,1,1,0,0,0,0,0,0,0,0
216_7,1,1,0,0,1,0,0,0,0,0
216_6,1,1,0,0,0,0,0,0,0,0
175_1,0:0.01/1:0.99,0:0.01/1:0.99,0,0:0.16/2:0.84,0:0.16/1:0.84,0:0.16/1:0.84,0:0.16/1:0.84,0,0,0
216_3,1,1,0,2,1,1,1,2,0,0
216_1,1,1,1,2,1,1,1,0,2,1
123_2,1,1,0,0,1,1,1,2,2,1
172_3,1,1,1,0,1,1,1,2,2,1
216_10,1,1,1,0,1,1,1,2,2,1
213_6,1,1,1,0,1,1,1,2,2,1
216_9,1,1,1,0,1,1,1,2,2,1
216_8,1,1,1,0,1,1,1,2,2,1
168_4,1,1,0,0,1,1,1,2,2,1
214_12,1,1,0,0,1,1,1,2,2,1
216_14,1,1,0,0,1,1,1,2,2,1
216_13,1,1,1,0,1,1,1,2,2,1
212_7,1,1,1,0,1,1,1,2,2,1
216_12,1,1,1,0,1,1,1,2,2,1
216_11,1,1,1,0,1,1,1,2,2,1
12_2,0,0,0,0,0,0:0.06/1:0.94,0,0,0,0
59_5,0,0,0,0,0,0:0.05/1:0.95,0,0,0,0
120_11,0,0,0,0,0,0:0.05/1:0.95,0,0,0,0
170_20,0,0:0.14/1:0.86,0:0.14/1:0.86,0,0,0:0.01/1:0.99,0:0.14/1:0.86,0,0,0:0.14/1:0.86
211_34,0:0.19/1:0.81,0:0.03/1:0.97,0:0.03/1:0.97,0,0:0.19/1:0.81,1,0:0.03/1:0.97,0,0,0:0.03/1:0.97
216_42,1,1,1,0,1,1,1,0,2,1
216_41,1,1,1,1,1,1,1,1,0,1
208_30,0,1,1,1,2,1,1,0,0,1
216_40,0,1,1,1,2,1,1,0,0,1
216_39,0,1,1,1,2,1,1,0,0,1
164_19,0,0,0,0,0,0:0.05/1:0.95,0,0,0,0
211_37,0:0.11/2:0.89,0:0.11/2:0.89,0:0.11/2:0.89,0:0.11/2:0.89,0,0:0.01/1:0.99,0,0,0,0
216_46,2,2,2,2,1,1,0,0,0,0
216_45,2,2,2,2,2,1,0,0,2,1
207_31,1,1,1,0,2,1,2,0,2,1
216_44,1,1,1,0,2,1,2,0,2,1
216_43,1,1,1,0,2,1,2,0,2,1
116_9,0:0.16/1:0.84,0:0.16/1:0.84,0:0.16/1:0.84,0,0:0.16/1:0.84,0:0.01/1:0.99,0:0.16/1:0.84,0:0.16/1:0.84,0,0:0.16/1:0.84
208_28,1,1,1,2,1,1,1,1,2,1
216_36,1,1,1,2,1,1,1,1,2,1
216_35,1,1,1,2,1,1,1,1,2,1
203_21,1,1,1,1,1,1,1,1,1,1
216_32,1,1,1,1,1,1,1,1,1,1
216_31,1,1,1,1,1,1,1,1,1,1
52_3,0:0.03/1:0.97,0:0.03/1:0.97,0:0.03/1:0.97,0,0,1,0:0.03/1:0.97,0,0,0:0.03/1:0.97
114_7,0:0.02/1:0.98,0:0.02/1:0.98,0:0.02/1:0.98,0,0:0.48/1:0.52,1,0:0.02/1:0.98,0,0:0.48/1:0.52,0:0.02/1:0.98
216_26,1,1,1,2,1,1,1,1,1,1
160_12,1,1,1,1,1,1,1,2,1,1
216_27,1,1,1,1,1,1,1,2,1,1
205_21,1,1,1,1,1,1,1,2,1,1
216_30,1,1,1,1,1,1,1,2,1,1
216_29,1,1,1,1,1,1,1,2,1,1
104_5,0:0.03/1:0.97,0:0.03/1:0.97,0:0.03/1:0.97,0,0,1,0:0.03/1:0.97,0,0,0:0.03/1:0.97
156_9,1,1,1,0,0:0.15/1:0.85,1,1,0,0:0.15/2:0.85,1
204_15,1,1,1,0,1,1,1,1,2,1
216_22,1,1,1,0,1,1,1,1,2,1
216_21,1,1,1,0,1,1,1,1,2,1
202_13,1,1,1,0,1,1,1,2,2,1
216_20,1,1,1,0,1,1,1,2,2,1
216_19,1,1,1,0,1,1,1,2,2,1
152_7,1,1,1,0:0.01/1:0.99,0,1,1,0:0.01/2:0.99,0,1
216_18,1,1,1,1,0,1,1,2,2,1
199_9,1,1,1,0:0.01/1:0.99,0,1,1,0:0.01/2:0.99,0,1
216_16,1,1,1,1,0,1,1,2,0,1
216_15,1,1,1,1,0,1,1,2,2,1
