[&R] ((((((216_6:1,216_7:0)194_5:0,(216_4:0,216_5:0)196_5:0)155_5:0.001,((216_8:0,216_9:0)198_9:0,(216_10:0,216_11:0)206_11:0)160_6:0.001)112_3:5.999,(((216_17:0,216_18:0)202_15:0,(216_15:0,216_16:0)207_16:0)161_8:2.281,(216_13:2.095,216_14:0.095)204_13:2.186)116_5:1.719)67_2:0,216_2:7)10_1:0)I0;
I0,0,0,0,0,0,0,0,0,0,0
10_1,0,0,0,0,0,0,0,0,0,0
216_2,2,1,2,0,1,0,1,1,0,1
67_2,0,0,0,0,0,0,0,0,0,0
116_5,0,0:0.14/1:0.86,0,0,0,0,0:0.14/1:0.86,0,0,0
204_13,0:0.04/2:0.96,0:0.01/1:0.99,0,0,0:0.04/1:0.96,0,0:0.01/1:0.99,0,0,0
216_14,2,1,0,0,1,0,1,0,0,0
216_13,2,1,2,0,1,0,1,1,0,0
161_8,0,1,0,0,2,0,1,0,0,1
207_16,0,1,0,0,2,0,1,0,0,1
216_16,0,1,0,0,2,0,1,0,0,1
216_15,0,1,0,0,2,0,1,0,0,1
202_15,0,1,0,0,2,0,1,0,0,1
216_18,0,1,0,0,2,0,1,0,0,1
216_17,0,1,0,0,2,0,1,0,0,1
112_3,2,0,2,0,1,0,2,1,0,1
160_6,2,0,2,0,1,0,2,1,0,1
206_11,2,0,2,0,1,0,2,1,0,1
216_11,2,0,2,0,1,0,2,1,0,1
216_10,2,0,2,0,1,0,2,1,0,1
198_9,2,0,2,0,1,0,2,1,0,1
216_9,2,0,2,0,1,0,2,1,0,1
216_8,2,0,2,0,1,0,2,1,0,1
155_5,2,0,2,0,1,0,2,1,0,1
196_5,2,0,2,0,1,0,2,1,0,1
216_5,2,0,2,0,1,0,2,1,0,1
216_4,2,0,2,0,1,0,2,1,0,1
194_5,2,0,2,0,1,0,2,1,0,1
216_7,2,0,2,0,1,0,2,1,0,1
216_6,2,1,2,0,1,0,2,1,0,1
