[&R] ((((216_3:0,216_4:0)182_2:2.013,(216_1:1.164,216_2:2.164)183_1:0.849)128_1:0.002,((216_7:0.032,216_8:1.032)169_4:3.097,(216_5:5.12,216_6:1.12)171_3:0.009)128_2:0.885)78_1:1.986)I0;
I0,0,0,0,0,0,0,0,0,0,0
78_1,0,0:0.01/1:0.99,0,0,0,0,0:0.01/1:0.99,0,0,0
128_2,0,1,0,0:0.13/1:0.87,0,0,1,0,0,0
171_3,0,1,0,0:0.12/1:0.88,0,0,1,0,0,0
216_6,2,1,0,1,0,0,1,0,0,0
216_5,1,1,0,1,2,0,1,2,2,1
169_4,0:0.01/1:0.99,1,0:0.01/1:0.99,1,0,0,1,0,0,0:0.01/1:0.99
216_8,1,1,1,1,0,0,1,0,2,1
216_7,1,1,1,1,0,0,1,0,0,1
128_1,0,0:0.01/1:0.99,0,0,0,0,0:0.01/1:0.99,0,0,0
183_1,0,1,0,0:0.16/1:0.84,0,0,1,0,0,0
216_2,2,1,0,1,1,0,1,0,0,0
216_1,0,1,0,1,0,0,1,0,0,1
182_2,2,1,0,0,1,0,1,0,0,0
216_4,2,1,0,0,1,0,1,0,0,0
216_3,2,1,0,0,1,0,1,0,0,0
