[&R] (((((216_14:1.084,216_12:0.084)160_4:0.002,((216_9:0,216_10:0)207_7:0,216_8:0)162_3:1.086)114_2:3.203,(((216_3:0,216_4:0)202_2:2.156,(216_1:0.153,216_2:2.153)208_1:0.002)165_1:2.126,(216_7:3.303,216_6:3.303)171_3:0.979)119_1:0.008)70_1:1.317,((((216_19:0,216_20:0)212_17:0,216_18:0)161_7:1.043,(216_17:0.042,216_16:1.042)168_8:0.001)117_4:0.002,(((216_21:0,216_22:0)209_17:0,(216_23:0,216_24:0)214_22:0)166_11:0,(216_28:0,216_25:0)170_14:0)118_6:1.045)72_3:4.561)19_1:4.394)I0;
I0,0,0,0,0,0,0,0,0,0,0
19_1,0,0:0.12/1:0.88,0:0.12/1:0.88,0:0.12/1:0.88,0:0.12/1:0.88,0,0,0,0,0:0.12/1:0.88
72_3,0:0.01/1:0.99,1,1,1,1,0:0.01/1:0.99,0,0:0.01/1:0.99,0:0.01/1:0.99,1
118_6,1,1,1,1,1,1,1,1,1,1
170_14,1,1,1,1,1,1,1,1,1,1
216_25,1,1,1,1,1,1,1,1,1,1
216_28,1,1,1,1,1,1,1,1,1,1
166_11,1,1,1,1,1,1,1,1,1,1
214_22,1,1,1,1,1,1,1,1,1,1
216_24,1,1,1,1,1,1,1,1,1,1
216_23,1,1,1,1,1,1,1,1,1,1
209_17,1,1,1,1,1,1,1,1,1,1
216_22,1,1,1,1,1,1,1,1,1,1
216_21,1,1,1,1,1,1,1,1,1,1
117_4,0:0.01/1:0.99,1,1,1,1,0:0.01/1:0.99,0,0:0.01/1:0.99,0:0.01/1:0.99,1
168_8,0:0.01/1:0.99,1,1,1,1,0:0.01/1:0.99,0,0:0.01/1:0.99,0:0.01/1:0.99,1
216_16,1,1,1,1,1,1,1,1,1,1
216_17,1,1,1,1,1,1,0,1,1,1
161_7,1,1,1,1,1,1,1,1,1,1
216_18,1,1,1,1,1,1,1,1,1,1
212_17,1,1,1,1,1,1,1,1,1,1
216_20,1,1,1,1,1,1,1,1,1,1
216_19,1,1,1,1,1,1,1,1,1,1
70_1,0,0:0.02/1:0.98,0:0.02/1:0.98,0:0.02/1:0.98,0:0.02/1:0.98,0,0:0.18/1:0.82,0,0,0:0.02/1:0.98
119_1,0,0:0.02/1:0.98,0:0.02/1:0.98,0:0.02/1:0.98,0:0.02/1:0.98,0,0:0.18/1:0.82,0,0,0:0.02/1:0.98
171_3,0,0:0.01/1:0.99,0:0.01/1:0.99,0:0.01/1:0.99,0:0.01/1:0.99,0:0.57/1:0.43,0:0.1/1:0.9,0:0.57/1:0.43,0,0:0.01/1:0.99
216_6,1,1,1,1,1,1,1,1,2,1
216_7,2,1,1,1,1,1,1,1,1,1
165_1,0:0.07/1:0.93,1,1,1,1,0,0:0.01/1:0.99,0,0:0.07/1:0.93,1
208_1,0:0.07/1:0.93,1,1,1,1,0,0:0.01/1:0.99,0,0:0.07/1:0.93,1
216_2,1,1,1,1,1,1,1,1,1,1
216_1,1,1,1,1,1,0,1,0,1,1
202_2,1,1,1,1,1,1,1,2,1,1
216_4,1,1,1,1,1,1,1,2,1,1
216_3,1,1,1,1,1,1,1,2,1,1
114_2,0:0.03/1:0.97,1,1,1,1,0:0.03/1:0.97,1,0:0.03/1:0.97,0,1
162_3,1,1,1,1,1,1,1,1,1,1
216_8,1,1,1,1,1,1,1,1,1,1
207_7,1,1,1,1,1,1,1,1,1,1
216_10,1,1,1,1,1,1,1,1,1,1
216_9,1,1,1,1,1,1,1,1,1,1
160_4,0:0.03/1:0.97,1,1,1,1,0:0.03/1:0.97,1,0:0.03/1:0.97,0,1
216_12,1,1,1,1,1,1,1,1,0,1
216_14,1,1,1,1,1,1,1,1,1,1
