[&R] ((((((216_5:0,216_6:1)192_3:0,216_7:1)152_2:0.005,((216_3:0,216_4:0)206_2:1.005,(216_1:1.049,216_2:0.049)208_1:1.956)161_1:0.001)105_1:2.484,((216_13:0,216_14:0)213_13:0.034,216_15:1.034)168_7:2.456)44_1:3.511,(((216_27:1.035,216_28:0.035)192_17:1.248,(216_29:0,216_30:0)192_18:2.283)155_10:0.935,(216_23:0.035,216_24:1.035)184_13:2.182)102_5:3.783)virtual:0)I0;
I0,0,0,0,0,0,0,0,0,0,0
virtual,0,0,0,0,0,0,0,0,0,0
102_5,0:0.05/2:0.95,0:0.05/2:0.95,0,0:0.05/2:0.95,0,0,0,0,0,0:0.05/2:0.95
184_13,2,2,0,2,0,0:0.02/1:0.98,0:0.02/2:0.98,0,0,2
216_24,2,2,0,2,2,1,2,0,0,2
216_23,2,2,0,2,0,1,2,0,0,2
155_10,0:0.01/2:0.99,0:0.01/2:0.99,0,0:0.01/2:0.99,0,0,0,0:0.23/2:0.77,0,0:0.01/2:0.99
192_18,2,2,2,2,0,0,0,2,1,2
216_30,2,2,2,2,0,0,0,2,1,2
216_29,2,2,2,2,0,0,0,2,1,2
192_17,2,2,0,2,0:0.03/1:0.97,0,0,0:0.01/2:0.99,0,2
216_28,2,2,0,2,1,0,0,2,0,2
216_27,2,2,2,2,1,0,0,2,0,2
44_1,0,0,0,0,0,0,0:0.12/1:0.88,0:0.12/2:0.88,0:0.12/2:0.88,0:0.12/1:0.88
168_7,0,0,0:0.01/1:0.99,0,0,0:0.01/2:0.99,1,2,2,1
216_15,2,0,1,0,0,2,1,2,2,1
213_13,0,0,1,0,0,2,1,2,2,1
216_14,0,0,1,0,0,2,1,2,2,1
216_13,0,0,1,0,0,2,1,2,2,1
105_1,0,0,2,0,0,1,1,2,2,1
161_1,0,0,2,0,0,1,1,2,2,1
208_1,0:0.02/2:0.98,0,2,0:0.02/1:0.98,0,1,1,2,2,1
216_2,2,0,2,1,0,1,1,2,2,1
216_1,2,0,2,1,2,1,1,2,2,1
206_2,0,1,2,0,0,1,1,2,2,1
216_4,0,1,2,0,0,1,1,2,2,1
216_3,0,1,2,0,0,1,1,2,2,1
152_2,0,0,2,0,0,1,1,2,2,1
216_7,1,0,2,0,0,1,1,2,2,1
192_3,0,0,2,0,0,1,1,2,2,1
216_6,0,0,2,1,0,1,1,2,2,1
216_5,0,0,2,0,0,1,1,2,2,1
