[&R] ((((((216_12:0.295,216_9:2.295)162_5:1.908,((216_5:0,216_6:0)204_3:1.011,(216_7:0,216_8:0)205_5:0.011)165_5:0.192)124_5:1.87,(((216_19:0,216_20:0)209_16:0.028,216_17:1.028)169_10:1.095,((216_13:0,216_14:0)205_10:3.415,(216_15:0,216_16:0)213_14:0.415)170_9:0.707)129_7:0.95)85_3:0.007,(((216_21:0,216_22:0)176_13:1.004,(216_23:0,216_24:0)180_15:0.004)130_9:0.001,(((216_25:0,216_26:0)209_21:0,(216_27:0,216_28:0)213_24:0)172_15:2.004,(216_29:0,216_30:0)178_18:0.004)132_11:0.001)86_5:4.074)42_2:2.92,((216_1:0,216_2:0)207_1:1.236,(216_3:0,216_4:0)213_3:1.236)163_3:5.764)virtual:1.001)I0;
I0,0,0,0,0,0,0,0,0,0,0
virtual,0,0,0,0,0:0.5/1:0.5,0,0:0.5/1:0.5,0,0,0
163_3,0:0.04/1:0.96,0,0,0:0.04/1:0.96,0:0.02/1:0.98,0:0.04/2:0.96,0:0.02/1:0.98,0:0.04/2:0.96,0:0.04/1:0.96,0
213_3,1,2,0,1,1,2,1,2,1,0
216_4,1,2,0,1,1,2,1,2,1,0
216_3,1,2,0,1,1,2,1,2,1,0
207_1,1,0,1,1,1,2,1,2,1,0
216_2,1,0,1,1,1,2,1,2,1,0
216_1,1,0,1,1,1,2,1,2,1,0
42_2,0,0,0,0,0:0.01/1:0.99,0,0:0.01/1:0.99,0:0.03/1:0.97,0,0:0.03/2:0.97
86_5,2,2,0,1,1,1,1,1,0,2
132_11,2,2,0,1,1,1,1,1,0,2
178_18,2,2,0,1,1,1,1,1,0,2
216_30,2,2,0,1,1,1,1,1,0,2
216_29,2,2,0,1,1,1,1,1,0,2
172_15,2,2,2,1,1,1,1,1,1,2
213_24,2,2,2,1,1,1,1,1,1,2
216_28,2,2,2,1,1,1,1,1,1,2
216_27,2,2,2,1,1,1,1,1,1,2
209_21,2,2,2,1,1,1,1,1,1,2
216_26,2,2,2,1,1,1,1,1,1,2
216_25,2,2,2,1,1,1,1,1,1,2
130_9,2,2,0,1,1,1,1,1,0,2
180_15,2,2,0,1,1,1,1,1,0,2
216_24,2,2,0,1,1,1,1,1,0,2
216_23,2,2,0,1,1,1,1,1,0,2
176_13,2,2,1,1,1,1,1,1,0,2
216_22,2,2,1,1,1,1,1,1,0,2
216_21,2,2,1,1,1,1,1,1,0,2
85_3,0,0,0,0,0:0.01/1:0.99,0,0:0.01/1:0.99,0:0.02/1:0.98,0,0:0.02/2:0.98
129_7,0,0,0,0:0.11/1:0.89,1,0,1,1,0,2
170_9,0,0,0:0.37/1:0.63,0:0.04/1:0.96,1,0,1,1,0,2
213_14,0,0,1,1,1,0,1,1,0,2
216_16,0,0,1,1,1,0,1,1,0,2
216_15,0,0,1,1,1,0,1,1,0,2
205_10,2,1,1,1,1,1,1,1,0,2
216_14,2,1,1,1,1,1,1,1,0,2
216_13,2,1,1,1,1,1,1,1,0,2
169_10,0,0,0,1,1,0,1,1,0:0.02/2:0.98,2
216_17,0,0,0,1,1,2,1,1,2,2
209_16,0,0,0,1,1,0,1,1,2,2
216_20,0,0,0,1,1,0,1,1,2,2
216_19,0,0,0,1,1,0,1,1,2,2
124_5,0:0.1/2:0.9,0,0,0,1,0:0.1/2:0.9,1,1,0,2
165_5,0:0.01/2:0.99,0,0,0,1,0:0.01/2:0.99,1,1,0,2
205_5,2,0,0,0,1,2,1,1,0,2
216_8,2,0,0,0,1,2,1,1,0,2
216_7,2,0,0,0,1,2,1,1,0,2
204_3,2,0,0,0,1,2,1,1,1,2
216_6,2,0,0,0,1,2,1,1,1,2
216_5,2,0,0,0,1,2,1,1,1,2
162_5,0:0.01/2:0.99,0,0,0:0.13/2:0.87,1,0:0.01/2:0.99,1,1,0:0.13/1:0.87,2
216_9,2,1,2,2,1,2,1,1,1,2
216_12,2,0,0,2,1,2,1,1,1,2
