[&R] ((((216_3:3.008,216_4:2.008)177_2:0.001,(216_1:0,216_2:0)197_1:2.008)72_1:0.003,((216_11:0,216_12:0)197_8:4.36,216_10:0.36)156_4:1.652)11_1:1.988)I0;
I0,0,0,0,0,0,0,0,0,0,0
11_1,0,0:0.01/1:0.99,0,0,0,0,0:0.01/1:0.99,0,0,0
156_4,0,1,0,0:0.18/2:0.82,0,0:0.18/1:0.82,1,0,0,0
216_10,0,1,0,2,0,1,1,0,0,0
197_8,1,1,1,2,0,1,1,0,2,1
216_12,1,1,1,2,0,1,1,0,2,1
216_11,1,1,1,2,0,1,1,0,2,1
72_1,0,1,0,0,0,0,1,0,0,0
197_1,2,1,0,0,1,0,1,0,0,0
216_2,2,1,0,0,1,0,1,0,0,0
216_1,2,1,0,0,1,0,1,0,0,0
177_2,0,1,0,0,0,0,1,0,0,0
216_4,2,1,0,0,1,0,1,0,0,0
216_3,1,1,0,1,0,0,1,1,0,0
