[&R] (((((216_1:0,216_2:0)200_1:1.028,(216_3:0,216_4:0)205_3:0.028)151_1:1.978,((216_7:1.001,216_8:0.001)193_4:0.003,(216_5:1.028,216_6:0.028)199_3:0.976)152_3:0.003)107_1:1.078,(((216_10:0,216_11:0)206_10:0,216_9:0)162_5:2.027,((216_14:0,216_15:0)208_13:1.006,(216_12:0,216_13:0)213_12:0.006)162_6:0.022)112_3:1.057)62_1:2.916)I0;
I0,0,0,0,0,0,0,0,0,0,0
62_1,0:0.03/1:0.97,0,0,0,0,0,0:0.03/2:0.97,0:0.03/2:0.97,0,0
112_3,1,0,0:0.03/1:0.97,0,0,0,2,2,0,0
162_6,1,0,0:0.01/1:0.99,0,0,0,2,2,0,0
213_12,1,0,1,0,0,0,2,2,0,0
216_13,1,0,1,0,0,0,2,2,0,0
216_12,1,0,1,0,0,0,2,2,0,0
208_13,1,0,1,0,0,0,2,2,2,0
216_15,1,0,1,0,0,0,2,2,2,0
216_14,1,0,1,0,0,0,2,2,2,0
162_5,1,2,1,0,0,0,2,2,0,1
216_9,1,2,1,0,0,0,2,2,0,1
206_10,1,2,1,0,0,0,2,2,0,1
216_11,1,2,1,0,0,0,2,2,0,1
216_10,1,2,1,0,0,0,2,2,0,1
107_1,1,0,0,0,0,0:0.01/1:0.99,2,2,0,0
152_3,1,0,0,0,0,1,2,2,0,0
199_3,1,0,0:0.03/1:0.97,0,0,1,2,2,0,0
216_6,1,0,1,0,0,1,2,2,0,0
216_5,1,0,1,1,0,1,2,2,0,0
193_4,1,0,0,0,0,1,2,2,0,0
216_8,1,0,0,0,0,1,2,2,0,0
216_7,1,0,0,2,0,1,2,2,0,0
151_1,1,0,0,0:0.01/1:0.99,0,1,2,2,0:0.01/1:0.99,0
205_3,1,0,0,1,0,1,2,2,1,0
216_4,1,0,0,1,0,1,2,2,1,0
216_3,1,0,0,1,0,1,2,2,1,0
200_1,1,0,0,1,0,1,2,2,1,1
216_2,1,0,0,1,0,1,2,2,1,1
216_1,1,0,0,1,0,1,2,2,1,1
