[&R] (((((216_1:0,216_2:0)200_1:1.08,(216_3:0,216_4:0)205_3:0.08)151_1:1.145,((216_7:1.018,216_8:0.018)193_4:0.002,(216_5:0,216_6:0)199_3:1.021)152_3:1.205)107_1:2.088,(((216_10:0,216_11:0)206_10:1.072,216_9:0.072)162_5:1.973,((216_14:0,216_15:0)208_13:1.044,(216_12:0,216_13:0)213_12:1.044)162_6:0.002)112_3:1.268)62_1:4.687)I0;
I0,0,0,0,0,0,0,0,0,0,0
62_1,0:0.06/1:0.94,0:0.06/2:0.94,0,0:0.06/1:0.94,0,0,0,0,0:0.06/2:0.94,0:0.06/2:0.94
112_3,1,2,0:0.03/2:0.97,1,0,0,0,0,2,2
162_6,1,2,0:0.03/2:0.97,1,0,0,0,0,2,2
213_12,1,2,2,1,0,0,1,0,2,2
216_13,1,2,2,1,0,0,1,0,2,2
216_12,1,2,2,1,0,0,1,0,2,2
208_13,1,2,2,1,0,0,0,2,2,2
216_15,1,2,2,1,0,0,0,2,2,2
216_14,1,2,2,1,0,0,0,2,2,2
162_5,1,2,2,1,0,0,0:0.04/1:0.96,0:0.04/1:0.96,2,2
216_9,1,2,2,1,0,0,1,1,2,2
206_10,1,2,2,1,2,0,1,1,2,2
216_11,1,2,2,1,2,0,1,1,2,2
216_10,1,2,2,1,2,0,1,1,2,2
107_1,0:0.01/1:0.99,0:0.01/2:0.99,0:0.1/1:0.9,0:0.01/1:0.99,0,0,0:0.1/2:0.9,0,0:0.01/2:0.99,0:0.01/2:0.99
152_3,1,2,1,1,0,0:0.02/1:0.98,2,0,2,2
199_3,1,2,1,1,1,1,2,0,2,2
216_6,1,2,1,1,1,1,2,0,2,2
216_5,1,2,1,1,1,1,2,0,2,2
193_4,1,2,1,1,0,0:0.02/1:0.98,2,0,2,2
216_8,1,2,1,1,0,1,2,0,2,2
216_7,1,2,1,1,0,1,2,1,2,2
151_1,1,2,0:0.01/1:0.99,1,0:0.07/2:0.93,0,0:0.01/2:0.99,0,2,2
205_3,1,2,1,1,2,0,2,0,2,2
216_4,1,2,1,1,2,0,2,0,2,2
216_3,1,2,1,1,2,0,2,0,2,2
200_1,1,2,1,1,2,0,2,1,2,2
216_2,1,2,1,1,2,0,2,1,2,2
216_1,1,2,1,1,2,0,2,1,2,2
