[&R] (((((216_1:1.006,216_2:0.006)200_1:0.016,(216_3:0,216_4:0)205_3:2.022)151_1:1.988,((216_7:0.003,216_8:1.003)193_4:0.027,(216_5:0,216_6:0)199_3:2.03)152_3:0.98)107_1:0.002,(((216_10:2.111,216_11:0.111)206_10:0.957,216_9:0.067)162_5:2.112,((216_14:0.027,216_15:1.027)208_13:1.076,(216_12:0,216_13:0)213_12:1.104)162_6:1.076)112_3:0.832)62_1:1.988)I0;
I0,0,0,0,0,0,0,0,0,0,0
62_1,0,0:0.01/2:0.99,0,0,0,0,0,0,0:0.01/1:0.99,0
112_3,0,2,0:0.18/2:0.82,0,0,0,0,0,1,0
162_6,0,2,0:0.02/2:0.98,0,0:0.09/1:0.91,0,0,0,1,0
213_12,0,2,2,0,1,0,2,0,1,0
216_13,0,2,2,0,1,0,2,0,1,0
216_12,0,2,2,0,1,0,2,0,1,0
208_13,0:0.02/1:0.98,2,2,0,1,0,0,0,1,0
216_15,1,2,2,0,1,0,0,0,1,2
216_14,1,2,2,0,1,0,0,0,1,0
162_5,0,2,0:0.01/2:0.99,0,0,0:0.03/2:0.97,0:0.03/1:0.97,0,1,0
216_9,0,2,2,0,0,2,1,0,1,0
206_10,0,2,2,0:0.1/1:0.9,0,2,1,0,1,0
216_11,0,2,2,1,0,2,1,0,1,0
216_10,1,2,2,1,0,2,1,0,1,2
107_1,0,0:0.01/2:0.99,0,0,0,0,0,0,0:0.01/1:0.99,0
152_3,0,2,0,0,0,0,0:0.03/1:0.97,0,1,0
199_3,1,2,0,0,1,0,1,0,1,0
216_6,1,2,0,0,1,0,1,0,1,0
216_5,1,2,0,0,1,0,1,0,1,0
193_4,0,2,0,0,0,0,1,0,1,0
216_8,0,2,0,0,0,0,1,0,1,1
216_7,0,2,0,0,0,0,1,0,1,0
151_1,0:0.01/2:0.99,2,0:0.01/1:0.99,0,0,0,0,0,1,0
205_3,2,2,1,0,0,1,0,0,1,1
216_4,2,2,1,0,0,1,0,0,1,1
216_3,2,2,1,0,0,1,0,0,1,1
200_1,2,2,1,0,0,0,0,0,1,0
216_2,2,2,1,0,0,0,0,0,1,0
216_1,2,2,1,0,0,1,0,0,1,0
