[&R] (((((216_1:8.371,216_2:6.371)200_1:14.778,(216_3:5.172,216_4:4.172)205_3:23.977)151_1:29.046,((216_7:4.254,216_8:7.254)193_4:22.921,(216_5:7.309,216_6:5.309)199_3:23.865)152_3:28.02)107_1:25.694,(((216_10:1.028,216_11:3.028)206_10:17.195,216_9:23.223)162_5:18.174,((216_14:2.104,216_15:5.104)208_13:25.276,(216_12:0.002,216_13:1.002)213_12:30.378)162_6:20.016)112_3:34.492)62_1:58.111)I0;
I0,0,0,0,0,0,0,0,0,0,0,0,0,0,0,0,0,0,0,0,0,0,0,0,0,0,0,0,0,0,0,0,0,0,0,0,0,0,0,0,0,0,0,0,0,0,0,0,0,0,0,0,0,0,0,0,0,0,0,0,0,0,0,0,0,0,0,0,0,0,0,0,0,0,0,0,0,0,0,0,0,0,0,0,0,0,0,0,0,0,0,0,0,0,0,0,0,0,0,0,0,0,0,0,0,0,0,0,0,0,0,0,0,0,0,0,0,0,0,0,0,0,0,0,0,0,0,0,0,0,0,0,0,0,0,0,0,0,0,0,0,0,0,0,0,0,0,0,0,0,0,0,0,0,0,0,0,0,0,0,0,0,0,0,0,0,0,0,0,0,0,0,0,0,0,0,0,0,0,0,0,0,0,0,0,0,0,0,0,0,0,0,0,0,0,0,0,0,0,0,0
62_1,0,0:0.06/1:0.94,0,0,0,0,0:0.06/1:0.94,0,0:0.06/1:0.94,0,0,0:0.06/1:0.94,0,0,0,0,0,0,0:0.06/2:0.94,0,0,0:0.06/2:0.94,0,0,0,0:0.06/2:0.94,0:0.06/1:0.94,0,0,0:0.06/2:0.94,0:0.06/1:0.94,0:0.06/1:0.94,0,0,0,0:0.06/2:0.94,0,0,0,0:0.06/2:0.94,0,0,0,0:0.06/1:0.94,0,0,0,0,0,0,0:0.06/2:0.94,0:0.06/2:0.94,0,0:0.06/1:0.94,0,0,0,0:0.06/1:0.94,0,0,0,0,0:0.06/2:0.94,0,0,0,0,0:0.06/2:0.94,0,0:0.06/2:0.94,0:0.06/1:0.94,0,0,0,0,0,0:0.06/2:0.94,0,0,0,0:0.06/1:0.94,0,0,0,0,0,0,0,0,0,0,0,0,0,0,0:0.06/2:0.94,0:0.06/2:0.94,0:0.06/2:0.94,0,0,0,0,0:0.06/2:0.94,0,0:0.06/2:0.94,0:0.06/1:0.94,0,0:0.06/2:0.94,0,0,0,0,0,0:0.06/2:0.94,0,0,0,0,0,0,0,0:0.06/1:0.94,0,0:0.06/1:0.94,0,0:0.06/1:0.94,0,0,0:0.06/1:0.94,0,0,0:0.06/1:0.94,0,0:0.06/2:0.94,0:0.06/1:0.94,0:0.06/2:0.94,0:0.06/1:0.94,0,0,0,0,0,0:0.06/1:0.94,0,0,0,0:0.06/2:0.94,0,0:0.06/1:0.94,0:0.06/1:0.94,0,0,0,0:0.06/1:0.94,0,0:0.06/1:0.94,0,0,0,0,0:0.06/1:0.94,0:0.06/1:0.94,0:0.06/2:0.94,0:0.06/2:0.94,0,0,0:0.06/2:0.94,0:0.06/1:0.94,0,0:0.06/1:0.94,0:0.06/2:0.94,0:0.06/1:0.94,0,0:0.06/1:0.94,0,0:0.06/1:0.94,0,0,0,0,0,0,0,0:0.06/2:0.94,0:0.06/2:0.94,0,0:0.06/2:0.94,0,0,0,0,0,0,0,0,0:0.06/2:0.94,0,0,0,0
112_3,0,1,0,0,0,0,1,0,1,0,0,1,0,0,0:0.06/2:0.94,0,0,0,2,0,0,2,0,0,0:0.06/2:0.94,2,1,0,0,2,1,1,0,0,0:0.06/2:0.94,2,0:0.06/1:0.94,0,0,2,0,0:0.06/2:0.94,0,1,0,0:0.06/2:0.94,0,0,0,0:0.06/1:0.94,2,2,0:0.06/1:0.94,1,0,0:0.06/1:0.94,0,1,0,0,0,0,2,0,0:0.06/1:0.94,0,0:0.06/1:0.94,2,0:0.06/1:0.94,2,1,0,0,0:0.06/1:0.94,0:0.06/2:0.94,0,2,0,0,0:0.06/1:0.94,1,0:0.06/1:0.94,0,0:0.06/1:0.94,0,0,0,0,0:0.06/1:0.94,0,0,0:0.06/2:0.94,0,0:0.06/1:0.94,0,2,2,2,0,0,0:0.06/2:0.94,0,2,0:0.06/1:0.94,2,1,0,2,0,0,0:0.06/1:0.94,0,0,2,0,0,0,0,0,0,0:0.06/2:0.94,1,0:0.06/2:0.94,1,0,1,0,0,1,0:0.06/2:0.94,0:0.06/2:0.94,1,0,2,1,2,1,0,0,0:0.06/2:0.94,0,0,1,0,0,0,2,0,1,1,0,0,0,1,0,1,0,0,0,0,1,1,2,2,0,0,2,1,0,1,2,1,0:0.06/1:0.94,1,0,1,0,0,0,0:0.06/2:0.94,0,0,0,2,2,0,2,0,0,0,0:0.06/2:0.94,0,0:0.06/2:0.94,0:0.06/2:0.94,0,2,0,0,0,0
162_6,0:0.18/2:0.82,1,0,0,0,0,1,0,1,0,0,1,0,0,0:0.01/2:0.99,0,0,0,2,0,0,2,0:0.18/2:0.82,0:0.18/2:0.82,0:0.01/2:0.99,2,1,0:0.18/2:0.82,0:0.18/2:0.82,2,1,1,0,0,0:0.01/2:0.99,2,0:0.01/1:0.99,0,0,2,0,0:0.01/2:0.99,0,1,0:0.18/2:0.82,0:0.01/2:0.99,0,0,0,0:0.01/1:0.99,2,2,0:0.01/1:0.99,1,0,0:0.01/1:0.99,0,1,0:0.18/2:0.82,0,0,0,2,0,0:0.01/1:0.99,0:0.18/2:0.82,0:0.01/1:0.99,2,0:0.01/1:0.99,2,1,0,0,0:0.01/1:0.99,0:0.01/2:0.99,0,2,0,0:0.18/1:0.82,0:0.01/1:0.99,1,0:0.01/1:0.99,0,0:0.01/1:0.99,0,0:0.18/2:0.82,0,0:0.18/2:0.82,0:0.01/1:0.99,0:0.18/2:0.82,0,0:0.01/2:0.99,0,0:0.01/1:0.99,0,2,2,2,0,0:0.18/2:0.82,0:0.01/2:0.99,0,2,0:0.01/1:0.99,2,1,0,2,0,0,0:0.01/1:0.99,0,0,2,0,0:0.18/1:0.82,0,0,0,0,0:0.01/2:0.99,1,0:0.01/2:0.99,1,0,1,0:0.18/1:0.82,0,1,0:0.01/2:0.99,0:0.01/2:0.99,1,0,2,1,2,1,0,0,0:0.01/2:0.99,0,0,1,0,0:0.18/2:0.82,0,2,0,1,1,0,0,0,1,0,1,0,0,0:0.18/2:0.82,0,1,1,2,2,0,0:0.18/2:0.82,2,1,0:0.18/2:0.82,1,2,1,0:0.01/1:0.99,1,0,1,0,0,0,0:0.01/2:0.99,0,0:0.18/2:0.82,0,2,2,0:0.18/1:0.82,2,0,0:0.18/1:0.82,0,0:0.01/2:0.99,0,0:0.01/2:0.99,0:0.01/2:0.99,0,2,0,0,0,0
213_12,2,1,0,0,0,0,1,0,1,2,0,1,0,0,2,0,1,0,2,0,2,2,2,2,2,2,1,2,2,2,1,1,0,0,2,2,1,0,0,2,0,2,0,1,2,2,0,0,0,1,2,2,1,1,0,1,1,1,2,0,0,0,2,0,1,2,1,2,1,2,1,1,0,1,2,2,2,2,1,1,1,1,0,1,0,2,0,2,1,2,1,2,0,1,2,2,2,2,0,2,2,1,2,1,2,1,0,2,0,2,1,2,0,2,2,1,0,0,0,0,2,1,2,1,0,1,1,0,1,2,2,1,1,2,1,2,1,0,0,2,0,1,1,2,2,0,2,1,1,1,0,2,1,1,1,1,0,0,2,0,1,1,2,2,1,2,2,1,2,1,2,1,1,1,0,1,0,0,0,2,0,2,0,2,2,1,2,2,1,2,2,2,2,2,0,2,1,0,0,2
216_13,2,1,0,0,0,0,1,0,1,2,0,1,0,0,2,0,1,0,2,0,2,2,2,2,2,2,1,2,2,2,1,1,0,0,2,2,1,0,0,2,0,2,0,1,2,2,0,0,0,1,2,2,1,1,0,1,1,1,2,0,0,0,2,0,1,2,1,2,1,2,1,1,0,1,2,2,2,2,1,1,1,1,0,1,0,2,0,2,1,2,1,2,0,1,2,2,2,2,0,2,2,1,2,1,2,1,0,2,0,2,1,2,0,2,2,1,0,0,0,0,2,1,2,1,0,1,1,0,1,2,2,1,1,2,1,2,1,0,0,2,0,1,1,2,2,0,2,1,1,1,0,2,1,1,1,1,0,0,2,0,1,1,2,2,1,2,2,1,2,1,2,1,1,1,0,1,0,0,2,2,0,2,0,2,2,1,2,2,1,2,2,2,2,2,0,2,1,0,0,2
216_12,2,1,0,0,0,0,1,0,1,2,0,1,0,0,2,0,1,0,2,0,2,2,2,2,2,2,1,2,2,2,1,1,0,0,2,2,1,0,0,2,0,2,0,1,2,2,0,0,0,1,2,2,1,1,0,1,1,1,2,0,0,0,2,0,1,2,1,2,1,2,1,1,0,1,2,2,2,2,1,1,1,1,0,1,0,2,0,2,1,2,1,2,0,1,2,2,2,2,0,2,2,1,2,1,2,1,0,2,0,2,1,2,0,2,2,1,0,0,0,0,2,1,2,1,0,1,1,0,1,2,2,1,1,2,1,2,1,0,0,2,0,1,1,2,2,0,2,1,1,1,0,2,1,1,1,1,0,0,2,0,1,1,2,2,1,2,2,1,2,1,2,1,1,1,0,1,0,0,0,2,0,2,0,2,2,1,2,2,1,2,2,2,2,2,0,2,1,0,0,2
208_13,2,1,0,0,2,1,1,0,1,0,0,1,0,0,2,0,0,1,2,0,0,2,2,2,2,2,1,2,2,2,1,1,1,1,2,2,1,0,0,2,0,2,0,1,2,2,1,0,0,1,2,2,1,1,0,1,0,1,2,0,0,0,2,0,1,2,1,2,1,2,1,0,2,1,2,0,2,1,1,1,1,1,0,1,0,2,1,2,1,2,0,2,0,1,0,2,2,2,0,2,2,0,2,1,2,1,0,2,1,0,1,0,0,2,0,1,0,1,1,0,2,1,2,1,1,1,1,2,1,2,2,1,0,2,1,2,1,0,0,2,0,0,1,0,2,2,2,0,1,1,0,0,2,1,0,1,0,0,2,0,1,1,2,2,2,2,2,1,2,1,2,1,1,1,0,1,0,0,2,2,2,2,0,2,2,1,2,0,1,0,2,0,2,2,1,2,0,1,0,0
216_15,2,1,0,0,2,1,1,0,1,0,2,1,0,0,2,0,0,1,2,0,0,2,2,2,2,2,1,2,2,2,1,1,1,1,2,2,1,0,0,2,2,2,0,1,2,2,1,0,0,1,2,2,1,1,0,1,0,1,2,0,0,0,2,0,1,2,1,2,1,2,1,0,2,1,2,0,2,1,1,1,1,1,0,1,0,2,1,2,1,2,0,2,0,1,0,2,2,2,0,2,2,0,2,1,2,1,0,2,1,0,1,0,0,2,0,1,0,1,1,0,2,1,2,1,1,1,1,2,1,2,2,1,0,2,1,2,1,0,0,2,0,1,1,0,2,2,2,0,1,1,0,0,2,1,0,1,0,0,2,0,1,1,2,2,2,2,2,1,2,1,2,1,1,1,0,1,0,2,2,2,2,2,2,2,2,1,2,0,1,0,2,0,2,2,1,2,0,1,0,0
216_14,2,1,0,0,2,1,1,0,1,0,0,1,0,0,2,0,0,1,2,0,0,2,2,2,2,2,1,2,2,2,1,1,1,1,2,2,1,0,0,2,0,2,0,1,2,2,1,0,0,1,2,2,1,1,0,1,0,1,2,0,0,0,2,0,1,2,1,2,1,2,1,0,2,1,2,0,2,1,1,1,1,1,0,1,0,2,1,2,1,2,0,2,0,1,0,2,2,2,0,2,2,0,2,1,2,1,0,2,1,0,1,0,0,2,0,1,1,1,1,0,2,1,2,1,1,1,1,2,1,2,2,1,0,2,1,2,1,2,0,2,0,0,1,0,2,2,2,0,1,1,0,0,2,1,0,1,0,0,2,0,1,1,2,2,2,2,2,1,2,1,2,1,1,1,0,1,0,0,2,2,2,2,0,2,2,1,2,0,1,0,2,0,2,2,1,2,0,1,0,0
162_5,0,1,0,0,0,0,1,0:0.11/2:0.89,1,0:0.11/2:0.89,0,1,0,0,0:0.01/2:0.99,0,0,0,2,0:0.11/1:0.89,0,2,0,0,0:0.01/2:0.99,2,1,0,0,2,1,1,0,0:0.11/2:0.89,0:0.01/2:0.99,2,0:0.01/1:0.99,0,0:0.11/2:0.89,2,0,0:0.01/2:0.99,0,1,0,0:0.01/2:0.99,0,0,0,0:0.01/1:0.99,2,2,0:0.01/1:0.99,1,0:0.11/1:0.89,0:0.01/1:0.99,0,1,0,0,0,0,2,0,0:0.01/1:0.99,0,0:0.01/1:0.99,2,0:0.01/1:0.99,2,1,0,0,0:0.01/1:0.99,0:0.01/2:0.99,0,2,0,0,0:0.01/1:0.99,1,0:0.01/1:0.99,0,0:0.01/1:0.99,0:0.11/2:0.89,0,0,0:0.11/1:0.89,0:0.01/1:0.99,0,0,0:0.01/2:0.99,0,0:0.01/1:0.99,0,2,2,2,0,0,0:0.01/2:0.99,0,2,0:0.01/1:0.99,2,1,0,2,0:0.11/2:0.89,0,0:0.01/1:0.99,0,0,2,0,0,0:0.11/1:0.89,0,0,0,0:0.01/2:0.99,1,0:0.01/2:0.99,1,0,1,0,0,1,0:0.01/2:0.99,0:0.01/2:0.99,1,0:0.11/2:0.89,2,1,2,1,0,0:0.11/1:0.89,0:0.01/2:0.99,0,0:0.11/2:0.89,1,0,0,0,2,0:0.11/1:0.89,1,1,0,0:0.11/2:0.89,0,1,0,1,0,0,0,0,1,1,2,2,0:0.11/1:0.89,0,2,1,0,1,2,1,0:0.01/1:0.99,1,0,1,0,0,0,0:0.01/2:0.99,0,0,0,2,2,0,2,0,0,0:0.11/2:0.89,0:0.01/2:0.99,0,0:0.01/2:0.99,0:0.01/2:0.99,0,2,0,0:0.11/2:0.89,0,0
216_9,0,1,2,0,0,2,1,2,1,2,2,1,0,0,2,0,0,0,2,1,0,2,0,0,2,2,1,2,0,2,1,1,0,2,2,2,1,0,2,2,1,2,0,1,1,2,0,0,1,1,2,2,1,1,1,1,0,1,0,1,0,0,2,1,1,0,1,2,1,2,1,0,0,1,2,0,2,0,0,1,1,1,0,1,2,0,0,1,1,0,0,2,1,1,0,2,2,2,1,0,2,0,2,1,2,1,0,2,2,0,1,0,0,2,0,0,1,0,0,0,2,1,2,1,0,1,0,1,1,2,2,1,2,2,1,2,1,1,1,2,0,2,1,0,2,0,2,1,1,1,0,2,2,1,2,1,1,0,0,0,1,1,2,2,1,2,2,1,0,1,2,1,1,1,0,1,0,0,1,2,0,0,0,2,2,0,2,0,0,2,2,0,2,2,0,2,0,2,2,2
206_10,0,1,1,0,0,0,1,2,1,2,0,1,0,0,2,1,0,1,2,1,0,2,0,2,2,2,1,0,0,2,1,1,2,2,2,2,1,1,2,2,0,2,0,1,2,2,0,0,0,1,2,2,1,1,1,1,0,1,0,2,0,0,2,0,1,0,1,2,1,2,1,0,1,1,2,0,2,0,0,1,1,1,2,1,2,0,0,1,1,0,0,2,0,1,0,2,2,2,0,0,2,0,2,1,2,1,0,2,2,0,1,2,0,2,0,0,1,1,0,0,2,1,2,1,0,1,0,0,1,2,2,1,2,2,1,2,1,0,1,2,0,2,1,0,0,0,2,1,1,1,0,2,0,1,0,1,0,0,0,0,1,1,2,2,1,0,2,1,0,1,2,1,1,1,0,1,1,0,0,2,1,0,0,2,2,0,2,0,1,2,2,0,2,2,0,2,0,2,0,0
216_11,0,1,1,0,2,0,1,2,1,2,0,1,0,0,2,1,0,1,2,1,0,2,0,2,2,2,1,0,0,2,1,1,2,2,2,2,1,1,2,2,0,2,0,1,2,2,0,2,0,1,2,2,1,1,1,1,0,1,0,2,0,0,2,0,1,1,1,2,1,2,1,0,1,1,2,0,2,0,0,1,1,1,2,1,2,0,0,1,1,0,0,2,0,1,0,2,2,2,0,0,2,0,2,1,2,1,0,2,2,0,1,2,0,2,0,0,1,1,0,0,2,1,2,1,0,1,0,0,1,2,2,1,2,2,1,2,1,0,1,2,0,2,1,0,0,0,2,1,1,1,0,2,0,1,0,1,0,0,0,0,1,1,2,2,1,0,2,1,0,1,2,1,1,1,0,1,1,0,0,2,1,0,0,2,2,0,2,0,1,2,2,0,2,2,0,2,0,2,0,0
216_10,0,1,1,0,0,0,1,2,1,2,0,1,0,0,2,1,0,1,2,1,0,2,0,2,2,2,1,0,0,2,1,1,2,2,2,2,1,1,2,2,0,2,0,1,2,2,0,0,0,1,2,2,1,1,1,1,0,1,0,2,0,0,2,0,1,0,1,2,1,2,1,0,1,1,2,0,2,0,0,1,1,1,2,1,2,0,0,1,1,0,0,2,0,1,0,2,2,2,0,0,2,0,2,1,2,1,0,2,2,0,1,2,0,2,0,0,1,1,0,0,2,1,2,1,0,1,0,0,1,2,2,1,2,2,1,2,1,0,1,2,0,2,1,0,0,0,2,1,1,1,0,2,0,1,0,1,0,0,0,0,1,1,2,2,1,0,2,1,0,1,2,1,1,1,2,1,1,0,0,2,1,0,0,2,2,0,2,0,1,2,2,0,2,2,0,2,0,2,0,0
107_1,0,0:0.01/1:0.99,0,0,0,0:0.14/2:0.86,0:0.01/1:0.99,0:0.14/1:0.86,0:0.01/1:0.99,0,0,0:0.01/1:0.99,0,0,0,0,0,0,0:0.01/2:0.99,0:0.14/1:0.86,0:0.14/2:0.86,0:0.01/2:0.99,0,0,0,0:0.01/2:0.99,0:0.01/1:0.99,0,0,0:0.01/2:0.99,0:0.01/1:0.99,0:0.01/1:0.99,0,0:0.14/2:0.86,0,0:0.01/2:0.99,0,0,0,0:0.01/2:0.99,0,0,0,0:0.01/1:0.99,0,0,0,0:0.14/2:0.86,0,0,0:0.01/2:0.99,0:0.01/2:0.99,0,0:0.01/1:0.99,0,0:0.14/2:0.86,0,0:0.01/1:0.99,0,0,0,0,0:0.01/2:0.99,0,0,0,0,0:0.01/2:0.99,0,0:0.01/2:0.99,0:0.01/1:0.99,0:0.14/1:0.86,0:0.14/2:0.86,0,0,0,0:0.01/2:0.99,0,0,0,0:0.01/1:0.99,0,0,0,0,0,0,0:0.14/2:0.86,0,0,0:0.14/2:0.86,0,0:0.14/1:0.86,0:0.14/2:0.86,0,0:0.01/2:0.99,0:0.01/2:0.99,0:0.01/2:0.99,0,0,0,0,0:0.01/2:0.99,0,0:0.01/2:0.99,0:0.01/1:0.99,0,0:0.01/2:0.99,0,0,0:0.14/2:0.86,0,0,0:0.01/2:0.99,0,0,0,0,0:0.14/1:0.86,0:0.14/1:0.86,0:0.14/1:0.86,0:0.01/1:0.99,0,0:0.01/1:0.99,0:0.14/1:0.86,0:0.01/1:0.99,0:0.14/2:0.86,0,0:0.01/1:0.99,0,0,0:0.01/1:0.99,0,0:0.01/2:0.99,0:0.01/1:0.99,0:0.01/2:0.99,0:0.01/1:0.99,0,0,0:0.14/1:0.86,0,0:0.14/2:0.86,0:0.01/1:0.99,0,0,0,0:0.01/2:0.99,0,0:0.01/1:0.99,0:0.01/1:0.99,0:0.14/2:0.86,0,0,0:0.01/1:0.99,0,0:0.01/1:0.99,0,0,0,0,0:0.01/1:0.99,0:0.01/1:0.99,0:0.01/2:0.99,0:0.01/2:0.99,0,0,0:0.01/2:0.99,0:0.01/1:0.99,0,0:0.01/1:0.99,0:0.01/2:0.99,0:0.01/1:0.99,0,0:0.01/1:0.99,0,0:0.01/1:0.99,0,0,0,0,0:0.14/2:0.86,0,0,0:0.01/2:0.99,0:0.01/2:0.99,0:0.14/1:0.86,0:0.01/2:0.99,0,0:0.14/1:0.86,0,0,0,0,0:0.14/1:0.86,0,0:0.01/2:0.99,0,0,0,0
152_3,0,1,0,0,0,0:0.01/2:0.99,1,0:0.01/1:0.99,1,0:0.1/1:0.9,0,1,0,0,0,0,0:0.1/2:0.9,0:0.1/1:0.9,2,0:0.01/1:0.99,0:0.01/2:0.99,2,0,0,0:0.1/2:0.9,2,1,0,0,2,1,1,0,0:0.01/2:0.99,0,2,0,0,0:0.1/2:0.9,2,0,0,0:0.1/2:0.9,1,0:0.1/2:0.9,0:0.1/2:0.9,0,0:0.01/2:0.99,0,0,2,2,0:0.1/2:0.9,1,0,0:0.01/2:0.99,0,1,0:0.1/2:0.9,0,0,0,2,0,0,0:0.1/1:0.9,0,2,0,2,1,0:0.01/1:0.99,0:0.01/2:0.99,0,0,0,2,0,0,0,1,0,0:0.1/2:0.9,0:0.1/1:0.9,0:0.1/1:0.9,0,0,0:0.01/2:0.99,0,0,0:0.01/2:0.99,0,0:0.01/1:0.99,0:0.01/2:0.99,0,2,2,2,0,0:0.1/2:0.9,0,0:0.1/1:0.9,2,0,2,1,0:0.1/1:0.9,2,0,0,0:0.01/2:0.99,0:0.1/2:0.9,0:0.1/1:0.9,2,0,0,0,0,0:0.01/1:0.99,0:0.01/1:0.99,0:0.01/1:0.99,1,0,1,0:0.01/1:0.99,1,0:0.01/2:0.99,0,1,0,0,1,0:0.1/1:0.9,2,1,2,1,0,0,0:0.01/1:0.99,0,0:0.01/2:0.99,1,0,0,0,2,0:0.1/2:0.9,1,1,0:0.01/2:0.99,0:0.1/1:0.9,0,1,0,1,0,0,0,0,1,1,2,2,0,0,2,1,0,1,2,1,0,1,0,1,0,0,0,0,0:0.01/2:0.99,0:0.1/1:0.9,0:0.1/1:0.9,2,2,0:0.01/1:0.99,2,0,0:0.01/1:0.99,0,0,0:0.1/1:0.9,0,0:0.01/1:0.99,0,2,0:0.1/1:0.9,0,0:0.1/1:0.9,0
199_3,0,1,0,0,0:0.01/2:0.99,2,1,1,1,1,0,1,0,0,0,0,2,1,2,1,2,2,0,0,2,2,1,0,0,2,1,1,0:0.01/1:0.99,2,0,2,0:0.01/1:0.99,0:0.01/2:0.99,2,2,0:0.01/2:0.99,0,2,1,2,2,0,2,0,0,2,2,2,1,0,2,0,1,2,0,0,0,2,0,0,1,0,2,0:0.01/2:0.99,2,1,1,2,0,0,0,2,0,0,0,1,0:0.01/2:0.99,2,1,1,0,0,2,0,0,2,0,1,2,0:0.01/2:0.99,2,2,2,0,2,0,1,2,0:0.01/1:0.99,2,1,1,2,0,0:0.01/1:0.99,2,2,1,2,0,0:0.01/1:0.99,0,0,1,1,1,1,0,1,1,1,2,0:0.01/2:0.99,1,0,0:0.01/1:0.99,1,1,2,1,2,1,0,0:0.01/2:0.99,1,0:0.01/1:0.99,2,1,0,0,0,2,2,1,1,2,1,0,1,0:0.01/1:0.99,1,0:0.01/2:0.99,0,0,0,1,1,2,2,0,0,2,1,0,1,2,1,0:0.01/1:0.99,1,0:0.01/2:0.99,1,0,0,0:0.01/2:0.99,0,2,1,1,2,2,1,2,0,1,0,0,1,0,1,0:0.01/1:0.99,2,1,0,1,0
216_6,0,1,0,0,2,2,1,1,1,1,0,1,2,0,1,0,2,1,2,1,2,2,2,0,2,2,1,0,0,2,1,1,1,2,0,2,1,2,2,2,2,0,2,1,2,2,0,2,0,0,2,2,2,1,0,2,0,1,2,0,0,0,2,0,0,1,0,2,2,2,1,1,2,0,0,0,2,0,0,0,1,2,2,1,1,0,0,2,0,0,2,0,1,2,2,2,2,2,0,2,1,1,2,1,2,1,1,2,0,1,2,2,1,2,0,1,0,0,1,1,1,1,0,1,1,1,2,2,1,0,1,1,1,2,1,2,1,0,2,1,1,2,1,0,0,0,2,2,1,1,2,1,0,1,1,1,2,0,0,0,1,1,2,2,0,0,2,1,0,1,2,1,1,1,2,1,0,0,2,0,2,1,1,2,2,1,2,2,1,0,0,1,0,1,1,2,1,0,1,0
216_5,0,1,0,0,2,2,1,1,1,1,0,1,0,2,0,0,2,1,2,1,2,2,0,0,2,2,1,0,0,2,1,1,1,2,1,2,1,2,2,2,2,0,2,1,2,2,0,2,0,0,2,2,2,1,0,2,0,1,2,0,0,0,2,0,0,1,1,2,2,2,1,1,2,0,0,0,2,2,0,0,1,2,2,1,1,0,0,2,0,0,2,0,1,2,2,2,2,2,0,2,0,1,2,1,2,1,1,2,0,1,2,2,1,2,0,1,0,0,1,1,1,1,0,1,1,1,2,2,1,0,1,1,1,2,1,2,1,0,2,1,1,2,1,0,0,0,2,2,1,1,2,1,2,1,1,1,2,0,0,0,1,1,2,2,0,0,2,1,0,1,2,1,1,1,2,1,0,0,2,0,2,1,1,2,2,1,2,0,1,0,0,1,1,1,1,2,1,1,1,0
193_4,0,1,0,0,0,2,1,1,1,1,0,1,0:0.01/1:0.99,0,0:0.01/2:0.99,0,2,1,2,1,2,2,0,0,2,2,1,0,0,2,1,1,0:0.01/2:0.99,2,0:0.01/1:0.99,2,0,0,2,2,0,0,2,1,2,2,0,2,0,0,2,2,2,1,0:0.01/2:0.99,2,0,1,2,0:0.01/1:0.99,0:0.01/2:0.99,0,2,0:0.01/1:0.99,0,1,0:0.01/1:0.99,2,0,2,1,1,2,0,0:0.01/1:0.99,0,2,0,0:0.01/1:0.99,0,1,0,2,1,1,0:0.01/2:0.99,0:0.01/1:0.99,2,0,0,2,0:0.01/1:0.99,1,2,0,2,2,2,0,2,0,1,2,0,2,1,1,2,0:0.01/2:0.99,0,2,2,1,2,0,0,0,0:0.01/2:0.99,1,1,1,1,0:0.01/1:0.99,1,1,1,2,0,1,0,0,1,1,2,1,2,1,0,0:0.01/1:0.99,1,0,2,1,0,0,0,2,2,1,1,2,1,0,1,0,1,0,0,0,0,1,1,2,2,0,0,2,1,0,1,2,1,0,1,0,1,0:0.01/2:0.99,0,0,0:0.01/1:0.99,2,1,1,2,2,1,2,0,1,0,0,1,0,1,0,2,1,0,1,0
216_8,2,1,0,0,2,2,1,1,1,1,0,1,1,0,2,0,2,1,2,1,2,2,0,0,2,2,1,0,0,2,1,1,2,2,1,2,0,0,2,2,0,0,2,1,2,2,0,2,0,0,2,2,2,1,2,2,1,1,2,1,2,0,2,1,0,1,1,2,0,2,1,1,2,0,1,0,2,0,1,0,1,0,2,1,1,2,1,2,0,0,2,1,1,2,0,2,2,2,0,2,0,1,2,0,2,1,1,2,2,0,2,2,1,2,0,0,0,2,1,1,1,1,1,1,1,1,2,0,1,0,0,1,1,2,1,2,1,0,1,1,0,2,1,0,0,0,2,2,1,1,2,1,0,1,0,1,0,0,1,0,1,1,2,2,0,0,2,1,0,1,2,1,0,1,2,1,2,0,0,1,2,1,1,2,2,1,2,0,1,0,1,1,0,1,0,2,1,0,1,1
216_7,0,1,0,0,0,2,1,1,1,1,0,1,1,0,2,0,2,1,2,1,2,2,0,0,2,2,1,0,0,2,1,1,2,2,1,2,0,0,2,2,0,0,2,1,2,2,0,2,2,0,2,2,2,1,2,2,2,1,2,1,2,0,2,1,0,1,1,2,0,2,1,1,2,0,1,0,2,0,1,0,1,0,2,1,1,2,1,2,0,0,2,1,1,2,0,2,2,2,0,2,1,1,2,0,2,1,1,2,2,0,2,2,1,2,0,0,0,2,1,1,1,1,1,1,1,1,2,0,1,0,0,1,1,2,1,2,1,0,1,1,0,2,1,0,0,0,2,2,1,1,2,1,0,1,0,1,0,2,0,0,1,1,2,2,0,0,2,1,0,1,2,1,0,1,0,1,2,0,0,1,2,1,1,2,2,1,2,0,1,0,0,1,0,1,0,2,1,0,1,0
151_1,0,1,0,0,0,0:0.01/2:0.99,1,0:0.01/1:0.99,1,0,0,1,0,0,0,0,0,0,2,0:0.01/1:0.99,0:0.01/2:0.99,2,0,0,0,2,1,0,0:0.07/1:0.93,2,1,1,0,0:0.01/2:0.99,0:0.07/2:0.93,2,0,0,0,2,0,0,0,1,0,0,0:0.07/1:0.93,0:0.01/2:0.99,0,0,2,2,0,1,0:0.07/2:0.93,0:0.01/2:0.99,0,1,0,0,0,0:0.07/2:0.93,2,0:0.07/2:0.93,0:0.07/2:0.93,0,0,2,0:0.07/2:0.93,2,1,0:0.01/1:0.99,0:0.01/2:0.99,0,0:0.07/2:0.93,0,2,0,0,0:0.07/2:0.93,1,0,0:0.07/1:0.93,0,0,0,0,0:0.01/2:0.99,0,0,0:0.01/2:0.99,0:0.07/2:0.93,0:0.01/1:0.99,0:0.01/2:0.99,0,2,2,2,0,0,0,0,2,0:0.07/2:0.93,2,1,0:0.07/2:0.93,2,0,0,0:0.01/2:0.99,0,0,2,0:0.07/1:0.93,0,0,0:0.07/1:0.93,0:0.01/1:0.99,0:0.01/1:0.99,0:0.01/1:0.99,1,0:0.07/2:0.93,1,0:0.01/1:0.99,1,0:0.01/2:0.99,0,1,0:0.07/1:0.93,0,1,0,2,1,2,1,0,0,0:0.01/1:0.99,0:0.07/1:0.93,0:0.01/2:0.99,1,0,0:0.07/2:0.93,0:0.07/2:0.93,2,0,1,1,0:0.01/2:0.99,0,0,1,0,1,0,0,0,0,1,1,2,2,0,0,2,1,0,1,2,1,0:0.07/2:0.93,1,0:0.07/2:0.93,1,0,0:0.07/1:0.93,0:0.07/2:0.93,0,0:0.01/2:0.99,0,0,2,2,0:0.01/1:0.99,2,0,0:0.01/1:0.99,0,0,0,0,0:0.01/1:0.99,0:0.07/1:0.93,2,0,0,0:0.07/2:0.93,0
205_3,0,1,0,0,0,2,1,1,1,0:0.01/2:0.99,0,1,0,0,0:0.01/2:0.99,0,0,0:0.01/2:0.99,2,1,2,2,0:0.01/2:0.99,0,0,2,1,0,1,2,1,1,0,2,2,2,0,0:0.01/2:0.99,0,2,0,0,0,1,0:0.01/1:0.99,0:0.01/1:0.99,1,2,0,0:0.01/2:0.99,2,2,0,1,2,2,0,1,0:0.01/2:0.99,0,0:0.01/1:0.99,2,2,2,2,0,0,2,2,2,1,1,2,0,2,0:0.01/2:0.99,2,0:0.01/1:0.99,0,2,1,0,1,0:0.01/2:0.99,0,0:0.01/1:0.99,0,2,0:0.01/2:0.99,0,2,2,1,2,0,2,2,2,0:0.01/2:0.99,0:0.01/1:0.99,0,0,2,2,2,1,2,2,0,0,2,0,0,2,1,0,0,1,1,1,1,1,2,1,1,1,2,0,1,1,0:0.01/1:0.99,1,0,2,1,2,1,0,0,1,1,2,1,0,2,2,2,0,1,1,2,0:0.01/2:0.99,0,1,0,1,0,0,0:0.01/1:0.99,0,1,1,2,2,0,0,2,1,0,1,2,1,2,1,2,1,0,1,2,0,2,0,0:0.01/1:0.99,2,2,1,2,0,1,0,0:0.01/1:0.99,0,0,1,1,2,0,0,2,0
216_4,0,1,0,0,0,2,1,1,1,2,0,1,0,0,2,0,0,2,2,1,2,2,2,0,0,2,1,0,1,2,1,1,0,2,2,2,0,2,0,2,0,0,0,1,1,1,1,2,0,2,2,2,0,1,2,2,0,1,2,0,1,2,2,2,2,0,0,2,2,2,1,1,2,0,2,2,2,1,0,2,1,0,1,2,0,1,0,2,2,0,2,2,1,2,0,2,2,2,2,1,0,0,2,2,2,1,2,2,0,0,2,0,0,2,1,0,1,1,1,1,1,1,2,1,1,1,2,0,1,1,1,1,0,2,1,2,1,0,0,1,1,2,1,0,2,2,2,0,1,1,2,2,0,1,0,1,0,0,1,2,1,1,2,2,2,0,2,1,0,1,2,1,2,1,2,1,2,1,2,0,2,0,1,2,2,1,2,0,1,0,1,0,0,1,1,2,0,0,2,0
216_3,0,1,0,0,0,2,1,1,1,2,0,1,2,0,2,0,0,2,2,1,2,2,2,0,0,2,1,0,1,2,1,1,0,2,2,2,0,2,0,2,0,0,0,1,1,1,1,2,0,2,2,2,0,1,2,2,1,1,2,0,1,2,2,2,2,0,0,2,2,2,1,1,2,0,2,2,2,1,0,2,1,0,1,2,2,1,0,2,2,0,2,2,1,2,0,2,2,2,2,1,0,0,2,2,2,1,2,2,0,0,2,0,0,2,1,0,0,1,1,1,1,1,2,1,1,1,2,0,1,1,1,1,0,2,1,2,1,2,0,1,1,2,1,0,2,2,2,0,1,1,2,2,0,1,0,1,0,0,1,0,1,1,2,2,0,0,2,1,2,1,2,1,2,1,2,1,0,1,2,0,2,0,1,2,2,1,2,0,1,0,1,0,0,1,1,2,0,0,2,0
200_1,0,1,0,0,0,2,1,1,1,0,0,1,0,0,0,0,0,0,2,1,2,2,0,0,0,2,1,0,1,2,1,1,0,2,2,2,0,0,0,2,0,0,0,1,0,0:0.02/2:0.98,1,2,0,0,2,2,0,1,2,2,0,1,0:0.02/1:0.98,0:0.02/2:0.98,0,2,2,2,2,0,0,2,2,2,1,1,2,0,2,0,2,0,0:0.02/1:0.98,2,1,0,1,0,0,0,0:0.02/1:0.98,2,0:0.02/1:0.98,0:0.02/2:0.98,2,2,1,2,0:0.02/1:0.98,2,2,2,0,0,0,0,2,2,2,1,2,2,0,0,2,0:0.02/1:0.98,0:0.02/1:0.98,2,1,0,0:0.02/2:0.98,1,1,1,1,1,2,1,1,1,2,0,1,1,0,1,0,2,1,2,1,0,0,1,1,2,1,0,2,2,2,0,1,1,2,0,0,1,0:0.02/1:0.98,1,0,0,0,0,1,1,2,2,0,0,2,1,0,1,2,1,2,1,2,1,0,1,2,0,2,0,0:0.02/2:0.98,2,2,1,2,0,1,0,0,0,0,1,1,2,0,0,2,0
216_2,0,1,0,0,0,2,1,1,1,0,0,1,0,0,0,0,0,0,2,1,2,2,0,0,0,2,1,0,1,2,1,1,0,2,2,2,1,1,0,2,0,2,0,1,0,2,1,2,0,0,2,2,0,1,2,2,0,1,1,2,0,2,2,2,2,0,0,2,2,2,1,1,2,0,2,0,2,0,1,2,1,0,1,0,0,0,1,2,1,2,2,2,1,2,1,2,2,2,0,0,0,0,2,2,2,1,2,2,0,0,2,1,1,2,1,0,2,1,1,1,1,1,2,1,1,1,2,0,1,1,0,1,0,2,1,2,1,0,2,1,1,2,1,0,2,2,2,0,1,1,2,2,0,1,1,1,1,0,0,0,1,1,2,2,0,0,2,1,0,1,2,1,2,1,2,1,0,1,2,0,2,0,2,2,2,1,2,0,1,0,0,0,0,1,1,2,0,0,2,0
216_1,0,1,0,0,0,2,1,1,1,0,0,1,0,0,0,0,0,2,2,1,2,2,0,1,2,2,1,1,1,2,1,1,0,2,2,2,0,0,0,2,0,0,0,1,0,2,1,2,0,0,2,2,0,1,2,2,2,1,1,2,0,2,2,2,2,0,0,2,2,2,1,1,2,0,2,0,2,0,1,2,1,0,1,0,0,0,1,2,1,2,2,2,1,2,1,2,2,2,0,0,1,0,2,2,2,1,2,2,0,0,2,1,1,2,1,0,2,1,1,1,1,1,2,1,1,1,2,0,1,1,0,1,0,2,1,2,1,0,0,1,1,2,1,0,2,2,2,0,1,1,2,0,0,1,1,1,0,1,0,0,1,1,2,2,0,0,2,1,0,1,2,1,2,1,2,1,0,1,2,0,2,0,2,2,2,1,2,0,1,0,0,1,0,1,1,2,0,0,2,0
