[&R] (((((216_1:1.08,216_2:5.08)200_1:15.55,(216_3:1.055,216_4:4.055)205_3:15.575)151_1:22.385,((216_7:3.091,216_8:3.091)193_4:14.356,(216_5:4.162,216_6:4.162)199_3:13.286)152_3:30.568)107_1:39.374,(((216_10:3.183,216_11:6.183)206_10:12.793,216_9:9.976)162_5:20.099,((216_14:2.079,216_15:4.079)208_13:16.364,(216_12:2.021,216_13:1.021)213_12:22.421)162_6:15.633)112_3:44.314)62_1:63.61)I0;
I0,0,0,0,0,0,0,0,0,0,0,0,0,0,0,0,0,0,0,0,0,0,0,0,0,0,0,0,0,0,0,0,0,0,0,0,0,0,0,0,0,0,0,0,0,0,0,0,0,0,0,0,0,0,0,0,0,0,0,0,0,0,0,0,0,0,0,0,0,0,0,0,0,0,0,0,0,0,0,0,0,0,0,0,0,0,0,0,0,0,0,0,0,0,0,0,0,0,0,0,0,0,0,0,0,0,0,0,0,0,0,0,0,0,0,0,0,0,0,0,0,0,0,0,0,0,0,0,0,0,0,0,0,0,0,0,0,0,0,0,0,0,0,0,0,0,0,0,0,0,0,0,0,0,0,0,0,0,0,0,0,0,0,0,0,0,0,0,0,0,0,0,0,0,0,0,0,0,0,0,0,0,0,0,0,0,0,0,0,0,0,0,0,0,0,0,0,0,0,0,0
62_1,0,0,0,0,0,0,0,0,0:0.1/2:0.9,0,0,0,0,0,0:0.1/1:0.9,0:0.1/2:0.9,0:0.1/1:0.9,0:0.1/1:0.9,0,0:0.1/2:0.9,0,0:0.1/2:0.9,0,0:0.1/2:0.9,0,0,0,0:0.1/1:0.9,0:0.1/1:0.9,0,0,0,0,0,0,0,0:0.1/1:0.9,0,0:0.1/1:0.9,0,0,0:0.1/1:0.9,0:0.1/2:0.9,0:0.1/1:0.9,0,0,0,0,0,0:0.1/2:0.9,0,0,0,0,0:0.1/2:0.9,0:0.1/1:0.9,0:0.1/2:0.9,0,0,0,0,0:0.1/2:0.9,0:0.1/1:0.9,0,0:0.1/2:0.9,0,0:0.1/1:0.9,0:0.1/2:0.9,0:0.1/2:0.9,0:0.1/2:0.9,0,0,0,0,0,0:0.1/1:0.9,0:0.1/2:0.9,0,0:0.1/1:0.9,0,0:0.1/1:0.9,0,0:0.1/2:0.9,0,0:0.1/1:0.9,0,0:0.1/2:0.9,0,0,0,0,0,0:0.1/2:0.9,0:0.1/2:0.9,0,0,0:0.1/2:0.9,0,0:0.1/2:0.9,0,0,0,0,0,0,0,0,0,0:0.1/2:0.9,0:0.1/2:0.9,0,0,0:0.1/2:0.9,0:0.1/2:0.9,0,0,0,0:0.1/1:0.9,0,0,0,0:0.1/1:0.9,0:0.1/2:0.9,0,0:0.1/1:0.9,0:0.1/1:0.9,0:0.1/2:0.9,0:0.1/2:0.9,0:0.1/1:0.9,0,0,0,0:0.1/2:0.9,0:0.1/2:0.9,0,0,0,0:0.1/2:0.9,0,0,0:0.1/2:0.9,0:0.1/2:0.9,0:0.1/1:0.9,0:0.1/2:0.9,0,0:0.1/1:0.9,0,0:0.1/1:0.9,0,0,0,0,0:0.1/2:0.9,0:0.1/1:0.9,0,0,0,0,0,0,0,0,0,0:0.1/2:0.9,0,0:0.1/1:0.9,0,0,0,0,0,0,0,0,0:0.1/2:0.9,0,0,0,0,0,0,0:0.1/2:0.9,0,0,0,0:0.1/2:0.9,0,0,0,0,0:0.1/2:0.9,0,0:0.1/1:0.9,0:0.1/1:0.9,0,0,0:0.1/2:0.9,0:0.1/2:0.9,0:0.1/2:0.9,0
112_3,0,0:0.04/1:0.96,0:0.04/2:0.96,0:0.04/2:0.96,0:0.04/2:0.96,0,0:0.04/1:0.96,0,2,0,0:0.04/1:0.96,0:0.04/2:0.96,0,0,1,2,1,1,0,2,0,2,0,2,0,0:0.04/2:0.96,0:0.04/1:0.96,1,1,0:0.04/1:0.96,0,0,0:0.04/2:0.96,0,0,0,1,0,1,0,0:0.04/1:0.96,1,2,1,0,0:0.04/2:0.96,0:0.04/2:0.96,0,0,2,0,0,0,0:0.04/1:0.96,2,1,2,0,0,0:0.04/2:0.96,0,2,1,0,2,0,1,2,2,2,0,0:0.04/1:0.96,0:0.04/2:0.96,0,0,1,2,0,1,0:0.04/1:0.96,1,0:0.04/1:0.96,2,0:0.04/1:0.96,1,0,2,0,0,0:0.04/2:0.96,0,0,2,2,0,0:0.04/1:0.96,2,0,2,0,0,0,0:0.04/2:0.96,0,0,0,0:0.04/2:0.96,0,2,2,0,0,2,2,0,0,0:0.04/2:0.96,1,0,0,0,1,2,0:0.04/2:0.96,1,1,2,2,1,0,0,0,2,2,0,0,0,2,0,0,2,2,1,2,0,1,0,1,0:0.04/1:0.96,0,0,0:0.04/2:0.96,2,1,0:0.04/1:0.96,0,0:0.04/2:0.96,0,0,0,0,0:0.04/2:0.96,0,2,0:0.04/1:0.96,1,0,0,0,0,0,0,0:0.04/1:0.96,0,2,0,0:0.04/2:0.96,0,0,0:0.04/1:0.96,0,2,0,0:0.04/2:0.96,0,2,0:0.04/2:0.96,0,0,0,2,0,1,1,0,0:0.04/2:0.96,2,2,2,0
162_6,0:0.14/1:0.86,0:0.01/1:0.99,0:0.01/2:0.99,0:0.01/2:0.99,0:0.01/2:0.99,0,0:0.01/1:0.99,0,2,0:0.14/1:0.86,0:0.01/1:0.99,0:0.01/2:0.99,0:0.14/1:0.86,0:0.14/2:0.86,1,2,1,1,0,2,0,2,0:0.14/2:0.86,2,0,0:0.01/2:0.99,0:0.01/1:0.99,1,1,0:0.01/1:0.99,0,0:0.14/1:0.86,0:0.01/2:0.99,0,0,0,1,0,1,0:0.14/1:0.86,0:0.01/1:0.99,1,2,1,0,0:0.01/2:0.99,0:0.01/2:0.99,0,0:0.14/1:0.86,2,0,0,0,0:0.01/1:0.99,2,1,2,0,0,0:0.01/2:0.99,0:0.14/1:0.86,2,1,0,2,0,1,2,2,2,0,0:0.01/1:0.99,0:0.01/2:0.99,0,0:0.14/2:0.86,1,2,0,1,0:0.01/1:0.99,1,0:0.01/1:0.99,2,0:0.01/1:0.99,1,0,2,0,0:0.14/2:0.86,0:0.01/2:0.99,0,0,2,2,0,0:0.01/1:0.99,2,0,2,0,0,0,0:0.01/2:0.99,0:0.14/1:0.86,0,0:0.14/1:0.86,0:0.01/2:0.99,0:0.14/1:0.86,2,2,0,0,2,2,0:0.14/2:0.86,0,0:0.01/2:0.99,1,0,0,0,1,2,0:0.01/2:0.99,1,1,2,2,1,0,0,0,2,2,0,0,0,2,0,0,2,2,1,2,0,1,0,1,0:0.01/1:0.99,0,0,0:0.01/2:0.99,2,1,0:0.01/1:0.99,0,0:0.01/2:0.99,0,0,0,0,0:0.01/2:0.99,0,2,0:0.01/1:0.99,1,0,0,0,0,0,0,0:0.01/1:0.99,0:0.14/2:0.86,2,0,0:0.01/2:0.99,0,0,0:0.01/1:0.99,0,2,0,0:0.01/2:0.99,0,2,0:0.01/2:0.99,0,0,0,2,0,1,1,0,0:0.01/2:0.99,2,2,2,0
213_12,1,1,2,2,2,2,1,0,2,1,1,2,1,2,1,2,1,1,0,2,2,2,2,2,0,2,1,1,1,1,0,1,2,0,0,1,1,0,1,1,1,1,2,1,0,2,2,0,1,2,0,2,0,1,2,1,2,1,0,2,1,2,1,0,2,0,1,2,2,2,0,1,2,0,2,1,2,0,1,1,1,1,2,1,1,0,2,2,2,2,1,2,2,2,0,1,2,0,2,2,0,0,2,1,2,1,2,1,2,2,0,0,2,2,2,0,2,1,0,2,0,1,2,2,1,1,2,2,1,0,0,0,2,2,0,0,0,2,0,0,2,2,1,2,0,1,0,1,1,0,0,2,2,1,1,2,2,0,1,1,0,2,2,2,1,1,0,0,0,0,0,0,1,2,2,2,2,2,0,1,1,2,0,2,0,2,2,0,1,0,2,2,1,1,0,2,2,2,2,0
216_13,1,1,2,2,2,2,1,0,2,1,1,2,1,2,1,2,1,1,0,2,2,2,2,2,0,2,1,1,1,1,0,1,2,0,0,1,1,0,1,1,1,1,2,1,0,2,2,0,1,2,0,2,0,1,2,1,2,1,0,2,1,2,1,0,2,0,1,2,2,2,0,1,2,0,2,1,2,0,1,1,1,1,2,1,1,0,2,2,2,2,1,2,2,2,0,1,2,0,2,2,0,0,2,1,2,1,2,1,2,2,0,0,2,2,2,0,2,1,0,2,0,1,2,2,1,1,2,2,1,0,0,0,2,2,0,0,0,2,0,2,2,2,1,2,0,1,0,1,1,0,0,2,2,1,1,2,2,0,1,1,0,2,2,2,1,1,0,0,0,0,0,0,1,2,2,2,2,2,0,1,1,2,0,2,0,2,2,0,1,0,2,2,1,1,0,2,2,2,2,0
216_12,1,1,2,2,2,2,1,0,2,1,1,2,1,2,1,2,1,1,0,2,2,2,2,2,0,2,1,1,1,1,0,1,2,0,0,1,1,1,1,1,1,1,2,1,0,2,2,0,1,2,0,2,0,1,2,1,2,1,0,2,1,2,1,0,2,0,1,2,2,2,0,1,2,0,2,1,2,0,1,1,1,1,2,1,1,0,2,2,2,2,1,2,2,2,0,1,2,0,2,2,0,0,2,1,2,1,2,1,2,2,0,0,2,2,2,0,2,1,0,2,0,1,2,2,1,1,2,2,1,0,1,0,2,2,0,0,0,2,0,0,2,2,1,2,0,1,0,1,1,0,0,2,2,1,1,2,2,0,1,1,0,2,2,2,1,1,0,0,0,0,0,0,1,2,2,2,2,2,0,1,1,2,0,2,0,2,2,0,1,0,2,2,1,1,0,2,2,2,2,0
208_13,1,1,2,2,2,0,1,0,2,1,1,2,1,2,1,2,1,1,2,2,0,2,2,2,0,2,1,1,1,1,0,1,2,0,0,0,1,0,1,1,1,1,2,1,0,2,2,0,1,2,0,0,0,1,2,1,2,0,0,2,1,2,1,0,2,2,1,2,2,2,0,1,2,0,2,1,2,0,1,1,1,1,2,1,1,0,2,0,2,2,0,0,2,2,0,1,2,0,2,0,0,0,2,1,0,1,2,1,2,2,0,0,2,2,2,2,2,1,0,0,0,1,2,2,1,1,2,2,1,1,1,0,2,2,1,0,1,2,0,0,2,2,1,2,0,1,0,1,1,0,0,2,2,1,1,0,2,0,2,2,0,2,0,2,1,1,0,0,2,0,0,0,1,2,2,0,2,0,0,1,0,2,0,2,2,2,2,0,0,0,2,1,1,1,1,2,2,2,2,2
216_15,1,1,2,2,2,0,1,0,2,1,1,2,1,2,1,2,1,1,2,2,0,2,2,2,0,2,1,1,1,1,0,1,2,0,0,0,1,0,1,1,1,1,2,1,0,2,2,0,1,2,0,0,0,1,2,1,2,0,0,2,1,2,1,0,2,2,1,2,2,2,0,1,2,0,2,1,2,0,1,1,1,1,2,1,1,0,2,0,2,2,0,0,2,2,2,1,2,0,2,0,0,1,2,1,0,1,2,1,2,2,0,0,2,2,2,2,2,1,0,0,0,1,2,2,1,1,2,2,1,1,1,0,2,2,1,0,1,2,0,0,2,2,1,2,0,1,0,1,1,0,0,2,2,1,1,0,2,0,2,2,0,2,0,2,1,1,0,0,2,2,0,0,1,2,2,0,2,0,0,1,0,2,0,2,2,2,2,2,0,0,2,1,1,1,1,2,2,2,2,2
216_14,1,1,2,2,2,0,1,0,2,1,1,2,1,2,1,2,1,1,2,2,0,2,2,2,0,2,1,1,1,1,0,1,2,0,0,0,1,0,1,1,1,1,2,1,0,2,2,0,1,2,0,0,0,1,2,1,2,0,0,2,1,2,1,0,2,2,1,2,2,2,0,1,2,0,2,1,2,0,1,1,1,1,2,1,1,0,2,0,2,2,0,0,2,2,0,1,2,0,2,0,0,0,2,1,0,1,2,1,2,2,0,0,2,2,2,2,2,1,0,0,0,1,2,2,1,1,2,2,1,1,1,0,2,2,1,0,1,2,0,0,2,2,1,2,0,1,0,1,1,0,0,2,2,1,1,0,2,1,2,2,0,2,0,2,1,1,2,0,2,0,0,0,1,2,2,0,2,0,0,1,0,2,0,2,2,2,2,0,0,0,2,1,1,1,1,2,2,2,2,2
162_5,0,1,2,2,2,0,1,0,2,0,1,2,0,0,1,2,1,1,0:0.05/1:0.95,2,0,2,0,2,0,2,1,1,1,1,0,0,2,0,0,0,1,0,1,0,1,1,2,1,0:0.05/2:0.95,2,2,0,0,2,0,0,0:0.05/1:0.95,1,2,1,2,0:0.05/2:0.95,0,2,0,2,1,0,2,0,1,2,2,2,0,1,2,0,0:0.05/1:0.95,1,2,0,1,1,1,1,2,1,1,0,2,0,0,2,0:0.05/1:0.95,0,2,2,0:0.05/2:0.95,1,2,0,2,0:0.05/1:0.95,0,0,2,0,0,0,2,0,2,2,0,0,2,2,0,0:0.05/1:0.95,2,1,0:0.05/1:0.95,0,0:0.05/2:0.95,1,2,2,1,1,2,2,1,0,0,0,2,2,0,0,0,2,0,0:0.05/1:0.95,2,2,1,2,0,1,0:0.05/1:0.95,1,1,0,0,2,2,1,1,0:0.05/1:0.95,2,0,0,0,0,2,0,2,1,1,0:0.05/2:0.95,0,0,0:0.05/2:0.95,0,0,1,0,2,0,2,0,0,1,0:0.05/2:0.95,2,0,2,0,2,2,0,0:0.05/1:0.95,0,2,0,1,1,0,2,2,2,2,0:0.05/1:0.95
216_9,0,1,2,2,2,0,1,0,2,0,1,2,1,0,1,2,1,1,1,2,0,2,0,2,0,2,1,1,1,1,0,0,2,0,0,2,1,0,1,0,1,1,2,1,2,2,2,0,0,2,0,0,1,1,2,1,2,2,0,2,0,2,1,0,2,0,1,2,2,2,0,1,2,0,1,1,2,0,1,1,1,1,2,1,1,0,2,0,0,2,1,0,2,2,2,1,2,1,2,1,0,0,2,0,0,0,2,2,2,2,0,0,2,2,0,1,2,1,1,0,2,1,2,2,1,1,2,2,1,0,0,1,2,2,0,2,0,2,0,1,2,2,1,2,0,1,1,1,1,0,0,2,2,1,1,1,2,0,0,0,0,2,2,2,1,1,2,0,2,2,0,0,1,0,2,0,2,0,0,1,2,2,0,2,0,2,2,0,1,0,2,0,1,1,2,2,2,2,2,1
206_10,0,1,2,2,2,0,1,0,2,0,1,2,0,0,1,2,1,1,1,2,0,2,0,2,0,2,1,1,1,1,0,0,2,0:0.01/2:0.99,0,0,1,0,1,0:0.01/1:0.99,1,1,2,1,2,2,2,0,0,2,0:0.01/2:0.99,0,1,1,2,1,2,2,0,2,0:0.01/2:0.99,2,1,0,2,0:0.01/1:0.99,1,2,2,2,0,1,2,0,1,1,2,0,1,1,1,1,2,1,1,0,2,0,0,2,1,0:0.01/1:0.99,2,2,2,1,2,0,2,1,0,0,2,0,0,0,2,0,2,2,0,0,2,2,0,1,2,1,1,0:0.01/1:0.99,2,1,2,2,1,1,2,2,1,0,0,0,2,2,0,0,0,2,0,1,2,2,1,2,0,1,1,1,1,0,0:0.01/2:0.99,2,2,1,1,1,2,0,0,0:0.01/2:0.99,0:0.01/2:0.99,2,0,2,1,1,2,0,0,2,0:0.01/1:0.99,0,1,0,2,0:0.01/2:0.99,2,0,0,1,2,2,0,2,0,2,2,0,1,0,2,0,1,1,0,2,2,2,2,1
216_11,0,1,2,2,2,0,1,0,2,0,1,2,0,0,1,2,1,1,1,2,2,2,0,2,0,2,1,1,1,1,0,1,2,2,0,0,1,0,1,1,1,1,2,1,2,2,2,0,0,2,2,0,1,1,2,1,2,2,0,2,2,2,1,0,2,1,1,2,2,2,0,1,2,0,1,1,2,0,1,1,1,1,2,1,1,0,2,0,2,2,1,1,2,2,2,1,2,0,2,1,0,0,2,0,2,0,2,0,2,2,0,0,2,2,0,1,2,1,1,1,2,1,2,2,1,1,2,2,1,0,0,0,2,2,0,0,0,2,2,1,2,2,1,2,0,1,1,1,1,0,2,2,2,1,1,1,2,0,0,2,2,2,0,2,1,1,2,0,0,2,1,0,1,0,2,2,2,0,0,1,2,2,0,2,2,2,2,0,1,0,2,0,1,1,0,2,2,2,2,1
216_10,0,1,2,2,2,0,1,0,2,2,1,2,0,0,1,2,1,1,1,2,0,2,0,2,0,2,1,1,1,1,2,0,2,2,0,0,1,0,1,1,1,1,2,1,2,2,2,0,0,2,2,0,1,1,2,1,2,2,0,2,2,2,1,0,2,1,1,2,2,2,0,1,2,0,1,1,2,0,1,1,1,1,2,1,1,0,2,0,0,2,1,1,2,2,2,1,2,0,2,1,0,0,2,0,0,0,2,0,2,2,0,0,2,2,0,1,2,1,1,1,2,1,2,2,1,1,2,2,1,0,1,0,2,2,0,0,0,2,0,1,2,2,1,2,0,1,1,1,1,0,2,2,2,1,1,1,2,0,0,2,2,2,0,2,1,1,2,0,0,2,1,0,1,0,2,2,2,0,0,1,2,2,0,2,0,2,2,0,1,0,2,0,1,1,0,2,2,2,2,1
107_1,0:0.09/2:0.91,0,0,0,0,0,0,0:0.09/1:0.91,0:0.01/2:0.99,0:0.09/2:0.91,0:0.09/2:0.91,0,0,0,0:0.01/1:0.99,0:0.01/2:0.99,0:0.01/1:0.99,0:0.01/1:0.99,0,0:0.01/2:0.99,0,0:0.01/2:0.99,0,0:0.01/2:0.99,0,0,0,0:0.01/1:0.99,0:0.01/1:0.99,0,0,0:0.09/2:0.91,0,0:0.09/2:0.91,0:0.09/2:0.91,0,0:0.01/1:0.99,0:0.09/1:0.91,0:0.01/1:0.99,0:0.09/2:0.91,0,0:0.01/1:0.99,0:0.01/2:0.99,0:0.01/1:0.99,0,0,0,0:0.09/2:0.91,0,0:0.01/2:0.99,0,0:0.09/2:0.91,0,0,0:0.01/2:0.99,0:0.01/1:0.99,0:0.01/2:0.99,0,0,0,0:0.09/1:0.91,0:0.01/2:0.99,0:0.01/1:0.99,0:0.09/2:0.91,0:0.01/2:0.99,0,0:0.01/1:0.99,0:0.01/2:0.99,0:0.01/2:0.99,0:0.01/2:0.99,0:0.09/2:0.91,0,0,0,0,0:0.01/1:0.99,0:0.01/2:0.99,0,0:0.01/1:0.99,0,0:0.01/1:0.99,0,0:0.01/2:0.99,0,0:0.01/1:0.99,0,0:0.01/2:0.99,0,0:0.09/2:0.91,0:0.09/1:0.91,0,0,0:0.01/2:0.99,0:0.01/2:0.99,0:0.09/1:0.91,0,0:0.01/2:0.99,0,0:0.01/2:0.99,0,0,0,0,0,0,0:0.09/2:0.91,0,0,0:0.01/2:0.99,0:0.01/2:0.99,0:0.09/1:0.91,0,0:0.01/2:0.99,0:0.01/2:0.99,0,0,0,0:0.01/1:0.99,0,0,0:0.09/1:0.91,0:0.01/1:0.99,0:0.01/2:0.99,0,0:0.01/1:0.99,0:0.01/1:0.99,0:0.01/2:0.99,0:0.01/2:0.99,0:0.01/1:0.99,0,0,0:0.09/1:0.91,0:0.01/2:0.99,0:0.01/2:0.99,0:0.09/2:0.91,0:0.09/2:0.91,0,0:0.01/2:0.99,0:0.09/2:0.91,0,0:0.01/2:0.99,0:0.01/2:0.99,0:0.01/1:0.99,0:0.01/2:0.99,0:0.09/2:0.91,0:0.01/1:0.99,0,0:0.01/1:0.99,0,0:0.09/1:0.91,0:0.09/1:0.91,0,0:0.01/2:0.99,0:0.01/1:0.99,0,0,0,0:0.09/1:0.91,0:0.09/2:0.91,0:0.09/2:0.91,0,0,0,0:0.01/2:0.99,0:0.09/2:0.91,0:0.01/1:0.99,0:0.09/1:0.91,0,0:0.09/1:0.91,0,0,0,0,0,0:0.01/2:0.99,0,0,0,0:0.09/1:0.91,0,0,0:0.01/2:0.99,0,0,0,0:0.01/2:0.99,0,0,0:0.09/2:0.91,0,0:0.01/2:0.99,0:0.09/1:0.91,0:0.01/1:0.99,0:0.01/1:0.99,0,0,0:0.01/2:0.99,0:0.01/2:0.99,0:0.01/2:0.99,0
152_3,2,0,0,0,0,0,0:0.05/1:0.95,1,2,2,2,0:0.05/2:0.95,0,0,1,2,1,1,0,2,0:0.05/1:0.95,2,0,2,0,0,0:0.05/2:0.95,1,1,0,0,2,0,2,2,0:0.05/2:0.95,1,1,1,2,0,1,2,1,0:0.05/1:0.95,0,0,2,0,2,0:0.05/2:0.95,2,0:0.05/2:0.95,0,2,1,2,0:0.05/2:0.95,0:0.05/1:0.95,0,1,2,1,2,2,0,1,2,2,2,2,0,0,0,0,1,2,0:0.05/1:0.95,1,0,1,0,2,0:0.05/2:0.95,1,0:0.05/1:0.95,2,0:0.05/2:0.95,2,1,0,0,2,2,1,0:0.05/2:0.95,2,0:0.05/1:0.95,2,0,0,0,0,0,0,2,0:0.05/2:0.95,0,2,2,1,0:0.05/1:0.95,2,2,0,0:0.05/1:0.95,0,1,0:0.05/1:0.95,0,1,1,2,0,1,1,2,2,1,0,0,1,2,2,2,2,0,2,2,0:0.05/2:0.95,2,2,1,2,2,1,0:0.05/1:0.95,1,0,1,1,0,2,1,0,0:0.05/2:0.95,0,1,2,2,0,0,0,2,2,1,1,0,1,0,0,0,0,0,2,0:0.05/2:0.95,0,0,1,0:0.05/2:0.95,0:0.05/2:0.95,2,0,0:0.05/1:0.95,0,2,0,0,2,0,2,1,1,1,0,0,2,2,2,0:0.05/2:0.95
199_3,2,0,0:0.01/1:0.99,0,0,0,1,1,2,2,2,2,0,0,1,2,1,1,0,2,1,2,0,2,0,0,2,1,1,0,0,2,0,2,2,2,1,1,1,2,0,1,2,1,1,0,0:0.01/1:0.99,2,0,2,2,2,2,0:0.01/1:0.99,2,1,2,2,1,0,1,2,1,2,2,0,1,2,2,2,2,0,0,0,0,1,2,1,1,0,1,0,2,2,1,1,2,2,2,1,0:0.01/2:0.99,0,2,2,1,2,2,1,2,0,0,0:0.01/1:0.99,0:0.01/1:0.99,0,0,2,2,0,2,2,1,1,2,2,0,1,0,1,1,0,1,1,2,0,1,1,2,2,1,0,0,1,2,2,2,2,0,2,2,2,2,2,1,2,2,1,1,1,0,1,1,0,2,1,0,2,0:0.01/1:0.99,1,2,2,0,0,0,2,2,1,1,0:0.01/2:0.99,1,0,0,0,0:0.01/1:0.99,0,2,2,0,0:0.01/1:0.99,1,2,2,2,0,1,0,2,0,0:0.01/1:0.99,2,0:0.01/2:0.99,2,1,1,1,0,0,2,2,2,2
216_6,2,0,1,0,1,0,1,1,2,2,2,2,0,0,1,2,1,1,0,2,1,2,0,2,0,0,2,1,1,0,0,2,0,2,2,2,1,1,1,2,0,1,2,1,1,1,1,2,0,2,2,2,2,1,2,1,2,2,1,0,1,2,1,2,2,0,1,2,2,2,2,0,0,0,0,1,2,1,1,0,1,0,2,2,1,1,2,2,2,1,2,0,2,2,1,2,2,1,2,1,0,1,1,0,0,2,2,0,2,2,1,1,2,2,0,1,0,1,1,0,1,1,2,0,1,1,2,2,1,0,0,1,2,2,2,2,0,2,2,2,2,2,1,2,2,1,1,1,0,1,1,0,2,1,0,2,1,1,2,2,0,0,1,2,2,1,1,2,1,0,0,0,1,0,2,2,0,1,1,2,2,2,0,1,0,2,0,1,2,2,2,1,1,1,0,0,2,2,2,2
216_5,2,0,1,0,0,0,1,1,2,2,2,2,0,0,1,2,1,1,0,2,1,2,1,2,0,0,2,1,1,0,0,2,0,2,2,2,1,1,1,2,0,1,2,1,1,0,1,2,0,2,2,2,2,1,2,1,2,2,1,0,1,2,1,2,2,0,1,2,2,2,2,0,0,0,0,1,2,1,1,0,1,0,2,2,1,1,2,2,2,1,2,1,2,2,1,2,2,1,2,0,0,1,1,0,0,2,2,0,2,2,1,1,2,2,0,1,0,1,1,0,1,1,2,0,1,1,2,2,1,2,0,1,2,2,2,2,0,2,2,2,2,2,1,2,2,1,1,1,0,1,1,0,2,1,0,2,1,1,2,2,0,1,0,2,2,1,1,2,1,0,0,0,1,0,2,2,0,1,1,2,2,2,0,1,0,2,0,1,2,2,2,1,1,1,0,0,2,2,2,2
193_4,2,0,0,0:0.01/2:0.99,0,0,1,1,2,2,2,2,0,0,1,2,1,1,0:0.01/2:0.99,2,1,2,0,2,0,0:0.01/1:0.99,2,1,1,0,0,2,0,2,2,2,1,1,1,2,0,1,2,1,1,0,0,2,0,2,2,2,2,0,2,1,2,2,1,0,1,2,1,2,2,0,1,2,2,2,2,0:0.01/1:0.99,0,0,0,1,2,1,1,0:0.01/1:0.99,1,0:0.01/1:0.99,2,2,1,1,2,2,2,1,0,0,2,2,1,2,2,1,2,0,0,0,0,0,0,2,2,0:0.01/1:0.99,2,2,1,1,2,2,0,1,0,1,1,0:0.01/1:0.99,1,1,2,0,1,1,2,2,1,0:0.01/1:0.99,0,1,2,2,2,2,0,2,2,2,2,2,1,2,2,1,1,1,0,1,1,0,2,1,0,2,0,1,2,2,0,0,0,2,2,1,1,0,1,0:0.01/2:0.99,0,0,0,0,2,2,0,0,1,2,2,2,0:0.01/2:0.99,1,0,2,0,0,2,0,2,1,1,1,0:0.01/2:0.99,0:0.01/1:0.99,2,2,2,2
216_8,2,0,0,2,2,0,1,1,2,2,2,2,0,0,1,2,1,1,2,2,1,2,0,2,0,1,2,1,1,0,0,2,0,2,2,2,1,1,1,2,0,1,2,1,1,0,0,2,1,2,2,2,2,1,2,1,2,2,1,0,1,2,1,2,2,0,1,2,2,2,2,1,0,0,0,1,2,1,1,1,1,1,2,2,1,1,2,2,2,1,0,0,2,2,1,2,2,1,2,0,0,0,0,0,0,2,2,1,2,2,1,1,2,2,0,1,0,1,1,1,1,1,2,0,1,1,2,2,1,1,0,1,2,2,2,2,0,2,2,2,2,2,1,2,2,1,1,1,0,1,1,0,2,1,0,2,0,1,2,2,0,0,0,2,2,1,1,0,1,2,0,0,0,0,2,2,0,0,1,2,2,2,2,1,0,2,0,0,2,0,2,1,1,1,2,1,2,2,2,2
216_7,2,0,0,2,0,0,1,1,2,2,2,2,0,0,1,2,1,1,2,2,1,2,0,2,0,1,2,1,1,1,0,2,0,2,2,2,1,1,1,2,0,1,2,1,1,0,0,2,0,2,2,2,2,0,2,1,2,2,1,0,1,2,1,2,2,0,1,2,2,2,2,1,0,0,0,1,2,1,1,1,1,1,2,2,1,1,2,2,2,1,0,0,2,2,1,2,2,1,2,0,1,0,0,0,0,2,2,1,2,2,1,1,2,2,0,1,0,1,1,1,1,1,2,0,1,1,2,2,1,1,0,1,2,2,2,2,0,2,2,2,2,2,1,2,2,1,1,1,0,1,1,0,2,1,0,2,0,1,2,2,0,0,0,2,2,1,1,0,1,2,0,2,0,0,2,2,0,0,1,2,2,2,2,1,0,2,0,0,2,0,2,1,1,1,2,1,2,2,2,2
151_1,0:0.01/2:0.99,0,0,0,0,0,0,0:0.01/1:0.99,2,0:0.01/2:0.99,0:0.01/2:0.99,0,0,0,1,2,1,1,0:0.07/2:0.93,2,0,2,0,2,0,0,0,1,1,0:0.07/1:0.93,0,0:0.01/2:0.99,0:0.07/2:0.93,0:0.01/2:0.99,0:0.01/2:0.99,0,1,0:0.01/1:0.99,1,0:0.01/2:0.99,0,1,2,1,0:0.07/2:0.93,0,0,0:0.01/2:0.99,0,2,0:0.07/1:0.93,0:0.01/2:0.99,0,0:0.07/1:0.93,2,1,2,0,0,0,0:0.01/1:0.99,2,1,0:0.01/2:0.99,2,0:0.07/1:0.93,1,2,2,2,0:0.01/2:0.99,0,0:0.07/1:0.93,0:0.07/2:0.93,0,1,2,0,1,0,1,0,2,0,1,0,2,0,0:0.01/2:0.99,0:0.01/1:0.99,0:0.07/2:0.93,0,2,2,0:0.01/1:0.99,0,2,0,2,0,0:0.07/1:0.93,0,0,0,0:0.07/1:0.93,0:0.01/2:0.99,0:0.07/1:0.93,0,2,2,0:0.01/1:0.99,0,2,2,0,0,0,1,0,0,0:0.01/1:0.99,1,2,0,1,1,2,2,1,0,0,0:0.01/1:0.99,2,2,0:0.01/2:0.99,0:0.01/2:0.99,0,2,0:0.01/2:0.99,0,2,2,1,2,0:0.01/2:0.99,1,0,1,0,0:0.01/1:0.99,0:0.01/1:0.99,0:0.07/2:0.93,2,1,0:0.07/1:0.93,0:0.07/1:0.93,0,0:0.01/1:0.99,0:0.01/2:0.99,0:0.01/2:0.99,0,0:0.07/2:0.93,0,2,0:0.01/2:0.99,1,0:0.01/1:0.99,0:0.07/2:0.93,0:0.01/1:0.99,0,0,0,0,0:0.07/1:0.93,2,0,0,0,0:0.01/1:0.99,0,0,2,0,0,0,2,0,0,0:0.01/2:0.99,0:0.07/1:0.93,2,0:0.01/1:0.99,1,1,0,0,2,2,2,0
205_3,2,0,0,0,0,1,0,1,2,2,2,0,0,0,1,2,1,1,2,2,0,2,0,2,0,2,0,1,1,1,0,2,2,2,2,2,1,1,1,2,0,1,2,1,2,0,0,2,0,2,1,2,0,1,2,1,2,0,1,0,1,2,1,2,2,1,1,2,2,2,2,2,1,2,0,1,2,1,1,0,1,0,2,0,1,0,2,2,2,1,2,0,2,2,1,0,2,1,2,0,1,0,0,2,1,2,1,0,2,2,1,0,2,2,2,0,0,1,2,0,1,1,2,0,1,1,2,2,1,0,2,1,2,2,2,2,0,2,2,0,2,2,1,2,2,1,0,1,0,1,1,2,2,1,1,1,0,1,2,2,0,2,0,2,2,1,1,2,1,0,0,0,0,1,2,0,0,1,1,0,0,2,0,0,0,2,1,0,2,1,2,1,1,1,0,0,2,2,2,0
216_4,2,0,0,0,1,1,0,1,2,2,2,0,0,0,1,2,1,1,2,2,0,2,0,2,0,2,0,1,1,1,0,2,2,2,2,2,1,1,1,2,0,1,2,1,2,0,0,2,0,2,1,2,0,1,2,1,2,0,1,0,1,2,1,2,2,1,1,2,2,2,2,2,1,2,0,1,2,1,1,0,1,0,2,0,1,0,2,2,2,1,2,0,2,2,1,0,2,1,2,0,1,0,0,2,1,2,1,0,2,2,1,0,2,2,2,0,0,1,2,0,1,1,2,0,1,1,2,2,1,0,2,1,2,2,2,2,0,2,2,0,2,2,1,2,2,1,0,1,0,1,1,2,2,1,1,1,0,1,2,2,0,2,0,2,2,1,1,2,1,0,0,0,0,1,2,1,0,1,1,0,2,2,0,0,0,2,1,0,2,1,2,1,1,1,0,0,2,2,2,2
216_3,2,0,0,0,0,1,0,1,2,2,2,0,0,0,1,2,1,1,2,2,0,2,0,2,0,2,0,1,1,1,0,2,2,2,2,2,1,1,1,2,0,1,2,1,2,0,0,2,0,2,1,2,0,1,2,1,2,0,1,0,1,2,1,2,2,1,1,2,2,2,2,2,1,2,0,1,2,1,1,0,1,0,2,0,1,0,2,2,2,1,2,0,2,2,1,0,2,1,2,0,1,2,0,2,1,2,1,0,2,2,1,0,2,2,2,0,0,1,2,0,1,1,2,0,1,1,2,2,1,0,2,1,2,2,2,2,0,2,2,0,2,2,1,2,2,1,0,1,0,1,1,2,2,1,1,1,0,1,2,2,0,2,0,2,2,1,1,2,1,0,0,0,0,1,2,0,0,1,1,0,0,2,0,0,0,2,1,0,2,1,2,1,1,1,0,0,2,2,2,0
200_1,2,0,0:0.01/2:0.99,0,0,0,0,1,2,2,2,0,0,0,1,2,1,1,2,2,0:0.01/2:0.99,2,0,2,0:0.01/1:0.99,0,0,1,1,1,0,2,2,2,2,0,1,1,1,2,0,1,2,1,2,0,0,2,0,2,1,2,0,1,2,1,2,0:0.01/1:0.99,0,0,1,2,1,2,2,1,1,2,2,2,2,0,1,2,0,1,2,0,1,0,1,0:0.01/1:0.99,2,0,1,0,2,0,2,1,2,0,2,2,1,0,2,0,2,0,1,0,0,0,1,2,1,0:0.01/1:0.99,2,2,1,0,2,2,0,0,0,1,0:0.01/1:0.99,0,1,1,2,0,1,1,2,2,1,0,0,1,2,2,2,2,0,2,2,0,2,2,1,2,2,1,0,1,0:0.01/2:0.99,1,1,2,2,1,1,1,0,1,2,2,0:0.01/1:0.99,2,0,2,2,1,1,2,1,0,0,0:0.01/2:0.99,0,1,2,0:0.01/1:0.99,0,0:0.01/2:0.99,1,0,0,2,0,0,0,2,0,0:0.01/1:0.99,2,1,2,1,1,1,0,0,2,2,2,0:0.01/2:0.99
216_2,2,0,2,2,0,0,0,1,2,2,2,0,0,0,1,2,1,1,2,2,2,2,2,2,1,0,0,1,1,1,2,2,2,2,2,0,1,1,1,2,0,1,2,1,2,0,0,2,0,2,1,2,0,1,2,1,2,1,0,0,1,2,1,2,2,1,1,2,2,2,2,0,1,2,0,1,2,0,1,0,1,1,2,0,1,0,2,0,2,1,2,0,2,2,1,0,2,0,2,0,1,0,0,0,1,2,1,1,2,2,1,0,2,2,0,0,0,1,1,2,1,1,2,0,1,1,2,2,1,0,0,1,2,2,2,2,0,2,2,0,2,2,1,2,2,1,0,1,2,1,1,2,2,1,1,1,0,1,2,2,1,2,0,2,2,1,1,2,1,0,0,2,0,1,2,1,0,2,1,0,0,2,1,0,0,2,0,1,2,1,2,1,1,1,0,0,2,2,2,2
216_1,2,0,2,0,0,0,0,1,2,2,2,0,0,0,1,2,1,1,2,2,2,2,0,2,1,0,0,1,1,1,0,2,2,2,2,0,1,1,1,2,0,1,2,1,2,0,0,2,0,2,1,2,0,1,2,1,2,1,0,0,1,2,1,2,2,1,1,2,2,2,2,0,1,2,0,1,2,0,1,0,1,1,2,0,1,0,2,0,2,1,2,0,2,2,1,0,2,0,2,0,1,0,0,0,1,2,1,1,2,2,1,0,2,2,0,0,0,1,1,0,1,1,2,0,1,1,2,2,1,0,0,1,2,2,2,2,0,2,2,0,2,2,1,2,2,1,0,1,2,1,1,2,2,1,1,1,0,1,2,2,1,2,0,2,2,1,1,2,1,0,0,2,0,1,2,1,0,2,1,0,0,2,0,1,0,2,0,1,2,1,2,1,1,1,0,0,2,2,2,2
