[&R] (((((216_1:1.089,216_2:5.089)200_1:18.415,(216_3:2.046,216_4:2.046)205_3:26.458)151_1:22.923,((216_7:9.683,216_8:7.683)193_4:17.086,(216_5:5.229,216_6:5.229)199_3:13.54)152_3:22.657)107_1:28.199,(((216_10:1.009,216_11:1.009)206_10:10.142,216_9:14.152)162_5:18.457,((216_14:2.06,216_15:3.06)208_13:8.187,(216_12:1.003,216_13:0.003)213_12:17.245)162_6:20.361)112_3:41.017)62_1:77.374)I0;
I0,0,0,0,0,0,0,0,0,0,0,0,0,0,0,0,0,0,0,0,0,0,0,0,0,0,0,0,0,0,0,0,0,0,0,0,0,0,0,0,0,0,0,0,0,0,0,0,0,0,0,0,0,0,0,0,0,0,0,0,0,0,0,0,0,0,0,0,0,0,0,0,0,0,0,0,0,0,0,0,0,0,0,0,0,0,0,0,0,0,0,0,0,0,0,0,0,0,0,0,0,0,0,0,0,0,0,0,0,0,0,0,0,0,0,0,0,0,0,0,0,0,0,0,0,0,0,0,0,0,0,0,0,0,0,0,0,0,0,0,0,0,0,0,0,0,0,0,0,0,0,0,0,0,0,0,0,0,0,0,0,0,0,0,0,0,0,0,0,0,0,0,0,0,0,0,0,0,0,0,0,0,0,0,0,0,0,0,0,0,0,0,0,0,0,0,0,0,0,0,0
62_1,0,0,0,0,0:0.07/1:0.93,0,0:0.07/1:0.93,0,0,0,0,0,0:0.07/2:0.93,0,0,0:0.07/1:0.93,0:0.07/1:0.93,0:0.07/1:0.93,0,0,0,0,0,0:0.07/1:0.93,0:0.07/1:0.93,0:0.07/1:0.93,0,0:0.07/2:0.93,0,0:0.07/2:0.93,0,0:0.07/2:0.93,0:0.07/1:0.93,0,0,0:0.07/1:0.93,0:0.07/2:0.93,0,0,0:0.07/1:0.93,0,0,0:0.07/1:0.93,0,0,0:0.07/1:0.93,0,0,0,0,0,0:0.07/2:0.93,0,0:0.07/2:0.93,0,0:0.07/2:0.93,0,0:0.07/1:0.93,0,0:0.07/2:0.93,0:0.07/2:0.93,0,0:0.07/1:0.93,0,0:0.07/1:0.93,0,0:0.07/2:0.93,0,0,0:0.07/2:0.93,0,0,0,0:0.07/2:0.93,0:0.07/1:0.93,0,0,0,0,0,0:0.07/1:0.93,0,0:0.07/2:0.93,0,0:0.07/2:0.93,0,0,0,0,0:0.07/2:0.93,0:0.07/1:0.93,0,0:0.07/2:0.93,0,0,0,0,0:0.07/1:0.93,0:0.07/1:0.93,0,0,0:0.07/1:0.93,0:0.07/1:0.93,0:0.07/1:0.93,0:0.07/2:0.93,0:0.07/2:0.93,0:0.07/2:0.93,0,0,0:0.07/2:0.93,0,0:0.07/2:0.93,0,0,0:0.07/1:0.93,0:0.07/2:0.93,0:0.07/1:0.93,0,0:0.07/1:0.93,0,0,0:0.07/1:0.93,0,0:0.07/1:0.93,0:0.07/1:0.93,0:0.07/1:0.93,0,0,0,0:0.07/2:0.93,0,0:0.07/1:0.93,0,0,0:0.07/2:0.93,0:0.07/1:0.93,0:0.07/2:0.93,0,0:0.07/2:0.93,0,0,0:0.07/2:0.93,0:0.07/1:0.93,0:0.07/1:0.93,0,0,0,0,0,0:0.07/1:0.93,0,0,0,0:0.07/2:0.93,0:0.07/1:0.93,0,0:0.07/2:0.93,0,0:0.07/2:0.93,0:0.07/1:0.93,0,0:0.07/2:0.93,0,0:0.07/2:0.93,0:0.07/1:0.93,0,0,0,0:0.07/1:0.93,0,0,0,0:0.07/1:0.93,0:0.07/1:0.93,0,0,0,0,0,0:0.07/2:0.93,0,0,0,0,0:0.07/1:0.93,0:0.07/1:0.93,0:0.07/1:0.93,0,0:0.07/1:0.93,0,0,0,0,0:0.07/1:0.93,0,0:0.07/1:0.93,0:0.07/1:0.93,0,0,0
112_3,0,0,0,0,1,0,1,0,0:0.06/1:0.94,0,0,0:0.06/2:0.94,2,0,0,1,1,1,0,0,0:0.06/1:0.94,0:0.06/2:0.94,0:0.06/1:0.94,1,1,1,0,2,0,2,0,2,1,0:0.06/1:0.94,0,1,2,0:0.06/2:0.94,0,1,0:0.06/2:0.94,0,1,0,0:0.06/2:0.94,1,0,0,0,0:0.06/1:0.94,0,2,0,2,0,2,0:0.06/1:0.94,1,0,2,2,0:0.06/1:0.94,1,0,1,0,2,0,0,2,0,0,0,2,1,0,0,0:0.06/1:0.94,0,0,1,0:0.06/1:0.94,2,0,2,0,0:0.06/2:0.94,0,0:0.06/2:0.94,2,1,0,2,0,0,0,0:0.06/1:0.94,1,1,0,0,1,1,1,2,2,2,0,0,2,0,2,0:0.06/2:0.94,0:0.06/1:0.94,1,2,1,0:0.06/2:0.94,1,0:0.06/1:0.94,0,1,0,1,1,1,0,0:0.06/2:0.94,0:0.06/1:0.94,2,0,1,0,0,2,1,2,0:0.06/2:0.94,2,0:0.06/1:0.94,0,2,1,1,0,0,0,0,0,1,0,0,0,2,1,0,2,0,2,1,0,2,0:0.06/2:0.94,2,1,0:0.06/1:0.94,0,0:0.06/1:0.94,1,0,0:0.06/1:0.94,0,1,1,0,0:0.06/1:0.94,0,0:0.06/2:0.94,0,2,0,0:0.06/1:0.94,0,0,1,1,1,0:0.06/1:0.94,1,0,0,0:0.06/2:0.94,0:0.06/2:0.94,1,0:0.06/2:0.94,1,1,0,0:0.06/2:0.94,0:0.06/2:0.94
162_6,0:0.06/1:0.94,0,0,0,1,0:0.06/1:0.94,1,0,1,0:0.06/1:0.94,0,2,2,0,0,1,1,1,0,0,1,2,1,1,1,1,0:0.06/2:0.94,2,0,2,0,2,1,1,0:0.06/1:0.94,1,2,2,0,1,2,0,1,0,2,1,0:0.06/1:0.94,0,0,1,0,2,0:0.06/2:0.94,2,0,2,1,1,0,2,2,1,1,0,1,0,2,0,0,2,0,0,0,2,1,0,0,1,0,0:0.06/1:0.94,1,1,2,0,2,0,2,0,2,2,1,0,2,0,0,0,1,1,1,0:0.06/1:0.94,0:0.06/2:0.94,1,1,1,2,2,2,0,0,2,0,2,2,1,1,2,1,2,1,1,0:0.06/2:0.94,1,0:0.06/1:0.94,1,1,1,0,2,1,2,0,1,0:0.06/2:0.94,0,2,1,2,2,2,1,0,2,1,1,0,0,0,0:0.06/2:0.94,0,1,0,0:0.06/1:0.94,0:0.06/1:0.94,2,1,0,2,0:0.06/1:0.94,2,1,0,2,2,2,1,1,0,1,1,0,1,0,1,1,0:0.06/1:0.94,1,0,2,0,2,0,1,0,0,1,1,1,1,1,0,0:0.06/1:0.94,2,2,1,2,1,1,0,2,2
213_12,1,1,0,0,1,1,1,0,1,1,2,2,2,0,0,1,1,1,0,0,1,2,1,1,1,1,2,2,1,2,0,2,1,1,1,1,2,2,0,1,2,0,1,0,2,1,1,0,0,1,1,2,2,2,2,2,1,1,0,2,2,1,1,0,1,0,2,0,2,2,0,0,0,2,1,0,0,1,0,1,1,1,2,0,2,0,2,0,2,2,1,2,2,0,0,2,1,1,1,1,2,1,1,1,2,2,2,1,0,2,1,2,2,1,1,2,1,2,1,1,2,1,1,1,1,1,1,2,1,2,0,1,2,1,2,1,2,2,2,1,2,2,1,1,2,0,0,2,0,1,0,1,1,2,1,1,2,1,2,1,0,2,2,2,1,1,0,1,1,0,1,0,1,1,1,1,2,2,0,2,0,1,0,0,1,1,1,1,1,0,1,2,2,1,2,1,1,0,2,2
216_13,1,1,0,0,1,1,1,0,1,1,2,2,2,0,0,1,1,1,0,0,1,2,1,1,1,1,2,2,1,2,0,2,1,1,1,1,2,2,0,1,2,0,1,0,2,1,1,0,0,1,1,2,2,2,2,2,1,1,0,2,2,1,1,0,1,0,2,0,2,2,0,0,0,2,1,0,0,1,0,1,1,1,2,0,2,0,2,0,2,2,1,2,2,0,0,2,1,1,1,1,2,1,1,1,2,2,2,1,0,2,1,2,2,1,1,2,1,2,1,1,2,1,1,1,1,1,1,2,1,2,0,1,2,1,2,1,2,2,2,1,2,2,1,1,2,0,0,2,0,1,0,1,1,2,1,1,2,1,2,1,0,2,2,2,1,1,0,1,1,0,1,0,1,1,1,1,2,2,0,2,0,1,0,0,1,1,1,1,1,0,1,2,2,1,2,1,1,0,2,2
216_12,1,1,0,0,1,1,1,0,1,1,2,2,2,0,0,1,1,1,0,2,1,2,1,1,1,1,2,2,1,2,0,2,1,1,1,1,2,2,0,1,2,0,1,0,2,1,1,0,0,1,1,2,2,2,2,2,1,1,0,2,2,1,1,0,1,0,2,0,2,2,0,0,0,2,1,0,0,1,0,1,1,1,2,0,2,0,2,0,2,2,1,2,2,0,0,2,1,1,1,1,2,1,1,1,2,2,2,1,0,2,1,2,2,1,1,2,1,2,1,1,2,1,1,1,1,1,1,2,1,2,0,1,2,1,2,1,2,2,2,1,2,2,1,1,2,0,0,2,0,1,0,1,1,2,1,1,2,1,2,1,0,2,2,2,1,1,0,1,1,0,1,0,1,1,1,1,2,2,0,2,0,1,0,0,1,1,1,1,1,0,1,2,2,1,2,1,1,0,2,2
208_13,1,0,0,0,1,1,1,0,1,1,0,2,2,0,0:0.01/1:0.99,1,1,1,0,0,1,2,1,1,1,1,2,2,0,2,0,2,1,1,1,1,2,2,0,1,2,0,1,0,2,1,1,0,0,1,0,2,2,2,0,2,1,1,0,2,2,1,1,0,1,0,2,0,0,2,0,0:0.01/2:0.99,0:0.01/2:0.99,2,1,0:0.01/1:0.99,0,1,0,1,1,1,2,0,2,0:0.01/1:0.99,2,0,2,2,1,0,2,0,0,0,1,1,1,1,2,1,1,1,2,2,2,0,0,2,0:0.01/2:0.99,2,2,1,1,2,1,2,1,1,2,1,1,1,1,1,0,2,1,2,0,1,2,0,2,1,2,2,2,1,0,2,1,1,0,0,0,2,0,1,0,1,1,2,1,0,2,1,2,1,0,2,2,2,1,1,0,1,1,0,1,0,1,1,1,1,0,2,0:0.01/2:0.99,2,0,1,0,0,1,1,1,1,1,0,1,2,2,1,2,1,1,0,2,2
216_15,1,0,0,0,1,1,1,0,1,1,0,2,2,0,1,1,1,1,2,0,1,2,1,1,1,1,2,2,0,2,0,2,1,1,1,1,2,2,2,1,2,0,1,0,2,1,1,0,0,1,0,2,2,2,0,2,1,1,0,2,2,1,1,0,1,0,2,0,0,2,0,2,2,2,1,1,0,1,0,1,1,1,2,0,2,1,2,0,2,2,1,0,2,0,0,0,1,1,1,1,2,1,1,1,2,2,2,0,0,2,2,2,2,1,1,2,1,2,1,1,2,1,1,1,1,1,0,2,1,2,0,1,2,0,2,1,2,2,2,1,0,2,1,1,2,0,0,2,0,1,0,1,1,2,1,0,2,1,2,1,0,2,2,2,1,1,0,1,1,0,1,0,1,1,1,1,0,2,2,2,0,1,0,0,1,1,1,1,1,0,1,2,2,1,2,1,1,0,2,2
216_14,1,0,0,0,1,1,1,0,1,1,0,2,2,0,1,1,1,1,0,0,1,2,1,1,1,1,2,2,0,2,0,2,1,1,1,1,2,2,0,1,2,0,1,0,2,1,1,0,0,1,0,2,2,2,0,2,1,1,0,2,2,1,1,0,1,0,2,1,0,2,0,2,2,2,1,1,0,1,0,1,1,1,2,0,2,1,2,0,2,2,1,0,2,0,0,0,1,1,1,1,2,1,1,1,2,2,2,0,0,2,2,2,2,1,1,2,1,2,1,1,2,1,1,1,1,1,0,2,1,2,0,1,2,0,2,1,2,2,2,1,0,2,1,1,0,0,0,2,0,1,2,1,1,2,1,0,2,1,2,1,0,2,2,2,1,1,0,1,1,0,1,0,1,1,1,1,0,2,2,2,0,1,0,0,1,1,1,1,1,0,1,2,2,1,2,1,1,0,2,2
162_5,0,0,0,0:0.06/1:0.94,1,0,1,0:0.06/2:0.94,1,0,0,2,2,0,0,1,1,1,0,0,1,2,1,1,1,1,0,2,0,2,0:0.06/2:0.94,2,1,1,0,1,2,2,0,1,2,0,1,0,2,1,0,0,0:0.06/1:0.94,1,0,2,0,2,0:0.06/2:0.94,2,1,1,0,2,2,1,1,0,1,0:0.06/2:0.94,2,0,0,2,0,0,0:0.06/2:0.94,2,1,0,0:0.06/1:0.94,1,0,0,1,1,2,0,2,0:0.06/1:0.94,2,0,2,2,1,0,2,0,0:0.06/2:0.94,0,1,1,1,0,0,1,1,1,2,2,2,0,0,2,0:0.06/1:0.94,2,2,1,1,2,1,2,1,1,0,1,0,1,1,1,0,2,1,2,0,1,0,0,2,1,2,2,2,1,0:0.06/2:0.94,2,1,1,0,0,0,0,0,1,0:0.06/2:0.94,0,0,2,1,0:0.06/2:0.94,2,0,2,1,0,2,2,2,1,1,0,1,1,0,1,0:0.06/2:0.94,1,1,0:0.06/2:0.94,1,0,2,0,2,0,1,0:0.06/1:0.94,0,1,1,1,1,1,0,0,2,2,1,2,1,1,0,2,2
216_9,2,1,0,1,1,0,1,2,1,0,0,2,2,2,0,1,1,1,1,0,1,2,1,1,1,1,0,2,0,2,2,2,1,1,2,1,2,2,0,1,2,0,1,1,2,1,0,0,1,1,0,2,0,2,2,2,1,1,2,2,2,1,1,0,1,2,2,0,2,2,0,0,2,2,1,0,1,1,0,0,1,1,2,0,2,1,2,0,2,2,1,0,2,0,2,0,1,1,1,1,0,1,1,1,2,2,2,0,0,2,1,2,2,1,1,2,1,2,1,1,0,1,0,1,1,1,0,2,1,2,0,1,0,0,2,1,2,2,2,1,2,2,1,1,0,0,0,0,0,1,2,0,0,2,1,2,2,0,2,1,0,2,2,2,1,1,0,1,1,1,1,2,1,1,2,1,0,2,0,2,2,1,1,2,1,1,1,1,1,0,2,2,2,1,2,1,1,0,2,2
206_10,0,2,0,1,1,0,1,2,1,0,0,2,2,0,2,1,1,1,0,0,1,2,1,1,1,1,0,2,0,2,2,2,1,1,0,1,2,2,0,1,2,0,1,0,2,1,0,0,1,1,0,2,0,2,2,2,1,1,0,2,2,1,1,1,1,2,2,0,0,2,0,0,2,2,1,0,1,1,0,0,1,1,2,1,2,1,2,0,2,2,1,0,2,1,2,0,1,1,1,0,0,1,1,1,2,2,2,0,0,2,1,2,2,1,1,2,1,2,1,1,0,1,0,1,1,1,0,2,1,2,0,1,0,0,2,1,2,2,2,1,2,2,1,1,0,0,0,0,0,1,2,2,1,2,1,2,2,0,2,1,2,2,2,2,1,1,0,1,1,0,1,2,1,1,2,1,0,2,0,2,0,1,1,0,1,1,1,1,1,0,0,2,2,1,2,1,1,1,2,2
216_11,0,2,0,1,1,0,1,2,1,0,0,2,2,0,2,1,1,1,0,0,1,2,1,1,1,1,0,2,0,2,2,2,1,1,0,1,2,2,1,1,2,0,1,0,2,1,0,0,1,1,0,2,0,2,2,2,1,1,0,2,2,1,1,1,1,2,2,0,0,2,0,0,2,2,1,0,1,1,0,0,1,1,2,1,2,1,2,0,2,2,1,0,2,1,2,0,1,1,1,0,0,1,1,1,2,2,2,0,0,2,1,2,2,1,1,2,1,2,1,1,0,1,0,1,1,1,0,2,1,2,0,1,0,0,2,1,2,2,2,1,2,2,1,1,0,0,0,0,0,1,2,2,1,2,1,2,2,0,2,1,2,2,2,2,1,1,0,1,1,0,1,2,1,1,2,1,0,2,0,2,0,1,1,0,1,1,1,1,1,0,0,2,2,1,2,1,1,1,2,2
216_10,0,2,0,1,1,0,1,2,1,0,0,2,2,0,2,1,1,1,0,0,1,2,1,1,1,1,0,2,0,2,2,2,1,1,0,1,2,2,0,1,2,0,1,0,2,1,0,0,1,1,0,2,0,2,2,2,1,1,0,2,2,1,1,1,1,2,2,0,0,2,0,0,2,2,1,0,1,1,0,0,1,1,2,1,2,1,2,0,2,2,1,0,2,1,2,0,1,1,1,0,0,1,1,1,2,2,2,0,0,2,1,2,2,1,1,2,1,2,1,1,0,1,0,1,1,1,0,2,1,2,0,1,0,2,2,1,2,2,2,1,2,2,1,1,0,0,0,0,0,1,2,2,1,2,1,2,2,0,2,1,2,2,2,2,1,1,0,1,1,0,1,2,1,1,2,1,0,2,0,2,0,1,1,0,1,1,1,1,1,0,0,2,2,1,2,1,1,1,2,2
107_1,0,0,0,0,0:0.01/1:0.99,0:0.11/2:0.89,0:0.01/1:0.99,0,0,0,0,0,0:0.01/2:0.99,0:0.11/1:0.89,0:0.11/1:0.89,0:0.01/1:0.99,0:0.01/1:0.99,0:0.01/1:0.99,0,0,0,0:0.11/1:0.89,0:0.11/2:0.89,0:0.01/1:0.99,0:0.01/1:0.99,0:0.01/1:0.99,0,0:0.01/2:0.99,0,0:0.01/2:0.99,0,0:0.01/2:0.99,0:0.01/1:0.99,0,0:0.11/2:0.89,0:0.01/1:0.99,0:0.01/2:0.99,0,0,0:0.01/1:0.99,0,0,0:0.01/1:0.99,0,0,0:0.01/1:0.99,0,0,0,0,0:0.11/1:0.89,0:0.01/2:0.99,0,0:0.01/2:0.99,0:0.11/1:0.89,0:0.01/2:0.99,0,0:0.01/1:0.99,0,0:0.01/2:0.99,0:0.01/2:0.99,0,0:0.01/1:0.99,0,0:0.01/1:0.99,0,0:0.01/2:0.99,0:0.11/1:0.89,0:0.11/2:0.89,0:0.01/2:0.99,0,0:0.11/1:0.89,0,0:0.01/2:0.99,0:0.01/1:0.99,0,0,0,0,0,0:0.01/1:0.99,0,0:0.01/2:0.99,0:0.11/1:0.89,0:0.01/2:0.99,0,0,0:0.11/2:0.89,0,0:0.01/2:0.99,0:0.01/1:0.99,0:0.11/2:0.89,0:0.01/2:0.99,0,0,0:0.11/2:0.89,0,0:0.01/1:0.99,0:0.01/1:0.99,0,0,0:0.01/1:0.99,0:0.01/1:0.99,0:0.01/1:0.99,0:0.01/2:0.99,0:0.01/2:0.99,0:0.01/2:0.99,0:0.11/1:0.89,0,0:0.01/2:0.99,0,0:0.01/2:0.99,0,0,0:0.01/1:0.99,0:0.01/2:0.99,0:0.01/1:0.99,0,0:0.01/1:0.99,0,0,0:0.01/1:0.99,0:0.11/1:0.89,0:0.01/1:0.99,0:0.01/1:0.99,0:0.01/1:0.99,0,0:0.11/1:0.89,0,0:0.01/2:0.99,0:0.11/1:0.89,0:0.01/1:0.99,0,0:0.11/1:0.89,0:0.01/2:0.99,0:0.01/1:0.99,0:0.01/2:0.99,0:0.11/1:0.89,0:0.01/2:0.99,0,0,0:0.01/2:0.99,0:0.01/1:0.99,0:0.01/1:0.99,0,0,0,0,0:0.11/1:0.89,0:0.01/1:0.99,0,0,0,0:0.01/2:0.99,0:0.01/1:0.99,0:0.11/1:0.89,0:0.01/2:0.99,0,0:0.01/2:0.99,0:0.01/1:0.99,0,0:0.01/2:0.99,0,0:0.01/2:0.99,0:0.01/1:0.99,0,0,0,0:0.01/1:0.99,0,0,0,0:0.01/1:0.99,0:0.01/1:0.99,0,0,0,0,0:0.11/2:0.89,0:0.01/2:0.99,0,0,0,0,0:0.01/1:0.99,0:0.01/1:0.99,0:0.01/1:0.99,0,0:0.01/1:0.99,0,0,0,0,0:0.01/1:0.99,0,0:0.01/1:0.99,0:0.01/1:0.99,0:0.11/1:0.89,0:0.11/1:0.89,0
152_3,0,0:0.07/2:0.93,0,0,1,0:0.01/2:0.99,1,0:0.07/1:0.93,0:0.07/1:0.93,0,0,0,2,0:0.01/1:0.99,0:0.01/1:0.99,1,1,1,0,0,0,0:0.01/1:0.99,0:0.01/2:0.99,1,1,1,0,2,0,2,0,2,1,0,0:0.01/2:0.99,1,2,0,0:0.07/1:0.93,1,0,0,1,0,0:0.07/1:0.93,1,0,0,0:0.07/2:0.93,0:0.07/1:0.93,0:0.01/1:0.99,2,0,2,0:0.01/1:0.99,2,0:0.07/2:0.93,1,0,2,2,0,1,0,1,0,2,0:0.01/1:0.99,0:0.01/2:0.99,2,0,0:0.01/1:0.99,0,2,1,0,0:0.07/2:0.93,0:0.07/2:0.93,0,0,1,0:0.07/2:0.93,2,0:0.01/1:0.99,2,0:0.07/1:0.93,0:0.07/1:0.93,0:0.01/2:0.99,0,2,1,0:0.01/2:0.99,2,0,0,0:0.01/2:0.99,0,1,1,0,0,1,1,1,2,2,2,0:0.01/1:0.99,0,2,0,2,0,0,1,2,1,0,1,0:0.07/1:0.93,0,1,0:0.01/1:0.99,1,1,1,0,0:0.01/1:0.99,0,2,0:0.01/1:0.99,1,0,0:0.01/1:0.99,2,1,2,0:0.01/1:0.99,2,0,0,2,1,1,0:0.07/1:0.93,0,0,0,0:0.01/1:0.99,1,0,0,0,2,1,0:0.01/1:0.99,2,0,2,1,0,2,0,2,1,0:0.07/2:0.93,0,0:0.07/2:0.93,1,0,0,0,1,1,0,0,0,0:0.07/1:0.93,0:0.01/2:0.99,2,0,0,0:0.07/2:0.93,0,1,1,1,0,1,0:0.07/1:0.93,0,0:0.07/1:0.93,0,1,0,1,1,0:0.01/1:0.99,0:0.01/1:0.99,0
199_3,0,2,0,0,1,2,1,1,1,0,0,0,2,1,1,1,1,1,0:0.02/2:0.98,0,0,1,2,1,1,1,0:0.02/2:0.98,2,0,2,0:0.02/1:0.98,2,1,0,2,1,2,0,1,1,0,0,1,0,1,1,0,0,2,1,1,2,0,2,1,2,2,1,0,2,2,0,1,0,1,0,2,1,2,2,0,1,0,2,1,0,2,2,0,0,1,2,2,1,2,1,1,2,0:0.02/1:0.98,2,1,2,2,0,0:0.02/1:0.98,2,0,1,1,0,0,1,1,1,2,2,2,1,0,2,0,2,0:0.02/2:0.98,0,1,2,1,0,1,1,0,1,1,1,1,1,0,1,0,2,1,1,0,1,2,1,2,1,2,0,0:0.02/2:0.98,2,1,1,1,0:0.02/1:0.98,0,0:0.02/1:0.98,1,1,0,0,0,2,1,1,2,0,2,1,0,2,0,2,1,2,0,2,1,0:0.02/2:0.98,0,0,1,1,0,0,0,1,2,2,0,0,2,0,1,1,1,0:0.02/1:0.98,1,1,0,1,0,1,0,1,1,1,1,0:0.02/1:0.98
216_6,0,2,0,0,1,2,1,1,1,0,0,1,2,1,1,1,1,1,2,0,2,1,2,1,1,1,2,2,0,2,1,2,1,0,2,1,2,0,1,1,0,0,1,0,1,1,0,0,2,1,1,2,0,2,1,2,2,1,0,2,2,1,1,0,1,0,2,1,2,2,0,1,0,2,1,0,2,2,0,0,1,2,2,1,2,1,1,2,1,2,1,2,2,0,1,2,0,1,1,0,0,1,1,1,2,2,2,1,0,2,0,2,2,0,1,2,1,0,1,1,0,1,1,1,1,1,0,1,0,2,1,1,0,1,2,1,2,1,2,0,2,2,1,1,1,1,0,1,1,1,0,0,0,2,1,1,2,0,2,1,0,2,0,2,1,2,0,2,1,2,0,0,1,1,2,0,0,1,2,2,0,0,2,0,1,1,1,1,1,1,0,1,0,1,2,1,1,1,1,1
216_5,0,2,0,1,1,2,1,1,1,0,0,0,2,1,1,1,1,1,2,0,0,1,2,1,1,1,2,2,0,2,1,2,1,0,2,1,2,0,1,1,0,0,1,0,1,1,0,0,2,1,1,2,0,2,1,2,2,1,0,2,2,0,1,0,1,0,2,1,2,2,0,1,0,2,1,0,2,2,0,0,1,2,2,1,2,1,1,2,1,2,1,2,2,0,1,2,2,1,1,0,0,1,1,1,2,2,2,1,0,2,0,2,2,0,1,2,1,0,1,1,0,1,1,1,1,1,0,1,0,2,1,1,0,1,2,1,2,1,2,2,2,2,1,1,1,1,0,1,1,1,2,0,2,2,1,1,2,0,2,1,0,2,0,2,1,2,0,2,1,2,0,0,1,1,0,0,0,1,2,2,0,0,2,0,1,1,1,1,1,1,0,1,0,1,0,1,1,1,1,1
193_4,0,2,0,0:0.04/1:0.96,1,2,1,1,1,0:0.04/1:0.96,0,0,2,1,1,1,1,1,0,0,0,1,2,1,1,1,0,2,0,2,0,2,1,0,2,1,2,0:0.04/1:0.96,1,1,0,0:0.04/2:0.96,1,0,1,1,0,0,2,1,1,2,0,2,1,2,2,1,0,2,2,0,1,0,1,0:0.04/2:0.96,2,1,2,2,0,1,0,2,1,0,2,2,0,0,1,2,2,1,2,1,1,2,0,2,1,2,2,0,0,2,0,1,1,0:0.04/2:0.96,0,1,1,1,2,2,2,1,0,2,0,2,0,0,1,2,1,0,1,1,0,1,1,1,1,1,0:0.04/2:0.96,1,0,2,1,1,0,1,2,1,2,1,2,0,0,2,1,1,1,0,0:0.04/1:0.96,0,1,1,0:0.04/1:0.96,0,0:0.04/1:0.96,2,1,1,2,0,2,1,0,2,0,2,1,2,0,2,1,0,0,0:0.04/1:0.96,1,1,0:0.04/2:0.96,0,0,1,2,2,0:0.04/2:0.96,0,2,0,1,1,1,0:0.04/2:0.96,1,1,0,1,0:0.04/1:0.96,1,0:0.04/1:0.96,1,1,1,1,0
216_8,0,2,0,1,1,2,1,1,1,1,0,0,2,1,1,1,1,1,0,0,0,1,2,1,1,1,0,2,0,2,0,2,1,0,2,1,2,1,1,1,0,2,1,0,1,1,0,0,2,1,1,2,0,2,1,2,2,1,2,2,2,0,1,2,1,2,2,1,2,2,0,1,0,2,1,0,2,2,0,0,1,2,2,1,2,1,1,2,1,2,1,2,2,0,0,2,0,1,1,2,0,1,1,1,2,2,2,1,0,2,0,2,0,0,1,2,1,0,1,1,0,1,1,1,1,1,2,1,0,2,1,1,0,1,2,1,2,1,2,0,0,2,1,1,1,0,1,2,1,1,1,1,1,2,1,1,2,0,2,1,0,2,0,2,1,2,2,2,1,2,0,1,1,1,2,0,0,1,2,2,2,0,2,0,1,1,1,2,1,1,0,1,1,1,1,1,1,1,1,0
216_7,0,2,1,1,1,2,1,1,1,1,0,1,2,1,1,1,1,1,0,0,0,1,2,1,1,1,0,2,0,2,0,2,1,0,2,1,2,1,1,1,0,2,1,2,1,1,0,2,2,1,1,2,0,2,1,2,2,1,0,2,2,0,1,0,1,2,2,1,2,2,0,1,0,2,1,2,2,2,0,0,1,2,2,1,2,1,1,2,0,2,1,2,2,0,0,2,2,1,1,2,0,1,1,1,2,2,2,1,0,2,0,2,0,0,1,2,1,0,1,1,0,1,1,1,1,1,2,1,0,2,1,1,1,1,2,1,2,1,2,0,0,2,1,1,1,0,1,0,1,1,1,0,1,2,1,1,2,0,2,1,0,2,1,2,1,2,1,2,1,0,0,1,1,1,2,0,0,1,2,2,2,0,2,0,1,1,1,2,1,1,0,1,1,1,1,1,1,1,1,0
151_1,0,0,0,0,1,0:0.01/2:0.99,1,0,0,0:0.13/2:0.87,0,0,2,0:0.01/1:0.99,0:0.01/1:0.99,1,1,1,0,0,0,0:0.01/1:0.99,0:0.01/2:0.99,1,1,1,0:0.13/2:0.87,2,0,2,0,2,1,0:0.13/2:0.87,0:0.01/2:0.99,1,2,0,0,1,0,0:0.13/1:0.87,1,0:0.13/2:0.87,0:0.13/2:0.87,1,0,0:0.13/1:0.87,0,0,0:0.01/1:0.99,2,0,2,0:0.01/1:0.99,2,0,1,0,2,2,0,1,0,1,0,2,0:0.01/1:0.99,0:0.01/2:0.99,2,0,0:0.01/1:0.99,0,2,1,0:0.13/2:0.87,0:0.13/1:0.87,0,0:0.13/2:0.87,0,1,0,2,0:0.01/1:0.99,2,0,0,0:0.01/2:0.99,0,2,1,0:0.01/2:0.99,2,0,0,0:0.01/2:0.99,0,1,1,0,0,1,1,1,2,2,2,0:0.01/1:0.99,0,2,0,2,0:0.13/1:0.87,0:0.13/1:0.87,1,2,1,0:0.13/1:0.87,1,0,0:0.13/1:0.87,1,0:0.01/1:0.99,1,1,1,0,0:0.01/1:0.99,0,2,0:0.01/1:0.99,1,0:0.13/1:0.87,0:0.01/1:0.99,2,1,2,0:0.01/1:0.99,2,0,0:0.13/2:0.87,2,1,1,0,0:0.13/1:0.87,0,0,0:0.01/1:0.99,1,0,0:0.13/2:0.87,0,2,1,0:0.01/1:0.99,2,0,2,1,0,2,0,2,1,0,0,0,1,0,0:0.13/1:0.87,0,1,1,0,0:0.13/2:0.87,0,0,0:0.01/2:0.99,2,0,0,0:0.13/1:0.87,0,1,1,1,0,1,0,0:0.13/2:0.87,0,0:0.13/2:0.87,1,0,1,1,0:0.01/1:0.99,0:0.01/1:0.99,0
205_3,0,0,0,1,1,2,1,2,1,2,0,0,2,1,1,1,1,1,2,0,0,1,2,1,1,1,2,2,0,2,0,2,1,2,2,1,2,0,0,1,1,1,1,2,2,1,0,1,1,0,1,2,0,2,1,2,1,1,0,2,2,0,1,0,1,0,2,1,2,2,2,1,0,2,1,2,1,2,2,0,1,0,2,1,2,0,0,2,0,2,1,2,2,0,0,2,2,1,1,1,2,1,1,1,2,2,2,1,0,2,0,2,1,1,1,2,1,1,1,2,1,1,1,1,1,1,0,1,1,2,1,1,1,1,2,1,2,1,2,0,2,2,1,1,0,1,2,0,1,1,2,2,0,2,1,1,2,0,2,1,1,2,0,2,1,0,1,0,1,0,1,0,1,1,2,2,0,0,2,2,1,0,1,2,1,1,1,0,1,2,2,1,2,1,0,1,1,1,1,0
216_4,0,0,0,1,1,2,1,2,1,2,0,0,2,1,1,1,1,1,2,0,2,1,2,1,1,1,2,2,0,2,0,2,1,2,2,1,2,0,0,1,1,1,1,2,2,1,0,1,1,0,1,2,1,2,1,2,1,1,0,2,2,0,1,0,1,0,2,1,2,2,2,1,0,2,1,2,1,2,2,0,1,0,2,1,2,0,0,2,0,2,1,2,2,0,0,2,2,1,1,1,2,1,1,1,2,2,2,1,0,2,0,2,1,1,1,2,1,1,1,2,1,1,1,1,1,1,0,1,1,2,1,1,1,1,2,1,2,1,2,0,2,2,1,1,0,1,2,0,1,1,2,2,0,2,1,1,2,0,2,1,1,2,0,2,1,0,1,0,1,0,1,0,1,1,2,2,0,0,2,2,1,0,1,2,1,1,1,0,1,2,2,1,2,1,0,1,1,1,1,0
216_3,0,0,1,1,1,2,1,2,1,2,0,0,2,1,1,1,1,1,2,0,0,1,2,1,1,1,2,2,0,2,0,2,1,2,2,1,2,0,0,1,1,1,1,2,2,1,0,1,1,0,1,2,0,2,1,2,1,1,2,2,2,0,1,0,1,0,2,1,2,2,2,1,0,2,1,2,1,2,2,0,1,0,2,1,2,0,0,2,0,2,1,2,2,0,0,2,2,1,1,1,2,1,1,1,2,2,2,1,0,2,0,2,1,1,1,2,1,1,1,2,1,1,1,1,1,1,0,1,1,2,1,1,1,1,2,1,2,1,2,0,2,2,1,1,0,1,2,0,1,1,2,2,0,2,1,1,2,0,2,1,1,2,0,2,1,0,1,0,1,0,1,0,1,1,2,2,0,0,2,2,1,0,1,2,1,1,1,0,1,2,2,1,2,1,0,1,1,1,1,0
200_1,0,2,0,0,1,2,1,0,0,2,0,0,2,1,1,1,1,1,1,0,0,1,2,1,1,1,2,2,0,2,0,2,1,2,2,1,2,2,0,1,0,1,1,2,2,1,0,1,0,0,1,2,0,2,1,2,0,1,0,2,2,1,1,0,1,0,2,1,2,2,0,1,2,2,1,2,1,0,2,0,1,0,2,1,2,2,0,2,0,2,1,2,2,0,2,2,0,1,1,0,0,1,1,1,2,2,2,1,0,2,0,2,1,1,1,2,1,1,1,0,1,1,1,1,1,1,1,1,2,2,1,1,1,1,2,1,2,1,2,2,2,2,1,1,0,1,0,0,1,1,0,2,0,2,1,1,2,0,2,1,0,2,0,2,1,2,0,0,1,0,1,0,1,1,0,2,0,1,2,2,0,0,1,0,1,1,1,2,1,0,2,2,2,1,2,1,1,1,1,0
216_2,0,2,0,0,1,2,1,0,0,2,0,0,2,1,1,1,1,1,1,0,0,1,2,1,1,1,2,2,0,2,1,2,1,2,2,1,2,2,0,1,0,1,1,2,2,1,0,1,0,0,1,2,0,2,1,2,0,1,2,2,2,1,1,0,1,0,2,1,2,2,1,1,2,2,1,2,1,0,2,0,1,0,2,1,2,2,0,2,0,2,1,2,2,0,2,2,0,1,1,0,0,1,1,1,2,2,2,1,2,2,0,2,1,1,1,2,1,1,1,1,1,1,1,1,1,1,1,1,2,2,1,1,1,1,2,1,2,1,2,2,2,2,1,1,0,1,0,0,1,1,0,2,0,2,1,1,2,0,2,1,0,2,0,2,1,2,0,0,1,0,1,0,1,1,0,2,0,1,2,2,0,0,1,0,1,1,1,2,1,0,2,2,2,1,2,1,1,1,1,0
216_1,0,2,0,0,1,2,1,0,0,2,0,0,2,1,1,1,1,1,1,0,0,1,2,1,1,1,2,2,0,2,0,2,1,2,2,1,2,2,0,1,0,1,1,2,2,1,0,1,0,0,1,2,0,2,1,2,0,1,0,2,2,1,1,0,1,0,2,1,2,2,0,1,2,2,1,2,1,0,2,0,1,0,2,1,2,2,0,2,0,2,1,2,2,0,2,2,0,1,1,0,0,1,1,1,2,2,2,1,0,2,0,2,1,1,1,2,1,1,1,0,1,1,1,1,1,1,1,1,2,2,1,1,1,1,2,1,2,1,2,2,2,2,1,1,0,1,0,0,1,1,0,2,0,2,1,1,2,0,2,1,0,2,0,2,1,2,2,0,1,0,1,0,1,1,0,2,0,1,2,2,0,0,1,0,1,1,1,2,1,0,2,2,2,1,2,1,1,1,1,0
