[&R] (((((216_14:1.161,216_12:1.161)160_4:1.126,((216_9:1.008,216_10:0.008)207_7:0.002,216_8:1.01)162_3:2.276)114_2:2.101,(((216_3:0,216_4:0)202_2:2.087,(216_1:0,216_2:0)208_1:2.087)165_1:0.005,(216_7:0,216_6:0)171_3:2.092)119_1:2.295)70_1:0.765,((((216_19:0,216_20:0)212_17:0.047,216_18:1.047)161_7:2.541,(216_17:0.049,216_16:1.049)168_8:2.539)117_4:0.524,(((216_21:0,216_22:0)209_17:2.021,(216_23:0,216_24:0)214_22:1.022)166_11:0.002,(216_28:0.035,216_25:1.035)170_14:0.988)118_6:1.089)72_3:2.04)19_1:1.848)I0;
I0,0,0,0,0,0,0,0,0,0,0
19_1,0,0,0,0,0:0.08/2:0.92,0,0,0:0.08/2:0.92,0,0
72_3,0,0,0,0,2,0,0:0.05/1:0.95,2,0:0.05/2:0.95,0
118_6,0:0.02/1:0.98,0,0,0,2,0,1,2,2,0
170_14,1,0,0,0,2,0:0.03/1:0.97,1,2,2,0
216_25,1,0,2,0,2,1,1,2,2,0
216_28,1,0,0,0,2,1,1,2,2,0
166_11,0:0.02/1:0.98,0,0,0,2,0,1,2,2,0
214_22,1,1,0,0,2,0,1,2,2,0
216_24,1,1,0,0,2,0,1,2,2,0
216_23,1,1,0,0,2,0,1,2,2,0
209_17,1,0,0,1,2,0,1,2,2,1
216_22,1,0,0,1,2,0,1,2,2,1
216_21,1,0,0,1,2,0,1,2,2,1
117_4,0,0:0.53/1:0.47,0,0,2,0,0:0.03/1:0.97,2,0:0.03/2:0.97,0
168_8,0,0:0.01/1:0.99,0:0.02/2:0.98,0,2,0,1,2,2,0:0.02/2:0.98
216_16,0,1,2,0,2,1,1,2,2,2
216_17,0,1,2,0,2,0,1,2,2,2
161_7,0:0.02/2:0.98,0:0.01/1:0.99,0:0.02/1:0.98,0,2,0,1,2,2,0
216_18,2,1,1,0,2,2,1,2,2,0
212_17,2,1,1,0,2,0,1,2,2,0
216_20,2,1,1,0,2,0,1,2,2,0
216_19,2,1,1,0,2,0,1,2,2,0
70_1,0,0,0,0,0:0.03/2:0.97,0,0,0:0.03/2:0.97,0:0.34/1:0.66,0
119_1,0:0.04/2:0.96,0,0,0:0.04/2:0.96,2,0,0,2,0:0.01/1:0.99,0
171_3,2,0,0,2,2,1,2,2,1,0
216_6,2,0,0,2,2,1,2,2,1,0
216_7,2,0,0,2,2,1,2,2,1,0
165_1,0:0.04/2:0.96,0,0,0:0.04/2:0.96,2,0,0,2,0:0.01/1:0.99,0
208_1,2,0,2,2,2,0,1,2,1,0
216_2,2,0,2,2,2,0,1,2,1,0
216_1,2,0,2,2,2,0,1,2,1,0
202_2,2,0,0,2,2,1,0,2,1,2
216_4,2,0,0,2,2,1,0,2,1,2
216_3,2,0,0,2,2,1,0,2,1,2
114_2,0,0:0.12/1:0.88,0,0,2,0,0,2,0:0.04/1:0.96,0:0.12/2:0.88
162_3,0,1,2,0,2,0,2,2,1,2
216_8,0,1,2,0,2,1,2,2,1,2
207_7,0,1,2,0,2,0,2,2,1,2
216_10,0,1,2,0,2,0,2,2,1,2
216_9,1,1,2,0,2,0,2,2,1,2
160_4,0,0:0.01/1:0.99,0,0,2,0:0.12/1:0.88,0,2,0:0.01/1:0.99,0:0.01/2:0.99
216_12,0,1,2,0,2,1,0,2,1,2
216_14,0,1,0,1,2,1,0,2,1,2
