[&R] ((((((216_10:0,216_11:0)215_8:1.491,216_9:1.491)166_4:0.901,(216_12:0,216_13:0)171_6:1.392)119_2:1.91,(((216_3:1.111,216_4:3.111)206_2:0.003,(216_1:0,216_2:0)215_1:3.113)165_1:0.009,((216_7:0,216_8:0)213_5:0,(216_5:0,216_6:0)215_4:0)171_3:2.122)120_1:1.18)65_1:3.826,(((216_14:0,216_15:0)208_10:3.053,(216_16:2.012,216_17:0.012)208_11:0.041)167_7:2.069,((216_18:6.159,216_19:2.159)212_14:0.525,216_20:5.684)167_8:1.437)117_3:0.006)14_1:1.872)I0;
I0,0,0,0,0,0,0,0,0,0,0
14_1,0,0:0.06/1:0.94,0,0,0,0,0:0.06/1:0.94,0,0,0
117_3,0,0:0.06/1:0.94,0,0,0,0,0:0.06/1:0.94,0,0,0
167_8,0,0:0.02/1:0.98,0,0:0.32/2:0.68,0,0:0.32/1:0.68,0:0.02/1:0.98,0,0,0
216_20,1,1,1,2,0,1,1,2,2,1
212_14,0,0:0.01/1:0.99,0,0:0.22/2:0.78,0:0.69/1:0.31,0:0.22/1:0.78,0:0.01/1:0.99,0,0,0
216_19,2,1,0,2,1,1,1,0,0,0
216_18,1,1,1,2,1,1,1,2,2,1
167_7,0:0.02/1:0.98,1,0,0,0,0,1,0,0,0:0.02/1:0.98
208_11,0:0.01/1:0.99,1,0,0,0,0,1,0,0,0:0.01/1:0.99
216_17,1,1,0,0,0,0,1,0,0,1
216_16,1,1,1,0,0,0,1,2,0,1
208_10,1,1,1,0,0,0,1,2,2,1
216_15,1,1,1,0,0,0,1,2,2,1
216_14,1,1,1,0,0,0,1,2,2,1
65_1,0:0.07/2:0.93,1,0,0:0.07/2:0.93,0,0:0.07/1:0.93,1,0,0,0:0.07/1:0.93
120_1,0:0.01/2:0.99,1,0,0:0.01/2:0.99,0:0.09/1:0.91,0:0.01/1:0.99,1,0,0,0:0.01/1:0.99
171_3,2,1,1,2,1,1,1,2,0,1
215_4,2,1,1,2,1,1,1,2,0,1
216_6,2,1,1,2,1,1,1,2,0,1
216_5,2,1,1,2,1,1,1,2,0,1
213_5,2,1,1,2,1,1,1,2,0,1
216_8,2,1,1,2,1,1,1,2,0,1
216_7,2,1,1,2,1,1,1,2,0,1
165_1,0:0.01/2:0.99,1,0,0:0.01/2:0.99,0:0.09/1:0.91,0:0.01/1:0.99,1,0,0,0:0.01/1:0.99
215_1,2,1,2,2,1,1,1,1,2,1
216_2,2,1,2,2,1,1,1,1,2,1
216_1,2,1,2,2,1,1,1,1,2,1
206_2,0:0.01/2:0.99,1,0,0:0.01/2:0.99,0:0.08/1:0.92,0:0.01/1:0.99,1,0,0,0:0.01/1:0.99
216_4,2,1,2,2,1,1,1,1,2,1
216_3,2,1,0,2,1,1,1,2,0,1
119_2,0:0.01/2:0.99,1,0:0.17/1:0.83,0:0.01/2:0.99,0,0:0.01/1:0.99,1,0:0.17/2:0.83,0,0:0.01/1:0.99
171_6,2,1,1,2,1,1,1,2,0,1
216_13,2,1,1,2,1,1,1,2,0,1
216_12,2,1,1,2,1,1,1,2,0,1
166_4,2,1,0:0.06/1:0.94,2,0,1,1,0:0.06/2:0.94,0:0.35/2:0.65,1
216_9,2,1,1,2,2,1,1,2,2,1
215_8,2,1,1,2,1,1,1,2,2,1
216_11,2,1,1,2,1,1,1,2,2,1
216_10,2,1,1,2,1,1,1,2,2,1
