[&R] ((((((216_2:1.034,216_3:0.034)177_5:1.984,216_4:1.018)126_3:0.002,(216_5:2.123,216_6:0.123)130_5:0.897)71_2:3.946,216_1:7.965)26_1:0.035,((((216_8:0.036,216_9:1.036)181_12:1.242,216_10:2.277)129_8:2.358,216_7:3.635)72_4:2,((216_11:0,216_12:0)191_15:1.123,(216_13:0,216_14:0)192_17:1.123)130_12:4.513)29_3:0.365)virtual:0)I0;
I0,0,0,0,0,0,0,0,0,0,0
virtual,0,0,0,0,0,0,0,0,0,0
29_3,0,0,0,0:0.64/1:0.36,0,0,0,0,0,0
130_12,0:0.03/2:0.97,0,0,0:0.02/1:0.98,0,0:0.03/1:0.97,0:0.03/1:0.97,0:0.03/2:0.97,0,0
192_17,2,0,0,1,0,1,1,2,1,0
216_14,2,0,0,1,0,1,1,2,1,0
216_13,2,0,0,1,0,1,1,2,1,0
191_15,2,0,0,1,0,1,1,2,0,1
216_12,2,0,0,1,0,1,1,2,0,1
216_11,2,0,0,1,0,1,1,2,0,1
72_4,0,0,0,0:0.15/1:0.85,0:0.24/1:0.76,0,0,0,0,0:0.24/2:0.76
216_7,0,1,0,1,1,2,0,2,0,2
129_8,0,0,0:0.11/1:0.89,0:0.02/1:0.98,0:0.03/1:0.97,0,0:0.11/1:0.89,0,0,0:0.03/2:0.97
216_10,2,0,1,1,1,0,1,2,0,2
181_12,0,0:0.03/1:0.97,1,1,1,0,1,0,0,2
216_9,0,1,1,1,1,0,1,0,2,2
216_8,0,1,1,1,1,0,1,0,0,2
26_1,0,0,0,0,0,0,0,0,0,0:0.97/2:0.03
216_1,2,2,1,2,1,2,0,1,0,2
71_2,0,0,0,0,2,1,0,2,0,2
130_5,0,0,0:0.12/1:0.88,0,2,1,0,2,0,2
216_6,0,0,1,0,2,1,0,2,0,2
216_5,0,0,1,0,2,1,1,2,1,2
126_3,0,0,0,0,2,1,0,2,0,2
216_4,0,2,0,0,2,1,0,2,0,2
177_5,0,0,0,0,2,1,0:0.02/1:0.98,2,0:0.02/2:0.98,2
216_3,0,0,0,0,2,1,1,2,2,2
216_2,0,1,0,0,2,1,1,2,2,2
