[&R] ((((((216_2:0,216_3:0)177_5:1.161,216_4:1.161)126_3:3.178,(216_5:1.07,216_6:1.07)130_5:1.269)71_2:2.631,216_1:6.97)26_1:0.03,((((216_8:0,216_9:0)181_12:0,216_10:0)129_8:0.1,216_7:1.1)72_4:2.419,((216_11:1.002,216_12:0.002)191_15:0.001,(216_13:0,216_14:0)192_17:0.003)130_12:1.516)29_3:6.481)virtual:0)I0;
I0,0,0,0,0,0,0,0,0,0,0
virtual,0,0,0,0,0,0,0,0,0,0
29_3,0:0.07/1:0.93,0:0.07/1:0.93,0:0.07/1:0.93,0,0,0:0.07/1:0.93,0,0:0.07/1:0.93,0:0.07/2:0.93,0:0.07/2:0.93
130_12,1,1,1,1,0,1,0,1,2,2
192_17,1,1,1,1,0,1,0,1,2,2
216_14,1,1,1,1,0,1,0,1,2,2
216_13,1,1,1,1,0,1,0,1,2,2
191_15,1,1,1,1,0,1,0,1,2,2
216_12,1,1,1,1,0,1,0,1,2,2
216_11,1,1,1,1,1,1,0,1,2,2
72_4,1,1,1,0:0.04/2:0.96,0,1,0:0.04/1:0.96,1,2,2
216_7,1,1,1,2,2,1,1,1,2,2
129_8,1,1,1,2,0,1,1,1,2,2
216_10,1,1,1,2,0,1,1,1,2,2
181_12,1,1,1,2,0,1,1,1,2,2
216_9,1,1,1,2,0,1,1,1,2,2
216_8,1,1,1,2,0,1,1,1,2,2
26_1,0,0,0,0:0.97/1:0.03,0,0,0,0,0,0
216_1,1,0,1,1,2,0,1,1,0,2
71_2,0,0,0:0.11/2:0.89,0:0.11/1:0.89,0,0,0:0.11/2:0.89,0,0,0
130_5,0,0:0.05/1:0.95,0:0.01/2:0.99,0:0.01/1:0.99,0,0,0:0.01/2:0.99,0,0,0
216_6,0,1,2,1,0,0,2,0,0,1
216_5,0,1,2,1,1,0,2,0,0,0
126_3,0:0.05/1:0.95,0,0:0.01/2:0.99,0:0.01/1:0.99,0,0:0.05/1:0.95,0:0.01/2:0.99,0,0,0:0.05/2:0.95
216_4,1,2,2,1,0,1,2,0,0,2
177_5,1,0,2,1,0,1,2,2,0,2
216_3,1,0,2,1,0,1,2,2,0,2
216_2,1,0,2,1,0,1,2,2,0,2
