[&R] ((((((216_2:1.122,216_3:1.122)177_5:0.893,216_4:1.015)126_3:0.002,(216_5:1.035,216_6:0.035)130_5:1.982)71_2:1.697,216_1:5.714)26_1:0.539,((((216_8:0.001,216_9:1.001)181_12:0,216_10:0.001)129_8:0.092,216_7:2.093)72_4:2.225,((216_11:0.001,216_12:1.001)191_15:0,(216_13:1.001,216_14:1.001)192_17:0)130_12:1.317)29_3:2.935)virtual:1.747)I0;
I0,0,0,0,0,0,0,0,0,0,0
virtual,0,0,0,0:0.13/2:0.87,0,0,0:0.13/2:0.87,0,0,0
29_3,0,0:0.1/1:0.9,0:0.1/1:0.9,0:0.01/2:0.99,0,0,0:0.01/2:0.99,0,0:0.1/1:0.9,0
130_12,0,1,1,2,0,1,2,0,1,0
192_17,0,1,1,2,0,1,2,0,1,0
216_14,0,1,1,2,0,1,2,0,1,1
216_13,0,1,1,2,1,1,2,0,1,0
191_15,0,1,1,2,0,1,2,0,1,0
216_12,2,1,1,2,0,1,2,0,1,0
216_11,0,1,1,2,0,1,2,0,1,0
72_4,0,1,1,2,0:0.04/1:0.96,0,2,0:0.04/1:0.96,1,0
216_7,1,1,1,2,1,0,2,1,1,2
129_8,0,1,1,2,1,0,2,1,1,0
216_10,0,1,1,2,1,0,2,1,1,0
181_12,0,1,1,2,1,0,2,1,1,0
216_9,0,1,1,2,1,2,2,1,1,0
216_8,0,1,1,2,1,0,2,1,1,0
26_1,0,0,0,0:0.07/2:0.93,0,0,0:0.07/2:0.93,0:0.57/2:0.43,0,0
216_1,1,2,1,2,0,1,2,2,2,0
71_2,0,0,0,2,0,0:0.01/2:0.99,2,0:0.01/2:0.99,0,0
130_5,0,0,0:0.02/1:0.98,2,0:0.02/1:0.98,2,2,2,0,0
216_6,0,0,1,2,1,2,2,2,0,0
216_5,0,0,1,2,1,2,2,2,2,0
126_3,0,0,0,2,0,0:0.01/2:0.99,2,2,0,0
216_4,0,1,0,2,0,2,2,2,0,0
177_5,0,0,0:0.12/1:0.88,2,0,2,2,2,0,0
216_3,0,2,1,2,0,2,2,2,0,0
216_2,0,0,1,2,0,2,2,2,0,2
