[&R] ((((((216_2:2.068,216_3:4.068)177_5:11.344,216_4:19.411)126_3:32.531,(216_5:23.398,216_6:16.398)130_5:30.544)71_2:38.907,216_1:81.849)26_1:47.652,((((216_8:7.215,216_9:4.215)181_12:10.109,216_10:21.325)129_8:27.886,216_7:40.21)72_4:34.307,((216_11:7.158,216_12:2.158)191_15:17.229,(216_13:4.117,216_14:4.117)192_17:13.27)130_12:62.131)29_3:51.984)virtual:0.499)I0;
I0,0,0,0,0,0,0,0,0,0,0,0,0,0,0,0,0,0,0,0,0,0,0,0,0,0,0,0,0,0,0,0,0,0,0,0,0,0,0,0,0,0,0,0,0,0,0,0,0,0,0,0,0,0,0,0,0,0,0,0,0,0,0,0,0,0,0,0,0,0,0,0,0,0,0,0,0,0,0,0,0,0,0,0,0,0,0,0,0,0,0,0,0,0,0,0,0,0,0,0,0,0,0,0,0,0,0,0,0,0,0,0,0,0,0,0,0,0,0,0,0,0,0,0,0,0,0,0,0,0,0,0,0,0,0,0,0,0,0,0,0,0,0,0,0,0,0,0,0,0,0,0,0,0,0,0,0,0,0,0,0,0,0,0,0,0,0,0,0,0,0,0,0,0,0,0,0,0,0,0,0,0,0,0,0,0,0,0,0,0,0,0,0,0,0,0,0,0,0,0,0
virtual,0,0,0,0,0,0,0,0,0,0,0,0,0,0,0,0,0,0,0,0,0,0,0,0,0,0,0,0,0,0,0,0,0,0,0,0,0,0,0,0,0,0,0,0,0,0,0,0,0,0,0,0,0,0,0,0,0,0,0:0.9/1:0.1,0,0,0,0,0,0,0,0,0,0,0,0,0,0,0,0,0,0,0,0,0,0,0,0,0,0,0,0,0,0,0,0,0,0,0,0,0,0,0,0,0,0,0,0,0,0,0,0,0,0,0,0,0,0,0,0,0,0,0,0,0,0,0:0.9/2:0.1,0,0,0:0.9/2:0.1,0,0,0,0,0,0,0,0,0,0,0,0:0.9/1:0.1,0,0,0,0,0,0,0,0,0,0,0,0,0,0,0,0,0,0,0,0,0,0,0,0,0,0,0:0.9/2:0.1,0,0,0,0,0,0,0,0,0,0,0,0,0,0,0,0,0,0,0,0,0,0,0,0,0,0,0,0,0,0,0,0,0,0,0,0
29_3,0:0.14/1:0.86,0:0.14/1:0.86,0,0:0.14/1:0.86,0,0,0,0:0.14/1:0.86,0:0.14/1:0.86,0,0,0:0.14/1:0.86,0,0,0:0.14/2:0.86,0:0.14/2:0.86,0,0,0:0.14/1:0.86,0,0,0,0,0,0:0.14/2:0.86,0,0,0,0,0,0,0,0,0,0,0,0:0.14/2:0.86,0,0:0.14/2:0.86,0,0,0:0.14/1:0.86,0,0,0:0.14/2:0.86,0:0.14/1:0.86,0:0.14/2:0.86,0,0,0,0,0,0:0.14/2:0.86,0:0.14/2:0.86,0,0,0,0,0:0.13/1:0.87,0,0,0,0:0.14/2:0.86,0,0,0,0,0,0,0,0:0.14/2:0.86,0,0:0.14/2:0.86,0,0,0,0:0.14/1:0.86,0,0,0,0,0,0,0,0,0:0.14/2:0.86,0:0.14/2:0.86,0,0,0,0,0,0,0:0.14/1:0.86,0,0,0:0.14/1:0.86,0:0.14/1:0.86,0,0,0,0,0,0:0.14/2:0.86,0,0,0:0.14/2:0.86,0,0,0,0:0.14/1:0.86,0,0:0.14/1:0.86,0,0:0.14/2:0.86,0,0,0:0.14/1:0.86,0,0,0,0:0.13/2:0.87,0,0,0:0.13/2:0.87,0,0,0,0,0:0.14/2:0.86,0,0,0,0,0,0,0:0.13/1:0.87,0:0.14/1:0.86,0,0:0.14/2:0.86,0,0,0,0:0.14/2:0.86,0:0.14/1:0.86,0,0,0:0.14/2:0.86,0:0.14/2:0.86,0:0.14/1:0.86,0:0.14/2:0.86,0,0:0.14/1:0.86,0,0,0,0:0.14/1:0.86,0,0:0.14/2:0.86,0,0,0:0.14/1:0.86,0,0:0.13/2:0.87,0,0,0,0,0:0.14/2:0.86,0,0,0:0.14/1:0.86,0,0,0,0:0.14/2:0.86,0,0,0,0,0,0:0.14/1:0.86,0:0.14/2:0.86,0:0.14/2:0.86,0,0,0,0,0:0.14/1:0.86,0,0:0.14/1:0.86,0:0.14/2:0.86,0,0,0,0,0,0,0:0.14/1:0.86,0
130_12,1,1,0,1,0:0.02/1:0.98,0,0:0.02/1:0.98,1,1,0:0.02/1:0.98,0:0.02/1:0.98,1,0:0.02/2:0.98,0,2,2,0:0.02/1:0.98,0:0.02/1:0.98,1,0,0,0,0,0,2,0:0.02/1:0.98,0,0,0,0:0.02/1:0.98,0,0,0,0:0.02/1:0.98,0,0:0.02/2:0.98,2,0,2,0,0:0.02/1:0.98,1,0,0,2,1,2,0:0.02/1:0.98,0,0,0:0.02/1:0.98,0,2,2,0,0,0,0,1,0:0.02/2:0.98,0:0.02/1:0.98,0,2,0,0:0.02/2:0.98,0,0:0.02/1:0.98,0:0.02/2:0.98,0,0:0.02/1:0.98,2,0,2,0:0.02/2:0.98,0,0:0.02/1:0.98,1,0:0.02/2:0.98,0,0,0,0,0:0.02/2:0.98,0,0,2,2,0:0.02/1:0.98,0:0.02/2:0.98,0,0:0.02/2:0.98,0,0:0.02/1:0.98,1,0:0.02/2:0.98,0:0.02/2:0.98,1,1,0,0:0.02/2:0.98,0,0:0.02/2:0.98,0:0.02/2:0.98,2,0:0.02/2:0.98,0,2,0,0:0.02/2:0.98,0:0.02/2:0.98,1,0,1,0,2,0,0,1,0,0,0,2,0:0.02/1:0.98,0,2,0,0:0.02/1:0.98,0,0,2,0:0.02/2:0.98,0,0:0.02/2:0.98,0,0,0:0.02/1:0.98,1,1,0,2,0,0,0,2,1,0,0,2,2,1,2,0,1,0:0.02/2:0.98,0:0.02/2:0.98,0:0.02/2:0.98,1,0,2,0,0:0.02/1:0.98,1,0:0.02/1:0.98,2,0,0:0.02/2:0.98,0,0,2,0:0.02/2:0.98,0,1,0:0.02/2:0.98,0:0.02/1:0.98,0:0.02/2:0.98,2,0,0,0:0.02/2:0.98,0,0,1,2,2,0:0.02/1:0.98,0:0.02/2:0.98,0:0.02/1:0.98,0,1,0,1,2,0,0,0,0,0,0,1,0
192_17,1,1,0,1,1,0,1,1,1,1,1,1,2,0,2,2,1,1,1,0,0,0,0,0,2,1,0:0.01/2:0.99,0:0.01/2:0.99,0,1,0,0,0:0.01/1:0.99,1,0,2,2,0,2,0,1,1,0,0,2,1,2,1,0,0,1,0,2,2,0,0,0,0,1,2,1,0,2,0,2,0,1,2,0,1,2,0:0.01/2:0.99,2,2,0,1,1,2,0,0,0,0,2,0:0.01/1:0.99,0:0.01/2:0.99,2,2,1,2,0,2,0,1,1,2,2,1,1,0,2,0:0.01/2:0.99,2,2,2,2,0:0.01/2:0.99,2,0,2,2,1,0,1,0,2,0,0,1,0,0,0,2,1,0,2,0,1,0,0,2,2,0,2,0,0,1,1,1,0,2,0,0,0,2,1,0,0,2,2,1,2,0,1,2,2,2,1,0,2,0:0.01/1:0.99,1,1,1,2,0,2,0,0,2,2,0,1,2,1,2,2,0,0,2,0:0.01/2:0.99,0,1,2,2,1,2,1,0,1,0:0.01/1:0.99,1,2,0,0,0:0.01/1:0.99,0,0,0,1,0
216_14,1,1,0,1,1,0,1,1,1,1,1,1,2,0,2,2,1,1,1,0,0,0,0,0,2,1,2,2,0,1,0,1,1,1,0,2,2,1,2,0,1,1,0,2,2,1,2,1,0,0,1,0,2,2,0,0,0,0,1,2,1,0,2,0,2,0,1,2,0,1,2,2,2,2,0,1,1,2,0,0,0,0,2,1,2,2,2,1,2,0,2,0,1,1,2,2,1,1,0,2,2,2,2,2,2,2,2,0,2,2,1,0,1,0,2,0,0,1,0,0,0,2,1,0,2,0,1,0,0,2,2,0,2,0,0,1,1,1,0,2,0,0,0,2,1,0,0,2,2,1,2,0,1,2,2,2,1,0,2,1,1,1,1,2,0,2,2,0,2,2,0,1,2,1,2,2,0,0,2,2,0,1,2,2,1,2,1,0,1,1,1,2,0,0,1,0,0,0,1,0
216_13,1,1,0,1,1,0,1,1,1,1,1,1,2,0,2,2,1,1,1,0,0,0,0,0,2,1,2,2,0,1,0,0,1,1,2,2,2,0,2,0,1,1,0,0,2,1,2,1,1,0,1,2,2,2,0,0,0,0,1,2,1,0,2,0,2,0,1,2,0,1,2,2,2,2,0,1,1,2,0,0,0,0,2,1,2,2,2,1,2,0,2,0,1,1,2,2,1,1,0,2,2,2,2,2,2,2,2,0,2,2,1,0,1,0,2,0,0,1,0,0,0,2,1,0,2,0,1,0,0,2,2,0,2,0,0,1,1,1,0,2,0,0,0,2,1,0,0,2,2,1,2,0,1,2,2,2,1,0,2,1,1,1,1,2,0,2,0,0,2,2,0,1,2,1,2,2,0,0,2,2,0,1,2,2,1,2,1,0,1,1,1,2,0,0,1,0,2,0,1,0
191_15,1,1,0:0.01/1:0.99,1,1,0,1,1,1,1,1,1,2,0,2,2,1,1,1,0,0,0:0.01/1:0.99,0,0,2,1,0,0,0:0.01/2:0.99,1,0:0.01/1:0.99,0:0.01/2:0.99,0,1,0,2,2,0,2,0,1,1,0,0,2,1,2,1,0,0,1,0:0.01/2:0.99,2,2,0,0:0.01/1:0.99,0,0,1,2,1,0,2,0,2,0,1,2,0,1,2,0,2,2,0,1,1,2,0:0.01/1:0.99,0,0,0,2,0:0.01/2:0.99,0,2,2,1,2,0,2,0,1,1,2,2,1,1,0,2,0,2,2,2,2,0,2,0,2,2,1,0,1,0,2,0,0:0.01/2:0.99,1,0:0.01/2:0.99,0,0,2,1,0,2,0,1,0,0:0.01/2:0.99,2,2,0,2,0,0,1,1,1,0:0.01/1:0.99,2,0,0,0,2,1,0,0,2,2,1,2,0,1,2,2,2,1,0,2,0,1,1,1,2,0,2,0:0.01/2:0.99,0,2,2,0,1,2,1,2,2,0:0.01/1:0.99,0,2,0,0,1,2,2,1,2,1,0:0.01/2:0.99,1,0,1,2,0,0,0,0,0,0,1,0
216_12,1,1,1,1,1,0,1,1,1,1,1,1,2,0,2,2,1,1,1,0,0,1,0,0,2,1,0,0,2,1,1,2,0,1,0,2,2,0,2,0,1,1,0,0,2,1,2,1,0,0,1,2,2,2,0,1,0,0,1,2,1,0,2,0,2,0,1,2,0,1,2,0,2,2,0,1,1,2,1,0,0,0,2,2,1,2,2,1,2,0,2,0,1,1,2,2,1,1,0,2,0,2,2,2,2,0,2,0,2,2,1,0,1,0,2,0,2,1,2,0,0,2,1,2,2,0,1,0,2,2,2,0,2,0,0,1,1,1,1,2,0,0,0,2,1,0,0,2,2,1,2,0,1,2,2,2,1,0,2,0,1,1,1,2,0,2,2,0,2,2,0,1,2,1,2,2,1,0,2,0,0,1,2,2,1,2,1,2,1,0,1,2,0,0,0,0,0,0,1,0
216_11,1,1,1,1,1,0,1,1,1,1,1,1,2,0,2,2,1,1,1,0,0,1,0,0,2,1,0,0,2,1,1,2,0,1,0,2,2,0,2,0,1,1,0,0,2,1,2,1,0,0,1,2,2,2,0,1,0,0,1,2,1,0,2,0,2,0,1,2,0,1,2,0,2,2,0,1,1,2,1,0,0,0,2,2,0,2,2,1,2,0,2,0,1,1,2,2,1,1,0,2,0,2,2,2,2,0,2,0,2,2,1,0,1,0,2,0,2,1,2,0,1,2,1,0,2,0,1,0,2,2,2,0,2,2,0,1,1,1,1,2,0,1,0,2,1,0,0,2,2,1,2,1,1,2,2,2,1,0,2,2,1,1,1,2,0,2,2,0,2,2,0,1,2,1,2,2,1,0,2,0,2,1,2,2,1,2,1,2,1,0,1,2,0,0,0,0,0,0,1,2
72_4,0:0.02/1:0.98,0:0.02/1:0.98,0:0.13/2:0.87,0:0.02/1:0.98,0,0,0,0:0.02/1:0.98,0:0.02/1:0.98,0:0.13/2:0.87,0,0:0.02/1:0.98,0,0:0.13/1:0.87,0:0.02/2:0.98,0:0.02/2:0.98,0,0,0:0.02/1:0.98,0,0:0.13/1:0.87,0:0.13/2:0.87,0,0,0:0.02/2:0.98,0,0:0.13/1:0.87,0,0:0.13/1:0.87,0,0,0,0,0,0:0.13/1:0.87,0,0:0.02/2:0.98,0,0:0.02/2:0.98,0,0,0:0.02/1:0.98,0,0:0.13/1:0.87,0:0.02/2:0.98,0:0.02/1:0.98,0:0.02/2:0.98,0,0,0,0,0,0:0.02/2:0.98,0:0.02/2:0.98,0,0,0:0.13/1:0.87,0,0:0.02/1:0.98,0,0,0,0:0.02/2:0.98,0,0,0,0,0,0,0:0.13/2:0.87,0:0.02/2:0.98,0,0:0.02/2:0.98,0,0,0:0.13/2:0.87,0:0.02/1:0.98,0,0,0,0,0,0,0,0,0:0.02/2:0.98,0:0.02/2:0.98,0:0.13/2:0.87,0,0,0,0,0,0:0.02/1:0.98,0:0.13/1:0.87,0,0:0.02/1:0.98,0:0.02/1:0.98,0,0:0.13/1:0.87,0,0,0,0:0.02/2:0.98,0,0,0:0.02/2:0.98,0,0,0,0:0.02/1:0.98,0:0.13/1:0.87,0:0.02/1:0.98,0:0.13/2:0.87,0:0.02/2:0.98,0,0,0:0.02/1:0.98,0,0,0,0:0.02/2:0.98,0,0,0:0.02/2:0.98,0,0,0,0:0.13/2:0.87,0:0.02/2:0.98,0:0.13/1:0.87,0:0.13/1:0.87,0:0.13/1:0.87,0,0,0,0:0.02/1:0.98,0:0.02/1:0.98,0,0:0.02/2:0.98,0,0,0,0:0.02/2:0.98,0:0.02/1:0.98,0,0:0.13/2:0.87,0:0.02/2:0.98,0:0.02/2:0.98,0:0.02/1:0.98,0:0.02/2:0.98,0:0.13/1:0.87,0:0.02/1:0.98,0,0,0,0:0.02/1:0.98,0,0:0.02/2:0.98,0:0.13/2:0.87,0,0:0.02/1:0.98,0,0:0.02/2:0.98,0,0,0:0.13/1:0.87,0,0:0.02/2:0.98,0,0,0:0.02/1:0.98,0,0,0:0.13/1:0.87,0:0.02/2:0.98,0:0.13/2:0.87,0:0.13/1:0.87,0:0.13/1:0.87,0,0:0.13/1:0.87,0:0.02/1:0.98,0:0.02/2:0.98,0:0.02/2:0.98,0:0.13/2:0.87,0,0,0,0:0.02/1:0.98,0,0:0.02/1:0.98,0:0.02/2:0.98,0,0,0,0,0,0,0:0.02/1:0.98,0
216_7,1,1,2,1,1,1,2,1,1,2,0,1,0,1,2,2,2,2,1,2,1,2,0,0,2,0,1,0,1,0,2,0,0,0,1,0,2,0,2,2,0,1,0,1,2,1,2,0,0,0,0,0,2,2,2,0,1,0,1,2,0,1,2,0,0,0,0,0,0,2,2,2,2,0,1,2,1,0,1,0,0,0,0,0,0,2,2,2,1,2,2,0,2,1,1,2,1,1,0,1,0,0,0,2,1,1,2,1,0,0,1,1,1,2,2,2,0,1,0,0,0,2,1,0,2,0,0,1,2,2,1,1,1,0,0,0,1,1,0,2,0,0,1,2,1,1,2,2,2,1,2,1,1,0,0,0,1,0,2,2,0,1,0,2,2,0,1,1,2,0,0,1,0,1,1,2,2,1,1,2,1,1,2,2,2,1,0,2,1,0,1,2,0,1,0,0,0,2,1,0
129_8,1,1,0:0.01/2:0.99,1,0:0.05/2:0.95,0,0,1,1,0:0.01/2:0.99,0:0.05/2:0.95,1,0,0:0.01/1:0.99,2,2,0,0,1,0,0:0.01/1:0.99,0:0.01/2:0.99,0:0.05/2:0.95,0:0.05/2:0.95,2,0:0.05/2:0.95,0:0.01/1:0.99,0:0.05/2:0.95,0:0.01/1:0.99,0,0,0,0,0,0:0.01/1:0.99,0,2,0,2,0,0,1,0:0.05/2:0.95,0:0.01/1:0.99,2,1,2,0,0,0:0.05/1:0.95,0,0:0.05/2:0.95,2,2,0,0,0:0.01/1:0.99,0,1,0,0,0,2,0,0,0,0,0,0,0:0.01/2:0.99,2,0,2,0,0,0:0.01/2:0.99,1,0,0,0,0,0:0.05/1:0.95,0:0.05/2:0.95,0:0.05/2:0.95,0:0.05/2:0.95,2,2,0:0.01/2:0.99,0,0,0,0:0.05/2:0.95,0,1,0:0.01/1:0.99,0,1,1,0,0:0.01/1:0.99,0,0,0,2,0,0:0.05/2:0.95,2,0,0,0,1,0:0.01/1:0.99,1,0:0.01/2:0.99,2,0,0,1,0,0,0,2,0,0,2,0,0:0.05/2:0.95,0:0.05/2:0.95,0:0.01/2:0.99,2,0:0.01/1:0.99,0:0.01/1:0.99,0:0.01/1:0.99,0:0.05/1:0.95,0,0,1,1,0,2,0,0,0,2,1,0:0.05/2:0.95,0:0.01/2:0.99,2,2,1,2,0:0.01/1:0.99,1,0,0,0,1,0,2,0:0.01/2:0.99,0,1,0,2,0:0.05/1:0.95,0,0:0.01/1:0.99,0,2,0,0:0.05/2:0.95,1,0:0.05/2:0.95,0,0:0.01/1:0.99,2,0:0.01/2:0.99,0:0.01/1:0.99,0:0.01/1:0.99,0,0:0.01/1:0.99,1,2,2,0:0.01/2:0.99,0,0,0,1,0,1,2,0:0.05/2:0.95,0,0,0:0.05/2:0.95,0,0,1,0
216_10,1,1,2,1,2,0,0,1,1,2,2,1,0,1,2,2,0,0,1,0,1,2,2,2,2,2,1,2,1,0,0,0,0,2,1,0,2,2,2,0,0,1,2,1,2,1,2,0,0,1,0,2,2,2,2,0,1,0,1,2,0,0,2,0,0,0,2,2,0,2,2,2,2,0,2,2,1,0,2,0,0,1,2,2,2,2,2,2,2,0,0,2,0,1,1,0,1,1,0,1,0,0,0,2,0,2,2,0,0,1,1,1,1,2,2,0,1,1,0,2,0,2,0,2,2,2,2,2,2,2,1,1,1,1,0,0,1,1,0,2,1,0,0,2,1,2,2,2,2,1,2,1,1,0,0,0,1,0,2,2,2,1,0,2,1,0,1,0,2,0,2,1,2,1,1,2,2,1,1,0,1,1,2,2,2,2,0,0,1,1,1,2,2,0,0,2,0,0,1,0
181_12,1,1,2,1,2,0,0,1,1,2,2,1,0,1,2,2,0:0.02/2:0.98,0,1,0:0.02/1:0.98,1,2,2,2,2,2,1,2,1,0,0,0,0,0,1,0,2,0,2,0,0,1,2,1,2,1,2,0,0,1,0,2,2,2,0,0,1,0,1,0,0,0,2,0,0,0,0,0,0,2,2,0,2,0,0,2,1,0,0,0,0,1,2,2,2,2,2,2,0,0:0.02/1:0.98,0,2,0:0.02/1:0.98,1,1,0:0.02/1:0.98,1,1,0,1,0,0,0,2,0,2,2,0:0.02/1:0.98,0,0,1,1,1,2,2,0,0,1,0,0,0,2,0,0,2,0,2,2,2,2,1,1,1,1,0,0,1,1,0:0.02/2:0.98,2,0,0,0,2,1,2,2,2,2,1,2,1,1,0,0,0:0.02/1:0.98,1,0,2,2,0,1,0,2,1,0,1,0,2,0,2,1,2,0,1,2,2,1,1,0,1,1,2,2,2,0,0,0,1,0,1,2,2,0,0:0.02/2:0.98,2,0,0,1,0
216_9,1,1,2,1,2,0,1,1,1,2,2,1,0,1,2,2,2,0,1,1,1,2,2,2,2,2,1,2,1,0,0,0,0,0,1,0,2,0,2,0,0,1,2,1,2,1,2,0,0,1,0,2,2,2,0,0,1,0,1,0,0,0,2,0,0,0,0,1,0,2,2,0,2,0,0,2,1,0,0,0,0,1,2,2,2,2,2,2,0,1,0,2,1,1,1,1,1,1,0,1,0,0,0,2,0,2,2,1,0,0,1,1,1,2,2,0,0,1,0,2,0,2,0,0,2,0,2,2,2,2,1,1,1,1,0,0,1,1,2,2,0,0,0,2,1,2,2,2,2,1,2,1,1,0,0,1,1,0,2,2,0,1,0,2,1,0,1,0,2,0,2,1,2,0,1,2,2,1,1,0,1,1,2,2,2,0,2,0,1,0,1,2,2,0,2,2,0,0,1,0
216_8,1,1,2,1,2,0,0,1,1,2,2,1,0,1,2,2,2,0,1,1,1,2,2,2,2,2,1,2,1,0,0,0,1,0,1,0,2,0,2,0,0,1,2,1,2,1,2,0,0,1,0,2,2,2,0,0,1,0,1,0,0,0,2,0,0,2,1,0,0,2,2,0,2,0,0,2,1,0,2,0,0,1,2,2,2,2,2,2,2,1,0,2,1,1,1,1,1,1,1,1,0,0,0,2,0,2,2,1,2,0,1,1,1,2,2,0,0,1,0,0,0,2,0,0,2,0,2,2,2,2,1,1,1,1,0,0,1,1,2,2,0,0,0,2,1,2,2,2,2,1,2,1,1,0,0,1,1,0,2,2,0,1,0,2,1,0,1,0,2,0,2,1,2,0,1,2,2,1,1,0,1,1,2,2,2,0,0,0,1,0,1,2,2,0,2,2,0,0,1,0
26_1,0,0:0.2/2:0.8,0,0,0,0,0,0,0,0,0,0,0,0,0,0,0,0,0,0:0.2/2:0.8,0,0,0,0,0,0,0:0.2/1:0.8,0,0,0,0:0.2/2:0.8,0:0.2/1:0.8,0,0:0.2/2:0.8,0,0,0,0,0:0.2/1:0.8,0,0,0,0:0.2/2:0.8,0,0,0,0,0,0,0,0,0:0.2/2:0.8,0,0,0:0.2/2:0.8,0,0,0:0.2/2:0.8,0:0.18/1:0.82,0:0.2/2:0.8,0:0.2/2:0.8,0:0.2/2:0.8,0,0,0:0.2/2:0.8,0,0,0,0,0,0,0:0.2/1:0.8,0,0,0:0.2/2:0.8,0,0:0.2/2:0.8,0,0:0.2/2:0.8,0:0.2/2:0.8,0,0,0,0,0:0.2/1:0.8,0,0:0.2/1:0.8,0,0,0,0,0,0,0,0,0,0,0,0,0:0.2/1:0.8,0,0:0.2/1:0.8,0:0.2/1:0.8,0,0:0.2/2:0.8,0:0.2/1:0.8,0,0,0,0,0,0,0,0:0.2/1:0.8,0,0,0:0.2/2:0.8,0,0:0.2/2:0.8,0:0.2/2:0.8,0,0:0.18/2:0.82,0,0,0:0.18/2:0.82,0,0:0.2/2:0.8,0,0,0:0.2/1:0.8,0:0.2/2:0.8,0,0:0.2/2:0.8,0,0:0.2/2:0.8,0:0.2/2:0.8,0:0.18/1:0.82,0,0,0,0:0.2/2:0.8,0:0.2/1:0.8,0,0,0,0:0.2/2:0.8,0,0,0,0,0,0:0.2/2:0.8,0,0:0.2/1:0.8,0,0,0:0.2/2:0.8,0:0.2/1:0.8,0,0:0.2/1:0.8,0,0,0,0:0.18/2:0.82,0:0.2/1:0.8,0,0,0,0,0:0.2/1:0.8,0,0,0,0:0.2/1:0.8,0:0.2/1:0.8,0,0,0:0.2/1:0.8,0,0:0.2/2:0.8,0,0:0.2/2:0.8,0,0:0.2/1:0.8,0:0.2/1:0.8,0,0,0,0,0,0,0,0,0,0,0,0,0:0.2/2:0.8,0,0
216_1,1,2,0,0,0,0,0,0,0,2,1,1,2,2,0,0,0,2,1,2,2,1,2,1,0,1,1,1,0,2,2,1,2,2,0,2,0,1,1,0,0,2,2,0,2,0,1,0,1,2,0,2,0,1,2,0,2,2,1,2,2,2,2,2,2,1,0,1,2,0,0,1,2,1,2,0,2,1,2,2,0,1,0,0,1,0,1,0,0,0,1,2,0,0,1,2,0,2,0,1,0,1,1,0,2,1,1,1,0,0,2,0,2,1,0,0,2,2,2,2,0,2,0,0,2,1,2,0,0,1,2,1,2,0,2,2,1,2,2,1,2,1,2,1,2,2,0,1,0,0,0,2,0,1,0,1,2,1,1,1,2,1,1,2,1,0,1,1,2,1,0,0,2,1,1,0,0,1,0,2,0,2,2,1,1,2,0,0,2,0,0,0,0,1,2,1,0,2,1,1
71_2,0,0:0.02/2:0.98,0:0.11/2:0.89,0,0,0:0.11/2:0.89,0,0,0,0,0,0,0,0,0,0,0:0.11/2:0.89,0,0,0:0.02/2:0.98,0,0,0,0,0,0,0:0.02/1:0.98,0:0.11/2:0.89,0,0,0:0.02/2:0.98,0:0.02/1:0.98,0,0:0.02/2:0.98,0,0,0,0:0.11/2:0.89,0:0.02/1:0.98,0,0:0.11/1:0.89,0,0:0.02/2:0.98,0,0,0,0,0,0,0,0,0:0.02/2:0.98,0:0.11/1:0.89,0,0:0.02/2:0.98,0,0,0:0.02/2:0.98,0:0.02/1:0.98,0:0.02/2:0.98,0:0.02/2:0.98,0:0.02/2:0.98,0:0.11/1:0.89,0,0:0.02/2:0.98,0:0.11/2:0.89,0,0,0:0.11/1:0.89,0:0.11/2:0.89,0:0.11/1:0.89,0:0.02/1:0.98,0,0,0:0.02/2:0.98,0:0.11/1:0.89,0:0.02/2:0.98,0,0:0.02/2:0.98,0:0.02/2:0.98,0,0,0,0,0:0.02/1:0.98,0,0:0.02/1:0.98,0,0,0,0:0.11/2:0.89,0,0,0,0,0,0,0,0,0:0.02/1:0.98,0:0.11/1:0.89,0:0.02/1:0.98,0:0.02/1:0.98,0:0.11/1:0.89,0:0.02/2:0.98,0:0.02/1:0.98,0,0,0,0,0,0:0.11/2:0.89,0,0:0.02/1:0.98,0,0,0:0.02/2:0.98,0,0:0.02/2:0.98,0:0.02/2:0.98,0,0:0.02/2:0.98,0:0.11/2:0.89,0,0:0.02/2:0.98,0,0:0.02/2:0.98,0,0,0:0.02/1:0.98,0:0.02/2:0.98,0,0:0.02/2:0.98,0:0.11/2:0.89,0:0.02/2:0.98,0:0.02/2:0.98,0:0.02/1:0.98,0,0,0:0.11/2:0.89,0:0.02/2:0.98,0:0.02/1:0.98,0,0,0,0:0.02/2:0.98,0:0.11/2:0.89,0,0,0:0.11/1:0.89,0:0.11/1:0.89,0:0.02/2:0.98,0,0:0.02/1:0.98,0,0:0.11/2:0.89,0:0.02/2:0.98,0:0.02/1:0.98,0:0.11/2:0.89,0:0.02/1:0.98,0,0,0,0:0.02/2:0.98,0:0.02/1:0.98,0:0.11/2:0.89,0,0,0,0:0.02/1:0.98,0,0,0,0:0.02/1:0.98,0:0.02/1:0.98,0,0,0:0.02/1:0.98,0,0:0.02/2:0.98,0:0.11/1:0.89,0:0.02/2:0.98,0,0:0.02/1:0.98,0:0.02/1:0.98,0,0,0:0.11/2:0.89,0,0,0:0.11/2:0.89,0,0:0.11/2:0.89,0,0:0.11/1:0.89,0,0,0:0.02/2:0.98,0:0.11/2:0.89,0
130_5,0:0.07/1:0.93,2,0:0.01/2:0.99,0,0,0:0.01/2:0.99,0,0,0,0,0:0.07/2:0.93,0,0,0,0:0.07/2:0.93,0,0:0.01/2:0.99,0:0.07/1:0.93,0,2,0,0,0:0.07/2:0.93,0,0:0.07/1:0.93,0,1,0:0.01/2:0.99,0,0:0.07/2:0.93,2,1,0,2,0:0.07/2:0.93,0:0.07/2:0.93,0,0:0.01/2:0.99,1,0,0:0.01/1:0.99,0,2,0,0:0.07/1:0.93,0,0:0.07/2:0.93,0,0:0.07/1:0.93,0,0,2,0:0.01/1:0.99,0,2,0,0,2,1,2,2,2,0:0.01/1:0.99,0:0.07/2:0.93,2,0:0.01/2:0.99,0,0,0:0.01/1:0.99,0:0.01/2:0.99,0:0.01/1:0.99,1,0,0:0.07/1:0.93,2,0:0.01/1:0.99,2,0,2,2,0,0,0,0,1,0:0.07/1:0.93,1,0,0,0:0.07/2:0.93,0:0.01/2:0.99,0,0:0.07/1:0.93,0,0,0:0.07/1:0.93,0,0:0.07/2:0.93,0,1,0:0.01/1:0.99,1,1,0:0.01/1:0.99,2,1,0:0.07/2:0.93,0,0,0,0,0:0.01/2:0.99,0,1,0,0,2,0,2,2,0,2,0:0.01/2:0.99,0,2,0,2,0,0,1,2,0,2,0:0.01/2:0.99,2,2,1,0,0,0:0.01/2:0.99,2,1,0,0,0,2,0:0.01/2:0.99,0:0.07/2:0.93,0,0:0.01/1:0.99,0:0.01/1:0.99,2,0,1,0,0:0.01/2:0.99,2,1,0:0.01/2:0.99,1,0,0,0,2,1,0:0.01/2:0.99,0,0,0:0.07/1:0.93,1,0,0,0,1,1,0:0.07/2:0.93,0,1,0,2,0:0.01/1:0.99,2,0:0.07/2:0.93,1,1,0:0.07/1:0.93,0,0:0.01/2:0.99,0:0.07/1:0.93,0,0:0.01/2:0.99,0,0:0.01/2:0.99,0,0:0.01/1:0.99,0:0.07/2:0.93,0,2,0:0.01/2:0.99,0:0.07/2:0.93
216_6,1,2,2,0,0,2,0,0,0,0,2,0,2,0,2,0,2,1,2,2,0,0,2,0,1,0,1,2,0,2,2,1,2,2,2,2,0,2,1,0,1,0,2,0,1,0,2,0,1,0,0,2,1,0,2,0,0,2,1,2,2,2,1,2,2,2,2,0,1,2,1,1,2,1,2,1,2,0,2,2,0,1,0,0,1,1,1,0,0,2,2,0,1,2,0,1,0,2,0,1,1,1,1,1,2,1,2,0,0,0,0,2,0,1,0,0,2,0,2,2,0,2,2,1,2,1,2,0,0,1,2,0,2,2,2,2,1,0,0,2,2,1,0,1,0,2,2,2,2,1,1,2,1,1,2,2,2,1,2,1,0,0,0,2,1,2,0,0,1,1,2,0,0,1,1,2,0,1,0,2,1,2,2,1,1,1,0,2,1,0,2,0,2,0,1,2,0,2,2,2
216_5,1,2,2,1,0,2,0,1,2,0,2,2,1,0,2,0,2,1,0,2,0,2,2,0,1,0,1,2,1,2,2,1,0,2,2,2,2,2,1,0,1,0,2,2,1,0,2,0,1,0,2,2,1,0,2,0,2,2,1,2,2,2,1,2,2,2,0,0,1,2,1,1,1,1,2,1,2,0,2,2,0,0,0,0,1,1,1,0,0,2,2,0,1,0,1,1,0,2,0,1,1,1,1,1,2,1,2,0,0,0,0,2,0,1,0,0,2,0,2,2,0,2,2,0,2,2,2,0,2,1,2,0,2,2,2,2,1,0,0,2,2,1,0,2,0,2,2,2,0,1,1,2,0,1,0,2,2,1,2,1,0,0,0,2,1,2,0,0,1,1,0,2,0,1,1,2,2,1,2,2,1,2,2,1,1,1,0,2,1,0,2,1,2,0,1,2,2,2,2,2
126_3,0,2,2,0,0,2,0:0.04/1:0.96,0:0.04/2:0.96,0,0,0:0.04/1:0.96,0,0:0.04/1:0.96,0,0,0,2,0:0.04/2:0.96,0:0.04/1:0.96,2,0:0.04/2:0.96,0:0.04/1:0.96,0,0,0,0,1,2,0:0.04/2:0.96,0,2,1,0,2,0,0,0,2,1,0,1,0,2,0,0,0,0:0.04/1:0.96,0,0,0:0.04/1:0.96,0,2,1,0,2,0,0,2,1,2,2,2,1,0,2,2,0,0,1,2,1,1,0:0.04/2:0.96,0,2,1,2,0,2,2,0,0,0:0.04/2:0.96,0:0.04/1:0.96,1,0,1,0,0,0,2,0:0.04/2:0.96,0,0,0,0,0,0,0,1,1,1,1,1,2,1,0,0,0,0,0:0.04/2:0.96,2,0,1,0:0.04/2:0.96,0,2,0,2,2,0,2,2,0,2,0:0.04/1:0.96,2,0,0:0.04/2:0.96,1,2,0:0.04/2:0.96,2,2,2,2,1,0,0,2,2,1,0,0,0:0.04/1:0.96,2,2,0,0:0.04/1:0.96,1,1,2,0,1,0,2,2,1,2,1,0,0,0,2,1,2,0,0,0:0.04/2:0.96,1,0,0,0,1,1,0,0:0.04/1:0.96,1,0:0.04/1:0.96,2,1,2,0,1,1,0,0:0.04/2:0.96,2,0,0,2,0:0.04/2:0.96,2,0,1,0:0.04/1:0.96,0:0.04/1:0.96,2,2,0
216_4,0,2,2,2,1,2,1,2,0,0,1,0,1,0,0,0,2,2,1,2,2,1,1,0,0,0,1,2,2,0,2,1,0,2,0,0,0,2,1,0,1,0,2,0,2,0,1,0,0,1,1,2,1,0,2,0,1,2,1,2,2,2,1,0,2,2,1,0,1,2,1,1,2,2,2,1,2,0,2,2,0,0,2,1,1,2,1,0,0,0,2,2,1,0,1,2,0,0,0,1,1,1,1,1,2,1,0,0,0,1,2,2,2,1,2,0,2,2,2,2,0,2,2,1,2,1,2,0,2,1,2,2,2,2,2,2,1,0,0,2,2,1,1,0,1,2,2,0,1,1,1,2,0,1,0,2,2,1,2,1,0,0,0,2,1,2,2,0,2,1,0,0,0,1,1,0,1,1,1,2,1,2,0,1,1,0,2,2,0,0,2,2,2,0,1,1,1,2,2,0
177_5,0,2,2,0,0,2,1,2,0,0,1,0,1,0,0,0,2,2,1,2,2,1,0,0,0,0,1,2,2,0:0.01/1:0.99,2,1,0,2,0,0,0:0.01/2:0.99,2,1,0,1,0,2,0,0,0:0.01/1:0.99,1,0,0,1,0,2,1,0,2,0,0,2,1,2,2,2,1,0,2,2,0,0:0.01/1:0.99,1,2,1,1,2,0,2,1,2,0,2,2,0,0,2,1,1,0,1,0,0:0.01/1:0.99,0:0.01/1:0.99,2,2,0,0,0:0.01/2:0.99,0,0,0,0,1,1,1,1,1,2,1,0,0,0,0,2,2,0,1,2,0,2,0,2,2,0,2,2,0:0.01/2:0.99,2,1,2,0,2,1,2,2,2,2,2,2,1,0,0,2,2,1,0,0,1,2,2,0,1,1,1,2,0,1,0,2,2,1,2,1,0,0,0:0.01/2:0.99,2,1,2,0,0,2,1,0,0,0,1,1,0,1,1,1,2,1,2,0,1,1,0,2,2,0,0,2,2,2,0:0.01/2:0.99,1,1,1,2,2,0
216_3,0,2,2,0,2,2,1,2,0,0,1,0,1,0,0,0,2,2,1,2,2,1,0,0,0,0,1,2,2,1,2,1,0,2,0,0,2,2,1,0,1,2,2,0,0,1,1,0,0,1,0,2,1,0,2,0,0,2,1,2,2,2,1,0,2,2,0,1,1,2,1,1,2,0,2,1,2,0,2,2,0,0,2,1,1,0,1,0,1,1,2,2,1,0,2,0,0,0,0,1,1,1,1,1,2,1,0,0,0,0,2,2,0,1,2,0,2,0,2,2,0,2,2,2,2,1,2,0,2,1,2,2,2,2,2,2,1,0,0,2,2,1,0,0,1,2,2,0,1,1,1,2,0,1,0,2,2,1,2,1,0,2,2,2,1,2,0,0,2,1,0,0,0,1,1,0,1,1,1,2,1,2,0,1,1,0,2,2,0,0,2,2,2,2,1,1,1,2,2,0
216_2,0,2,2,0,1,2,1,2,0,0,1,0,1,0,0,0,2,2,1,2,2,1,0,0,0,0,1,2,2,1,2,1,0,2,0,0,2,2,1,0,1,0,2,0,0,1,1,0,0,1,0,2,1,0,2,0,0,2,1,2,2,2,1,0,2,2,0,1,1,2,1,1,2,0,2,1,2,0,2,2,0,0,2,1,1,0,1,0,1,1,2,2,0,0,2,0,0,0,0,1,1,1,1,1,2,1,0,0,0,1,2,2,0,1,2,0,2,0,2,2,0,2,2,2,2,1,2,0,2,1,2,2,2,2,2,2,1,0,0,2,2,1,0,0,1,2,2,0,1,1,1,2,0,1,0,2,2,1,2,1,0,0,2,2,1,2,0,0,2,1,0,0,0,1,1,0,1,1,1,2,1,2,0,1,1,0,2,2,0,0,2,2,2,2,1,1,1,2,2,0
