[&R] (((((((216_42:0,216_43:0)194_29:4.158,(216_40:0,216_41:0)200_33:0.158)155_17:0.005,((216_44:0,216_45:0)196_33:1.262,(216_46:0,216_47:0)196_34:1.262)155_18:2.901)109_9:0.968,(((216_32:0,216_33:0)202_30:0,(216_34:0,216_35:0)203_32:0)162_15:0,((216_36:0,216_37:0)204_34:0,(216_38:0,216_39:0)204_35:0)162_16:0)112_9:1.131)64_7:1.25,(((216_26:0,216_27:0)196_21:1.458,(216_24:0,216_25:0)197_20:1.458)151_10:3.659,((216_20:0,216_21:0)194_16:0,(216_22:0,216_23:0)198_19:0)154_9:3.117)107_5:2.264)18_2:0.68,((((216_12:0,216_13:0)201_10:0,(216_10:0,216_11:0)207_9:0)167_5:3.107,216_17:3.107)120_3:4.95,(216_3:7.04,216_4:5.04)194_3:0.017)20_1:0.003)virtual:1.939)I0;
I0,0,0,0,0,0,0,0,0,0,0
virtual,0,0,0,0,0:0.03/2:0.97,0:0.03/1:0.97,0,0,0,0
20_1,0,0,0,0,0:0.03/2:0.97,0:0.03/1:0.97,0,0,0,0
194_3,0,0,0,0:0.98/2:0.02,0:0.03/2:0.97,0:0.03/1:0.97,0,0,0,0
216_4,2,2,2,2,2,1,2,0,0,0
216_3,0,1,1,2,2,1,1,2,2,1
120_3,0:0.18/2:0.82,0:0.18/1:0.82,0,0:0.18/1:0.82,0:0.01/2:0.99,0:0.01/1:0.99,0:0.18/2:0.82,0,0:0.18/2:0.82,0:0.18/1:0.82
216_17,2,1,2,1,2,1,2,2,2,1
167_5,2,1,1,1,2,1,2,1,2,1
207_9,2,1,1,1,2,1,2,1,2,1
216_11,2,1,1,1,2,1,2,1,2,1
216_10,2,1,1,1,2,1,2,1,2,1
201_10,2,1,1,1,2,1,2,1,2,1
216_13,2,1,1,1,2,1,2,1,2,1
216_12,2,1,1,1,2,1,2,1,2,1
18_2,0,0,0:0.36/1:0.64,0,0:0.01/2:0.99,0:0.01/1:0.99,0,0,0,0
107_5,0:0.33/2:0.67,0,0:0.12/1:0.88,0,2,1,0,0:0.33/2:0.67,0,0:0.33/1:0.67
154_9,2,1,1,0,2,1,1,2,0,1
198_19,2,1,1,0,2,1,1,2,0,1
216_23,2,1,1,0,2,1,1,2,0,1
216_22,2,1,1,0,2,1,1,2,0,1
194_16,2,1,1,0,2,1,1,2,0,1
216_21,2,1,1,0,2,1,1,2,0,1
216_20,2,1,1,0,2,1,1,2,0,1
151_10,0:0.04/2:0.96,0,0:0.01/1:0.99,0:0.11/2:0.89,2,1,0:0.11/2:0.89,0:0.04/2:0.96,0:0.11/2:0.89,0:0.04/1:0.96
197_20,2,2,1,2,2,1,2,2,2,1
216_25,2,2,1,2,2,1,2,2,2,1
216_24,2,2,1,2,2,1,2,2,2,1
196_21,2,1,1,2,2,1,2,2,2,1
216_27,2,1,1,2,2,1,2,2,2,1
216_26,2,1,1,2,2,1,2,2,2,1
64_7,0,0,0:0.03/1:0.97,0:0.09/2:0.91,2,1,0,0,0,0
112_9,0,0,1,2,2,1,1,0,0,0
162_16,0,0,1,2,2,1,1,0,0,0
204_35,0,0,1,2,2,1,1,0,0,0
216_39,0,0,1,2,2,1,1,0,0,0
216_38,0,0,1,2,2,1,1,0,0,0
204_34,0,0,1,2,2,1,1,0,0,0
216_37,0,0,1,2,2,1,1,0,0,0
216_36,0,0,1,2,2,1,1,0,0,0
162_15,0,0,1,2,2,1,1,0,0,0
203_32,0,0,1,2,2,1,1,0,0,0
216_35,0,0,1,2,2,1,1,0,0,0
216_34,0,0,1,2,2,1,1,0,0,0
202_30,0,0,1,2,2,1,1,0,0,0
216_33,0,0,1,2,2,1,1,0,0,0
216_32,0,0,1,2,2,1,1,0,0,0
109_9,0,0:0.14/1:0.86,1,0:0.01/2:0.99,2,1,0,0,0,0
155_18,0,0:0.01/1:0.99,1,2,2,1,0,0:0.08/2:0.92,0:0.08/2:0.92,0:0.08/1:0.92
196_34,0,1,1,2,2,1,2,2,2,1
216_47,0,1,1,2,2,1,2,2,2,1
216_46,0,1,1,2,2,1,2,2,2,1
196_33,0,1,1,2,2,1,1,2,2,1
216_45,0,1,1,2,2,1,1,2,2,1
216_44,0,1,1,2,2,1,1,2,2,1
155_17,0,0:0.14/1:0.86,1,0:0.01/2:0.99,2,1,0,0,0,0
200_33,0,1,1,2,2,1,0,0,0,0
216_41,0,1,1,2,2,1,0,0,0,0
216_40,0,1,1,2,2,1,0,0,0,0
194_29,0,1,1,2,2,1,1,2,2,1
216_43,0,1,1,2,2,1,1,2,2,1
216_42,0,1,1,2,2,1,1,2,2,1
