[&R] (((((216_9:0,216_11:0)166_4:0,((216_5:0,216_6:0)204_5:0,(216_7:0,216_8:0)213_7:0)168_3:0)118_2:2.155,((216_1:2.002,216_2:0.002)178_1:0.001,216_3:0.003)124_1:1.152)66_1:2.845,(((216_17:1.001,216_18:0.001)193_11:0.001,216_19:0.002)131_6:1.176,((216_15:0,216_16:0)215_15:0.475,216_13:3.475)134_5:0.703)72_3:5.822)8_1:0)I0;
I0,0,0,0,0,0,0,0,0,0,0
8_1,0,0,0,0,0,0,0,0,0,0
72_3,0,0:0.03/2:0.97,0:0.03/1:0.97,0:0.03/1:0.97,0,0:0.03/1:0.97,0,0,0:0.03/2:0.97,0:0.03/1:0.97
134_5,0,0:0.01/2:0.99,0:0.01/1:0.99,0:0.01/1:0.99,0,0:0.01/1:0.99,0:0.4/1:0.6,0,0:0.01/2:0.99,0:0.01/1:0.99
216_13,1,2,1,1,2,1,1,1,2,1
215_15,0,2,1,1,0,1,1,0,2,1
216_16,0,2,1,1,0,1,1,0,2,1
216_15,0,2,1,1,0,1,1,0,2,1
131_6,0,2,1,1,1,1,0,0,2,1
216_19,0,2,1,1,1,1,0,0,2,1
193_11,0,2,1,1,1,1,0,0,2,1
216_18,0,2,1,1,1,1,0,0,2,1
216_17,2,2,1,1,1,1,0,0,2,1
66_1,0,0,0:0.05/2:0.95,0,0:0.05/2:0.95,0:0.05/2:0.95,0,0,0,0
124_1,0,0,2,0,2,2,0,0,1,0
216_3,0,0,2,0,2,2,0,0,1,0
178_1,0,0,2,0,2,2,0,0,1,0
216_2,0,0,2,0,2,2,0,0,1,0
216_1,0,0,2,1,2,2,2,0,1,0
118_2,0,1,2,2,2,2,0,0,0,0
168_3,0,1,2,2,2,2,0,0,0,0
213_7,0,1,2,2,2,2,0,0,0,0
216_8,0,1,2,2,2,2,0,0,0,0
216_7,0,1,2,2,2,2,0,0,0,0
204_5,0,1,2,2,2,2,0,0,0,0
216_6,0,1,2,2,2,2,0,0,0,0
216_5,0,1,2,2,2,2,0,0,0,0
166_4,0,1,2,2,2,2,0,0,0,0
216_11,0,1,2,2,2,2,0,0,0,0
216_9,0,1,2,2,2,2,0,0,0,0
