[&R] (((((216_9:0.226,216_11:2.226)166_4:2.868,((216_5:0,216_6:0)204_5:1.158,(216_7:0,216_8:0)213_7:1.158)168_3:1.937)118_2:0.006,((216_1:0.049,216_2:1.049)178_1:1.12,216_3:1.169)124_1:1.931)66_1:2.052,(((216_17:0,216_18:0)193_11:3.034,216_19:4.034)131_6:1.589,((216_15:0,216_16:0)215_15:1.414,216_13:2.414)134_5:3.209)72_3:0.529)8_1:1.848)I0;
I0,0,0,0,0,0,0,0,0,0,0
8_1,0,0,0:0.08/1:0.92,0,0,0:0.08/1:0.92,0,0,0,0
72_3,0,0,0:0.04/1:0.96,0,0:0.54/2:0.46,0:0.04/1:0.96,0,0,0,0
134_5,0,0:0.11/1:0.89,1,0,0:0.06/2:0.94,1,0:0.11/2:0.89,0,0,0:0.11/2:0.89
216_13,2,1,1,2,2,1,2,0,0,2
215_15,0,1,1,0,2,1,2,2,0,2
216_16,0,1,1,0,2,1,2,2,0,2
216_15,0,1,1,0,2,1,2,2,0,2
131_6,0:0.39/1:0.61,0,0:0.02/1:0.98,0,0:0.21/2:0.79,0:0.02/1:0.98,0,0:0.39/2:0.61,0,0
216_19,1,2,1,0,2,1,0,2,1,2
193_11,1,1,1,0,2,1,1,2,0,0
216_18,1,1,1,0,2,1,1,2,0,0
216_17,1,1,1,0,2,1,1,2,0,0
66_1,0:0.05/1:0.95,0,1,0,0,1,0,0,0,0:0.05/1:0.95
124_1,1,0,1,0:0.08/1:0.92,0:0.08/2:0.92,1,0,0,0,1
216_3,1,0,1,1,2,1,0,0,1,1
178_1,1,0:0.04/1:0.96,1,1,2,1,0,0,0,1
216_2,1,1,1,1,2,1,0,1,0,1
216_1,1,1,1,1,2,1,0,0,0,1
118_2,0:0.04/1:0.96,0,1,0,0,1,0,0,0,0:0.04/1:0.96
168_3,1,0,1,0:0.08/2:0.92,0,1,0,0,0:0.08/1:0.92,1
213_7,1,2,1,2,0,1,0,0,1,1
216_8,1,2,1,2,0,1,0,0,1,1
216_7,1,2,1,2,0,1,0,0,1,1
204_5,1,1,1,2,0,1,0,0,1,1
216_6,1,1,1,2,0,1,0,0,1,1
216_5,1,1,1,2,0,1,0,0,1,1
166_4,1,0,1,0:0.07/1:0.93,0,1,0:0.07/2:0.93,0:0.07/2:0.93,0,1
216_11,1,0,1,1,2,1,2,2,2,1
216_9,1,0,1,1,0,1,2,2,0,1
