[&R] (((((216_9:0,216_11:0)166_4:0.002,((216_5:0,216_6:0)204_5:1.001,(216_7:0,216_8:0)213_7:0.001)168_3:0.001)118_2:4.887,((216_1:2.733,216_2:2.733)178_1:0.457,216_3:1.19)124_1:2.699)66_1:2.111,(((216_17:0,216_18:0)193_11:0.045,216_19:3.045)131_6:0.002,((216_15:0,216_16:0)215_15:1.366,216_13:2.366)134_5:1.682)72_3:3.952)8_1:0)I0;
I0,0,0,0,0,0,0,0,0,0,0
8_1,0,0,0,0,0,0,0,0,0,0
72_3,0,0,0,0,0:0.01/2:0.99,0:0.01/2:0.99,0:0.01/2:0.99,0:0.01/1:0.99,0,0
134_5,0,0,0:0.18/1:0.82,0:0.18/1:0.82,2,2,2,1,0,0
216_13,0,2,1,1,2,2,2,1,0,2
215_15,0,0,1,1,2,2,2,1,1,0
216_16,0,0,1,1,2,2,2,1,1,0
216_15,0,0,1,1,2,2,2,1,1,0
131_6,0,0,0,0,0:0.01/2:0.99,0:0.01/2:0.99,0:0.01/2:0.99,0:0.01/1:0.99,0,0
216_19,1,2,0,0,2,2,2,1,0,2
193_11,0,0,0,0,2,2,2,1,0,0
216_18,0,0,0,0,2,2,2,1,0,0
216_17,0,0,0,0,2,2,2,1,0,0
66_1,0:0.3/2:0.7,0,0:0.3/1:0.7,0:0.3/1:0.7,0,0,0,0,0,0
124_1,0:0.02/2:0.98,0,0:0.02/1:0.98,0:0.02/1:0.98,0,0,0,0:0.07/2:0.93,0:0.07/1:0.93,0
216_3,2,0,1,1,0,0,1,2,1,0
178_1,0:0.01/2:0.99,0,0:0.01/1:0.99,0:0.01/1:0.99,0:0.62/1:0.38,0,0,0:0.04/2:0.96,0:0.04/1:0.96,0
216_2,2,2,1,1,1,0,0,2,1,1
216_1,2,1,1,1,1,1,0,2,1,0
118_2,2,0,1,1,2,2,0,0,2,1
168_3,2,0,1,1,2,2,0,0,2,1
213_7,2,0,1,1,2,2,0,0,2,1
216_8,2,0,1,1,2,2,0,0,2,1
216_7,2,0,1,1,2,2,0,0,2,1
204_5,2,0,1,1,2,2,1,0,2,1
216_6,2,0,1,1,2,2,1,0,2,1
216_5,2,0,1,1,2,2,1,0,2,1
166_4,2,0,1,1,2,2,0,0,2,1
216_11,2,0,1,1,2,2,0,0,2,1
216_9,2,0,1,1,2,2,0,0,2,1
