[&R] (((((216_9:0,216_11:0)166_4:0.083,((216_5:0,216_6:0)204_5:0.07,(216_7:0,216_8:0)213_7:1.07)168_3:1.013)118_2:2.537,((216_1:0,216_2:0)178_1:2.617,216_3:1.617)124_1:2.003)66_1:4.38,(((216_17:0.081,216_18:1.081)193_11:1.477,216_19:2.558)131_6:2.067,((216_15:0,216_16:0)215_15:1.231,216_13:1.231)134_5:2.394)72_3:4.374)8_1:0)I0;
I0,0,0,0,0,0,0,0,0,0,0
8_1,0,0,0,0,0,0,0,0,0,0
72_3,0:0.13/1:0.87,0:0.13/2:0.87,0,0,0:0.13/1:0.87,0,0:0.13/1:0.87,0:0.13/1:0.87,0,0
134_5,0:0.01/1:0.99,0:0.01/2:0.99,0:0.09/2:0.91,0,0:0.01/1:0.99,0,0:0.01/1:0.99,0:0.01/1:0.99,0,0:0.09/1:0.91
216_13,1,2,2,1,1,0,1,1,0,1
215_15,1,2,2,0,1,2,1,1,0,1
216_16,1,2,2,0,1,2,1,1,0,1
216_15,1,2,2,0,1,2,1,1,0,1
131_6,0:0.03/1:0.97,0:0.03/2:0.97,0,0,0:0.03/1:0.97,0,0:0.03/1:0.97,0:0.03/1:0.97,0:0.21/1:0.79,0:0.21/2:0.79
216_19,1,2,0,1,1,1,1,1,1,2
193_11,1,2,0,0:0.05/2:0.95,1,0,1,1,0:0.01/1:0.99,0:0.01/2:0.99
216_18,1,2,0,2,1,2,1,1,1,2
216_17,1,2,0,2,1,0,1,1,1,2
66_1,0,0,0,0:0.12/2:0.88,0,0:0.12/2:0.88,0:0.12/2:0.88,0,0:0.12/2:0.88,0:0.12/1:0.88
124_1,0,0:0.24/2:0.76,0,0:0.03/2:0.97,0:0.24/2:0.76,0:0.03/2:0.97,0:0.03/2:0.97,0,0:0.03/2:0.97,0:0.03/1:0.97
216_3,0,2,2,2,2,2,2,0,2,1
178_1,0,2,1,2,2,2,2,2,2,1
216_2,0,2,1,2,2,2,2,2,2,1
216_1,0,2,1,2,2,2,2,2,2,1
118_2,0:0.03/1:0.97,0,0,2,0:0.03/1:0.97,2,2,0,2,1
168_3,1,0:0.06/1:0.94,0,2,1,2,2,0,2,1
213_7,1,1,2,2,1,2,2,0,2,1
216_8,1,1,2,2,1,2,2,0,2,1
216_7,1,1,2,2,1,2,2,0,2,1
204_5,1,1,0,2,1,2,2,0,2,1
216_6,1,1,0,2,1,2,2,0,2,1
216_5,1,1,0,2,1,2,2,0,2,1
166_4,1,0,0,2,1,2,2,0,2,1
216_11,1,0,0,2,1,2,2,0,2,1
216_9,1,0,0,2,1,2,2,0,2,1
