[&R] (((((216_9:8.359,216_11:6.359)166_4:15.522,((216_5:1.016,216_6:2.016)204_5:9.435,(216_7:0.001,216_8:0.001)213_7:7.451)168_3:9.43)118_2:35.086,((216_1:7.335,216_2:8.335)178_1:9.805,216_3:22.14)124_1:25.827)66_1:74.285,(((216_17:4.122,216_18:4.122)193_11:14.295,216_19:16.417)131_6:37.617,((216_15:0.001,216_16:0.001)215_15:22.083,216_13:17.084)134_5:28.95)72_3:78.218)8_1:0.748)I0;
I0,0,0,0,0,0,0,0,0,0,0,0,0,0,0,0,0,0,0,0,0,0,0,0,0,0,0,0,0,0,0,0,0,0,0,0,0,0,0,0,0,0,0,0,0,0,0,0,0,0,0,0,0,0,0,0,0,0,0,0,0,0,0,0,0,0,0,0,0,0,0,0,0,0,0,0,0,0,0,0,0,0,0,0,0,0,0,0,0,0,0,0,0,0,0,0,0,0,0,0,0,0,0,0,0,0,0,0,0,0,0,0,0,0,0,0,0,0,0,0,0,0,0,0,0,0,0,0,0,0,0,0,0,0,0,0,0,0,0,0,0,0,0,0,0,0,0,0,0,0,0,0,0,0,0,0,0,0,0,0,0,0,0,0,0,0,0,0,0,0,0,0,0,0,0,0,0,0,0,0,0,0,0,0,0,0,0,0,0,0,0,0,0,0,0,0,0,0,0,0,0
8_1,0,0,0,0,0,0,0,0,0,0,0,0,0,0,0,0:0.94/1:0.06,0,0,0,0,0,0,0,0,0,0,0,0,0,0,0,0,0,0,0,0,0,0,0,0,0,0,0,0,0,0:0.94/1:0.06,0,0,0,0,0,0,0,0,0,0,0,0,0,0:0.94/2:0.06,0,0,0,0,0,0,0,0,0,0:0.94/1:0.06,0,0,0,0,0,0,0,0:0.94/1:0.06,0,0:0.94/2:0.06,0,0,0,0,0:0.94/1:0.06,0,0,0,0,0,0,0,0,0,0,0,0,0,0,0,0,0,0,0,0,0,0,0,0,0,0,0,0,0:0.94/1:0.06,0,0,0,0,0,0,0,0,0:0.94/1:0.06,0,0,0,0,0:0.94/2:0.06,0,0,0,0,0,0,0,0,0,0,0,0,0,0,0,0,0,0,0,0,0,0,0,0,0,0,0,0,0,0,0,0,0,0:0.94/2:0.06,0,0,0,0,0,0,0,0,0,0,0,0,0,0,0,0,0:0.94/2:0.06,0,0,0,0,0,0,0,0,0,0,0,0,0,0,0,0,0,0:0.94/2:0.06,0,0,0
72_3,0,0:0.06/2:0.94,0,0,0,0,0,0,0,0:0.06/1:0.94,0,0,0,0:0.06/1:0.94,0,0:0.06/1:0.94,0,0:0.06/2:0.94,0:0.06/1:0.94,0:0.06/1:0.94,0:0.06/2:0.94,0,0:0.06/2:0.94,0:0.06/1:0.94,0,0,0,0,0,0,0,0,0:0.06/1:0.94,0,0,0:0.06/1:0.94,0,0,0,0:0.06/2:0.94,0:0.06/2:0.94,0:0.06/1:0.94,0:0.06/1:0.94,0,0,0:0.06/1:0.94,0,0,0:0.06/1:0.94,0,0,0,0,0,0:0.06/1:0.94,0:0.06/2:0.94,0,0,0:0.06/1:0.94,0:0.06/2:0.94,0:0.06/1:0.94,0,0,0,0,0,0:0.06/1:0.94,0:0.06/1:0.94,0,0:0.06/1:0.94,0,0,0,0,0,0:0.06/1:0.94,0:0.06/2:0.94,0:0.06/1:0.94,0:0.06/1:0.94,0:0.06/2:0.94,0:0.06/1:0.94,0:0.06/2:0.94,0,0,0:0.06/1:0.94,0,0,0,0,0:0.06/1:0.94,0,0:0.06/2:0.94,0:0.06/2:0.94,0:0.06/2:0.94,0,0,0,0:0.06/2:0.94,0:0.06/2:0.94,0,0:0.06/2:0.94,0,0,0,0,0,0:0.06/1:0.94,0,0:0.06/2:0.94,0,0,0,0:0.06/1:0.94,0:0.06/1:0.94,0,0:0.06/1:0.94,0,0:0.06/1:0.94,0:0.06/1:0.94,0:0.06/2:0.94,0,0:0.06/1:0.94,0:0.06/1:0.94,0,0:0.06/2:0.94,0,0,0:0.06/2:0.94,0,0:0.06/1:0.94,0:0.06/2:0.94,0,0,0:0.06/1:0.94,0:0.06/2:0.94,0,0,0,0,0,0:0.06/2:0.94,0,0,0,0,0,0,0:0.06/1:0.94,0,0:0.06/1:0.94,0:0.06/1:0.94,0,0,0:0.06/2:0.94,0,0,0,0,0,0,0:0.06/1:0.94,0:0.06/2:0.94,0,0,0,0:0.06/2:0.94,0:0.06/2:0.94,0:0.06/2:0.94,0:0.06/2:0.94,0,0,0,0,0:0.06/1:0.94,0:0.06/2:0.94,0:0.06/1:0.94,0,0:0.06/1:0.94,0:0.06/2:0.94,0,0:0.06/2:0.94,0:0.06/2:0.94,0,0:0.06/2:0.94,0,0:0.06/1:0.94,0:0.06/2:0.94,0,0,0,0:0.06/1:0.94,0,0,0:0.06/2:0.94,0:0.06/2:0.94,0,0:0.06/2:0.94,0:0.06/2:0.94,0,0:0.06/2:0.94
134_5,0,2,0,0,0,0:0.07/2:0.93,0,0,0:0.07/1:0.93,1,0,0,0:0.07/2:0.93,1,0,1,0,2,1,1,2,0,2,1,0:0.07/1:0.93,0:0.07/1:0.93,0,0,0:0.07/1:0.93,0,0:0.07/1:0.93,0,1,0,0:0.07/2:0.93,1,0,0:0.07/2:0.93,0,2,2,1,1,0,0,1,0,0,1,0:0.07/2:0.93,0,0,0,0,1,2,0,0,1,2,1,0,0,0,0,0:0.07/2:0.93,1,1,0,1,0,0,0,0,0,1,2,1,1,2,1,2,0:0.07/1:0.93,0,1,0,0,0,0,1,0,2,2,2,0,0,0,2,2,0,2,0,0,0,0:0.07/1:0.93,0,1,0:0.07/1:0.93,2,0:0.07/1:0.93,0,0,1,1,0,1,0,1,1,2,0:0.07/1:0.93,1,1,0,2,0,0:0.07/2:0.93,2,0,1,2,0:0.07/1:0.93,0:0.07/1:0.93,1,2,0,0,0:0.07/2:0.93,0,0,2,0,0,0,0:0.07/2:0.93,0,0,1,0,1,1,0,0,2,0,0,0:0.07/2:0.93,0,0,0:0.07/2:0.93,1,2,0,0,0,2,2,2,2,0,0,0,0:0.07/1:0.93,1,2,1,0,1,2,0,2,2,0,2,0,1,2,0,0:0.07/2:0.93,0:0.07/2:0.93,1,0,0,2,2,0,2,2,0,2
216_13,0,2,0,0,0,2,0,0,1,1,1,0,2,1,0,1,0,2,1,1,2,0,2,1,1,1,0,0,1,0,1,0,1,0,2,1,0,2,0,2,2,1,1,0,0,1,0,0,1,2,0,0,0,1,1,2,0,2,1,2,1,0,0,0,1,2,1,1,0,1,0,0,0,0,0,1,2,1,1,2,1,2,1,1,1,0,0,0,0,1,0,2,2,2,0,1,0,2,2,0,2,0,0,0,1,0,1,1,2,1,0,0,1,1,0,1,0,1,1,2,1,1,1,0,2,0,2,2,0,1,2,1,1,1,2,0,0,2,0,1,2,0,0,0,2,2,0,1,0,1,1,2,0,2,0,0,2,0,0,2,1,2,2,0,0,2,2,2,2,0,2,0,1,1,2,1,0,1,2,1,2,2,0,2,0,1,2,1,2,2,1,0,0,2,2,2,2,2,2,2
215_15,1,2,1,0,1,2,2,2,1,1,0,0,2,1,0,1,0,2,1,1,2,0,2,1,1,1,0,0,1,1,1,0,1,0,2,1,0,2,0,2,2,1,1,0,0,1,0,0,1,2,0,2,0,0,1,2,0,0,1,2,1,1,0,0,0,2,1,1,0,1,2,1,0,0,0,1,2,1,1,2,1,2,1,0,1,0,0,0,0,1,0,2,2,2,0,0,0,2,2,0,2,0,0,1,1,0,1,1,2,1,0,0,1,1,0,1,1,1,1,2,1,1,1,0,2,1,2,2,2,1,2,1,1,1,2,0,0,2,0,0,2,0,0,0,2,0,0,1,0,1,1,0,0,2,0,0,2,0,1,2,1,2,0,0,2,2,2,2,2,1,1,0,1,1,2,1,2,1,2,0,2,2,0,2,0,1,2,0,2,2,1,0,0,2,2,1,2,2,0,2
216_16,1,2,1,0,1,2,2,2,1,1,0,0,2,1,0,1,0,2,1,1,2,0,2,1,1,1,0,0,1,1,1,0,1,0,2,1,0,2,0,2,2,1,1,0,0,1,0,0,1,2,0,2,0,0,1,2,0,0,1,2,1,1,0,0,0,2,1,1,0,1,2,1,0,0,0,1,2,1,1,2,1,2,1,0,1,0,0,0,0,1,0,2,2,2,0,0,0,2,2,0,2,0,0,1,1,0,1,1,2,1,0,0,1,1,0,1,1,1,1,2,1,1,1,0,2,1,2,2,2,1,2,1,1,1,2,0,0,2,0,0,2,0,0,0,2,0,0,1,0,1,1,0,0,2,0,0,2,0,1,2,1,2,0,0,2,2,2,2,2,1,1,0,1,1,2,1,2,1,2,0,2,2,0,2,0,1,2,0,2,2,1,0,0,2,2,1,2,2,0,2
216_15,1,2,1,0,1,2,2,2,1,1,0,0,2,1,0,1,0,2,1,1,2,0,2,1,1,1,0,0,1,1,1,0,1,0,2,1,0,2,0,2,2,1,1,0,0,1,0,0,1,2,0,2,0,0,1,2,0,0,1,2,1,1,0,0,0,2,1,1,0,1,2,1,0,0,0,1,2,1,1,2,1,2,1,0,1,0,0,0,0,1,0,2,2,2,0,0,0,2,2,0,2,0,0,1,1,0,1,1,2,1,0,0,1,1,0,1,1,1,1,2,1,1,1,0,2,1,2,2,2,1,2,1,1,1,2,0,0,2,0,0,2,0,0,0,2,0,0,1,0,1,1,0,0,2,0,0,2,0,1,2,1,2,0,0,2,2,2,2,2,1,1,0,1,1,2,1,2,1,2,0,2,2,0,2,0,1,2,0,2,2,1,0,0,2,2,1,2,2,0,2
131_6,0,2,0:0.04/1:0.96,0,0,0:0.04/1:0.96,0,0,0:0.04/2:0.96,1,0,0,0:0.04/1:0.96,1,0:0.04/1:0.96,1,0,2,1,1,2,0,2,1,0:0.04/2:0.96,0,0:0.04/1:0.96,0:0.04/1:0.96,0,0,0,0,1,0:0.04/2:0.96,0,1,0:0.04/2:0.96,0,0,2,2,1,1,0,0,1,0,0,1,0,0,0,0:0.04/2:0.96,0,1,2,0,0,1,2,1,0:0.04/1:0.96,0,0,0,0,1,1,0:0.04/1:0.96,1,0,0,0,0:0.04/1:0.96,0,1,2,1,1,2,1,2,0,0,1,0,0,0:0.04/2:0.96,0,1,0:0.04/1:0.96,2,2,2,0:0.04/2:0.96,0:0.04/1:0.96,0,2,2,0,2,0,0,0:0.04/2:0.96,0,0:0.04/2:0.96,1,0,2,0:0.04/2:0.96,0,0,1,1,0:0.04/1:0.96,1,0,1,1,2,0:0.04/2:0.96,1,1,0,2,0,0,2,0,1,2,0:0.04/2:0.96,0,1,2,0,0:0.04/1:0.96,0,0:0.04/1:0.96,0,2,0,0,0,0,0,0:0.04/2:0.96,1,0:0.04/1:0.96,1,1,0,0,2,0:0.04/2:0.96,0,0:0.04/1:0.96,0:0.04/1:0.96,0,0,1,2,0,0:0.04/1:0.96,0,2,2,2,2,0,0,0,0,1,2,1,0,1,2,0,2,2,0,2,0:0.04/1:0.96,1,2,0,0,0:0.04/1:0.96,1,0,0,2,2,0,2,2,0,2
216_19,0,2,1,0,0,1,2,0,2,1,0,0,1,1,1,1,0,2,1,1,2,0,2,1,2,0,1,1,0,0,0,0,1,2,0,1,2,0,2,2,2,1,1,0,1,1,0,1,1,0,0,0,2,0,1,2,0,0,1,2,1,1,0,0,0,2,1,1,1,1,0,2,0,1,0,1,2,1,1,2,1,2,1,0,1,0,0,2,0,1,1,2,2,2,2,1,1,2,2,0,2,0,0,2,1,2,1,2,2,2,0,0,1,1,1,1,0,1,1,2,2,1,1,0,2,0,0,2,0,1,2,2,0,1,2,0,1,0,1,2,2,0,0,0,0,0,2,1,1,1,1,0,0,2,2,0,1,1,0,0,1,2,1,1,1,2,2,2,2,0,0,0,0,1,2,1,0,1,2,0,2,2,0,2,1,1,2,0,0,1,1,2,2,2,2,0,2,2,0,2
193_11,0:0.01/1:0.99,2,1,0,0,1,0:0.01/1:0.99,0,2,1,0,0,1,1,1,1,0,2,1,1,2,0,2,1,2,0,1,1,0:0.01/2:0.99,0,0,0:0.01/2:0.99,1,2,0,1,2,0:0.01/1:0.99,0,2,2,1,1,0,0,1,0:0.01/2:0.99,0,1,0,0,0,2,0:0.01/1:0.99,1,2,0,0,1,2,1,1,0,0,0,0,1,1,1,1,0,0,0,1,0,1,2,1,1,2,1,2,0,0,1,0,0:0.01/2:0.99,2,0,1,1,2,2,2,2,1,0,2,2,0,2,0,0,2,0,2,1,0,2,2,0,0,1,1,1,1,0:0.01/1:0.99,1,1,2,2,1,1,0,2,0,0,2,0,1,2,2,0,1,2,0,1,0,1,0,2,0,0:0.01/2:0.99,0,0,0:0.01/2:0.99,2,1,1,1,1,0,0:0.01/2:0.99,2,2,0,1,1,0,0:0.01/1:0.99,1,2,0,1,0,2,2,2,2,0,0,0,0,1,2,1,0,1,2,0,2,2,0,2,1,1,2,0,0,1,1,0,0,2,2,0,2,2,0,2
216_18,1,2,1,0,0,1,1,0,2,1,0,0,1,1,1,1,0,2,1,1,2,0,2,1,2,0,1,1,2,0,0,2,1,2,0,1,2,1,2,2,2,1,1,0,0,1,2,0,1,0,0,0,2,1,1,2,0,0,1,2,1,1,0,0,0,0,1,1,1,1,0,0,0,1,0,1,2,1,1,2,1,2,0,0,1,0,2,2,0,1,1,2,2,2,2,1,0,2,2,0,2,0,0,2,0,2,1,0,2,2,1,0,1,1,1,1,1,1,1,2,2,1,1,0,2,1,2,2,0,1,2,2,0,1,2,0,1,0,1,0,2,0,2,0,0,2,2,1,1,1,1,0,2,2,2,0,1,1,0,1,1,2,0,1,0,2,2,2,2,0,0,0,0,1,2,1,0,1,2,0,2,2,0,2,1,1,2,0,0,1,1,0,0,2,2,0,2,2,0,2
216_17,1,2,1,0,0,1,1,0,2,1,0,0,1,1,1,1,0,2,1,1,2,0,2,1,2,0,1,1,2,0,0,2,1,2,0,1,2,1,0,2,2,1,1,0,0,1,2,0,1,0,0,0,2,1,1,2,0,0,1,2,1,1,0,0,0,0,1,1,1,1,0,0,0,1,0,1,2,1,1,2,1,2,0,0,1,0,2,2,0,1,1,2,2,2,2,1,0,2,2,0,2,0,0,2,0,2,1,0,2,2,0,0,1,1,1,1,1,1,1,2,2,1,1,0,2,0,0,2,1,1,2,2,0,1,2,0,1,0,1,0,2,0,2,0,0,2,2,1,1,1,1,0,2,2,2,0,1,1,0,1,1,2,0,1,0,2,2,2,2,0,2,0,0,1,2,1,0,1,2,0,2,2,0,2,1,1,2,0,0,1,1,1,0,2,2,2,2,2,0,2
66_1,0,0:0.05/1:0.95,0,0,0,0,0:0.05/1:0.95,0,0:0.05/2:0.95,0,0:0.05/1:0.95,0:0.05/1:0.95,0,0,0:0.05/2:0.95,0:0.05/1:0.95,0,0,0,0:0.05/2:0.95,0,0,0,0:0.05/2:0.95,0,0,0,0,0,0:0.05/2:0.95,0,0,0,0,0:0.05/1:0.95,0,0,0:0.05/2:0.95,0,0,0,0,0,0:0.05/1:0.95,0:0.05/1:0.95,0:0.05/1:0.95,0:0.05/2:0.95,0:0.05/2:0.95,0,0:0.05/1:0.95,0:0.05/2:0.95,0:0.05/1:0.95,0,0:0.05/2:0.95,0,0,0:0.05/1:0.95,0,0,0:0.05/2:0.95,0:0.05/2:0.95,0:0.05/2:0.95,0:0.05/1:0.95,0,0,0,0,0,0:0.05/2:0.95,0:0.05/1:0.95,0,0:0.05/1:0.95,0:0.05/1:0.95,0,0:0.05/2:0.95,0,0,0:0.05/1:0.95,0,0:0.05/2:0.95,0,0,0,0,0:0.05/1:0.95,0:0.05/2:0.95,0:0.05/2:0.95,0:0.05/1:0.95,0,0,0,0,0,0,0,0:0.05/2:0.95,0:0.05/2:0.95,0:0.05/1:0.95,0,0:0.05/1:0.95,0,0:0.05/1:0.95,0,0:0.05/1:0.95,0,0:0.05/2:0.95,0,0,0,0:0.05/2:0.95,0:0.05/1:0.95,0,0,0:0.05/1:0.95,0,0,0,0:0.05/2:0.95,0,0,0,0:0.05/2:0.95,0:0.05/1:0.95,0,0:0.05/1:0.95,0,0,0:0.05/2:0.95,0,0:0.05/2:0.95,0:0.05/1:0.95,0,0:0.05/1:0.95,0:0.05/2:0.95,0,0,0,0,0:0.05/2:0.95,0:0.05/1:0.95,0,0,0,0,0,0,0,0:0.05/2:0.95,0:0.05/2:0.95,0,0,0,0,0,0:0.05/2:0.95,0,0,0:0.05/2:0.95,0,0,0:0.05/2:0.95,0:0.05/2:0.95,0,0:0.05/1:0.95,0,0,0:0.05/1:0.95,0,0,0,0:0.05/1:0.95,0:0.05/1:0.95,0,0,0,0,0:0.05/2:0.95,0,0:0.05/2:0.95,0:0.05/2:0.95,0,0:0.05/1:0.95,0:0.05/1:0.95,0:0.05/1:0.95,0,0:0.05/2:0.95,0,0:0.05/1:0.95,0:0.05/1:0.95,0,0,0,0,0:0.05/1:0.95,0,0,0:0.05/2:0.95,0,0,0
124_1,0,1,0,0,0,0,1,0,2,0,1,1,0,0,2,1,0,0,0,2,0,0,0,2,0,0,0,0,0,2,0,0:0.04/2:0.96,0:0.04/1:0.96,0,1,0,0:0.04/2:0.96,2,0,0,0:0.04/1:0.96,0:0.04/2:0.96,0,1,1,1,2,2,0,1,2,1,0,2,0,0,1,0:0.04/2:0.96,0,2,2,2,1,0,0,0,0,0,2,1,0,1,1,0,2,0,0,1,0,2,0,0,0,0:0.04/2:0.96,1,2,2,1,0,0,0,0,0,0,0:0.04/1:0.96,2,2,1,0:0.04/2:0.96,1,0,1,0,1,0:0.04/2:0.96,2,0,0,0,2,1,0,0,1,0,0:0.04/2:0.96,0:0.04/1:0.96,2,0:0.04/2:0.96,0,0,2,1,0,1,0,0,2,0,2,1,0,1,2,0,0,0,0:0.04/2:0.96,2,1,0,0:0.04/1:0.96,0,0:0.04/2:0.96,0,0:0.04/2:0.96,0:0.04/1:0.96,2,2,0,0,0,0,0,2,0,0,2,0,0,2,2,0,1,0:0.04/1:0.96,0,1,0,0,0:0.04/1:0.96,1,1,0,0:0.04/2:0.96,0,0,2,0,2,2,0,1,1,1,0:0.04/1:0.96,2,0,1,1,0,0,0,0,1,0,0,2,0:0.04/1:0.96,0,0
216_3,0,1,2,0,0,2,1,0,2,2,1,1,0,0,2,1,0,0,0,2,1,0,0,2,0,2,0,0,0,2,1,2,1,0,1,1,2,2,0,0,1,2,0,1,1,1,2,2,1,1,2,1,0,2,1,0,1,2,2,2,2,2,1,1,0,0,0,0,2,1,0,1,1,0,2,0,0,1,1,2,0,0,0,2,1,2,2,1,0,0,0,0,0,1,1,2,2,1,2,1,0,1,0,1,2,2,1,1,0,2,1,0,0,1,0,2,1,2,2,0,0,2,1,0,1,0,0,2,1,2,1,0,1,2,2,0,0,2,2,1,0,1,0,2,2,2,1,2,2,0,0,0,0,0,2,0,0,2,2,0,2,2,0,1,1,0,1,0,0,1,1,1,0,2,0,0,2,0,2,2,2,1,1,1,1,2,0,1,1,0,0,0,0,1,0,0,2,1,2,0
178_1,0,1,0,0,0:0.03/1:0.97,0,1,0,2,0,1,1,0,0,2,1,0,0,0,2,0,0,0,2,0:0.03/1:0.97,0,0,0,0,2,0,2,1,0,1,0,2,2,0,0,1,2,0:0.03/2:0.97,1,1,1,2,2,0,1,2,1,0,2,0,0,1,2,0,2,2,2,1,0,0,0,0,0,2,1,0,1,1,0,2,0,0,1,0,2,0,0,0,2,1,2,2,1,0,0,0,0,0,0,1,2,2,1,2,1,0,1,0:0.03/2:0.97,1,2,2,0,0,0,2,1,0,0,1,0,2,1,2,2,0,0,2,1,0,1,0,0,2,0,2,1,0,1,2,0,0,0,2,2,1,0,1,0,2,0,2,1,2,2,0,0,0,0,0,2,0,0,2,0,0,2,2,0,1,1,0,1,0:0.03/2:0.97,0:0.03/1:0.97,1,1,1,0,2,0:0.03/1:0.97,0,2,0:0.03/1:0.97,2,2,0,1,1,1,1,2,0:0.03/2:0.97,1,1,0,0,0,0,1,0,0,2,1,0,0
216_2,0,1,0,0,1,0,1,0,2,0,1,1,0,0,2,1,0,0,0,2,0,0,0,2,1,0,0,0,0,2,0,2,1,0,1,0,2,2,0,0,1,2,2,1,1,1,2,2,0,1,2,1,0,2,0,0,1,2,0,2,2,2,1,2,0,2,0,0,2,1,0,1,1,0,2,1,0,1,0,2,0,0,0,2,1,2,2,1,0,1,0,0,0,0,1,2,2,1,2,1,0,1,2,1,2,2,0,0,0,2,1,0,0,1,0,2,1,2,2,0,0,2,1,0,1,1,0,2,1,2,1,0,1,2,0,0,0,2,2,1,0,1,0,2,0,2,1,2,2,1,0,0,0,0,2,0,0,2,0,0,2,2,0,1,1,0,1,2,1,1,1,1,0,2,1,0,2,1,2,2,0,1,1,1,1,2,2,1,1,0,0,0,0,1,0,0,2,1,0,2
216_1,0,1,0,0,1,0,1,0,2,0,1,1,0,0,2,1,0,0,0,2,1,0,0,2,1,0,0,1,1,2,0,2,1,0,1,0,2,2,0,0,1,2,2,1,1,1,2,2,0,1,2,1,0,2,0,0,1,2,0,2,2,2,1,0,0,0,0,0,2,1,0,1,1,0,2,0,0,1,1,2,0,0,0,2,1,2,2,1,0,0,0,0,0,0,1,2,2,1,2,1,0,1,2,1,2,2,0,0,0,2,1,0,0,1,0,2,1,2,2,0,0,2,1,0,1,0,1,2,0,2,1,0,1,2,0,0,0,2,2,1,0,1,0,2,0,2,1,2,2,0,0,0,0,0,2,0,0,2,0,0,2,2,2,1,1,0,1,2,1,1,1,1,0,2,1,0,2,1,2,2,2,1,1,1,1,2,2,1,1,0,0,0,0,1,0,0,2,1,0,0
118_2,0,1,0,0:0.02/2:0.98,0,0,1,0:0.02/2:0.98,2,0,1,1,0:0.02/1:0.98,0:0.02/1:0.98,2,1,0,0,0:0.02/1:0.98,2,0,0:0.02/1:0.98,0,2,0,0,0,0,0,2,0:0.02/2:0.98,0,0,0:0.02/1:0.98,1,0,0,2,0:0.02/1:0.98,0,0,0,0,1,1,1,2,2,0:0.02/2:0.98,1,2,1,0,2,0,0:0.02/2:0.98,1,0,0,2,2,2,1,0,0,0,0,0:0.02/2:0.98,2,1,0,1,1,0,2,0:0.02/2:0.98,0,1,0,2,0:0.02/1:0.98,0:0.02/2:0.98,0,0,1,2,2,1,0:0.02/1:0.98,0,0:0.02/2:0.98,0,0,0,0,2,2,1,0,1,0,1,0:0.02/1:0.98,1,0:0.02/1:0.98,2,0,0,0,2,1,0:0.02/2:0.98,0:0.02/2:0.98,1,0,0,0,2,0,0,0:0.02/1:0.98,2,1,0:0.02/2:0.98,1,0,0,2,0,2,1,0,1,2,0,0:0.02/2:0.98,0,0,2,1,0,0,0,0,0:0.02/2:0.98,0,0,2,2,0:0.02/1:0.98,0,0,0,0,2,0,0,2,0,0,2,2,0:0.02/2:0.98,1,0:0.02/2:0.98,0,1,0,0,0,1,1,0,0,0:0.02/2:0.98,0,2,0,2,2,0:0.02/2:0.98,1,1,1,0,2,0,1,1,0,0,0,0:0.02/1:0.98,1,0:0.02/2:0.98,0,2,0,0,0
168_3,0,1,0:0.05/2:0.95,2,0,0,1,2,2,0:0.05/2:0.95,1,1,1,1,2,1,0:0.05/2:0.95,0,1,2,0,1,0,2,0:0.05/1:0.95,0:0.05/1:0.95,0,0,0,2,2,0,0,1,1,0,0,2,1,0,0,0,0,1,1,1,2,2,2,1,2,1,0,2,0,2,1,0,0:0.05/2:0.95,2,2,2,1,0,0,0,0,2,2,1,0,1,1,0,2,2,0,1,0,2,1,2,0,0,1,2,2,1,1,0,2,0,0,0,0,2,2,1,0,1,0,1,1,1,1,2,0,0,0,2,1,2,2,1,0,0,0,2,0,0,1,2,1,2,1,0,0,2,0,2,1,0:0.05/2:0.95,1,2,0,2,0,0,2,1,0,0,0,0:0.05/2:0.95,2,0,0,2,2,1,0,0,0,0,2,0,0,2,0,0,2,2,2,1,2,0,1,0,0,0,1,1,0,0:0.05/2:0.95,2,0,2,0,2,2,2,1,1,1,0,2,0,1,1,0,0,0,1,1,2,0,2,0,0,0
213_7,0,1,2,2,0,1,1,2,2,2,1,1,1,1,2,1,2,0,1,2,0,1,0,2,1,1,0,0,0,2,2,0,0,1,1,0,1,2,1,2,0,0,0,1,1,1,2,2,2,1,2,1,0,2,2,2,1,0,2,2,2,2,1,0,0,0,0,2,2,1,0,1,1,0,2,2,0,1,0,2,1,2,0,0,1,2,2,1,1,2,2,0,0,0,0,2,2,1,0,1,0,1,1,1,1,2,0,0,0,2,1,2,2,1,0,0,0,2,0,0,1,2,1,2,1,0,0,2,0,2,1,2,1,2,0,2,0,0,2,1,0,0,0,2,2,0,0,2,2,1,0,0,0,0,2,0,0,2,0,0,2,2,2,1,2,0,1,0,0,1,1,1,0,2,2,0,2,0,2,2,2,1,1,1,0,2,2,1,1,0,0,0,1,1,2,0,2,0,0,0
216_8,0,1,2,2,0,1,1,2,2,2,1,1,1,1,2,1,2,0,1,2,0,1,0,2,1,1,0,0,0,2,2,0,0,1,1,0,1,2,1,2,0,0,0,1,1,1,2,2,2,1,2,1,0,2,2,2,1,0,2,2,2,2,1,0,0,0,0,2,2,1,0,1,1,0,2,2,0,1,0,2,1,2,0,0,1,2,2,1,1,2,2,0,0,0,0,2,2,1,0,1,0,1,1,1,1,2,0,0,0,2,1,2,2,1,0,0,0,2,0,0,1,2,1,2,1,0,0,2,0,2,1,2,1,2,0,2,0,0,2,1,0,0,0,2,2,0,0,2,2,1,0,0,0,0,2,0,0,2,0,0,2,2,2,1,2,0,1,0,0,1,1,1,0,2,2,0,2,0,2,2,2,1,1,1,0,2,2,1,1,0,0,0,1,1,2,0,2,0,0,0
216_7,0,1,2,2,0,1,1,2,2,2,1,1,1,1,2,1,2,0,1,2,0,1,0,2,1,1,0,0,0,2,2,0,0,1,1,0,1,2,1,2,0,0,0,1,1,1,2,2,2,1,2,1,0,2,2,2,1,0,2,2,2,2,1,0,0,0,0,2,2,1,0,1,1,0,2,2,0,1,0,2,1,2,0,0,1,2,2,1,1,2,2,0,0,0,0,2,2,1,0,1,0,1,1,1,1,2,0,0,0,2,1,2,2,1,0,0,0,2,0,0,1,2,1,2,1,0,0,2,0,2,1,2,1,2,0,2,0,0,2,1,0,0,0,2,2,0,0,2,2,1,0,0,0,0,2,0,0,2,0,0,2,2,2,1,2,0,1,0,0,1,1,1,0,2,2,0,2,0,2,2,2,1,1,1,0,2,2,1,1,0,0,0,1,1,2,0,2,0,0,0
204_5,0,1,2,2,0,0,1,2,2,2,1,1,1,1,2,1,2,0,1,2,0,1,0,2,1,1,0,0,0,2,2,2,0,1,1,0,0,2,1,0,0,0,0,1,1,1,2,2,2,1,2,1,0,2,0,2,1,0,2,2,2,2,1,0,0,1,0,2,2,1,2,1,1,0,2,2,1,1,0,2,1,2,0,0,1,2,2,1,1,0,2,2,2,0,0,2,2,1,0,1,0,1,1,1,1,2,0,0,0,2,1,2,2,1,0,0,0,2,0,0,1,2,1,2,1,0,0,2,1,2,1,2,1,2,0,2,0,0,2,1,0,0,0,2,2,0,0,2,2,1,0,0,0,0,2,0,0,2,0,0,2,2,2,1,2,0,1,0,0,0,1,1,0,2,2,0,2,1,2,2,2,1,1,1,0,2,0,1,1,0,0,0,1,1,2,1,2,0,0,0
216_6,0,1,2,2,0,0,1,2,2,2,1,1,1,1,2,1,2,0,1,2,0,1,0,2,1,1,0,0,0,2,2,2,0,1,1,0,0,2,1,0,0,0,0,1,1,1,2,2,2,1,2,1,0,2,0,2,1,0,2,2,2,2,1,0,0,1,0,2,2,1,2,1,1,0,2,2,1,1,0,2,1,2,0,0,1,2,2,1,1,0,2,2,2,0,0,2,2,1,0,1,0,1,1,1,1,2,0,0,0,2,1,2,2,1,0,0,0,2,0,0,1,2,1,2,1,0,0,2,1,2,1,2,1,2,0,2,0,1,2,1,0,0,0,2,2,0,0,2,2,1,0,0,0,0,2,0,0,2,0,0,2,2,2,1,2,0,1,0,0,0,1,1,1,2,2,0,2,1,2,2,2,1,1,1,0,2,0,1,1,0,0,0,1,1,2,1,2,0,0,0
216_5,0,1,2,2,0,0,1,2,2,2,1,1,1,1,2,1,2,0,1,2,0,1,0,2,1,1,0,0,0,2,2,2,0,1,1,0,2,2,1,0,0,0,0,1,1,1,2,2,2,1,2,1,0,2,0,2,1,0,2,2,2,2,1,0,0,1,0,2,2,1,2,1,1,0,2,2,1,1,0,2,1,2,0,0,1,2,2,1,1,0,2,2,2,0,0,2,2,1,0,1,0,1,1,1,1,2,0,0,0,2,1,2,2,1,0,0,0,2,0,0,1,2,1,2,1,0,0,2,1,2,1,2,1,2,0,2,0,0,2,1,0,0,0,2,2,0,0,2,2,1,0,0,0,0,2,0,0,2,0,0,2,2,2,1,2,0,1,0,0,0,1,1,0,2,2,0,2,1,2,2,2,1,1,1,0,2,0,1,1,0,0,0,1,1,2,1,2,0,0,0
166_4,0,1,0,2,0,0,1,2,2,0:0.02/1:0.98,1,1,1,1,2,1,0,0,1,2,0,1,0,2,0,0,0:0.02/2:0.98,0,0,2,2,0,0,1,1,0,0,2,1,0,0,0,0,1,1,1,2,2,2,1,2,1,0:0.02/2:0.98,2,0,2,1,0:0.02/2:0.98,0,2,2,2,1,0,0,0,0,2,2,1,0,1,1,0,2,2,0:0.02/2:0.98,1,0,2,1,2,0,0:0.02/1:0.98,1,2,2,1,1,0,2,0,0,0,0,2,2,1,0:0.02/1:0.98,1,0,1,1,1,1,2,0,0,0,2,1,2,2,1,0,0,0:0.02/1:0.98,2,0,0,1,2,1,2,1,0,0:0.02/1:0.98,2,0,2,1,0,1,2,0,2,0,0,2,1,0:0.02/1:0.98,0,0:0.02/2:0.98,0,2,0,0,2,2,1,0:0.02/2:0.98,0,0,0,2,0,0,2,0,0,2,2,2,1,2,0,1,0:0.02/2:0.98,0:0.02/1:0.98,0,1,1,0,0,2,0,2,0,2,2,2,1,1,1,0,2,0,1,1,0,0,0,1,1,2,0,2,0:0.02/2:0.98,0,0
216_11,0,1,0,2,0,0,1,2,2,1,1,1,1,1,2,1,0,0,1,2,0,1,0,2,0,0,2,0,0,2,2,0,0,1,1,0,0,2,1,0,0,0,0,1,1,1,2,2,2,1,2,1,2,2,0,2,1,2,0,2,2,2,1,0,0,0,2,2,2,1,0,1,1,1,2,2,2,1,0,2,1,2,0,1,1,2,2,1,1,0,2,1,0,2,0,2,2,1,1,1,0,1,1,1,1,2,0,0,0,2,1,2,2,1,0,0,1,2,0,0,1,2,1,2,1,0,1,2,0,2,1,0,1,2,0,2,0,2,2,1,1,0,2,0,2,2,0,2,2,1,2,0,0,0,2,0,0,2,0,0,2,2,2,1,2,0,1,2,1,0,1,1,0,0,2,0,2,0,2,2,2,1,1,1,0,2,0,1,1,0,0,0,1,1,2,0,2,2,0,0
216_9,0,1,0,2,0,0,1,2,2,1,1,1,1,1,2,1,0,2,1,2,0,1,1,2,0,0,2,0,0,2,2,0,0,1,1,0,0,2,1,1,0,0,0,1,1,1,2,2,2,1,2,1,2,2,0,2,1,2,0,2,2,2,1,0,0,0,0,2,2,1,0,1,1,0,2,2,2,1,0,2,1,2,0,1,1,2,2,1,1,0,2,0,0,0,0,2,2,1,1,1,0,1,1,1,1,2,0,0,0,2,1,2,2,1,0,0,1,2,0,0,1,2,1,2,1,0,1,2,0,2,1,1,1,2,0,2,0,1,2,1,1,0,2,0,2,0,0,2,2,1,2,0,0,0,2,1,0,2,0,1,2,2,2,1,2,0,1,2,1,0,1,1,0,0,2,0,2,0,2,2,2,1,1,1,0,2,0,1,1,1,0,0,1,1,2,0,2,2,0,0
