[&R] (((((216_7:1.128,216_8:1.128)176_4:0.93,(216_5:0,216_6:0)179_3:4.058)122_2:0.002,((216_3:2.076,216_4:4.076)185_2:0.463,216_2:3.54)127_1:0.521)70_1:4.939,(((216_11:1.121,216_12:1.121)187_9:0.886,(216_9:1.007,216_10:1.007)192_8:0.001)135_5:1.163,(216_13:2.308,216_14:1.308)190_11:1.863)81_3:2.829)24_1:0)I0;
I0,0,0,0,0,0,0,0,0,0,0
24_1,0,0,0,0,0,0,0,0,0,0
81_3,0,0,0:0.06/2:0.94,0,0,0:0.06/2:0.94,0,0,0:0.06/1:0.94,0
190_11,0,0,0:0.01/2:0.99,0,0,0:0.01/2:0.99,0:0.14/1:0.86,0:0.14/1:0.86,0:0.01/1:0.99,0
216_14,0,0,2,0,2,2,1,1,1,0
216_13,1,0,2,0,1,2,1,1,1,0
135_5,0,0,2,0,0,2,0,0:0.01/2:0.99,1,0
192_8,0,0,2,0,0,2,0,0:0.01/2:0.99,1,0
216_10,0,2,2,0,0,2,0,2,1,0
216_9,1,0,2,0,0,2,0,2,1,0
187_9,0,0,2,0,0,2,0:0.12/2:0.88,2,1,0
216_12,2,0,2,0,0,2,2,2,1,0
216_11,0,0,2,2,0,2,2,2,1,0
70_1,0:0.01/1:0.99,0,0,0:0.01/2:0.99,0,0,0:0.01/2:0.99,0:0.01/2:0.99,0,0:0.01/1:0.99
127_1,0:0.01/1:0.99,0,0,0:0.01/2:0.99,0,0,0:0.01/2:0.99,0:0.01/2:0.99,0:0.51/1:0.49,0:0.01/1:0.99
216_2,1,0,2,2,2,1,2,2,1,1
185_2,1,0,0:0.7/1:0.3,2,0,0,2,2,0:0.36/1:0.64,1
216_4,1,2,1,2,1,1,2,2,1,1
216_3,1,1,1,2,0,0,2,2,1,1
122_2,0:0.01/1:0.99,0,0,0:0.01/2:0.99,0,0,0:0.01/2:0.99,0:0.01/2:0.99,0,0:0.01/1:0.99
179_3,1,1,1,2,0,1,2,2,1,1
216_6,1,1,1,2,0,1,2,2,1,1
216_5,1,1,1,2,0,1,2,2,1,1
176_4,1,0,0,2,0:0.12/2:0.88,0,2,2,0,1
216_8,1,1,0,2,2,0,2,2,0,1
216_7,1,0,2,2,2,0,2,2,0,1
