1.742969305058623
2.1115298562313365
2.2537949288246137
1.8971199848858813
1.4696759700589417
0.7985076962177716
0.7444404749474959
0.5978370007556204
0.5533852381847867
1.3664917338237108
1.3314177508940563
1.666596326274049
0.7386095546367026
1.221672381425337
0.616186139423817
0.8888917576860407
1.252762968495368
0.8770700187208739
1.2347444629926898
1.0173868487455238
1.1198896871153945
1.2729656758128873
1.540445040947149
1.3093333199837622
0.6443570163905132
1.0159205728229963
1.9310215365615626
1.0296194171811581
1.3862943611198906
0.7519876805828788
0.6931471805599453
1.0498221244986778
0.7550225842780328
0.7156200364120039
1.8672670217362002
1.8971199848858813
1.0216512475319814
1.0033021088637848
1.0704414117014134
0.5533852381847867
0.7911275889201491
1.157452788691043
0.7519876805828788
1.5553706911638245
1.0498221244986778
1.0340737675305385
1.2957803535790586
1.1239300966523995
0.8209805520698302
1.4759065198095778
1.1239300966523995
0.8362480242006186
0.37889808072344255
1.3682758556172123
1.491654876777717
1.2039728043259361
1.8399615710459327
0.7270487322356266
1.5716975844512533
1.9661128563728327
2.4203681286504293
1.417546904623995
1.4046434997880872
1.7764919970972666
1.2378743560016174
2.0402208285265546
0.916290731874155
2.5902671654458267
4.0943445622221
1.6094379124341003
3.912023005428146
1.3643154544011153
1.3470736479666092
2.995732273553991
1.666596326274049
1.129864832172214
0.35667494393873245
0.916290731874155
2.5902671654458267
3.6888794541139363
1.7994815153219654
0.7862376036259573
2.3025850929940455
1.791759469228055
1.5170645923030852
1.529395204760564
1.3862943611198906
1.3217558399823195
4.007333185232471
1.4793847841859027
2.5538995212749516
2.70805020110221
1.1786549963416462
0.8556661100577202
0.5679840376059393
1.0033021088637848
1.8325814637483102
1.4642559025896025
1.8545603704670852
1.6268296551459696
1.8777018990287797
1.6433394641097818
1.6288559982912019
1.8672670217362002
1.491654876777717
1.6094379124341003
