[&R] (((((((216_22:0,216_23:0)214_22:0,216_24:0)171_12:5.271,(216_25:2.259,216_26:5.259)176_14:0.013)131_7:0.729,((216_27:5,216_28:1)173_15:0,(216_29:1,216_30:5)179_19:0)131_8:0)84_4:0,(((216_20:0,216_21:0)177_11:2.412,(216_18:1.141,216_19:1.141)184_10:2.271)134_6:0.85,216_17:3.262)91_3:0.738)42_2:0,((((216_1:1.015,216_2:1.015)195_1:0.003,(216_3:0,216_4:0)202_3:1.018)147_1:0.99,((216_5:1.004,216_6:2.004)193_3:0,(216_7:1.04,216_8:0.04)200_6:1.965)153_3:0.003)95_1:2.992,(((216_11:1.124,216_12:1.124)201_9:0.891,(216_9:2.013,216_10:0.013)206_9:0.002)151_4:2.985,((216_15:2,216_16:2)193_8:0,216_14:4)151_5:0)104_3:0)51_1:0)virtual:2)I0;
I0,0,0,0,0,0,0,0,0,0,0
virtual,0,1,0,0,0,0,1,0,0,0
51_1,0,1,0,0,0,0,1,0,0,0
104_3,0,1,0,0,0,0,1,0,0,0
151_5,0,1,0,0,0,0,1,0,0,0
216_14,1,1,1,1,0,0,1,0,0,1
193_8,0,1,0,0,0,0,1,0,0,0
216_16,2,1,0,0,1,0,1,0,0,0
216_15,1,1,0,1,0,0,1,0,0,0
151_4,0:0.01/1:0.99,1,0:0.01/1:0.99,0:0.01/1:0.99,0,0,1,0,0,0
206_9,1,1,1,1,0,0,1,0,0,0
216_10,1,1,1,1,0,0,1,0,0,0
216_9,1,1,1,1,0,0,1,0,1,1
201_9,1,1,1,1,0,0,1,0,0,0:0.12/1:0.88
216_12,1,1,1,1,0,0,1,0,1,1
216_11,1,1,1,1,1,0,1,0,0,1
95_1,1,1,1,1,0,0,1,0,0,0
153_3,1,1,1,1,0,0,1,0,0,0
200_6,1,1,1,1,0,0,1,0,0:0.02/1:0.98,0:0.02/1:0.98
216_8,1,1,1,1,0,0,1,0,1,1
216_7,1,1,1,1,1,0,1,0,1,1
193_3,1,1,1,1,0,0,1,0,0,0
216_6,1,1,1,1,0,0,1,0,1,1
216_5,1,1,1,1,1,0,1,0,0,0
147_1,1,1,1,1,0,0,1,0,0,0:0.02/1:0.98
202_3,1,1,1,1,0,0,1,0,1,1
216_4,1,1,1,1,0,0,1,0,1,1
216_3,1,1,1,1,0,0,1,0,1,1
195_1,1,1,1,1,0,0,1,0,0,0:0.01/1:0.99
216_2,1,1,1,1,0,0,1,0,1,1
216_1,1,1,1,1,1,0,1,0,0,1
42_2,0,1,0,0,0,0,1,0,0,0
91_3,0:0.26/1:0.74,1,0,0,0,0,1,0,0,0
216_17,1,1,1,0,0,0,1,0,1,1
134_6,0:0.09/1:0.91,1,0,0:0.33/1:0.67,0,0,1,0,0,0
184_10,1,1,0,0:0.02/1:0.98,0,0,1,0,0:0.06/1:0.94,0:0.06/1:0.94
216_19,1,1,1,1,0,0,1,0,1,1
216_18,1,1,0,1,0,0,1,2,1,1
177_11,1,1,1,1,0,0,1,2,0,0
216_21,1,1,1,1,0,0,1,2,0,0
216_20,1,1,1,1,0,0,1,2,0,0
84_4,0,1,0,0,0,0,1,0,0,0
131_8,0,1,0,0,0,0,1,0,0,0
179_19,0,1,0,0,0,0,1,0,0,0
216_30,1,1,1,1,0,0,1,0,1,1
216_29,2,1,0,0,0,0,1,0,0,0
173_15,0,1,0,0,0,0,1,0,0,0
216_28,2,1,0,0,0,0,1,0,0,0
216_27,1,1,1,1,0,0,1,0,1,1
131_7,0,1,0,0:0.27/1:0.73,0,0,1,0,0,0
176_14,0,1,0,0:0.26/1:0.74,0,0,1,0,0,0
216_26,1,1,1,1,0,0,1,2,1,1
216_25,2,1,0,1,1,0,1,0,0,0
171_12,1,1,1,1,0,0,1,2,1,1
216_24,1,1,1,1,0,0,1,2,1,1
214_22,1,1,1,1,0,0,1,2,1,1
216_23,1,1,1,1,0,0,1,2,1,1
216_22,1,1,1,1,0,0,1,2,1,1
