[&R] ((((216_19:4.557,216_16:5.557)89_4:0.046,(216_12:0,216_13:0)176_10:5.603)46_2:2.397,(((216_10:0.036,216_11:1.036)157_6:2.181,(216_8:1.308,216_9:2.308)166_5:0.909)104_3:3.24,((216_1:1.011,216_2:1.011)201_1:0.001,(216_3:0.027,216_4:1.027)210_3:1.986)156_1:2.445)47_1:0.543)1_1:0)I0;
I0,0,0,0,0,0,0,0,0,0,0
1_1,0,0,0,0,0,0,0,0,0,0
47_1,0,0,0,0,0,0,0,0,0,0:0.46/2:0.54
156_1,0,0,0,0,0,0,0:0.01/1:0.99,0,0:0.01/2:0.99,2
210_3,0,0:0.01/1:0.99,0,0,0:0.01/1:0.99,0,1,0,2,2
216_4,0,1,0,0,1,2,1,0,2,2
216_3,0,1,0,0,1,0,1,0,2,2
201_1,0,0,0,0,0,0,1,0,2,2
216_2,0,0,0,2,0,0,1,0,2,2
216_1,0,0,0,1,0,0,1,0,2,2
104_3,0,0,0,0:0.06/2:0.94,0:0.06/1:0.94,0:0.06/2:0.94,0,0,0,0:0.03/2:0.97
166_5,0,0,0,0:0.02/2:0.98,0:0.02/1:0.98,0:0.02/2:0.98,0,0:0.25/1:0.75,0,0:0.01/2:0.99
216_9,0,0,2,2,1,2,0,1,2,2
216_8,2,0,0,2,1,2,0,1,0,2
157_6,0:0.02/2:0.98,0,0:0.02/2:0.98,2,1,2,0,0,0,2
216_11,2,0,2,2,1,2,0,0,1,2
216_10,2,0,2,2,1,2,0,0,0,2
46_2,0,0,0,0,0,0:0.2/2:0.8,0,0:0.2/2:0.8,0:0.2/1:0.8,0
176_10,0,1,0,1,2,2,2,2,1,1
216_13,0,1,0,1,2,2,2,2,1,1
216_12,0,1,0,1,2,2,2,2,1,1
89_4,0:0.97/1:0.03,0,0,0,0,0:0.2/2:0.8,0,0:0.2/2:0.8,0:0.2/1:0.8,0
216_16,1,1,2,0,1,2,1,2,1,0
216_19,1,0,0,2,0,2,2,2,1,1
