[&R] (((((((216_16:0.037,216_17:1.037)205_16:2.983,216_19:0.02)152_6:0.002,((216_14:0,216_15:0)201_12:2.125,216_13:0.126)155_5:0.897)106_4:2.02,(((216_5:1.174,216_6:1.174)197_3:2.121,(216_7:0.035,216_8:1.035)200_6:1.26)162_3:0.817,((216_11:0,216_12:0)203_10:2.043,(216_9:0.007,216_10:1.007)207_9:0.035)162_4:1.071)115_3:1.929)70_3:0.009,((216_1:0,216_2:0)198_1:0,(216_3:0,216_4:0)200_3:0)156_1:2.051)31_1:1.949,(((216_20:0,216_21:0)197_12:1.157,(216_22:0,216_23:0)200_16:1.157)148_7:3.844,((216_24:0.001,216_25:1.001)200_17:0.001,216_26:0.001)147_9:4)34_3:1.998)virtual:0)I0;
I0,0,0,0,0,0,0,0,0,0,0
virtual,0,0,0,0,0,0,0,0,0,0
34_3,0,0,0,0,0:0.33/1:0.67,0:0.33/2:0.67,0,0:0.33/2:0.67,0,0
147_9,0,0,1,1,1,2,0,2,0,2
216_26,0,0,1,1,1,2,0,2,0,2
200_17,0,0,1,1,1,2,0,2,0,2
216_25,0,2,1,1,1,2,0,2,0,2
216_24,0,0,1,1,1,2,0,2,0,2
148_7,0,0,0,0:0.04/2:0.96,0:0.01/1:0.99,0:0.01/2:0.99,0,0:0.01/2:0.99,0:0.04/2:0.96,0:0.04/1:0.96
200_16,0,0,0,2,1,2,2,2,2,1
216_23,0,0,0,2,1,2,2,2,2,1
216_22,0,0,0,2,1,2,2,2,2,1
197_12,1,0,0,2,1,2,0,2,2,1
216_21,1,0,0,2,1,2,0,2,2,1
216_20,1,0,0,2,1,2,0,2,2,1
31_1,0:0.03/1:0.97,0,0,0,0,0,0,0,0:0.03/1:0.97,0
156_1,1,0,0,1,0,0,0,0,1,1
200_3,1,0,0,1,0,0,0,0,1,1
216_4,1,0,0,1,0,0,0,0,1,1
216_3,1,0,0,1,0,0,0,0,1,1
198_1,1,0,0,1,0,0,0,0,1,1
216_2,1,0,0,1,0,0,0,0,1,1
216_1,1,0,0,1,0,0,0,0,1,1
70_3,0:0.02/1:0.98,0,0,0,0,0,0,0,0:0.02/1:0.98,0
115_3,1,0,0,0,0,0,0:0.06/1:0.94,0:0.06/2:0.94,1,0
162_4,1,0,0,0:0.04/1:0.96,0,0,1,2,1,0
207_9,1,0,0,0:0.01/1:0.99,0,0,1,2,1,0
216_10,1,0,1,1,0,0,1,2,1,0
216_9,1,0,0,1,0,0,1,2,1,0
203_10,1,0,0,1,2,1,1,2,1,0
216_12,1,0,0,1,2,1,1,2,1,0
216_11,1,0,0,1,2,1,1,2,1,0
162_3,1,0,0,0,0,0:0.27/2:0.73,0:0.01/1:0.99,0:0.01/2:0.99,1,0
200_6,1,0,0,0,0:0.03/1:0.97,0:0.01/2:0.99,1,2,1,0
216_8,1,0,0,2,1,2,1,2,1,0
216_7,1,0,0,0,1,2,1,2,1,0
197_3,1,0,0,0,0:0.08/2:0.92,0:0.02/2:0.98,1,2,1,0:0.08/2:0.92
216_6,1,2,0,0,2,2,1,2,1,2
216_5,1,1,0,0,2,2,1,2,1,2
106_4,1,0,0,0:0.01/1:0.99,0,0,0:0.01/2:0.99,0,1,0
155_5,1,0,0,1,0,0,2,0:0.12/1:0.88,1,0
216_13,1,0,0,1,0,0,2,1,1,0
201_12,1,0,0,1,0,2,2,1,1,2
216_15,1,0,0,1,0,2,2,1,1,2
216_14,1,0,0,1,0,2,2,1,1,2
152_6,1,0,0,0:0.01/1:0.99,0,0,0:0.01/2:0.99,0,1,0
216_19,1,0,0,1,0,0,2,0,1,0
205_16,1,0:0.01/1:0.99,0:0.01/1:0.99,1,0,0,2,0:0.01/1:0.99,1,0
216_17,1,1,1,1,0,1,2,1,1,0
216_16,1,1,1,1,0,0,2,1,1,0
