cell,r1,r2,r3,r4,r5,r6,r7,r8,r9,r10
I0,0,0,0,0,0,0,0,0,0,0
I1,0,0,0,2,2,0,0,1,0,0
I2,0,2,0,2,2,1,0,1,0,0
216_26,1,2,0,2,2,1,0,1,2,0
I3,0,2,0,2,2,1,0,1,0,0
216_25,0,2,0,2,2,1,0,1,0,0
216_24,0,2,0,2,2,1,1,1,0,0
I4,2,0,2,2,2,1,1,1,0,0
I5,2,2,2,2,2,1,1,1,0,0
216_23,2,2,2,2,2,1,1,1,0,0
216_22,2,2,2,2,2,1,1,1,0,2
I6,2,0,2,2,2,1,1,1,0,2
216_21,2,0,2,2,2,1,1,1,2,2
216_20,2,1,2,2,2,1,1,1,0,2
I7,0,0,0,1,0,0,1,0,1,0
I8,1,0,0,1,2,2,1,1,1,2
I9,1,0,0,1,2,2,1,1,1,2
216_4,1,0,0,1,2,2,1,1,1,2
216_3,1,0,0,1,2,2,1,1,1,2
I10,1,0,0,1,2,2,1,1,1,2
216_2,1,0,1,1,2,2,1,1,1,2
216_1,1,0,0,1,2,2,1,1,1,2
I11,0,0,0,1,0,0,1,0,1,0
I12,0,1,0,1,0,0,1,0,1,0
I13,0,1,2,1,0,0,1,0,1,0
I14,1,1,2,1,1,2,1,0,1,0
216_10,1,1,2,1,1,2,1,0,1,2
216_9,1,1,2,1,1,2,1,0,1,0
I15,0,1,2,1,0,0,1,0,1,0
216_12,0,1,2,1,0,0,1,0,1,0
216_11,0,1,2,1,0,0,1,0,1,0
I16,0,1,0,1,0,0,1,2,1,0
I17,0,1,0,1,0,0,1,2,1,0
216_8,0,1,0,1,0,0,1,2,1,0
216_7,0,1,0,1,0,0,1,2,1,2
I18,0,1,0,1,0,0,1,2,1,2
216_6,0,1,0,1,0,0,1,2,1,2
216_5,0,1,0,1,0,0,1,2,1,2
I19,0,2,0,1,0,0,1,1,1,0
I20,2,2,0,1,0,0,1,1,1,0
216_13,2,2,0,1,0,0,1,1,1,0
I21,2,2,0,1,0,0,1,1,1,0
216_15,2,2,0,1,0,0,1,1,1,0
216_14,2,2,0,1,0,0,1,1,1,0
I22,0,2,2,1,0,0,1,1,1,0
216_19,0,2,2,1,1,0,1,1,1,0
I23,2,2,2,1,0,1,1,1,1,1
216_17,2,2,2,1,0,1,1,1,1,1
216_16,2,2,2,1,0,1,1,1,1,1
Evolve tree: [&R] ((((((216_16:11,216_17:11)I23:53,216_19:64)I22:46,((216_14:15,216_15:15)I21:46,216_13:61)I20:49)I19:36,(((216_5:19,216_6:19)I18:35,(216_7:16,216_8:16)I17:38)I16:47,((216_11:13,216_12:13)I15:41,(216_9:9,216_10:9)I14:45)I13:47)I12:45)I11:39,((216_1:18,216_2:18)I10:42,(216_3:16,216_4:16)I9:44)I8:125)I7:30,(((216_20:19,216_21:19)I6:49,(216_22:16,216_23:16)I5:52)I4:114,((216_24:16,216_25:16)I3:53,216_26:69)I2:113)I1:33)I0;