cell,r1,r2,r3,r4,r5,r6,r7,r8,r9,r10
I0,0,0,0,0,0,0,0,0,0,0
I1,0,0,0,0,1,0,0,2,0,0
I2,0,0,0,1,1,2,0,2,0,2
216_26,0,0,1,1,1,2,0,2,0,2
I3,0,0,1,1,1,2,0,2,0,2
216_25,0,2,1,1,1,2,0,2,0,2
216_24,0,0,1,1,1,2,0,2,0,2
I4,0,0,0,2,1,2,0,2,2,1
I5,0,0,0,2,1,2,2,2,2,1
216_23,0,0,0,2,1,2,2,2,2,1
216_22,0,0,0,2,1,2,2,2,2,1
I6,1,0,0,2,1,2,0,2,2,1
216_21,1,0,0,2,1,2,0,2,2,1
216_20,1,0,0,2,1,2,0,2,2,1
I7,1,0,0,0,0,0,0,0,1,0
I8,1,0,0,1,0,0,0,0,1,1
I9,1,0,0,1,0,0,0,0,1,1
216_4,1,0,0,1,0,0,0,0,1,1
216_3,1,0,0,1,0,0,0,0,1,1
I10,1,0,0,1,0,0,0,0,1,1
216_2,1,0,0,1,0,0,0,0,1,1
216_1,1,0,0,1,0,0,0,0,1,1
I11,1,0,0,0,0,0,0,0,1,0
I12,1,0,0,0,0,0,1,2,1,0
I13,1,0,0,1,0,0,1,2,1,0
I14,1,0,0,1,0,0,1,2,1,0
216_10,1,0,1,1,0,0,1,2,1,0
216_9,1,0,0,1,0,0,1,2,1,0
I15,1,0,0,1,2,1,1,2,1,0
216_12,1,0,0,1,2,1,1,2,1,0
216_11,1,0,0,1,2,1,1,2,1,0
I16,1,0,0,0,0,2,1,2,1,0
I17,1,0,0,0,1,2,1,2,1,0
216_8,1,0,0,2,1,2,1,2,1,0
216_7,1,0,0,0,1,2,1,2,1,0
I18,1,0,0,0,2,2,1,2,1,2
216_6,1,2,0,0,2,2,1,2,1,2
216_5,1,1,0,0,2,2,1,2,1,2
I19,1,0,0,0,0,0,2,0,1,0
I20,1,0,0,1,0,0,2,1,1,0
216_13,1,0,0,1,0,0,2,1,1,0
I21,1,0,0,1,0,2,2,1,1,2
216_15,1,0,0,1,0,2,2,1,1,2
216_14,1,0,0,1,0,2,2,1,1,2
I22,1,0,0,1,0,0,2,0,1,0
216_19,1,0,0,1,0,0,2,0,1,0
I23,1,1,1,1,0,0,2,1,1,0
216_17,1,1,1,1,0,1,2,1,1,0
216_16,1,1,1,1,0,0,2,1,1,0
Evolve tree: [&R] ((((((216_16:11,216_17:11)I23:53,216_19:64)I22:46,((216_14:15,216_15:15)I21:46,216_13:61)I20:49)I19:36,(((216_5:19,216_6:19)I18:35,(216_7:16,216_8:16)I17:38)I16:47,((216_11:13,216_12:13)I15:41,(216_9:9,216_10:9)I14:45)I13:47)I12:45)I11:39,((216_1:18,216_2:18)I10:42,(216_3:16,216_4:16)I9:44)I8:125)I7:30,(((216_20:19,216_21:19)I6:49,(216_22:16,216_23:16)I5:52)I4:114,((216_24:16,216_25:16)I3:53,216_26:69)I2:113)I1:33)I0;