[&R] ((((216_3:0.134,216_4:2.134)165_4:5.897,(216_5:3.03,216_6:2.03)167_5:0.001)95_3:0.008,(216_1:2.093,216_2:0.093)154_2:2.946)28_1:0.961)I0;
I0,0,0,0,0,0,0,0,0,0,0
28_1,0:0.04/2:0.96,0,0,0,0,0,0,0,0,0
154_2,2,0:0.03/2:0.97,0,0:0.03/2:0.97,0,0,0,0,0,0:0.03/1:0.97
216_2,2,2,0,2,0,0,0,0,0,1
216_1,2,2,0,2,2,1,0,0,0,1
95_3,0:0.03/2:0.97,0,0,0,0,0,0,0,0,0
167_5,0:0.03/2:0.97,0,0,0,0,0,0,0,0,0
216_6,2,0,2,0,0,0,0,0,0,1
216_5,2,1,0,0,0,0,0,0,1,2
165_4,2,0:0.02/2:0.98,0:0.02/2:0.98,0:0.02/1:0.98,0,0:0.02/1:0.98,0:0.02/2:0.98,0:0.02/2:0.98,0,0
216_4,2,2,2,1,0,1,2,2,2,1
216_3,2,2,2,1,0,1,2,2,0,0
