[&R] ((((((216_3:1,216_4:0)193_2:0,(216_1:0,216_2:1)206_1:0)142_1:4.062,(216_5:1.049,216_6:0.049)191_4:4.013)106_1:0.031,(((216_9:1.276,216_10:1.276)190_6:1.92,(216_7:0.012,216_8:1.012)196_8:0.184)152_5:2.555,((216_11:1.073,216_12:0.073)194_10:1.165,216_13:1.238)155_7:3.513)108_3:0.342)60_1:2.381,((216_19:1.02,216_20:0.02)186_11:1.264,(216_15:1.404,216_16:2.404)190_9:1.88)109_6:3.192)5_1:0.525)I0;
I0,0,0,0,0,0,0,0,0,0,0
5_1,0,0,0,0,0,0,0,0,0:0.47/1:0.53,0
109_6,0:0.08/2:0.92,0,0,0,0,0:0.08/1:0.92,0,0:0.08/2:0.92,0:0.04/1:0.96,0
190_9,0:0.01/2:0.99,0,0:0.18/1:0.82,0,0,0:0.01/1:0.99,0,0:0.01/2:0.99,0:0.01/1:0.99,0:0.18/2:0.82
216_16,2,0,1,1,1,1,0,2,1,2
216_15,2,1,1,0,0,1,0,2,1,2
186_11,2,0:0.02/1:0.98,0,0,0,1,0,2,1,0
216_20,2,1,0,0,0,1,0,2,1,0
216_19,2,1,0,0,0,1,2,2,1,0
60_1,0,0,0,0,0,0:0.04/2:0.96,0,0,0:0.02/1:0.98,0:0.04/2:0.96
108_3,0,0,0:0.69/2:0.31,0,0,0:0.03/2:0.97,0,0,0:0.01/1:0.99,0:0.03/2:0.97
155_7,0:0.06/2:0.94,0,0:0.04/2:0.96,0,0:0.06/2:0.94,2,0,0:0.06/2:0.94,1,2
216_13,2,1,2,0,2,2,0,2,1,2
194_10,2,0,2,0,2,2,0:0.06/2:0.94,2,1,2
216_12,2,0,2,0,2,2,2,2,1,2
216_11,2,2,2,0,2,2,2,2,1,2
152_5,0,0,0:0.05/2:0.95,0:0.07/2:0.93,0,2,0:0.07/1:0.93,0,1,2
196_8,0,0,2,2,0,2,1,0,1,2
216_8,0,2,2,2,0,2,1,0,1,2
216_7,0,0,2,2,0,2,1,0,1,2
190_6,0:0.13/2:0.87,0,0:0.01/2:0.99,0:0.01/2:0.99,0,2,0:0.01/1:0.99,0:0.13/2:0.87,1,2
216_10,2,0,2,2,2,2,1,2,1,2
216_9,2,1,2,2,0,2,1,2,1,2
106_1,0,0,0,0,0:0.97/1:0.03,0:0.04/2:0.96,0,0,0:0.02/1:0.98,0:0.04/2:0.96
191_4,0,0,0:0.01/2:0.99,0,0:0.01/1:0.99,2,0:0.01/1:0.99,0:0.01/2:0.99,1,2
216_6,0,0,2,0,1,2,1,2,1,2
216_5,0,2,2,0,1,2,1,2,1,2
142_1,0,1,1,2,1,2,0,0,1,2
206_1,0,1,1,2,1,2,0,0,1,2
216_2,1,1,1,2,1,2,0,0,1,2
216_1,0,1,1,2,1,2,0,0,1,2
193_2,0,1,1,2,1,2,0,0,1,2
216_4,0,1,1,2,1,2,0,0,1,2
216_3,0,1,1,2,1,2,1,0,1,2
