[&R] ((((((216_3:0,216_4:0)193_2:2.47,(216_1:0,216_2:0)206_1:1.47)142_1:0.691,(216_5:1.05,216_6:0.05)191_4:1.112)106_1:0.85,(((216_9:2.188,216_10:0.188)190_6:0.902,(216_7:0,216_8:0)196_8:0.09)152_5:0.915,((216_11:2,216_12:0)194_10:0,216_13:1)155_7:0.005)108_3:0.007)60_1:4.555,((216_19:0.001,216_20:1.001)186_11:0.001,(216_15:0,216_16:0)190_9:0.002)109_6:6.565)5_1:0.433)I0;
I0,0,0,0,0,0,0,0,0,0,0
5_1,0,0,0,0,0:0.78/1:0.22,0,0,0,0,0:0.78/1:0.22
109_6,2,0,1,0,1,1,1,2,0,1
190_9,2,0,1,0,1,1,1,2,0,1
216_16,2,0,1,0,1,1,1,2,0,1
216_15,2,0,1,0,1,1,1,2,0,1
186_11,2,0,1,0,1,1,1,2,0,1
216_20,2,1,1,0,1,1,1,2,0,1
216_19,2,0,1,0,1,1,1,2,0,1
60_1,0,2,0,0,1,0,0,1,1,1
108_3,0,2,0,0,1,0,0,1,1,1
155_7,0,2,0,0,1,0,0,1,1,1
216_13,1,2,0,0,1,0,0,1,1,1
194_10,0,2,0,0,1,0,0,1,1,1
216_12,0,2,0,0,1,0,0,1,1,1
216_11,2,2,0,0,1,0,2,1,1,1
152_5,0,2,0,0,1,0,0:0.09/1:0.91,1,1,1
196_8,0,2,0,0,1,0,1,1,1,1
216_8,0,2,0,0,1,0,1,1,1,1
216_7,0,2,0,0,1,0,1,1,1,1
190_6,0,2,0:0.17/1:0.83,0,1,0,0:0.02/1:0.98,1,1,1
216_10,0,2,1,0,1,0,1,1,1,1
216_9,0,2,1,1,1,2,1,1,1,1
106_1,0,2,0:0.16/1:0.84,0,1,0,0,1,1,1
191_4,0,2,0:0.01/1:0.99,0,1,0:0.04/2:0.96,0,1,1,1
216_6,0,2,1,0,1,2,0,1,1,1
216_5,0,2,1,0,1,2,1,1,1,1
142_1,0,2,0:0.06/1:0.94,0,1,0:0.41/1:0.59,0,1,1,1
206_1,1,2,1,0,1,1,0,1,1,1
216_2,1,2,1,0,1,1,0,1,1,1
216_1,1,2,1,0,1,1,0,1,1,1
193_2,0,2,1,2,1,1,2,1,1,1
216_4,0,2,1,2,1,1,2,1,1,1
216_3,0,2,1,2,1,1,2,1,1,1
