[&R] ((((((216_3:0,216_4:0)193_2:2.068,(216_1:0.01,216_2:1.01)206_1:0.059)142_1:1.422,(216_5:0,216_6:0)191_4:3.491)106_1:0.611,(((216_9:0,216_10:0)190_6:0.074,(216_7:0,216_8:0)196_8:1.074)152_5:3.417,((216_11:0,216_12:0)194_10:1.408,216_13:2.409)155_7:1.082)108_3:0.611)60_1:2.646,((216_19:0,216_20:0)186_11:3.826,(216_15:0,216_16:0)190_9:1.826)109_6:3.921)5_1:1.253)I0;
I0,0,0,0,0,0,0,0,0,0,0
5_1,0:0.37/1:0.63,0,0,0:0.37/1:0.63,0,0,0,0,0,0
109_6,0:0.07/1:0.93,0:0.17/1:0.83,0:0.17/1:0.83,0:0.07/1:0.93,0,0:0.17/2:0.83,0,0,0:0.17/1:0.83,0
190_9,1,1,1,1,0,2,0,0,1,1
216_16,1,1,1,1,0,2,0,0,1,1
216_15,1,1,1,1,0,2,0,0,1,1
186_11,1,1,1,1,2,2,1,0,1,2
216_20,1,1,1,1,2,2,1,0,1,2
216_19,1,1,1,1,2,2,1,0,1,2
60_1,0:0.01/1:0.99,0,0,0:0.01/1:0.99,0,0:0.04/1:0.96,0,0,0:0.04/2:0.96,0
108_3,0:0.01/1:0.99,0,0,0:0.01/1:0.99,0:0.45/2:0.55,0:0.02/1:0.98,0,0,0:0.02/2:0.98,0
155_7,1,0,0:0.27/2:0.73,1,0:0.12/2:0.88,1,0,0,2,0
216_13,1,2,2,1,2,1,0,1,2,0
194_10,1,0,2,1,2,1,0,0,2,2
216_12,1,0,2,1,2,1,0,0,2,2
216_11,1,0,2,1,2,1,0,0,2,2
152_5,1,0,0:0.02/1:0.98,1,0:0.01/2:0.99,1,0:0.02/2:0.98,0:0.02/1:0.98,2,0
196_8,1,2,1,1,2,1,2,1,2,0
216_8,1,2,1,1,2,1,2,1,2,0
216_7,1,2,1,1,2,1,2,1,2,0
190_6,1,0,1,1,2,1,2,1,2,0
216_10,1,0,1,1,2,1,2,1,2,0
216_9,1,0,1,1,2,1,2,1,2,0
106_1,0:0.01/1:0.99,0,0,0:0.01/1:0.99,0,0:0.02/1:0.98,0,0:0.45/1:0.55,0:0.02/2:0.98,0
191_4,1,0,1,1,2,1,0,1,2,1
216_6,1,0,1,1,2,1,0,1,2,1
216_5,1,0,1,1,2,1,0,1,2,1
142_1,1,0,0,1,0,1,0,0:0.02/1:0.98,2,0:0.05/2:0.95
206_1,1,0,0,1,0,1,0,1,2,0:0.01/2:0.99
216_2,1,2,0,1,0,1,0,1,2,2
216_1,1,0,0,1,0,1,0,1,2,2
193_2,1,2,0,1,2,1,0,1,2,2
216_4,1,2,0,1,2,1,0,1,2,2
216_3,1,2,0,1,2,1,0,1,2,2
