[&R] ((((((216_3:0,216_4:0)193_2:1.091,(216_1:0,216_2:0)206_1:1.091)142_1:0.916,(216_5:0,216_6:0)191_4:1.008)106_1:0.004,(((216_9:0,216_10:0)190_6:0.139,(216_7:0,216_8:0)196_8:2.139)152_5:2.086,((216_11:1.031,216_12:0.031)194_10:1.017,216_13:0.047)155_7:1.177)108_3:0.786)60_1:1.764,((216_19:0,216_20:0)186_11:0,(216_15:0,216_16:0)190_9:0)109_6:6.775)5_1:1.225)I0;
I0,0,0,0,0,0,0,0,0,0,0
5_1,0,0,0,0:0.39/1:0.61,0,0,0,0,0:0.39/1:0.61,0
109_6,2,0,2,1,0,2,1,2,1,1
190_9,2,0,2,1,0,2,1,2,1,1
216_16,2,0,2,1,0,2,1,2,1,1
216_15,2,0,2,1,0,2,1,2,1,1
186_11,2,0,2,1,0,2,1,2,1,1
216_20,2,0,2,1,0,2,1,2,1,1
216_19,2,0,2,1,0,2,1,2,1,1
60_1,0,0:0.01/1:0.99,0,1,0,0,0,0,1,0
108_3,0,1,0,1,0,0,0:0.22/1:0.78,0,1,0
155_7,0,1,0:0.04/1:0.96,1,0,0,0:0.01/1:0.99,0,1,0
216_13,0,1,1,1,0,0,1,0,1,0
194_10,0,1,1,1,0:0.03/1:0.97,0,1,0,1,0
216_12,0,1,1,1,1,0,1,0,1,0
216_11,0,1,1,1,1,0,1,2,1,0
152_5,0,1,0,1,0,0:0.06/2:0.94,0:0.01/1:0.99,0:0.06/1:0.94,1,0
196_8,1,1,0,1,2,2,1,1,1,0
216_8,1,1,0,1,2,2,1,1,1,0
216_7,1,1,0,1,2,2,1,1,1,0
190_6,0,1,0,1,0,2,1,1,1,0
216_10,0,1,0,1,0,2,1,1,1,0
216_9,0,1,0,1,0,2,1,1,1,0
106_1,0,1,0,1,0,0,0,0,1,0
191_4,1,1,0,1,0,0,0,0,1,0
216_6,1,1,0,1,0,0,0,0,1,0
216_5,1,1,0,1,0,0,0,0,1,0
142_1,0,1,0,1,0,0,0:0.09/1:0.91,0,1,0
206_1,0,1,2,1,0,0,1,0,1,0
216_2,0,1,2,1,0,0,1,0,1,0
216_1,0,1,2,1,0,0,1,0,1,0
193_2,2,1,0,1,0,0,1,0,1,0
216_4,2,1,0,1,0,0,1,0,1,0
216_3,2,1,0,1,0,0,1,0,1,0
