[&R] ((((((216_3:1.007,216_4:1.007)193_2:17.42,(216_1:3.026,216_2:1.026)206_1:15.401)142_1:13.921,(216_5:6.259,216_6:6.259)191_4:32.088)106_1:25.673,(((216_9:4.158,216_10:5.158)190_6:12.709,(216_7:3.093,216_8:4.093)196_8:10.773)152_5:16.159,((216_11:1.178,216_12:9.178)194_10:10.506,216_13:10.684)155_7:10.342)108_3:36.995)60_1:47.876,((216_19:4.042,216_20:1.042)186_11:15.323,(216_15:4.084,216_16:3.084)190_9:16.281)109_6:88.531)5_1:19.103)I0;
I0,0,0,0,0,0,0,0,0,0,0,0,0,0,0,0,0,0,0,0,0,0,0,0,0,0,0,0,0,0,0,0,0,0,0,0,0,0,0,0,0,0,0,0,0,0,0,0,0,0,0,0,0,0,0,0,0,0,0,0,0,0,0,0,0,0,0,0,0,0,0,0,0,0,0,0,0,0,0,0,0,0,0,0,0,0,0,0,0,0,0,0,0,0,0,0,0,0,0,0,0,0,0,0,0,0,0,0,0,0,0,0,0,0,0,0,0,0,0,0,0,0,0,0,0,0,0,0,0,0,0,0,0,0,0,0,0,0,0,0,0,0,0,0,0,0,0,0,0,0,0,0,0,0,0,0,0,0,0,0,0,0,0,0,0,0,0,0,0,0,0,0,0,0,0,0,0,0,0,0,0,0,0,0,0,0,0,0,0,0,0,0,0,0,0,0,0,0,0,0,0
5_1,0,0,0,0,0,0,0,0,0:0.4/1:0.6,0:0.4/1:0.6,0,0,0,0,0:0.4/2:0.6,0,0,0,0:0.4/2:0.6,0:0.4/2:0.6,0,0,0,0,0,0,0,0,0,0,0,0,0,0,0,0,0,0,0:0.4/2:0.6,0,0,0,0,0,0,0,0,0,0,0,0,0,0:0.4/1:0.6,0,0,0,0,0,0,0,0:0.4/2:0.6,0:0.4/2:0.6,0,0:0.4/2:0.6,0,0,0,0:0.4/2:0.6,0,0,0,0:0.4/2:0.6,0:0.4/2:0.6,0,0,0:0.4/2:0.6,0,0,0:0.4/1:0.6,0,0,0,0,0,0,0:0.4/2:0.6,0,0,0,0,0:0.4/2:0.6,0,0,0,0,0,0,0,0:0.4/2:0.6,0,0,0:0.4/2:0.6,0,0,0,0,0,0,0,0:0.4/2:0.6,0,0:0.4/1:0.6,0,0:0.4/1:0.6,0,0,0,0,0,0,0:0.4/1:0.6,0,0,0,0:0.4/2:0.6,0,0,0,0:0.4/1:0.6,0,0,0,0,0,0,0,0,0,0,0,0:0.4/2:0.6,0,0,0:0.4/1:0.6,0,0,0,0,0,0,0,0,0,0,0,0,0,0,0,0,0,0,0,0,0:0.4/2:0.6,0,0,0,0,0,0,0,0,0,0,0,0,0,0,0:0.4/1:0.6,0,0,0,0,0,0,0,0:0.4/2:0.6,0,0,0:0.4/2:0.6,0,0,0,0,0,0:0.4/2:0.6,0,0,0
109_6,0,0:0.02/1:0.98,0:0.02/1:0.98,0:0.02/1:0.98,0:0.02/2:0.98,0:0.02/2:0.98,0:0.02/1:0.98,0,0:0.01/1:0.99,0:0.01/1:0.99,0:0.02/1:0.98,0,0,0:0.02/2:0.98,0:0.01/2:0.99,0,0:0.02/2:0.98,0,0:0.01/2:0.99,0:0.01/2:0.99,0,0:0.02/1:0.98,0,0,0,0,0:0.02/2:0.98,0:0.02/1:0.98,0,0,0,0:0.02/2:0.98,0:0.02/2:0.98,0:0.02/1:0.98,0,0:0.02/2:0.98,0,0:0.02/1:0.98,0:0.01/2:0.99,0,0,0:0.02/1:0.98,0,0,0,0:0.02/2:0.98,0,0:0.02/1:0.98,0:0.02/1:0.98,0:0.02/2:0.98,0:0.02/2:0.98,0,0:0.01/1:0.99,0:0.02/1:0.98,0,0,0,0,0:0.02/1:0.98,0:0.02/1:0.98,0:0.01/2:0.99,0:0.01/2:0.99,0:0.02/2:0.98,0:0.01/2:0.99,0:0.02/1:0.98,0,0,0:0.01/2:0.99,0,0:0.02/1:0.98,0,0:0.01/2:0.99,0:0.01/2:0.99,0,0:0.02/1:0.98,0:0.01/2:0.99,0:0.02/2:0.98,0,0:0.01/1:0.99,0,0,0,0,0,0:0.02/1:0.98,0:0.01/2:0.99,0:0.02/1:0.98,0,0,0,0:0.01/2:0.99,0,0:0.02/1:0.98,0:0.02/2:0.98,0:0.02/2:0.98,0,0,0:0.02/2:0.98,0:0.01/2:0.99,0:0.02/2:0.98,0:0.02/2:0.98,0:0.01/2:0.99,0:0.02/2:0.98,0:0.02/1:0.98,0,0:0.02/2:0.98,0:0.02/1:0.98,0:0.02/1:0.98,0:0.02/2:0.98,0:0.01/2:0.99,0,0:0.01/1:0.99,0,0:0.01/1:0.99,0,0,0:0.02/2:0.98,0:0.02/1:0.98,0,0,0:0.01/1:0.99,0,0,0,0:0.01/2:0.99,0:0.02/1:0.98,0,0,0:0.01/1:0.99,0:0.02/1:0.98,0:0.02/1:0.98,0,0:0.02/1:0.98,0,0:0.02/1:0.98,0:0.02/2:0.98,0:0.02/1:0.98,0,0,0:0.02/1:0.98,0:0.01/2:0.99,0,0:0.02/2:0.98,0:0.01/1:0.99,0,0:0.02/2:0.98,0,0,0,0:0.02/2:0.98,0,0:0.02/1:0.98,0,0,0,0:0.02/2:0.98,0:0.02/1:0.98,0,0,0,0:0.02/2:0.98,0:0.02/1:0.98,0:0.02/2:0.98,0:0.02/2:0.98,0:0.01/2:0.99,0,0,0,0,0:0.02/1:0.98,0,0,0:0.02/2:0.98,0,0,0:0.02/2:0.98,0,0:0.02/1:0.98,0,0:0.01/1:0.99,0:0.02/2:0.98,0,0,0:0.02/1:0.98,0,0:0.02/2:0.98,0:0.02/1:0.98,0:0.01/2:0.99,0,0,0:0.01/2:0.99,0,0,0:0.02/2:0.98,0,0,0:0.01/2:0.99,0:0.02/2:0.98,0:0.02/1:0.98,0:0.02/1:0.98
190_9,0:0.01/1:0.99,1,1,1,2,2,1,0,1,1,1,0,0,2,2,0,2,0,2,2,0,1,0,0,0,0,2,1,0,0,0,2,2,1,0,2,0,1,2,0,0,1,0,0,0,2,0,1,1,2,2,0,1,1,0,0:0.01/2:0.99,0:0.01/2:0.99,0,1,1,2,2,2,2,1,0,0:0.01/2:0.99,2,0,1,0,2,2,0,1,2,2,0,1,0,0,0,0,0,1,2,1,0:0.01/2:0.99,0,0,2,0,1,2,2,0,0,2,2,2,2,2,2,1,0,2,1,1,2,2,0,1,0,1,0,0,2,1,0,0,1,0,0:0.01/2:0.99,0,2,1,0,0,1,1,1,0,1,0:0.01/1:0.99,1,2,1,0,0,1,2,0,2,1,0:0.01/1:0.99,2,0,0,0:0.01/2:0.99,2,0,1,0:0.01/1:0.99,0,0,2,1,0,0,0:0.01/2:0.99,2,1,2,2,2,0,0,0:0.01/1:0.99,0,1,0:0.01/1:0.99,0,2,0,0,2,0:0.01/2:0.99,1,0,1,2,0,0,1,0:0.01/1:0.99,2,1,2,0,0,2,0,0,2,0,0,2,2,1,1
216_16,1,1,1,1,2,2,1,0,1,1,1,0,0,2,2,0,2,0,2,2,0,1,0,0,0,0,2,1,0,0,0,2,2,1,0,2,0,1,2,0,0,1,0,0,0,2,0,1,1,2,2,0,1,1,0,2,2,0,1,1,2,2,2,2,1,0,2,2,0,1,0,2,2,0,1,2,2,0,1,2,0,0,0,0,1,2,1,2,0,0,2,0,1,2,2,0,0,2,2,2,2,2,2,1,2,2,1,1,2,2,0,1,0,1,0,0,2,1,0,0,1,0,2,0,2,1,0,0,1,1,1,0,1,1,1,2,1,0,0,1,2,0,2,1,1,2,0,2,2,2,0,1,1,0,0,2,1,0,0,2,2,1,2,2,2,0,0,1,0,1,1,0,2,0,0,2,2,1,0,1,2,0,0,1,1,2,1,2,0,0,2,0,0,2,0,0,2,2,1,1
216_15,1,1,1,1,2,2,1,0,1,1,1,0,0,2,2,0,2,0,2,2,0,1,2,0,0,0,2,1,0,0,0,2,2,1,0,2,0,1,2,0,1,1,0,0,0,2,0,1,1,2,2,0,1,1,0,2,2,0,1,1,2,2,2,2,1,0,2,2,0,1,0,2,2,0,1,2,2,0,1,0,0,0,0,0,1,2,1,2,0,0,2,0,1,2,2,0,0,2,2,2,2,2,2,1,0,2,1,1,2,2,0,1,0,1,0,0,2,1,0,0,1,0,2,0,2,1,0,0,1,1,1,0,1,1,1,2,1,0,0,1,2,0,2,1,1,2,1,0,2,2,0,1,1,0,0,2,1,1,0,2,2,1,2,2,2,0,0,1,0,1,1,0,2,0,0,2,2,1,0,1,2,0,0,1,1,2,1,2,0,0,2,0,0,2,0,0,2,2,1,1
186_11,0,1,1,1,2,2,1,0,1,1,1,0,2,2,2,0,2,0,2,2,0,1,0,0,2,0,2,1,0,0,0,2,2,1,0,2,0,1,2,0,0,1,0,0,0,2,0,1,1,2,2,0,1,1,0,0,0,0,1,1,2,2,2,2,1,0,0,2,0,1,0,2,2,2,1,2,2,0,1,0,0,0,0,0,1,2,1,0,0,0,2,0,1,2,2,0,1,2,2,2,2,2,2,1,1,2,1,1,2,2,0,1,0,1,0,0,2,1,0,1,1,0,0,0,2,1,0,0,1,1,1,0,1,0,1,2,1,0,0,1,2,0,2,1,0,2,0,0,0,2,0,1,2,2,0,2,1,0,0,0,2,1,2,2,2,0,2,0,0,1,0,0,2,0,0,2,0,1,0,1,2,1,0,1,0,2,1,2,1,0,2,0,2,2,2,2,2,2,1,1
216_20,0,1,1,1,2,2,1,0,1,1,1,0,2,2,2,0,2,0,2,2,0,1,0,0,2,0,2,1,0,0,0,2,2,1,0,2,0,1,2,0,0,1,0,0,0,2,0,1,1,2,2,0,1,1,0,0,0,0,1,1,2,2,2,2,1,0,0,2,0,1,0,2,2,2,1,2,2,0,1,0,0,0,0,0,1,2,1,0,0,0,2,0,1,2,2,1,1,2,2,2,2,2,2,1,1,2,1,1,2,2,0,1,0,1,0,0,2,1,0,1,1,0,0,0,2,1,0,0,1,1,1,0,1,0,1,2,1,0,0,1,2,0,2,1,0,2,0,0,0,2,0,1,2,2,0,2,1,0,0,0,2,1,2,2,2,0,2,0,0,1,0,0,2,0,0,2,0,1,0,1,2,1,0,1,0,2,1,2,1,0,2,0,2,2,2,2,2,2,1,1
216_19,0,1,1,1,2,2,1,0,1,1,1,0,2,2,2,0,2,0,2,2,0,1,0,0,2,0,2,1,0,0,0,2,2,1,0,2,0,1,2,0,0,1,0,0,0,2,0,1,1,2,2,0,1,1,0,0,0,1,1,1,2,2,2,2,1,0,0,2,0,1,0,2,2,2,1,2,2,0,1,0,0,1,2,0,1,2,1,0,0,0,2,0,1,2,2,0,1,2,2,2,2,2,2,1,1,2,1,1,2,2,0,1,1,1,0,0,2,1,0,1,1,0,0,0,2,1,0,0,1,1,1,0,1,0,1,2,1,0,0,1,2,0,2,1,0,2,0,0,0,2,0,1,2,2,0,2,1,0,0,0,2,1,2,2,2,0,2,0,0,1,0,0,2,0,0,2,0,1,0,1,2,1,0,1,0,2,1,2,1,0,2,0,2,2,2,2,2,2,1,1
60_1,0,0,0,0:0.08/2:0.92,0,0,0,0,0:0.03/1:0.97,0:0.03/1:0.97,0,0,0:0.08/2:0.92,0:0.08/1:0.92,0:0.03/2:0.97,0:0.08/1:0.92,0:0.08/1:0.92,0:0.08/1:0.92,0:0.03/2:0.97,0:0.03/2:0.97,0,0,0,0,0,0,0,0:0.08/2:0.92,0:0.08/1:0.92,0,0,0,0,0,0,0,0,0,0:0.03/2:0.97,0,0,0,0,0:0.08/2:0.92,0,0,0,0:0.08/2:0.92,0,0:0.08/1:0.92,0,0,0:0.03/1:0.97,0,0,0,0,0,0,0:0.08/2:0.92,0:0.03/2:0.97,0:0.03/2:0.97,0,0:0.03/2:0.97,0,0,0,0:0.03/2:0.97,0,0,0,0:0.03/2:0.97,0:0.03/2:0.97,0:0.08/1:0.92,0,0:0.03/2:0.97,0,0:0.08/2:0.92,0:0.03/1:0.97,0,0:0.08/1:0.92,0:0.08/1:0.92,0,0,0,0:0.03/2:0.97,0,0,0,0,0:0.03/2:0.97,0,0:0.08/2:0.92,0,0,0:0.08/1:0.92,0,0,0:0.03/2:0.97,0:0.08/1:0.92,0,0:0.03/2:0.97,0,0,0,0,0,0,0,0:0.03/2:0.97,0,0:0.03/1:0.97,0:0.08/2:0.92,0:0.03/1:0.97,0,0:0.08/2:0.92,0,0:0.08/2:0.92,0,0,0:0.03/1:0.97,0,0,0,0:0.03/2:0.97,0,0,0,0:0.03/1:0.97,0,0,0,0,0,0,0,0,0:0.08/2:0.92,0,0,0:0.03/2:0.97,0:0.08/1:0.92,0:0.08/1:0.92,0:0.03/1:0.97,0,0,0,0:0.08/2:0.92,0,0:0.08/1:0.92,0,0,0,0:0.08/1:0.92,0,0,0,0,0,0:0.08/1:0.92,0,0,0,0,0:0.03/2:0.97,0,0,0,0,0:0.08/2:0.92,0,0:0.08/1:0.92,0,0,0,0,0:0.08/2:0.92,0:0.08/2:0.92,0:0.08/2:0.92,0:0.03/1:0.97,0,0:0.08/1:0.92,0:0.08/1:0.92,0,0,0,0,0:0.03/2:0.97,0,0,0:0.03/2:0.97,0,0,0,0,0:0.08/1:0.92,0:0.03/2:0.97,0:0.08/1:0.92,0,0:0.08/2:0.92
108_3,0,0,0,2,0,0:0.03/1:0.97,0,0:0.03/2:0.97,1,1,0:0.03/2:0.97,0,2,1,2,1,1,1,2,2,0,0,0,0,0,0,0,2,1,0:0.03/1:0.97,0,0,0:0.03/1:0.97,0,0,0,0,0,2,0,0,0:0.03/1:0.97,0:0.03/1:0.97,2,0:0.03/1:0.97,0,0:0.03/1:0.97,2,0,1,0,0,1,0,0,0,0,0:0.03/2:0.97,0,2,2,2,0,2,0,0:0.03/2:0.97,0,2,0,0:0.03/2:0.97,0,2,2,1,0,2,0:0.03/2:0.97,2,1,0,1,1,0,0:0.03/1:0.97,0,2,0,0,0,0,2,0,2,0:0.03/1:0.97,0,1,0,0,2,1,0,2,0,0,0,0,0,0,0:0.03/1:0.97,2,0:0.03/1:0.97,1,2,1,0,2,0,2,0,0,1,0,0,0:0.03/2:0.97,2,0:0.03/2:0.97,0,0:0.03/1:0.97,1,0,0,0,0,0,0,0,0,2,0,0:0.03/1:0.97,2,1,1,1,0:0.03/2:0.97,0,0,2,0,1,0:0.03/2:0.97,0:0.03/1:0.97,0,1,0,0,0,0,0,1,0:0.03/2:0.97,0,0:0.03/1:0.97,0,2,0:0.03/1:0.97,0,0,0:0.03/1:0.97,2,0,1,0,0:0.03/2:0.97,0:0.03/2:0.97,0:0.03/1:0.97,2,2,2,1,0:0.03/1:0.97,1,1,0,0,0,0,2,0,0,2,0,0:0.03/1:0.97,0,0:0.03/1:0.97,1,2,1,0,2
155_7,0,0,0,2,0,1,0,2,1,1,2,0,2,1,2,1,1,1,2,2,0,0,0,0,0,0,0:0.06/2:0.94,2,1,1,0,0,1,0,0,0,0,0,2,0,0,1,1,2,1,0:0.06/1:0.94,1,2,0:0.06/2:0.94,1,0,0:0.06/1:0.94,1,0,0,0,0,2,0,2,2,2,0,2,0,2,0,2,0:0.06/2:0.94,2,0,2,2,1,0,2,2,2,1,0,1,1,0,1,0,2,0,0,0,0,2,0,2,1,0,1,0,0,2,1,0,2,0,0,0,0,0,0,1,2,1,1,2,1,0,2,0,2,0,0,1,0,0,2,2,2,0:0.06/2:0.94,1,1,0,0,0,0,0,0,0,0,2,0,1,2,1,1,1,2,0,0,2,0,1,2,1,0:0.06/2:0.94,1,0,0,0,0,0,1,2,0,1,0,2,1,0,0,1,2,0,1,0,2,2,1,2,2,2,1,1,1,1,0,0,0,0,2,0,0:0.06/1:0.94,2,0:0.06/2:0.94,1,0:0.06/1:0.94,1,1,2,1,0,2
216_13,0,0,0,2,0,1,0,2,1,1,2,2,2,1,2,1,1,1,2,2,0,0,0,0,0,0,2,2,1,1,0,0,1,0,0,0,0,0,2,1,0,1,1,2,1,1,1,2,2,1,0,1,1,0,0,0,0,2,0,2,2,2,0,2,0,2,0,2,2,2,0,2,2,1,0,2,2,2,1,0,1,1,0,1,2,2,0,0,0,1,2,0,2,1,2,1,0,0,2,1,0,2,0,0,0,0,0,0,1,2,1,1,2,1,0,2,0,2,0,0,1,0,0,2,2,2,2,1,1,0,0,2,0,0,2,0,2,2,0,1,2,1,1,1,2,0,0,2,1,1,2,1,2,1,0,0,0,2,0,1,2,0,1,0,2,1,0,0,1,2,0,1,0,2,2,1,2,2,2,1,1,1,1,0,0,0,0,2,0,1,2,2,1,1,1,1,2,1,0,2
194_10,0,0,0,2,0,1,0,2,1,1,2,0,2,1,2,1,1,1,2,2,0,0,0,0:0.02/1:0.98,0,0,2,2,1,1,0:0.02/2:0.98,0,1,0,0,0,0,0,2,0,0,1,1,2,1,1,1,2,2,1,0,1,1,0,0:0.02/1:0.98,0:0.02/1:0.98,0,2,0:0.02/2:0.98,2,2,2,0,2,0:0.02/1:0.98,2,0,2,2,2,0,2,2,1,0,2,2,2,1,0,1,1,0,1,0,2,0,0,0,0,2,0,2,1,0,1,0,0,2,1,0,2,0,0,0,0,0,0,1,2,1,1,2,1,0,2,0,2,0,0,1,0,0,2,2,2,2,1,1,0,0:0.02/1:0.98,0,0,0:0.02/1:0.98,0,0,0,2,0,1,2,1,1,1,2,0,0,2,0,1,2,1,2,1,0,0,0,0,0,1,2,0:0.02/1:0.98,1,0,2,1,0:0.02/1:0.98,0,1,2,0,1,0,2,2,1,2,2,2,1,1,1,1,0,0,0,0,2,0,1,2,2,1,1,1,1,2,1,0,2
216_12,0,1,0,2,0,1,0,2,1,1,2,2,2,1,2,1,1,1,2,2,0,0,0,1,0,0,2,2,1,1,2,0,1,0,0,0,0,0,2,0,0,1,1,2,1,1,1,2,2,1,0,1,1,0,1,1,2,2,2,2,2,2,0,2,1,2,0,2,2,2,0,2,2,1,0,2,2,2,1,0,1,1,0,1,0,2,0,0,0,0,2,0,2,1,0,1,0,1,2,1,0,2,0,0,0,0,0,2,1,2,1,1,2,1,0,2,0,2,0,2,1,0,0,2,2,2,2,1,1,0,1,0,0,1,0,2,0,2,2,1,2,1,1,1,2,0,2,2,0,1,2,1,2,1,0,0,0,0,0,1,2,1,1,0,2,1,1,0,1,2,0,1,0,2,2,1,2,2,2,1,1,1,1,0,0,0,0,2,0,1,2,2,1,1,1,1,2,1,0,2
216_11,0,0,0,2,0,1,0,2,1,1,2,0,2,1,2,1,1,1,2,2,0,0,0,1,0,0,2,2,1,1,2,0,1,0,0,0,0,0,2,0,0,1,1,2,1,1,1,2,2,1,0,1,1,0,1,1,0,2,2,2,2,2,0,2,1,2,0,2,2,2,0,2,2,1,0,2,2,2,1,0,1,1,0,1,0,2,0,0,0,0,2,0,2,1,0,1,0,0,2,1,0,2,0,0,0,0,0,0,1,2,1,1,2,1,0,2,0,2,0,0,1,0,0,2,2,2,2,1,1,0,1,0,0,1,0,0,0,2,0,1,2,1,1,1,2,0,0,2,0,1,2,1,2,1,0,0,2,0,0,1,2,1,1,0,2,1,1,0,1,2,0,1,0,2,2,1,2,2,2,1,1,1,1,0,0,0,0,2,0,1,2,2,1,1,1,1,2,1,0,2
152_5,0:0.05/1:0.95,0,0,2,0,1,0,2,1,1,2,0,2,1,2,1,1,1,2,2,0,0,0,0,0:0.05/2:0.95,0,0,2,1,1,0,0,1,0:0.05/2:0.95,0,0:0.05/2:0.95,0,0,2,0,0,1,1,2,1,0,1,2,0,1,0:0.05/2:0.95,0,1,0,0,0,0,2,0:0.05/1:0.95,2,2,2,0,2,0,2,0,2,0,2,0,2,2,1,0,2,2,2,1,0,1,1,0,1,0,2,0,0,0,0,2,0,2,1,0,1,0,0,2,1,0:0.05/1:0.95,2,0,0,0:0.05/1:0.95,0,0,0:0.05/2:0.95,1,2,1,1,2,1,0,2,0,2,0,0,1,0,0,2,2,2,0,1,1,0,0,0,0:0.05/1:0.95,0,0,0,0:0.05/2:0.95,2,0,1,2,1,1,1,2,0,0:0.05/1:0.95,2,0,1,2,1,0,1,0,0,0,0,0,1,2,0:0.05/1:0.95,1,0,2,1,0,0,1,2,0:0.05/2:0.95,1,0,2,2,1,2,2,2,1,1,1,1,0:0.05/2:0.95,0:0.05/2:0.95,0,0,2,0,0,2,0,1,0,1,1,2,1,0,2
196_8,1,0,0,2,0,1,0,2,1,1,2,0,2,1,2,1,1,1,2,2,0,0,0,0,2,0,0,2,1,1,0,0,1,2,0,2,0,0:0.01/2:0.99,2,0,0,1,1,2,1,0,1,2,0,1,2,0,1,0,0,0,0,2,1,2,2,2,0,2,0,2,0,2,0:0.01/1:0.99,2,0,2,2,1,0,2,2,2,1,0,1,1,0,1,0,2,0,0,0,0,2,0,2,1,0,1,0,0,2,1,1,2,0:0.01/1:0.99,0:0.01/2:0.99,1,0,0,2,1,2,1,1,2,1,0,2,0,2,0,0:0.01/2:0.99,1,0,0,2,2,2,0,1,1,0,0,0,1,0,0,0,2,2,0:0.01/1:0.99,1,2,1,1,1,2,0,1,2,0,1,2,1,0,1,0,0,0,0,0,1,2,1,1,0:0.01/1:0.99,2,1,0:0.01/2:0.99,0,1,2,2,1,0,2,2,1,2,2,2,1,1,1,1,2,2,0,0,2,0,0,2,0:0.01/1:0.99,1,0,1,1,2,1,0:0.01/2:0.99,2
216_8,1,0,0,2,0,1,0,2,1,1,2,0,2,1,2,1,1,1,2,2,0,0,0,0,2,0,1,2,1,1,0,0,1,2,0,2,2,2,2,0,0,1,1,2,1,0,1,2,0,1,2,0,1,0,0,0,0,2,1,2,2,2,0,2,0,2,0,2,1,2,0,2,2,1,0,2,2,2,1,0,1,1,0,1,0,2,0,0,0,1,2,0,2,1,0,1,0,0,2,1,1,2,1,2,1,0,0,2,1,2,1,1,2,1,0,2,0,2,0,2,1,0,0,2,2,2,0,1,1,0,0,0,1,0,0,0,2,2,1,1,2,1,1,1,2,0,1,2,0,1,2,1,0,1,0,0,0,0,0,1,2,1,1,1,2,1,2,0,1,2,2,1,0,2,2,1,2,2,2,1,1,1,1,2,2,0,0,2,2,0,2,1,1,0,1,1,2,1,2,2
216_7,1,0,0,2,0,1,0,2,1,1,2,0,2,1,2,1,1,1,2,2,0,0,0,0,2,0,0,2,1,1,0,0,1,2,2,2,0,2,2,0,0,1,1,2,1,0,1,2,0,1,2,0,1,0,0,0,0,2,1,2,2,2,0,2,0,2,0,2,1,2,0,2,2,1,1,2,2,2,1,0,1,1,0,1,0,2,0,0,0,0,2,0,2,1,0,1,0,0,2,1,1,2,1,2,1,0,0,2,1,2,1,1,2,1,0,2,0,2,0,2,1,0,0,2,2,2,0,1,1,0,0,0,1,0,0,0,2,2,1,1,2,1,1,1,2,0,1,2,0,1,2,1,0,1,0,0,0,0,0,1,2,1,1,1,2,1,2,0,1,2,2,1,0,2,2,1,2,2,2,1,1,1,1,2,2,2,0,2,0,0,2,1,1,0,1,1,2,1,2,2
190_6,1,0,0,2,0,1,0:0.01/1:0.99,2,1,1,2,0,2,1,2,1,1,1,2,2,0,0,0,0,2,0,0,2,1,1,0,0,1,2,0,2,0:0.01/2:0.99,0,2,0:0.01/2:0.99,0,1,1,2,1,0,1,2,0:0.01/2:0.99,1,2,0,1,0,0,0,0,2,1,2,2,2,0,2,0,2,0:0.01/1:0.99,2,0,2,0,2,2,1,0,2,2,2,1,0,1,1,0,1,0,2,0,0,0,0,2,0,2,1,0,1,0,0,2,1,1,2,0,0,1,0,0,2,1,2,1,1,2,1,0,2,0,2,0,0,1,0,0,2,2,2,0,1,1,0,0,0:0.01/2:0.99,1,0,0,0:0.01/1:0.99,2,2,0,1,2,1,1,1,2,0,1,2,0,1,2,1,0,1,0,0:0.01/1:0.99,0,0:0.01/1:0.99,0,1,2,1,1,0,2,1,0,0,1,2,2,1,0,2,2,1,2,2,2,1,1,1,1,2,2,0:0.01/2:0.99,0:0.01/2:0.99,2,0:0.01/2:0.99,0,2,0,1,0,1,1,2,1,0,2
216_10,1,0,0,2,0,1,1,2,1,1,2,0,2,1,2,1,1,1,2,2,0,0,0,0,2,0,0,2,1,1,0,0,1,2,0,2,2,1,2,2,0,1,1,2,1,0,1,2,2,1,2,0,1,1,0,0,0,2,1,2,2,2,0,2,0,2,1,2,0,2,0,2,2,1,0,2,2,2,1,0,1,1,0,1,0,2,0,0,0,0,2,0,2,1,1,1,0,0,2,1,1,2,0,0,1,0,0,2,1,2,1,1,2,1,0,2,0,2,0,0,1,0,0,2,2,2,1,1,1,0,0,2,1,0,1,1,2,2,0,1,2,1,1,1,2,0,1,2,0,1,2,1,0,1,0,1,0,1,0,1,2,1,1,0,2,1,0,0,1,2,2,1,0,2,2,1,2,2,2,1,1,1,1,2,2,2,2,2,2,0,2,0,1,0,1,1,2,1,0,2
216_9,1,2,0,2,0,1,1,2,1,1,2,0,2,1,2,1,1,1,2,2,0,0,0,0,2,0,0,2,1,1,0,0,1,2,0,2,2,0,2,2,0,1,1,2,1,0,1,2,2,1,2,0,1,0,0,0,0,2,1,2,2,2,0,2,1,2,1,2,0,2,0,2,2,1,0,2,2,2,1,0,1,1,0,1,0,2,1,0,0,0,2,0,2,1,0,1,0,0,2,1,1,2,0,0,1,0,0,2,1,2,1,1,2,1,0,2,0,2,0,0,1,0,0,2,2,2,0,1,1,0,0,2,1,0,0,1,2,2,0,1,2,1,1,1,2,0,1,2,0,1,2,1,1,1,0,1,0,1,0,1,2,1,1,0,2,1,0,0,1,2,2,1,0,2,2,1,2,2,2,1,1,1,1,2,2,2,2,2,2,0,2,0,1,0,1,1,2,1,0,2
106_1,0,0,0,0:0.01/2:0.99,0,0,0:0.08/2:0.92,0,1,1,0,0,0:0.01/2:0.99,0:0.01/1:0.99,2,0:0.01/1:0.99,0:0.01/1:0.99,0:0.01/1:0.99,2,2,0,0,0:0.08/1:0.92,0,0,0,0,0:0.01/2:0.99,0:0.01/1:0.99,0,0,0,0,0,0,0:0.08/1:0.92,0:0.08/2:0.92,0,2,0,0,0:0.08/2:0.92,0,0:0.01/2:0.99,0,0,0,0:0.01/2:0.99,0,0:0.01/1:0.99,0,0,1,0,0,0,0:0.08/1:0.92,0,0,0:0.01/2:0.99,2,2,0,2,0:0.08/2:0.92,0,0,2,0,0,0,2,2,0:0.01/1:0.99,0,2,0,0:0.01/2:0.99,1,0,0:0.01/1:0.99,0:0.01/1:0.99,0,0,0,2,0,0,0,0,2,0,0:0.01/2:0.99,0,0:0.08/1:0.92,0:0.01/1:0.99,0,0,2,0:0.01/1:0.99,0:0.08/2:0.92,2,0,0:0.08/1:0.92,0,0,0,0,0,2,0:0.08/2:0.92,1,0:0.01/2:0.99,1,0,0:0.01/2:0.99,0:0.08/2:0.92,0:0.01/2:0.99,0:0.08/1:0.92,0,1,0,0,0:0.08/1:0.92,2,0,0,0,1,0,0,0,0:0.08/2:0.92,0,0:0.08/1:0.92,0,0:0.08/2:0.92,0:0.01/2:0.99,0,0,2,0:0.01/1:0.99,0:0.01/1:0.99,1,0,0,0,0:0.01/2:0.99,0,0:0.01/1:0.99,0,0,0,0:0.01/1:0.99,0,0,0,0,0,0:0.01/1:0.99,0,0,0,0:0.08/2:0.92,2,0:0.08/2:0.92,0,0,0,0:0.01/2:0.99,0,0:0.01/1:0.99,0:0.08/1:0.92,0,0,0,0:0.01/2:0.99,0:0.01/2:0.99,0:0.01/2:0.99,1,0,0:0.01/1:0.99,0:0.01/1:0.99,0,0,0,0,2,0,0,2,0:0.08/2:0.92,0,0:0.08/1:0.92,0:0.08/2:0.92,0:0.01/1:0.99,2,0:0.01/1:0.99,0:0.08/2:0.92,0:0.01/2:0.99
191_4,0,0:0.01/2:0.99,0:0.01/1:0.99,2,0,0,2,0,1,1,0:0.01/1:0.99,0,2,1,2,1,1,1,2,2,0:0.01/2:0.99,0,1,0,0:0.01/2:0.99,0:0.01/2:0.99,0,2,1,0,0,0,0,0:0.01/1:0.99,0,1,2,0,2,0:0.01/2:0.99,0,2,0,2,0,0,0:0.01/2:0.99,2,0,1,0,0:0.01/2:0.99,1,0,0,0,1,0,0,2,2,2,0,2,2,0,0,2,0,0,0,2,2,1,0,2,0,2,1,0,1,1,0,0:0.01/1:0.99,0,2,0:0.01/2:0.99,0:0.01/2:0.99,0:0.01/1:0.99,0,2,0,2,0,1,1,0,0,2,1,2,2,0,1,0:0.01/2:0.99,0:0.01/1:0.99,0,0:0.01/2:0.99,0:0.01/1:0.99,2,2,1,2,1,0,2,2,2,1,0:0.01/1:0.99,1,0,0,1,2,0,0,0,1,0,0:0.01/2:0.99,0,2,0,1,0,2,2,0,0,2,1,1,1,0,0:0.01/1:0.99,0:0.01/1:0.99,2,0,1,0:0.01/1:0.99,0,0,1,0:0.01/1:0.99,0:0.01/1:0.99,0,0:0.01/2:0.99,0:0.01/2:0.99,1,0:0.01/2:0.99,0:0.01/1:0.99,0,2,2,2,0,0,0,2,0,1,1,0,0,0,2,2,2,1,0,1,1,0,0,0,0:0.01/2:0.99,2,0,0,2,2,0,1,2,1,2,1,2,2
216_6,0,2,1,2,0,0,2,0,1,1,1,0,2,1,2,1,1,1,2,2,2,0,1,0,2,2,0,2,1,0,1,0,0,1,0,1,2,0,2,2,0,2,0,2,0,0,2,2,0,1,0,2,1,0,0,0,1,1,0,2,2,2,0,2,2,0,0,2,0,0,0,2,2,1,1,2,2,2,1,0,1,1,2,1,0,2,2,2,1,0,2,0,2,0,1,1,0,0,2,1,2,2,0,1,2,1,0,2,1,2,2,1,2,1,0,2,2,2,1,1,1,0,0,1,2,0,0,0,1,0,2,0,2,0,1,0,2,2,0,0,2,1,1,1,0,1,1,2,0,1,1,0,0,1,1,1,0,2,2,1,2,1,0,2,2,2,0,0,0,2,2,1,1,0,0,0,2,2,2,1,0,1,1,0,0,0,2,2,0,0,2,2,0,1,2,1,2,1,2,2
216_5,0,2,1,2,2,0,2,0,1,1,1,0,2,1,2,1,1,1,2,2,2,0,1,2,2,2,0,2,1,0,0,0,0,1,0,1,2,0,2,2,1,2,0,2,0,0,2,2,0,1,0,2,1,0,0,0,1,0,0,2,2,2,0,2,2,0,0,2,0,0,0,2,2,1,0,2,0,2,1,0,1,1,0,1,0,2,2,2,1,0,2,0,2,0,1,1,0,0,2,1,2,2,0,1,2,1,0,2,1,2,2,1,2,1,0,2,2,2,1,1,1,0,0,1,2,0,0,0,1,0,2,0,2,0,1,0,2,2,0,2,2,1,1,1,0,1,1,2,0,1,1,0,0,1,1,1,0,2,2,1,2,1,0,2,2,2,0,0,0,2,0,1,1,0,0,0,2,2,2,1,1,1,1,0,0,0,2,2,2,0,2,2,0,1,2,1,2,1,2,2
142_1,0,0,0,2,0,0,0:0.01/2:0.99,0,1,1,0,0,2,1,2,1,1,1,2,2,0,0,0:0.01/1:0.99,0,0,0,0:0.09/1:0.91,2,1,0,0,0,0,0,0,0:0.01/1:0.99,0:0.01/2:0.99,0,2,0:0.09/1:0.91,0,0:0.01/2:0.99,0,2,0,0,0,2,0,1,0,0,1,0,0:0.09/1:0.91,0,0:0.01/1:0.99,0:0.09/1:0.91,0,2,2,2,0,2,0:0.01/2:0.99,0,0:0.09/2:0.91,2,0,0:0.09/1:0.91,0,2,2,1,0,2,0,2,1,0,1,1,0,0,0,2,0,0,0,0,2,0,2,0,0:0.01/1:0.99,1,0,0:0.09/2:0.91,2,1,0:0.01/2:0.99,2,0:0.09/1:0.91,0:0.01/1:0.99,0,0,0,0,0,2,0:0.01/2:0.99,1,2,1,0,2,0:0.01/2:0.99,2,0:0.01/1:0.99,0,1,0,0,0:0.01/1:0.99,2,0,0,0,1,0:0.09/2:0.91,0,0:0.09/2:0.91,0:0.01/2:0.99,0,0:0.01/1:0.99,0,0:0.01/2:0.99,2,0,0,2,1,1,1,0,0,0,2,0,1,0,0:0.09/1:0.91,0,1,0,0,0,0,0,1,0:0.09/1:0.91,0,0,0:0.01/2:0.99,2,0:0.01/2:0.99,0,0,0,2,0,1,0:0.01/1:0.99,0,0:0.09/1:0.91,0,2,2,2,1,0,1,1,0,0,0,0,2,0,0,2,0:0.01/2:0.99,0,0:0.01/1:0.99,0:0.01/2:0.99,1,2,1,0:0.01/2:0.99,2
206_1,0,0,1,2,1,0,2,0,1,1,0,0,2,1,2,1,1,1,2,2,0,0,1,2,0,0,1,2,1,2,1,2,0,0,0,1,2,0,2,1,1,2,0,2,0,0,0,2,0,1,1,0,1,0,1,0,1,1,0,2,2,2,0,2,2,0,2,2,2,1,0,2,2,1,0,2,0,2,1,0,1,1,0,0,0,2,0,0,0,0,2,0,2,0,1,1,0,2,2,1,2,2,1,1,2,0,0,0,0,2,2,1,2,1,0,2,2,2,1,0,1,0,0,1,2,0,0,0,1,2,0,2,2,1,1,0,2,2,0,0,2,1,1,1,0,0,0,2,0,1,0,1,0,1,0,0,0,0,0,1,1,0,1,2,2,2,0,1,0,2,0,1,1,0,1,0,2,2,2,1,0,1,1,2,0,0,0,2,0,0,2,2,0,1,2,1,2,1,2,2
216_2,0,0,1,2,1,0,2,0,1,1,0,0,2,1,2,1,1,1,2,2,0,0,1,2,0,0,1,2,1,2,1,2,0,0,0,1,2,0,2,1,1,2,0,2,0,0,0,2,0,1,1,0,1,0,1,0,1,1,0,2,2,2,0,2,2,0,2,2,2,1,0,2,2,1,0,2,0,2,1,0,1,1,0,0,0,2,0,0,0,0,2,0,2,0,1,1,0,2,2,1,2,2,1,1,2,0,0,0,0,2,2,1,2,1,0,2,2,2,1,0,1,0,0,1,2,0,0,0,1,2,0,2,2,1,1,0,2,2,0,0,2,1,1,1,0,0,0,2,0,1,0,1,0,1,0,1,0,0,0,1,1,0,1,2,2,2,0,1,0,2,0,1,1,0,1,0,2,2,2,1,0,1,1,2,0,0,0,2,0,0,2,2,0,1,2,1,2,1,2,2
216_1,0,0,1,2,1,0,2,0,1,1,0,0,2,1,2,1,1,1,2,2,0,0,1,2,2,0,1,2,1,2,1,2,0,0,0,1,2,0,2,1,1,2,0,2,0,1,0,2,0,1,1,0,1,0,1,0,1,1,0,2,2,2,0,2,2,0,2,2,2,1,0,2,2,1,0,2,0,2,1,0,1,1,0,0,0,2,0,0,0,0,2,0,2,0,1,1,0,2,2,1,2,2,1,1,2,0,0,0,0,2,2,1,2,1,0,2,2,2,1,0,1,0,0,1,2,0,0,0,1,2,0,2,2,1,1,1,2,2,0,0,2,1,1,1,0,0,0,2,0,1,0,1,0,1,0,0,0,0,0,1,1,0,1,2,2,2,0,1,0,2,0,1,1,0,1,0,2,2,2,1,0,1,1,2,0,0,0,2,0,0,2,2,0,1,2,1,2,1,2,2
193_2,2,0,2,2,0,0,2,0,1,1,2,0,2,1,2,1,1,1,2,2,0,0,1,0,0,0,1,2,1,1,0,0,0,0,0,1,2,0,2,1,0,2,0,2,0,0,0,2,0,1,0,0,1,2,1,1,1,1,0,2,2,2,0,2,2,0,2,2,0,1,0,2,2,1,0,2,0,2,1,1,1,1,0,0,0,2,0,0,2,0,2,0,2,1,1,1,0,2,2,1,2,2,1,1,0,0,0,0,0,2,2,1,2,1,0,2,2,2,1,0,1,0,0,1,2,0,0,0,1,2,0,2,2,0,1,0,2,2,0,0,2,1,1,1,0,0,0,2,1,1,2,1,0,1,0,0,0,0,1,1,1,0,0,2,2,2,0,0,0,2,0,1,1,1,1,0,2,2,2,1,2,1,1,0,0,0,1,2,0,1,2,2,0,1,2,1,2,1,2,2
216_4,2,0,2,2,0,0,2,0,1,1,2,0,2,1,2,1,1,1,2,2,0,0,1,0,0,0,1,2,1,1,0,0,0,0,0,1,2,0,2,1,0,2,0,2,0,0,0,2,0,1,0,0,1,2,1,1,1,1,0,2,2,2,0,2,2,0,2,2,0,1,0,2,2,1,0,2,0,2,1,1,1,1,2,0,0,2,0,0,2,0,2,0,2,1,1,1,0,2,2,1,2,2,1,1,0,0,0,0,0,2,2,1,2,1,0,2,2,2,1,0,1,0,0,1,2,0,0,0,1,2,0,2,2,0,1,0,2,2,0,0,2,1,1,1,0,0,0,2,1,1,2,1,0,1,0,0,0,0,1,1,1,0,0,2,2,2,0,0,0,2,0,1,1,1,1,0,2,2,2,1,2,1,1,0,0,0,1,2,0,1,2,2,0,1,2,1,2,1,2,2
216_3,2,0,2,2,0,0,2,0,1,1,2,0,2,1,2,1,1,1,2,2,0,0,1,0,0,0,1,2,1,1,0,0,0,0,0,1,2,0,2,1,0,2,0,2,0,0,0,2,0,1,0,0,1,2,1,1,1,1,0,2,2,2,0,2,2,0,2,2,0,1,0,2,2,1,0,2,0,2,1,1,1,1,0,0,0,2,0,0,2,0,2,0,2,1,1,1,0,2,2,1,2,2,1,1,0,2,0,0,0,2,2,1,2,1,0,2,2,2,1,0,1,0,0,1,2,0,0,0,1,2,0,2,2,0,1,0,2,2,0,0,2,1,1,1,0,0,0,2,1,1,2,1,0,1,0,0,0,0,1,1,1,0,0,2,2,2,0,0,0,2,0,1,1,1,1,0,2,2,2,1,2,1,1,0,0,0,1,2,0,1,2,2,0,1,2,1,2,1,2,2
