[&R] ((((((216_31:0,216_32:0)201_18:1.109,(216_29:0.035,216_30:1.035)202_17:1.074)162_8:1.578,((216_25:0,216_26:0)197_13:0.068,(216_27:0,216_28:0)204_18:1.068)163_7:4.619)122_4:0.61,(((216_17:1.063,216_18:0.063)203_9:1.026,216_20:0.088)166_5:1.069,((216_23:1.071,216_24:0.071)200_12:1.162,216_21:1.232)167_7:0.925)123_3:3.14)75_2:2,((((216_1:0,216_2:0)204_1:1.162,(216_3:0,216_4:0)205_3:1.162)170_1:2.31,((216_7:0,216_8:0)211_6:1.162,(216_5:0,216_6:0)212_5:1.162)171_3:2.31)124_1:0.708,(((216_11:0,216_12:0)206_8:1.01,(216_9:0,216_10:0)208_7:1.01)170_3:0.001,((216_13:0,216_14:0)210_11:0.034,216_16:1.034)173_7:0.977)127_3:2.168)77_1:2.118)32_1:0.703)I0;
I0,0,0,0,0,0,0,0,0,0,0
32_1,0,0,0,0,0,0,0:0.3/2:0.7,0,0,0
77_1,0,0,0,0,0:0.08/2:0.92,0:0.08/2:0.92,0:0.02/2:0.98,0,0,0
127_3,0,0,0,0,2,2,2,0:0.01/2:0.99,0,0:0.01/1:0.99
173_7,0:0.03/2:0.97,0,0,0,2,2,2,2,0,1
216_16,2,0,0,1,2,2,2,2,0,1
210_11,2,0,0,0,2,2,2,2,0,1
216_14,2,0,0,0,2,2,2,2,0,1
216_13,2,0,0,0,2,2,2,2,0,1
170_3,0,0,0,0,2,2,2,2,0,1
208_7,1,0,0,0,2,2,2,2,0,1
216_10,1,0,0,0,2,2,2,2,0,1
216_9,1,0,0,0,2,2,2,2,0,1
206_8,2,0,0,0,2,2,2,2,0,1
216_12,2,0,0,0,2,2,2,2,0,1
216_11,2,0,0,0,2,2,2,2,0,1
124_1,0:0.4/1:0.6,0,0,0,0:0.03/2:0.97,0:0.03/2:0.97,0:0.01/2:0.99,0,0,0
171_3,0:0.03/1:0.97,0,0,0:0.07/1:0.93,2,2,2,0,0:0.07/1:0.93,0
212_5,1,2,0,1,2,2,2,0,1,0
216_6,1,2,0,1,2,2,2,0,1,0
216_5,1,2,0,1,2,2,2,0,1,0
211_6,1,0,0,1,2,2,2,0,1,1
216_8,1,0,0,1,2,2,2,0,1,1
216_7,1,0,0,1,2,2,2,0,1,1
170_1,0:0.03/1:0.97,0,0,0,2,2,2,0:0.07/1:0.93,0,0:0.07/2:0.93
205_3,1,1,0,0,2,2,2,1,0,2
216_4,1,1,0,0,2,2,2,1,0,2
216_3,1,1,0,0,2,2,2,1,0,2
204_1,1,2,0,0,2,2,2,1,0,2
216_2,1,2,0,0,2,2,2,1,0,2
216_1,1,2,0,0,2,2,2,1,0,2
75_2,0:0.13/1:0.87,0,0,0,0,0,0:0.04/2:0.96,0,0,0:0.13/1:0.87
123_3,0:0.01/1:0.99,0,0,0,0,0:0.05/2:0.95,2,0:0.05/1:0.95,0:0.05/2:0.95,0:0.01/1:0.99
167_7,1,0:0.2/1:0.8,0,0,0,0:0.01/2:0.99,2,0:0.01/1:0.99,0:0.01/2:0.99,1
216_21,1,1,0,1,0,2,2,1,2,1
200_12,1,0:0.01/1:0.99,0,0,0:0.06/1:0.94,2,2,1,2,1
216_24,1,1,0,0,1,2,2,1,2,1
216_23,1,1,2,0,1,2,2,1,2,1
166_5,1,0:0.08/2:0.92,0,0,0,2,2,1,2,1
216_20,1,2,0,0,0,2,2,1,2,1
203_9,1,2,0,0:0.06/1:0.94,0,2,2,1,2,1
216_18,1,2,0,1,0,2,2,1,2,1
216_17,1,2,2,1,0,2,2,1,2,1
122_4,0:0.07/1:0.93,0,0,0,0,0,0:0.02/2:0.98,0:0.53/2:0.47,0,0:0.07/1:0.93
163_7,1,0:0.01/2:0.99,0:0.01/1:0.99,0,0:0.01/2:0.99,0:0.01/1:0.99,2,0:0.01/2:0.99,0,1
204_18,1,2,1,2,2,1,2,2,0,1
216_28,1,2,1,2,2,1,2,2,0,1
216_27,1,2,1,2,2,1,2,2,0,1
197_13,1,2,1,0,2,1,2,2,0,1
216_26,1,2,1,0,2,1,2,2,0,1
216_25,1,2,1,0,2,1,2,2,0,1
162_8,1,0,0,0,0,0,2,0:0.03/2:0.97,0:0.06/2:0.94,1
202_17,1,0,0:0.03/2:0.97,0,0,0,2,2,2,1
216_30,1,2,2,0,0,0,2,2,2,1
216_29,1,0,2,0,0,0,2,2,2,1
201_18,1,0,0,0,2,0,2,2,2,1
216_32,1,0,0,0,2,0,2,2,2,1
216_31,1,0,0,0,2,0,2,2,2,1
