[&R] (((((216_14:2.036,216_12:1.036)160_4:0.002,((216_9:0,216_10:0)207_7:0.048,216_8:1.048)162_3:0.99)114_2:3.989,(((216_3:0,216_4:0)202_2:2.235,(216_1:0,216_2:0)208_1:0.235)165_1:1.434,(216_7:0,216_6:0)171_3:3.669)119_1:3.358)70_1:0.326,((((216_19:0,216_20:0)212_17:2.013,216_18:1.013)161_7:0.001,(216_17:1.045,216_16:0.045)168_8:0.968)117_4:0.003,(((216_21:0,216_22:0)209_17:0.094,(216_23:0,216_24:0)214_22:1.093)166_11:0.931,(216_28:1.022,216_25:0.022)170_14:0.002)118_6:1.992)72_3:4.337)19_1:1.647)I0;
I0,0,0,0,0,0,0,0,0,0,0
19_1,0,0,0,0,0:0.18/1:0.82,0,0,0,0:0.18/2:0.82,0
72_3,0,2,0,2,1,0,2,0,2,1
118_6,0,2,0:0.01/1:0.99,2,1,0:0.01/1:0.99,2,0,2,1
170_14,0,2,0:0.01/1:0.99,2,1,0:0.01/1:0.99,2,0,2,1
216_25,0,2,1,2,1,1,2,0,2,1
216_28,0,2,1,2,1,1,2,1,2,1
166_11,0:0.09/2:0.91,2,1,2,1,1,2,0,2,1
214_22,2,2,1,2,1,1,2,1,2,1
216_24,2,2,1,2,1,1,2,1,2,1
216_23,2,2,1,2,1,1,2,1,2,1
209_17,2,2,1,2,1,1,2,0,2,1
216_22,2,2,1,2,1,1,2,0,2,1
216_21,2,2,1,2,1,1,2,0,2,1
117_4,0,2,0,2,1,0,2,0,2,1
168_8,0,2,0:0.04/1:0.96,2,1,0,2,0,2,1
216_16,0,2,1,2,1,0,2,0,2,1
216_17,0,2,1,2,1,0,2,2,2,1
161_7,0,2,0,2,1,0,2,0,2,1
216_18,2,2,0,2,1,0,2,0,2,1
212_17,0,2,1,2,1,1,2,0,2,1
216_20,0,2,1,2,1,1,2,0,2,1
216_19,0,2,1,2,1,1,2,0,2,1
70_1,0,0:0.76/1:0.24,0,0,0:0.13/1:0.87,0,0,0,0:0.13/2:0.87,0
119_1,0,0:0.13/1:0.87,0,0,0:0.02/1:0.98,0:0.17/2:0.83,0,0:0.17/1:0.83,0:0.02/2:0.98,0:0.17/2:0.83
171_3,2,1,1,2,1,2,0,1,2,2
216_6,2,1,1,2,1,2,0,1,2,2
216_7,2,1,1,2,1,2,0,1,2,2
165_1,0,0:0.02/1:0.98,0,0,1,0:0.02/2:0.98,0:0.14/1:0.86,0:0.02/1:0.98,2,0:0.02/2:0.98
208_1,0,1,0,0,1,2,1,1,2,2
216_2,0,1,0,0,1,2,1,1,2,2
216_1,0,1,0,0,1,2,1,1,2,2
202_2,1,1,1,0,1,2,1,1,2,2
216_4,1,1,1,0,1,2,1,1,2,2
216_3,1,1,1,0,1,2,1,1,2,2
114_2,0:0.01/1:0.99,0:0.01/1:0.99,0,0,1,0,0:0.01/2:0.99,0:0.01/2:0.99,2,0
162_3,1,1,0:0.05/2:0.95,0,1,0,2,2,2,0
216_8,1,1,2,0,1,0,2,2,2,2
207_7,1,1,2,0,1,0,2,2,2,0
216_10,1,1,2,0,1,0,2,2,2,0
216_9,1,1,2,0,1,0,2,2,2,0
160_4,0:0.01/1:0.99,0:0.01/1:0.99,0,0,1,0,0:0.01/2:0.99,0:0.01/2:0.99,2,0
216_12,1,1,0,0,1,2,2,2,2,0
216_14,1,1,1,2,1,0,2,2,2,0
