[&R] (((((216_14:0.005,216_12:1.005)160_4:0.084,((216_9:0,216_10:0)207_7:0.044,216_8:1.044)162_3:2.046)114_2:1.147,(((216_3:0,216_4:0)202_2:1.049,(216_1:0,216_2:0)208_1:0.049)165_1:1.112,(216_7:1.049,216_6:0.049)171_3:1.112)119_1:2.076)70_1:2.554,((((216_19:0,216_20:0)212_17:0,216_18:0)161_7:0.047,(216_17:0,216_16:0)168_8:1.047)117_4:1.382,(((216_21:1.003,216_22:0.003)209_17:0.002,(216_23:0,216_24:0)214_22:0.005)166_11:1.112,(216_28:0,216_25:0)170_14:0.118)118_6:2.312)72_3:4.361)19_1:1.209)I0;
I0,0,0,0,0,0,0,0,0,0,0
19_1,0,0:0.4/2:0.6,0,0,0:0.4/2:0.6,0,0,0,0,0
72_3,0,0:0.04/2:0.96,0:0.09/1:0.91,0,0:0.04/2:0.96,0:0.09/2:0.91,0,0,0:0.09/1:0.91,0:0.09/1:0.91
118_6,0,2,1,0:0.05/2:0.95,2,2,0:0.05/1:0.95,0,1,1
170_14,0,2,1,2,2,2,1,0,1,1
216_25,0,2,1,2,2,2,1,0,1,1
216_28,0,2,1,2,2,2,1,0,1,1
166_11,0,2,1,2,2,2,1,2,1,1
214_22,0,2,1,2,2,2,1,2,1,1
216_24,0,2,1,2,2,2,1,2,1,1
216_23,0,2,1,2,2,2,1,2,1,1
209_17,0,2,1,2,2,2,1,2,1,1
216_22,0,2,1,2,2,2,1,2,1,1
216_21,2,2,1,2,2,2,1,2,1,1
117_4,0:0.03/1:0.97,2,1,0,2,2,0,0,1,1
168_8,1,2,1,1,2,2,0,0,1,1
216_16,1,2,1,1,2,2,0,0,1,1
216_17,1,2,1,1,2,2,0,0,1,1
161_7,1,2,1,0,2,2,0,0,1,1
216_18,1,2,1,0,2,2,0,0,1,1
212_17,1,2,1,0,2,2,0,0,1,1
216_20,1,2,1,0,2,2,0,0,1,1
216_19,1,2,1,0,2,2,0,0,1,1
70_1,0,0:0.03/2:0.97,0,0,0:0.03/2:0.97,0:0.08/1:0.92,0,0,0,0:0.08/2:0.92
119_1,0:0.07/2:0.93,2,0,0:0.07/1:0.93,2,0:0.01/1:0.99,0,0,0,0:0.01/2:0.99
171_3,2,2,0,1,2,1,0:0.04/2:0.96,0,0,2
216_6,2,2,0,1,2,1,2,0,0,2
216_7,2,2,0,1,2,1,2,1,0,2
165_1,2,2,0,1,2,1,0,0:0.04/2:0.96,0,2
208_1,2,2,0,1,2,1,0,2,0,2
216_2,2,2,0,1,2,1,0,2,0,2
216_1,2,2,0,1,2,1,0,2,0,2
202_2,2,2,0,1,2,1,1,2,0,2
216_4,2,2,0,1,2,1,1,2,0,2
216_3,2,2,0,1,2,1,1,2,0,2
114_2,0,2,0,0,2,0:0.01/1:0.99,0,0,0:0.07/2:0.93,0:0.01/2:0.99
162_3,0,2,0:0.02/1:0.98,0:0.02/1:0.98,2,1,0,0,2,2
216_8,0,2,1,1,2,1,0,1,2,2
207_7,0,2,1,1,2,1,0,0,2,2
216_10,0,2,1,1,2,1,0,0,2,2
216_9,0,2,1,1,2,1,0,0,2,2
160_4,0,2,0,0,2,1,0,0,2,2
216_12,0,2,0,2,2,1,0,0,2,2
216_14,0,2,0,0,2,1,0,0,2,2
