[&R] (((((216_14:0,216_12:0)160_4:0.05,((216_9:0,216_10:0)207_7:0,216_8:0)162_3:1.05)114_2:1.125,(((216_3:0,216_4:0)202_2:0.029,(216_1:0,216_2:0)208_1:2.029)165_1:0.003,(216_7:0.07,216_6:1.07)171_3:0.962)119_1:1.143)70_1:2.936,((((216_19:0,216_20:0)212_17:0.047,216_18:1.047)161_7:0.972,(216_17:1.017,216_16:1.017)168_8:0.002)117_4:3.085,(((216_21:0,216_22:0)209_17:0.032,(216_23:0,216_24:0)214_22:1.032)166_11:1.267,(216_28:1.049,216_25:0.049)170_14:2.25)118_6:1.806)72_3:0.006)19_1:2.889)I0;
I0,0,0,0,0,0,0,0,0,0,0
19_1,0:0.04/1:0.96,0,0,0:0.04/1:0.96,0:0.04/2:0.96,0,0,0,0,0
72_3,0:0.03/1:0.97,0,0,0:0.03/1:0.97,0:0.03/2:0.97,0,0,0,0,0
118_6,1,0,0:0.14/2:0.86,1,2,0,0,0,0,0:0.14/2:0.86
170_14,1,0:0.02/1:0.98,2,1,2,0,0:0.02/1:0.98,0,0,2
216_25,1,1,2,1,2,0,1,0,0,2
216_28,1,1,2,1,2,0,1,0,1,2
166_11,1,0,2,1,2,0:0.02/2:0.98,0,0,0,2
214_22,1,0,2,1,2,2,0,2,0,2
216_24,1,0,2,1,2,2,0,2,0,2
216_23,1,0,2,1,2,2,0,2,0,2
209_17,1,0,2,1,2,2,0,0,0,2
216_22,1,0,2,1,2,2,0,0,0,2
216_21,1,0,2,1,2,2,0,0,0,2
117_4,1,0,0,1,2,0:0.01/1:0.99,0,0:0.01/1:0.99,0:0.01/2:0.99,0
168_8,1,0,0,1,2,0:0.01/1:0.99,0,0:0.01/1:0.99,0:0.01/2:0.99,0
216_16,1,0,1,1,2,1,0,1,2,0
216_17,1,0,0,1,2,1,1,1,2,0
161_7,1,0,0:0.05/1:0.95,1,2,1,0,1,2,0
216_18,1,0,1,1,2,1,1,1,2,0
212_17,1,0,1,1,2,1,0,1,2,0
216_20,1,0,1,1,2,1,0,1,2,0
216_19,1,0,1,1,2,1,0,1,2,0
70_1,1,0:0.06/2:0.94,0,1,2,0,0,0:0.06/1:0.94,0:0.06/2:0.94,0
119_1,1,2,0:0.03/1:0.97,1,2,0,0,1,2,0
171_3,1,2,1,1,2,0,0,1,2,0:0.07/1:0.93
216_6,1,2,1,1,2,0,2,1,2,1
216_7,1,2,1,1,2,0,0,1,2,1
165_1,1,2,0:0.02/1:0.98,1,2,0,0,1,2,0
208_1,1,2,1,1,2,1,0,1,2,1
216_2,1,2,1,1,2,1,0,1,2,1
216_1,1,2,1,1,2,1,0,1,2,1
202_2,1,2,1,1,2,0,0,1,2,0
216_4,1,2,1,1,2,0,0,1,2,0
216_3,1,2,1,1,2,0,0,1,2,0
114_2,1,2,0,1,2,0,0:0.04/2:0.96,1,2,0
162_3,1,2,0,1,2,1,2,1,2,0
216_8,1,2,0,1,2,1,2,1,2,0
207_7,1,2,0,1,2,1,2,1,2,0
216_10,1,2,0,1,2,1,2,1,2,0
216_9,1,2,0,1,2,1,2,1,2,0
160_4,1,2,0,1,2,0,2,1,2,0
216_12,1,2,0,1,2,0,2,1,2,0
216_14,1,2,0,1,2,0,2,1,2,0
