[&R] (((((216_14:0,216_12:0)160_4:0,((216_9:0,216_10:0)207_7:1,216_8:1)162_3:0)114_2:0,(((216_3:0,216_4:0)202_2:0,(216_1:0,216_2:0)208_1:0)165_1:0.001,(216_7:0,216_6:0)171_3:1.001)119_1:0)70_1:6.307,((((216_19:0,216_20:0)212_17:0,216_18:1)161_7:0,(216_17:0,216_16:0)168_8:0)117_4:0.207,(((216_21:0,216_22:0)209_17:1.066,(216_23:0,216_24:0)214_22:0.066)166_11:1.152,(216_28:0,216_25:0)170_14:1.218)118_6:1.989)72_3:3.101)19_1:1.692)I0;
I0,0,0,0,0,0,0,0,0,0,0
19_1,0,0,0:0.44/1:0.56,0,0,0,0:0.44/1:0.56,0,0:0.44/1:0.56,0
72_3,0,0:0.06/1:0.94,0:0.03/1:0.97,0,0,0,0:0.03/1:0.97,0:0.06/1:0.94,0:0.03/1:0.97,0
118_6,0,0:0.01/1:0.99,1,0:0.1/1:0.9,0:0.1/2:0.9,0,1,0:0.01/1:0.99,1,0
170_14,0,1,1,1,2,1,1,1,1,0
216_25,0,1,1,1,2,1,1,1,1,0
216_28,0,1,1,1,2,1,1,1,1,0
166_11,0:0.05/2:0.95,1,1,0:0.01/1:0.99,0:0.01/2:0.99,0,1,1,1,0
214_22,2,1,1,1,2,0,1,1,1,0
216_24,2,1,1,1,2,0,1,1,1,0
216_23,2,1,1,1,2,0,1,1,1,0
209_17,2,1,1,1,2,1,1,1,1,0
216_22,2,1,1,1,2,1,1,1,1,0
216_21,2,1,1,1,2,1,1,1,1,0
117_4,0,1,1,0,0,0,1,1,1,0
168_8,0,1,1,0,0,0,1,1,1,0
216_16,0,1,1,0,0,0,1,1,1,0
216_17,0,1,1,0,0,0,1,1,1,0
161_7,0,1,1,0,0,0,1,1,1,0
216_18,0,1,1,0,0,1,1,1,1,0
212_17,0,1,1,0,0,0,1,1,1,0
216_20,0,1,1,0,0,0,1,1,1,0
216_19,0,1,1,0,0,0,1,1,1,0
70_1,1,2,1,0,0,1,1,2,1,2
119_1,1,2,1,0,0,1,1,2,1,2
171_3,1,2,1,1,0,1,1,2,1,2
216_6,1,2,1,1,0,1,1,2,1,2
216_7,1,2,1,1,0,1,1,2,1,2
165_1,1,2,1,0,0,1,1,2,1,2
208_1,1,2,1,0,0,1,1,2,1,2
216_2,1,2,1,0,0,1,1,2,1,2
216_1,1,2,1,0,0,1,1,2,1,2
202_2,1,2,1,0,0,1,1,2,1,2
216_4,1,2,1,0,0,1,1,2,1,2
216_3,1,2,1,0,0,1,1,2,1,2
114_2,1,2,1,0,0,1,1,2,1,2
162_3,1,2,1,0,0,1,1,2,1,2
216_8,1,2,1,1,0,1,1,2,1,2
207_7,1,2,1,2,0,1,1,2,1,2
216_10,1,2,1,2,0,1,1,2,1,2
216_9,1,2,1,2,0,1,1,2,1,2
160_4,1,2,1,0,0,1,1,2,1,2
216_12,1,2,1,0,0,1,1,2,1,2
216_14,1,2,1,0,0,1,1,2,1,2
