cell,r0,r1,r2,r3,r4,r5,r6,r7,r8,r9,r10,r11,r12,r13,r14,r15,r16,r17,r18,r19,r20,r21,r22,r23,r24,r25,r26,r27,r28,r29,r30,r31,r32,r33,r34,r35,r36,r37,r38,r39,r40,r41,r42,r43,r44,r45,r46,r47,r48,r49,r50,r51,r52,r53,r54,r55,r56,r57,r58,r59,r60,r61,r62,r63,r64,r65,r66,r67,r68,r69,r70,r71,r72,r73,r74,r75,r76,r77,r78,r79,r80,r81,r82,r83,r84,r85,r86,r87,r88,r89,r90,r91,r92,r93,r94,r95,r96,r97,r98,r99,r100,r101,r102,r103,r104,r105,r106,r107,r108,r109,r110,r111,r112,r113,r114,r115,r116,r117,r118,r119,r120,r121,r122,r123,r124,r125,r126,r127,r128,r129,r130,r131,r132,r133,r134,r135,r136,r137,r138,r139,r140,r141,r142,r143,r144,r145,r146,r147,r148,r149,r150,r151,r152,r153,r154,r155,r156,r157,r158,r159,r160,r161,r162,r163,r164,r165,r166,r167,r168,r169,r170,r171,r172,r173,r174,r175,r176,r177,r178,r179,r180,r181,r182,r183,r184,r185,r186,r187,r188,r189,r190,r191,r192,r193,r194,r195,r196,r197,r198,r199
I0,0,0,0,0,0,0,0,0,0,0,0,0,0,0,0,0,0,0,0,0,0,0,0,0,0,0,0,1,0,0,0,0,0,0,1,0,0,0,0,0,0,0,0,2,0,0,0,0,0,0,0,0,0,0,0,0,0,0,0,0,0,0,0,0,0,0,0,1,0,0,0,0,0,0,0,0,1,0,0,0,0,0,0,1,0,0,0,0,0,0,0,0,0,0,0,0,0,0,0,0,0,0,0,0,0,0,2,0,0,0,0,0,0,0,0,0,2,0,2,0,0,0,0,0,0,0,0,0,2,0,0,0,0,0,0,0,0,0,1,0,0,0,0,0,0,0,0,1,0,0,0,0,0,0,0,0,0,0,0,2,2,0,2,0,0,0,0,0,0,0,0,0,0,2,0,0,0,0,0,0,2,0,0,0,0,0,0,0,1,0,0,0,0,0,0,0,0,1,0,0
I1,1,0,0,0,0,1,0,0,0,0,0,0,0,0,0,0,0,0,0,0,2,0,0,2,0,0,1,1,0,0,2,0,0,0,1,1,1,0,0,0,0,2,0,2,1,1,0,0,0,0,1,0,0,1,2,0,0,0,0,1,1,2,0,1,0,0,0,1,0,0,2,0,2,0,0,0,1,0,0,0,1,0,0,1,0,0,0,0,2,0,2,0,0,1,0,0,0,0,0,1,0,0,0,1,0,0,2,1,0,1,0,0,0,0,0,0,2,0,2,0,1,0,0,0,0,0,1,1,2,2,0,0,0,0,0,1,0,1,1,0,0,0,1,0,1,0,0,1,0,1,0,1,2,0,0,0,0,0,0,2,2,0,2,0,1,0,0,0,0,2,0,1,2,2,0,0,0,0,0,1,2,0,0,0,0,0,0,0,1,1,0,1,2,2,0,0,0,1,0,0
I2,1,2,2,0,2,1,0,0,1,0,0,0,0,0,0,1,0,0,2,0,2,0,0,2,2,0,1,1,1,1,2,0,0,0,1,1,1,0,0,0,0,2,0,2,1,1,2,0,0,0,1,0,0,1,2,0,0,0,0,1,1,2,2,1,1,2,0,1,1,0,2,0,2,0,2,0,1,0,0,0,1,0,0,1,0,1,0,0,2,0,2,0,0,1,0,0,0,0,0,1,0,0,1,1,0,2,2,1,0,1,0,0,0,0,1,2,2,0,2,0,1,0,0,1,2,0,1,1,2,2,0,0,0,0,0,1,0,1,1,0,1,0,1,0,1,0,1,1,0,1,1,1,2,1,2,0,1,0,2,2,2,0,2,0,1,0,1,1,0,2,0,1,2,2,0,0,0,1,0,1,2,0,1,0,1,0,2,1,1,1,0,1,2,2,0,0,2,1,1,0
I3,1,2,2,1,2,1,0,0,1,0,0,0,1,1,0,1,0,0,2,0,2,2,0,2,2,0,1,1,1,1,2,1,0,0,1,1,1,0,1,2,0,2,0,2,1,1,2,2,1,0,1,0,0,1,2,0,0,0,0,1,1,2,2,1,1,2,0,1,1,0,2,0,2,2,2,0,1,0,1,0,1,0,0,1,0,1,2,0,2,0,2,0,0,1,0,0,1,0,2,1,2,1,1,1,0,2,2,1,0,1,0,0,0,0,1,2,2,0,2,0,1,0,0,1,2,0,1,1,2,2,0,2,0,0,0,1,0,1,1,0,1,0,1,0,1,0,1,1,0,1,1,1,2,1,2,0,1,0,2,2,2,0,2,1,1,0,1,1,0,2,0,1,2,2,2,0,0,1,0,1,2,0,1,0,1,0,2,1,1,1,0,1,2,2,0,2,2,1,1,2
216_25,1,2,2,1,2,1,0,2,1,0,1,0,1,1,0,1,0,0,2,0,2,2,0,2,2,0,1,1,1,1,2,1,0,0,1,1,1,0,1,2,0,2,0,2,1,1,2,2,1,2,1,0,0,1,2,0,0,0,0,1,1,2,2,1,1,2,0,1,1,0,2,0,2,2,2,0,1,0,1,0,1,0,0,1,0,1,2,0,2,0,2,0,0,1,0,1,1,0,2,1,2,1,1,1,0,2,2,1,0,1,0,0,0,0,1,2,2,0,2,0,1,0,0,1,2,0,1,1,2,2,0,2,0,0,1,1,0,1,1,0,1,0,1,0,1,2,1,1,0,1,1,1,2,1,2,0,1,0,2,2,2,0,2,1,1,0,1,1,0,2,2,1,2,2,2,0,0,1,0,1,2,0,1,0,1,0,2,1,1,1,0,1,2,2,0,2,2,1,1,2
216_28,1,2,2,1,2,1,0,0,1,2,0,0,1,1,1,1,0,0,2,0,2,2,1,2,2,0,1,1,1,1,2,1,0,0,1,1,1,1,1,2,0,2,2,2,1,1,2,2,1,0,1,0,0,1,2,0,0,2,0,1,1,2,2,1,1,2,0,1,1,0,2,0,2,2,2,0,1,0,1,0,1,1,0,1,0,1,2,2,2,0,2,0,0,1,0,1,1,0,2,1,2,1,1,1,0,2,2,1,0,1,1,2,2,1,1,2,2,0,2,0,1,0,0,1,2,0,1,1,2,2,0,2,0,0,0,1,0,1,1,1,1,0,1,0,1,0,1,1,0,1,1,1,2,1,2,0,1,0,2,2,2,0,2,1,1,0,1,1,0,2,0,1,2,2,2,0,1,1,0,1,2,0,1,0,1,0,2,1,1,1,0,1,2,2,0,2,2,1,1,2
I4,1,2,2,0,2,1,0,0,1,0,0,2,0,0,0,1,0,0,2,0,2,0,0,2,2,0,1,1,1,1,2,1,0,0,1,1,1,2,1,0,0,2,0,2,1,1,2,2,1,0,1,0,0,1,2,2,0,0,0,1,1,2,2,1,1,2,0,1,1,1,2,0,2,0,2,0,1,0,0,0,1,0,0,1,1,1,2,0,2,0,2,0,0,1,0,0,0,0,0,1,0,1,1,1,2,2,2,1,0,1,0,0,0,0,1,2,2,0,2,0,1,0,0,1,2,0,1,1,2,2,0,0,0,0,1,1,0,1,1,0,1,2,1,2,1,0,1,1,0,1,1,1,2,1,2,0,1,0,2,2,2,0,2,1,1,0,1,1,1,2,0,1,2,2,0,0,0,1,0,1,2,0,1,0,1,0,2,1,1,1,0,1,2,2,0,0,2,1,1,0
I5,1,2,2,0,2,1,0,0,1,0,0,2,0,0,0,1,0,0,2,0,2,2,0,2,2,0,1,1,1,1,2,1,0,0,1,1,1,2,1,0,0,2,0,2,1,1,2,2,1,2,1,0,0,1,2,2,0,0,0,1,1,2,2,1,1,2,0,1,1,1,2,0,2,0,2,0,1,0,0,0,1,0,0,1,1,1,2,1,2,0,2,0,0,1,0,0,0,0,0,1,0,1,1,1,2,2,2,1,0,1,0,0,0,0,1,2,2,0,2,0,1,0,0,1,2,0,1,1,2,2,0,0,0,0,1,1,0,1,1,0,1,2,1,2,1,0,1,1,2,1,1,1,2,1,2,0,1,1,2,2,2,0,2,1,1,0,1,1,1,2,0,1,2,2,0,0,0,1,0,1,2,0,1,0,1,2,2,1,1,1,0,1,2,2,0,0,2,1,1,0
216_24,1,2,2,0,2,1,0,0,1,0,0,2,0,0,0,1,0,0,2,0,2,2,0,2,2,0,1,1,1,1,2,1,0,0,1,1,1,2,1,0,0,2,0,2,1,1,2,2,1,2,1,0,0,1,2,2,0,0,0,1,1,2,2,1,1,2,0,1,1,1,2,0,2,0,2,0,1,0,0,0,1,0,0,1,1,1,2,1,2,0,2,0,0,1,0,0,0,0,0,1,0,1,1,1,2,2,2,1,2,1,0,0,0,0,1,2,2,0,2,0,1,0,0,1,2,0,1,1,2,2,0,0,0,0,1,1,0,1,1,0,1,2,1,2,1,0,1,1,2,1,1,1,2,1,2,0,1,1,2,2,2,0,2,1,1,0,1,1,1,2,0,1,2,2,0,0,0,1,0,1,2,0,1,0,1,2,2,1,1,1,0,1,2,2,0,0,2,1,1,0
216_23,1,2,2,0,2,1,0,0,1,0,0,2,0,0,0,1,0,0,2,0,2,2,0,2,2,0,1,1,1,1,2,1,0,0,1,1,1,2,1,0,0,2,0,2,1,1,2,2,1,2,1,0,0,1,2,2,0,0,0,1,1,2,2,1,1,2,0,1,1,1,2,0,2,0,2,0,1,0,0,0,1,0,0,1,1,1,2,1,2,0,2,0,0,1,0,0,0,0,0,1,0,1,1,1,2,2,2,1,0,1,0,0,0,0,1,2,2,0,2,0,1,0,0,1,2,0,1,1,2,2,0,0,0,0,1,1,0,1,1,0,1,2,1,2,1,0,1,1,2,1,1,1,2,1,2,0,1,1,2,2,2,0,2,1,1,0,1,1,1,2,0,1,2,2,0,0,0,1,0,1,2,0,1,0,1,2,2,1,1,1,0,1,2,2,0,0,2,1,1,0
I6,1,2,2,0,2,1,0,2,1,0,0,2,1,0,2,1,1,0,2,0,2,0,0,2,2,0,1,1,1,1,2,1,0,1,1,1,1,2,1,0,0,2,0,2,1,1,2,2,1,1,1,0,0,1,2,2,0,0,0,1,1,2,2,1,1,2,1,1,1,1,2,0,2,0,2,0,1,0,0,0,1,0,0,1,1,1,2,0,2,0,2,0,0,1,0,0,1,0,0,1,2,1,1,1,2,2,2,1,0,1,0,0,0,0,1,2,2,0,2,0,1,2,0,1,2,0,1,1,2,2,0,0,0,0,1,1,0,1,1,0,1,2,1,2,1,0,1,1,0,1,1,1,2,1,2,0,1,0,2,2,2,0,2,1,1,1,1,1,1,2,0,1,2,2,0,0,1,1,2,1,2,0,1,0,1,0,2,1,1,1,0,1,2,2,0,0,2,1,1,0
216_22,1,2,2,0,2,1,1,2,1,0,0,2,1,0,2,1,1,0,2,0,2,0,0,2,2,0,1,1,1,1,2,1,0,1,1,1,1,2,1,0,0,2,0,2,1,1,2,2,1,1,1,0,0,1,2,2,0,0,0,1,1,2,2,1,1,2,1,1,1,1,2,0,2,0,2,0,1,0,0,0,1,0,0,1,1,1,2,0,2,0,2,0,0,1,0,0,1,0,0,1,2,1,1,1,2,2,2,1,0,1,0,0,0,0,1,2,2,0,2,0,1,2,0,1,2,0,1,1,2,2,0,0,0,0,1,1,0,1,1,0,1,2,1,2,1,0,1,1,0,1,1,1,2,1,2,0,1,0,2,2,2,0,2,1,1,1,1,1,1,2,0,1,2,2,0,0,1,1,2,1,2,0,1,0,1,0,2,1,1,1,0,1,2,2,0,0,2,1,1,0
216_21,1,2,2,0,2,1,0,2,1,0,0,2,1,0,2,1,1,0,2,0,2,0,0,2,2,0,1,1,1,1,2,1,0,1,1,1,1,2,1,0,2,2,0,2,1,1,2,2,1,1,1,0,0,1,2,2,0,0,0,1,1,2,2,1,1,2,1,1,1,1,2,0,2,0,2,0,1,0,0,0,1,0,0,1,1,1,2,0,2,0,2,2,0,1,0,0,1,0,0,1,2,1,1,1,2,2,2,1,0,1,0,0,0,0,1,2,2,0,2,0,1,2,0,1,2,0,1,1,2,2,0,0,0,0,1,1,0,1,1,0,1,2,1,2,1,0,1,1,0,1,1,1,2,1,2,0,1,0,2,2,2,0,2,1,1,1,1,1,1,2,0,1,2,2,0,0,1,1,2,1,2,0,1,0,1,0,2,1,1,1,0,1,2,2,0,0,2,1,1,0
I7,1,0,0,0,0,1,1,1,0,0,0,2,1,0,0,1,2,0,0,0,2,0,0,2,1,0,1,1,0,0,2,0,1,2,1,1,1,0,0,0,0,2,1,2,1,1,2,0,0,1,1,1,0,1,2,0,0,0,0,1,1,2,0,1,0,0,0,1,0,2,2,0,2,1,0,1,1,0,1,1,1,0,0,1,0,0,0,0,2,1,2,0,0,1,2,0,2,0,0,1,1,1,0,1,0,0,2,1,0,1,0,2,0,0,0,0,2,0,2,0,1,1,2,1,0,0,1,1,2,2,0,0,0,0,0,1,0,1,1,1,0,2,1,0,1,1,0,1,0,1,1,1,2,0,0,0,0,0,0,2,2,0,2,1,1,1,0,0,2,2,0,1,2,2,0,0,0,0,0,1,2,0,0,0,0,1,0,2,1,1,0,1,2,2,1,0,0,1,0,0
I8,1,0,0,1,0,1,1,1,0,0,0,2,1,2,2,1,2,2,0,0,2,0,0,2,1,0,1,1,0,0,2,2,1,2,1,1,1,0,0,0,0,2,1,2,1,1,2,0,0,1,1,1,1,1,2,0,0,0,0,1,1,2,0,1,0,0,2,1,2,2,2,0,2,1,0,1,1,0,1,1,1,0,0,1,0,0,1,0,2,1,2,0,0,1,2,0,2,0,0,1,1,1,0,1,0,0,2,1,2,1,0,2,2,0,0,0,2,0,2,0,1,1,2,1,0,0,1,1,2,2,0,0,0,0,0,1,0,1,1,1,0,2,1,2,1,1,0,1,0,1,1,1,2,0,0,0,0,1,0,2,2,0,2,1,1,1,0,0,2,2,1,1,2,2,0,0,2,0,0,1,2,0,0,2,1,1,0,2,1,1,0,1,2,2,1,0,0,1,0,0
216_16,1,2,0,1,0,1,1,1,0,0,0,2,1,2,2,1,2,2,0,0,2,0,0,2,1,0,1,1,0,0,2,2,1,2,1,1,1,0,0,0,0,2,1,2,1,1,2,0,0,1,1,1,1,1,2,0,0,0,0,1,1,2,0,1,0,1,2,1,2,2,2,2,2,1,0,1,1,0,1,1,1,0,1,1,0,0,1,0,2,1,2,0,0,1,2,0,2,0,0,1,1,1,0,1,0,0,2,1,2,1,0,2,2,0,0,0,2,0,2,0,1,1,2,1,0,0,1,1,2,2,0,0,0,0,0,1,0,1,1,1,0,2,1,2,1,1,2,1,0,1,1,1,2,0,0,0,0,1,2,2,2,1,2,1,1,1,1,0,2,2,1,1,2,2,0,2,2,0,1,1,2,0,0,2,1,1,1,2,1,1,0,1,2,2,1,0,1,1,0,0
216_17,1,0,0,1,0,1,1,1,0,0,1,2,1,2,2,1,2,2,0,0,2,0,2,2,1,0,1,1,0,0,2,2,1,2,1,1,1,1,1,0,2,2,1,2,1,1,2,0,1,1,1,1,1,1,2,0,0,0,0,1,1,2,2,1,1,1,2,1,2,2,2,0,2,1,2,1,1,0,1,1,1,0,0,1,0,0,1,0,2,1,2,0,0,1,2,0,2,0,0,1,1,1,2,1,0,1,2,1,2,1,2,2,2,1,0,2,2,2,2,0,1,1,2,1,0,0,1,1,2,2,0,0,0,0,2,1,0,1,1,1,0,2,1,2,1,1,0,1,0,1,1,1,2,0,0,0,0,1,0,2,2,0,2,1,1,1,0,2,2,2,1,1,2,2,0,0,2,0,0,1,2,0,0,2,1,1,0,2,1,1,0,1,2,2,1,0,0,1,1,0
I9,1,0,2,0,0,1,1,1,0,1,1,2,1,0,0,1,2,0,0,1,2,0,0,2,1,2,1,1,0,0,2,0,1,2,1,1,1,0,0,0,0,2,1,2,1,1,2,0,0,1,1,1,0,1,2,0,2,0,0,1,1,2,0,1,0,0,0,1,0,2,2,0,2,1,0,1,1,0,1,1,1,0,0,1,1,0,0,0,2,1,2,2,0,1,2,0,2,2,0,1,1,1,0,1,0,0,2,1,0,1,1,2,0,0,0,0,2,1,2,2,1,1,2,1,0,2,1,1,2,2,0,0,0,1,0,1,0,1,1,1,1,2,1,0,1,1,2,1,0,1,1,1,2,2,0,0,2,0,0,2,2,0,2,1,1,1,0,0,2,2,2,1,2,2,0,0,0,0,0,1,2,0,2,0,0,1,0,2,1,1,1,1,2,2,1,0,0,1,0,0
216_18,1,0,2,0,0,1,1,1,1,1,1,2,1,0,0,1,2,2,0,1,2,0,2,2,1,2,1,1,0,1,2,2,1,2,1,1,1,0,2,0,0,2,1,2,1,1,2,0,0,1,1,1,0,1,2,0,2,0,0,1,1,2,0,1,0,0,0,1,0,2,2,0,2,1,0,1,1,1,1,1,1,0,0,1,1,0,0,0,2,1,2,2,0,1,2,0,2,2,2,1,1,1,1,1,0,0,2,1,1,1,1,2,0,0,0,0,2,1,2,2,1,1,2,1,0,2,1,1,2,2,0,0,0,1,0,1,0,1,1,1,1,2,1,0,1,1,2,1,2,1,1,1,2,2,0,0,2,2,0,2,2,0,2,1,1,1,0,0,2,2,2,1,2,2,0,0,0,0,0,1,2,1,2,2,0,1,0,2,1,1,1,1,2,2,1,2,0,1,0,0
I10,1,0,2,0,0,1,1,1,0,1,1,2,1,0,2,1,2,0,2,1,2,0,1,2,1,2,1,1,0,0,2,0,1,2,1,1,1,2,0,0,0,2,1,2,1,1,2,0,0,1,1,1,0,1,2,0,2,0,1,1,1,2,1,1,1,0,0,1,0,2,2,0,2,1,2,1,1,0,1,1,1,0,2,1,1,1,1,0,2,1,2,2,0,1,2,2,2,2,0,1,1,1,2,1,0,0,2,1,0,1,1,2,2,2,0,0,2,1,2,2,1,1,2,1,0,2,1,1,2,2,0,0,0,1,0,1,0,1,1,1,1,2,1,0,1,1,2,1,0,1,1,1,2,2,0,0,2,0,0,2,2,0,2,1,1,1,0,0,2,2,2,1,2,2,0,1,2,0,0,1,2,0,2,0,0,1,0,2,1,1,1,1,2,2,1,0,2,1,0,0
216_20,1,0,2,0,0,1,1,1,0,1,1,2,1,0,2,1,2,0,2,1,2,0,1,2,1,2,1,1,0,0,2,0,1,2,1,1,1,2,0,0,0,2,1,2,1,1,2,0,0,1,1,1,0,1,2,0,2,0,1,1,1,2,1,1,1,0,0,1,0,2,2,0,2,1,2,1,1,0,1,1,1,0,2,1,1,1,1,0,2,1,2,2,0,1,2,2,2,2,0,1,1,1,2,1,0,0,2,1,0,1,1,2,2,2,0,0,2,1,2,2,1,1,2,1,0,2,1,1,2,2,0,0,0,1,0,1,0,1,1,1,1,2,1,0,1,1,2,1,0,1,1,1,2,2,0,0,2,0,0,2,2,0,2,1,1,1,0,0,2,2,2,1,2,2,0,1,2,0,0,1,2,0,2,0,0,1,0,2,1,1,1,1,2,2,1,0,2,1,0,0
216_19,1,0,2,0,0,1,1,1,0,1,1,2,1,0,2,1,2,0,2,1,2,0,1,2,1,2,1,1,0,0,2,0,1,2,1,1,1,2,0,0,0,2,1,2,1,1,2,0,0,1,1,1,0,1,2,0,2,0,1,1,1,2,1,1,1,0,0,1,0,2,2,0,2,1,2,1,1,0,1,1,1,0,2,1,1,1,1,0,2,1,2,2,0,1,2,2,2,2,0,1,1,1,2,1,0,0,2,1,0,1,1,2,2,2,0,0,2,1,2,2,1,1,2,1,0,2,1,1,2,2,0,0,0,1,0,1,0,1,1,1,1,2,1,0,1,1,2,1,0,1,1,1,2,2,0,0,2,0,0,2,2,0,2,1,1,1,0,0,2,2,2,1,2,2,0,1,2,0,0,1,2,0,2,0,0,1,0,2,1,1,1,1,2,2,1,0,2,1,0,0
I11,0,2,1,2,0,0,0,1,1,0,1,1,1,0,0,0,0,0,0,2,2,0,2,0,0,1,0,1,0,0,0,0,0,1,1,0,2,2,0,0,0,0,0,2,0,0,0,0,0,1,0,0,0,1,0,0,0,1,0,0,2,1,0,2,2,0,0,1,0,0,1,1,0,1,0,0,1,0,0,0,0,2,1,1,1,0,1,1,0,0,0,2,2,0,0,0,0,0,1,0,0,0,0,0,0,0,2,0,0,0,1,0,0,0,2,0,2,0,2,1,0,0,0,0,0,0,0,2,2,0,2,0,2,0,0,1,0,2,1,1,0,0,0,1,0,0,0,1,2,0,2,1,0,0,0,2,0,0,0,2,2,0,2,0,0,0,0,0,0,0,0,0,0,2,0,0,0,0,2,1,2,0,0,1,0,0,0,0,1,2,0,0,0,0,0,0,0,1,0,0
I12,0,2,1,2,0,0,0,1,1,0,1,1,1,0,0,0,2,1,0,2,2,0,2,0,0,1,2,1,0,0,0,0,1,1,1,0,2,2,0,0,0,1,0,2,0,0,0,0,0,1,0,0,2,1,0,0,2,1,0,0,2,1,0,2,2,0,1,1,1,0,1,1,2,1,0,0,1,0,0,0,0,2,1,1,1,0,1,1,1,1,0,2,2,1,0,0,0,0,1,0,0,2,0,0,0,0,2,0,0,0,1,0,0,0,2,0,2,0,2,1,0,0,0,0,0,1,0,2,2,0,2,2,2,0,0,1,2,2,1,1,0,0,0,1,0,0,0,1,2,0,2,1,0,0,0,2,0,1,0,2,2,0,2,0,1,0,1,0,0,0,0,2,0,2,1,0,1,0,2,1,2,2,2,1,1,0,0,0,1,2,0,0,1,1,0,0,2,1,0,0
I13,0,2,1,2,0,0,0,1,1,0,1,1,1,0,0,0,2,1,2,2,2,0,2,0,0,1,2,1,0,0,0,2,1,1,1,0,2,2,0,0,0,1,0,2,0,0,0,2,0,1,0,0,2,1,0,0,2,1,0,0,2,1,0,2,2,0,1,1,1,0,1,1,2,1,1,0,1,1,2,0,0,2,1,1,1,0,1,1,1,1,0,2,2,1,1,0,1,0,1,0,0,2,0,2,0,0,2,0,0,0,1,1,0,0,2,0,2,0,2,1,0,0,2,0,0,1,0,2,2,0,2,2,2,0,0,1,2,2,1,1,0,0,0,1,0,0,0,1,2,1,2,1,0,0,0,2,0,1,0,2,2,0,2,0,1,0,1,2,0,2,0,2,1,2,1,0,1,0,2,1,2,2,2,1,1,2,1,0,1,2,0,0,1,1,2,1,2,1,0,1
216_6,1,2,1,2,0,1,0,1,1,0,1,1,1,0,0,0,2,1,2,2,2,0,2,0,0,1,2,1,0,0,0,2,1,1,1,0,2,2,0,0,0,1,0,2,0,0,0,2,1,1,0,0,2,1,0,0,2,1,1,0,2,1,0,2,2,0,1,1,1,0,1,1,2,1,1,0,1,1,2,0,0,2,1,1,1,0,1,1,1,1,0,2,2,1,1,0,1,0,1,0,0,2,0,2,0,0,2,0,2,0,1,1,2,0,2,0,2,1,2,1,0,0,2,0,0,1,1,2,2,0,2,2,2,0,0,1,2,2,1,1,0,0,0,1,0,0,1,1,2,1,2,1,1,0,0,2,2,1,0,2,2,0,2,0,1,0,1,2,0,2,0,2,1,2,1,0,1,0,2,1,2,2,2,1,1,2,1,0,1,2,0,2,1,1,2,1,2,1,0,1
216_7,0,2,1,2,0,0,0,1,1,1,1,1,1,0,0,0,2,1,2,2,2,0,2,0,0,1,2,1,0,0,0,2,1,1,1,0,2,2,0,0,0,1,0,2,0,0,0,2,1,1,0,0,2,1,1,2,2,1,0,0,2,1,0,2,2,0,1,1,1,0,1,1,2,1,1,0,1,1,2,0,0,2,1,1,1,0,1,1,1,1,0,2,2,1,1,1,1,0,1,0,0,2,0,2,0,0,2,0,0,0,1,1,1,0,2,1,2,0,2,1,1,0,2,0,0,1,0,2,2,0,2,2,2,0,2,1,2,2,1,1,2,0,0,1,0,1,0,1,2,1,2,1,0,2,0,2,0,1,0,2,2,0,2,0,1,0,1,2,0,2,0,2,1,2,1,0,1,0,2,1,2,2,2,1,1,2,1,0,1,2,0,0,1,1,2,1,2,1,0,1
I14,0,2,1,2,0,0,2,1,1,0,1,1,1,2,0,0,2,1,0,2,2,0,2,0,1,1,2,1,0,0,0,1,1,1,1,1,2,2,0,0,0,1,2,2,1,0,0,0,0,1,0,0,2,1,0,0,2,1,0,0,2,1,0,2,2,0,1,1,1,0,1,1,2,1,1,0,1,2,0,0,0,2,1,1,1,0,1,1,1,1,1,2,2,1,0,0,0,2,1,0,1,2,0,0,0,2,2,0,1,0,1,0,2,0,2,0,2,0,2,1,0,0,0,0,0,1,0,2,2,0,2,2,2,0,0,1,2,2,1,1,0,0,0,1,0,0,0,1,2,0,2,1,0,1,0,2,0,1,0,2,2,0,2,1,1,2,1,0,0,1,0,2,0,2,1,0,1,0,2,1,2,2,2,1,1,0,0,0,1,2,0,0,1,1,0,0,2,1,2,0
I15,0,2,1,2,0,0,2,1,1,0,1,1,1,2,2,0,2,1,0,2,2,0,2,0,1,1,2,1,2,0,2,1,1,1,1,1,2,2,1,0,0,1,2,2,1,0,0,0,0,1,0,0,2,1,0,0,2,1,0,1,2,1,0,2,2,0,1,1,1,0,1,1,2,1,1,0,1,2,0,1,0,2,1,1,1,0,1,1,1,1,1,2,2,1,0,0,2,2,1,2,1,2,0,2,2,2,2,0,1,0,1,0,2,0,2,0,2,0,2,1,0,0,0,0,0,1,0,2,2,0,2,2,2,0,0,1,2,2,1,1,0,0,0,1,0,0,2,1,2,0,2,1,0,1,0,2,0,1,0,2,2,0,2,1,1,2,1,0,0,1,0,2,2,2,1,0,1,0,2,1,2,2,2,1,1,0,0,0,1,2,1,0,1,1,1,0,2,1,2,0
216_2,0,2,1,2,0,0,2,1,1,0,1,1,1,2,2,1,2,1,0,2,2,0,2,0,1,1,2,1,2,0,2,1,1,1,1,1,2,2,1,0,0,1,2,2,1,0,0,0,0,1,0,0,2,1,0,0,2,1,0,1,2,1,0,2,2,0,1,1,1,0,1,1,2,1,1,0,1,2,0,1,0,2,1,1,1,0,1,1,1,1,1,2,2,1,0,0,2,2,1,2,1,2,0,2,2,2,2,0,1,0,1,0,2,0,2,0,2,0,2,1,0,0,0,0,0,1,0,2,2,2,2,2,2,0,0,1,2,2,1,1,1,0,0,1,0,0,2,1,2,0,2,1,0,1,0,2,0,1,0,2,2,0,2,1,1,2,1,0,0,1,0,2,2,2,1,0,1,0,2,1,2,2,2,1,1,0,0,0,1,2,1,0,1,1,1,0,2,1,2,0
216_1,0,2,1,2,0,0,2,1,1,0,1,1,1,2,2,0,2,1,0,2,2,0,2,0,1,1,2,1,2,0,2,1,1,1,1,1,2,2,1,0,0,1,2,2,1,0,0,0,0,1,0,0,2,1,0,0,2,1,0,1,2,1,0,2,2,0,1,1,1,0,1,1,2,1,1,0,1,2,0,1,0,2,1,1,1,0,1,1,1,1,1,2,2,1,0,0,2,2,1,2,1,2,0,2,2,2,2,0,1,0,1,0,2,0,2,0,2,0,2,1,0,0,0,0,0,1,0,2,2,0,2,2,2,0,0,1,2,2,1,1,0,0,0,1,0,0,2,1,2,0,2,1,0,1,0,2,0,1,0,2,2,0,2,1,1,2,1,0,0,1,0,2,2,2,1,0,1,0,2,1,2,2,2,1,1,0,0,0,1,2,1,0,1,1,1,0,2,1,2,0
I16,0,2,1,2,0,0,2,1,1,0,1,1,1,2,0,0,2,1,0,2,2,1,2,0,1,1,2,1,0,0,0,1,1,1,1,1,2,2,0,0,2,1,2,2,1,2,0,0,0,1,0,0,2,1,0,0,2,1,0,0,2,1,0,2,2,0,1,1,1,0,1,1,2,1,1,0,1,2,0,0,0,2,1,1,1,0,1,1,1,1,1,2,2,1,0,0,0,2,1,0,1,2,0,0,0,2,2,0,1,0,1,0,2,1,2,1,2,0,2,1,0,0,0,0,0,1,0,2,2,0,2,2,2,0,2,1,2,2,1,1,0,0,0,1,0,0,2,1,2,0,2,1,0,1,0,2,0,1,0,2,2,1,2,1,1,2,1,0,2,1,0,2,0,2,1,2,1,0,2,1,2,2,2,1,1,2,0,1,1,2,0,0,1,1,0,0,2,1,2,0
216_4,0,2,1,2,0,0,2,1,1,0,1,1,1,2,0,0,2,1,1,2,2,1,2,0,1,1,2,1,0,0,0,1,1,1,1,1,2,2,0,0,2,1,2,2,1,2,0,0,0,1,0,0,2,1,0,0,2,1,0,0,2,1,0,2,2,0,1,1,1,1,1,1,2,1,1,2,1,2,0,0,0,2,1,1,1,0,1,1,1,1,1,2,2,1,0,0,0,2,1,0,1,2,0,0,0,2,2,0,1,0,1,0,2,1,2,1,2,0,2,1,0,0,0,0,0,1,0,2,2,2,2,2,2,0,2,1,2,2,1,1,0,0,0,1,0,0,2,1,2,0,2,1,0,1,0,2,0,1,0,2,2,1,2,1,1,2,1,0,2,1,0,2,0,2,1,2,1,0,2,1,2,2,2,1,1,2,0,1,1,2,0,0,1,1,0,0,2,1,2,0
216_3,0,2,1,2,0,0,2,1,1,0,1,1,1,2,0,0,2,1,0,2,2,1,2,0,1,1,2,1,0,0,0,1,1,1,1,1,2,2,2,0,2,1,2,2,1,2,0,0,0,1,0,0,2,1,2,0,2,1,0,0,2,1,0,2,2,0,1,1,1,0,1,1,2,1,1,0,1,2,0,0,0,2,1,1,1,0,1,1,1,1,1,2,2,1,0,0,0,2,1,0,1,2,0,0,0,2,2,0,1,0,1,0,2,1,2,1,2,0,2,1,1,0,0,0,0,1,0,2,2,0,2,2,2,0,2,1,2,2,1,1,0,0,0,1,0,0,2,1,2,2,2,1,0,1,0,2,0,1,0,2,2,1,2,1,1,2,1,0,2,1,0,2,0,2,1,2,1,0,2,1,2,2,2,1,1,2,0,1,1,2,0,0,1,1,0,0,2,1,2,1
I17,2,2,1,2,1,0,0,1,1,0,1,1,1,0,1,0,0,0,0,2,2,0,2,0,0,1,0,1,1,0,0,0,0,1,1,0,2,2,0,0,0,0,2,2,1,2,2,0,1,1,0,0,0,1,2,1,0,1,1,0,2,1,0,2,2,0,0,1,0,1,1,1,1,1,1,0,1,0,0,0,0,2,1,1,1,2,1,1,0,0,1,2,2,0,0,0,0,1,1,1,2,0,1,2,0,0,2,0,0,0,1,2,0,0,2,0,2,0,2,1,0,1,2,0,0,0,0,2,2,2,2,0,2,2,0,1,1,2,1,1,0,0,0,1,0,0,2,1,2,0,2,1,0,0,1,2,0,0,0,2,2,0,2,2,0,0,0,2,0,0,0,0,2,2,0,0,0,0,2,1,2,0,1,1,0,0,1,1,1,2,0,0,0,0,0,0,0,1,0,0
I18,2,2,1,2,1,0,0,1,1,0,1,1,1,0,1,2,0,0,2,2,2,0,2,1,2,1,0,1,1,0,0,0,0,1,1,0,2,2,0,0,0,0,2,2,1,2,2,0,1,1,0,0,0,1,2,1,0,1,1,0,2,1,0,2,2,0,1,1,0,1,1,1,1,1,1,0,1,0,0,0,0,2,1,1,1,2,1,1,1,0,1,2,2,0,0,0,1,1,1,1,2,0,1,2,0,0,2,0,0,0,1,2,0,0,2,0,2,1,2,1,0,1,2,0,0,0,0,2,2,2,2,2,2,2,0,1,1,2,1,1,0,1,0,1,0,0,2,1,2,0,2,1,0,0,1,2,2,0,0,2,2,0,2,2,0,0,0,2,0,0,0,0,2,2,0,0,0,0,2,1,2,0,1,1,0,0,1,1,1,2,0,0,0,0,2,0,1,1,2,0
216_8,2,2,1,2,1,2,0,1,1,0,1,1,1,0,1,2,0,0,2,2,2,0,2,1,2,1,2,1,1,0,0,0,0,1,1,0,2,2,0,0,0,0,2,2,1,2,2,0,1,1,2,0,0,1,2,1,0,1,1,0,2,1,0,2,2,0,1,1,1,1,1,1,1,1,1,0,1,1,2,0,0,2,1,1,1,2,1,1,1,0,1,2,2,0,0,0,1,1,1,1,2,0,1,2,2,0,2,0,0,0,1,2,0,0,2,0,2,1,2,1,0,1,2,2,0,0,2,2,2,2,2,2,2,2,0,1,1,2,1,1,0,1,2,1,0,0,2,1,2,0,2,1,0,0,1,2,2,0,1,2,2,0,2,2,0,0,0,2,1,1,0,1,2,2,0,0,0,0,2,1,2,0,1,1,0,0,1,1,1,2,0,0,0,0,2,0,1,1,2,0
I19,2,2,1,2,1,0,0,1,1,0,1,1,1,1,1,2,0,0,2,2,2,0,2,1,2,1,1,1,1,0,0,0,0,1,1,0,2,2,0,0,0,0,2,2,1,2,2,0,1,1,0,1,0,1,2,1,0,1,1,2,2,1,0,2,2,0,1,1,0,1,1,1,1,1,1,0,1,0,1,0,0,2,1,1,1,2,1,1,1,0,1,2,2,0,0,0,1,1,1,1,2,0,1,2,0,0,2,0,1,0,1,2,0,0,2,0,2,1,2,1,0,1,2,0,1,0,0,2,2,2,2,2,2,2,1,1,1,2,1,1,0,1,1,1,2,0,2,1,2,0,2,1,0,2,1,2,2,0,2,2,2,1,2,2,0,0,0,2,0,0,0,0,2,2,2,0,0,0,2,1,2,0,1,1,0,2,1,1,1,2,0,2,0,0,2,1,1,1,2,0
216_10,2,2,1,2,1,0,0,1,1,0,1,1,1,1,1,2,0,0,2,2,2,0,2,1,2,1,1,1,1,0,0,0,0,1,1,0,2,2,0,0,0,0,2,2,1,2,2,0,1,1,0,1,0,1,2,1,0,1,1,2,2,1,0,2,2,0,1,1,0,1,1,1,1,1,1,0,1,0,1,0,0,2,1,1,1,2,1,1,1,0,1,2,2,0,0,0,1,1,1,1,2,0,1,2,0,2,2,0,1,0,1,2,0,0,2,0,2,1,2,1,0,1,2,0,1,0,0,2,2,2,2,2,2,2,1,1,1,2,1,1,0,1,1,1,2,0,2,1,2,0,2,1,0,2,1,2,2,0,2,2,2,1,2,2,0,0,0,2,0,0,0,0,2,2,2,0,1,0,2,1,2,0,1,1,1,2,1,1,1,2,0,2,0,0,2,1,1,1,2,0
216_9,2,2,1,2,1,0,0,1,1,0,1,1,1,1,1,2,0,1,2,2,2,1,2,1,2,1,1,1,1,2,0,0,0,1,1,0,2,2,0,0,0,0,2,2,1,2,2,0,1,1,0,1,0,1,2,1,0,1,1,2,2,1,0,2,2,2,1,1,0,1,1,1,1,1,1,0,1,0,1,0,0,2,1,1,1,2,1,1,1,0,1,2,2,0,0,0,1,1,1,1,2,0,1,2,0,0,2,0,1,0,1,2,0,0,2,0,2,1,2,1,0,1,2,0,1,0,0,2,2,2,2,2,2,2,1,1,1,2,1,1,0,1,1,1,2,0,2,1,2,0,2,1,0,2,1,2,2,0,2,2,2,1,2,2,0,0,0,2,0,0,0,0,2,2,2,0,0,0,2,1,2,2,1,1,0,2,1,1,1,2,0,2,0,0,2,1,1,1,2,0
I20,2,2,1,2,1,2,0,1,1,1,1,1,1,0,1,0,0,0,0,2,2,0,2,0,0,1,0,1,1,0,1,0,0,1,1,0,2,2,1,0,0,0,2,2,1,2,2,0,1,1,0,0,2,1,2,1,0,1,1,0,2,1,0,2,2,2,0,1,0,1,1,1,1,1,1,0,1,1,2,0,0,2,1,1,1,2,1,1,0,1,1,2,2,0,0,0,0,1,1,1,2,0,1,2,0,0,2,1,2,0,1,2,0,0,2,2,2,0,2,1,0,1,2,0,2,2,0,2,2,2,2,1,2,2,2,1,1,2,1,1,0,0,0,1,0,1,2,1,2,0,2,1,0,0,1,2,0,0,0,2,2,0,2,2,1,2,0,2,0,0,0,0,2,2,0,0,2,0,2,1,2,0,1,1,0,1,1,1,1,2,0,0,0,0,2,0,1,1,0,0
216_12,2,2,1,2,1,2,0,1,1,1,1,1,1,2,1,2,1,0,2,2,2,0,2,0,0,1,0,1,1,0,1,0,2,1,1,0,2,2,1,0,0,0,2,2,1,2,2,0,1,1,0,1,2,1,2,1,1,1,1,1,2,1,0,2,2,2,0,1,0,1,1,1,1,1,1,0,1,1,2,0,0,2,1,1,1,2,1,1,0,1,1,2,2,0,0,1,2,1,1,1,2,0,1,2,1,0,2,1,2,0,1,2,1,2,2,2,2,2,2,1,0,1,2,0,2,2,0,2,2,2,2,1,2,2,2,1,1,2,1,1,2,0,0,1,0,1,2,1,2,0,2,1,2,2,1,2,2,0,0,2,2,1,2,2,1,2,2,2,1,0,0,0,2,2,0,1,2,0,2,1,2,0,1,1,0,1,1,1,1,2,0,0,0,1,2,2,1,1,0,0
216_14,2,2,1,2,1,2,0,1,1,1,1,1,1,0,1,0,2,1,0,2,2,0,2,0,2,1,1,1,1,0,1,0,0,1,1,2,2,2,1,1,2,0,2,2,1,2,2,0,1,1,0,0,2,1,2,1,0,1,1,0,2,1,0,2,2,2,0,1,0,1,1,1,1,1,1,0,1,1,2,0,0,2,1,1,1,2,1,1,0,1,1,2,2,0,0,0,0,1,1,1,2,1,1,2,0,0,2,1,2,0,1,2,0,0,2,2,2,0,2,1,0,1,2,0,2,2,0,2,2,2,2,1,2,2,2,1,1,2,1,1,0,0,0,1,0,1,2,1,2,0,2,1,0,0,1,2,1,0,0,2,2,0,2,2,1,2,0,2,0,0,2,1,2,2,2,0,2,2,2,1,2,1,1,1,2,1,1,1,1,2,0,0,2,0,2,1,1,1,0,0
Evolve tree: [&R] ((((216_14:0.24520356307674923,216_12:0.24520356307674923)I20:0.23748917721103455,((216_9:0.03647072670750793,216_10:0.03647072670750793)I19:0.1991883021867778,216_8:0.23565902889428575)I18:0.24703371139349806)I17:0.26278780532490087,(((216_3:0.05719637176967074,216_4:0.05719637176967074)I16:0.16426128719738833,(216_1:0.03236572398856582,216_2:0.03236572398856582)I15:0.18909193497849325)I14:0.23367401018909922,(216_7:0.1934655711594639,216_6:0.1934655711594639)I13:0.2616660979966944)I12:0.29034887645652635)I11:0.3553581736640363,((((216_19:0.016078030702131985,216_20:0.016078030702131985)I10:0.22434553659042472,216_18:0.2404235672925567)I9:0.22567899723488558,(216_17:0.2073936157031814,216_16:0.2073936157031814)I8:0.2587089488242609)I7:0.26660312142885983,(((216_21:0.02827399588619251,216_22:0.02827399588619251)I6:0.18848045598445762,(216_23:0.008012977027052892,216_24:0.008012977027052892)I5:0.20874147484359723)I4:0.24385378128125929,(216_28:0.19809322314712102,216_25:0.19809322314712102)I3:0.2625150100047884)I2:0.2720974528043926)I1:0.36813303332041897)I0:0.14010931539258806;