cell,r0,r1,r2,r3,r4,r5,r6,r7,r8,r9,r10,r11,r12,r13,r14,r15,r16,r17,r18,r19,r20,r21,r22,r23,r24,r25,r26,r27,r28,r29,r30,r31,r32,r33,r34,r35,r36,r37,r38,r39,r40,r41,r42,r43,r44,r45,r46,r47,r48,r49,r50,r51,r52,r53,r54,r55,r56,r57,r58,r59,r60,r61,r62,r63,r64,r65,r66,r67,r68,r69,r70,r71,r72,r73,r74,r75,r76,r77,r78,r79,r80,r81,r82,r83,r84,r85,r86,r87,r88,r89,r90,r91,r92,r93,r94,r95,r96,r97,r98,r99,r100,r101,r102,r103,r104,r105,r106,r107,r108,r109,r110,r111,r112,r113,r114,r115,r116,r117,r118,r119,r120,r121,r122,r123,r124,r125,r126,r127,r128,r129,r130,r131,r132,r133,r134,r135,r136,r137,r138,r139,r140,r141,r142,r143,r144,r145,r146,r147,r148,r149,r150,r151,r152,r153,r154,r155,r156,r157,r158,r159,r160,r161,r162,r163,r164,r165,r166,r167,r168,r169,r170,r171,r172,r173,r174,r175,r176,r177,r178,r179,r180,r181,r182,r183,r184,r185,r186,r187,r188,r189,r190,r191,r192,r193,r194,r195,r196,r197,r198,r199
I0,0,0,2,1,0,0,0,1,0,2,0,0,0,0,0,0,0,0,0,0,0,0,1,0,0,0,0,0,0,0,0,0,0,0,0,0,0,0,0,0,0,0,0,2,0,0,0,2,0,0,0,0,1,0,0,0,0,2,0,2,1,0,0,0,0,0,1,0,1,0,0,0,0,0,0,0,0,0,2,1,0,0,0,0,0,0,0,0,2,2,0,1,0,0,0,0,0,0,0,0,0,0,0,0,0,2,0,0,0,0,0,0,0,0,0,0,0,0,0,0,0,0,0,0,0,0,0,0,0,2,0,0,0,0,0,0,1,0,0,0,0,0,0,0,0,0,0,1,0,1,2,2,0,0,0,0,0,0,0,0,0,0,0,0,0,0,0,0,0,1,0,0,0,0,0,0,2,0,2,0,1,0,0,0,0,2,0,0,0,0,0,0,0,0,1,0,0,2,0,1
I1,0,0,2,1,2,0,2,1,0,2,0,1,1,2,0,2,0,0,2,0,0,0,1,1,0,0,0,0,0,0,1,0,2,0,2,2,0,0,1,0,1,0,0,2,0,0,0,2,2,0,0,0,1,0,0,0,0,2,0,2,1,0,0,0,2,0,1,0,1,0,0,0,0,2,1,0,1,0,2,1,2,0,1,2,2,0,0,1,2,2,0,1,0,0,0,0,2,1,0,0,0,0,1,0,0,2,0,0,2,0,1,2,0,2,2,0,2,2,0,0,2,0,0,0,0,0,1,0,0,2,0,2,2,2,0,0,1,0,1,0,2,0,0,0,0,1,0,1,0,1,2,2,0,2,0,0,2,0,2,1,0,0,0,1,0,1,0,0,0,1,2,1,2,0,0,0,2,0,2,0,1,2,0,0,2,2,1,2,0,0,0,0,2,0,1,0,0,2,0,1
I2,0,0,2,1,2,0,2,1,2,2,0,1,1,2,0,2,2,0,2,1,1,0,1,1,0,0,0,0,0,0,1,2,2,0,2,2,2,0,1,0,1,2,0,2,0,0,0,2,2,0,0,2,1,1,1,2,0,2,0,2,1,1,0,2,2,1,1,0,1,1,0,2,1,2,1,0,1,0,2,1,2,0,1,2,2,0,0,1,2,2,0,1,1,0,0,0,2,1,0,0,0,0,1,2,0,2,0,0,2,0,1,2,0,2,2,0,2,2,0,0,2,0,0,0,2,0,1,0,1,2,0,2,2,2,0,2,1,2,1,0,2,0,0,0,0,1,0,1,0,1,2,2,0,2,2,0,2,0,2,1,0,0,2,1,0,1,0,0,0,1,2,1,2,0,0,0,2,0,2,1,1,2,0,0,2,2,1,2,0,0,0,0,2,0,1,0,0,2,0,1
I3,0,0,2,1,2,0,2,1,2,2,2,1,1,2,0,2,2,0,2,1,1,0,1,1,0,0,0,0,0,0,1,2,2,0,2,2,2,0,1,0,1,2,0,2,1,1,0,2,2,0,0,2,1,1,1,2,0,2,0,2,1,1,0,2,2,1,1,0,1,1,0,2,1,2,1,0,1,0,2,1,2,0,1,2,2,0,0,1,2,2,1,1,1,0,1,0,2,1,0,1,0,0,1,2,0,2,0,0,2,1,1,2,0,2,2,1,2,2,0,0,2,0,0,0,2,0,1,0,1,2,0,2,2,2,0,2,1,2,1,0,2,0,0,0,0,1,0,1,0,1,2,2,0,2,2,0,2,0,2,1,1,0,2,1,0,1,0,0,0,1,2,1,2,0,0,0,2,1,2,1,1,2,0,0,2,2,1,2,0,0,1,0,2,2,1,0,0,2,0,1
216_25,0,0,2,1,2,0,2,1,2,2,2,1,1,2,0,2,2,0,2,1,1,0,1,1,0,0,0,0,0,0,1,2,2,0,2,2,2,0,1,0,1,2,0,2,1,1,0,2,2,0,1,2,1,1,1,2,0,2,0,2,1,1,0,2,2,1,1,0,1,1,0,2,1,2,1,0,1,0,2,1,2,0,1,2,2,0,0,1,2,2,1,1,1,2,1,0,2,1,0,1,0,0,1,2,1,2,0,0,2,1,1,2,0,2,2,1,2,2,0,0,2,0,1,0,2,0,1,0,1,2,0,2,2,2,0,2,1,2,1,0,2,0,0,0,0,1,0,1,2,1,2,2,0,2,2,2,2,0,2,1,1,0,2,1,0,1,0,0,2,1,2,1,2,0,0,0,2,1,2,1,1,2,0,0,2,2,1,2,0,0,1,0,2,2,1,0,0,2,0,1
216_28,0,0,2,1,2,0,2,1,2,2,2,1,1,2,0,2,2,0,2,1,1,0,1,1,0,2,0,0,0,2,1,2,2,0,2,2,2,0,1,2,1,2,0,2,1,1,0,2,2,0,0,2,1,1,1,2,0,2,0,2,1,1,1,2,2,1,1,0,1,1,0,2,1,2,1,0,1,0,2,1,2,0,1,2,2,0,0,1,2,2,1,1,1,0,1,0,2,1,0,1,0,0,1,2,0,2,0,0,2,1,1,2,0,2,2,1,2,2,1,0,2,0,0,0,2,0,1,0,1,2,0,2,2,2,0,2,1,2,1,0,2,0,0,0,0,1,0,1,0,1,2,2,0,2,2,0,2,2,2,1,1,0,2,1,2,1,1,0,0,1,2,1,2,0,0,0,2,1,2,1,1,2,0,0,2,2,1,2,0,0,1,0,2,2,1,0,0,2,0,1
I4,0,0,2,1,2,0,2,1,2,2,0,1,1,2,1,2,2,0,2,1,1,1,1,1,2,0,0,0,2,0,1,2,2,0,2,2,2,0,1,2,1,2,0,2,0,0,2,2,2,0,0,2,1,1,1,2,0,2,0,2,1,1,0,2,2,1,1,0,1,1,0,2,1,2,1,0,1,0,2,1,2,1,1,2,2,0,0,1,2,2,1,1,1,2,0,0,2,1,0,0,0,0,1,2,0,2,0,1,2,0,1,2,0,2,2,0,2,2,0,0,2,0,0,0,2,0,1,1,1,2,0,2,2,2,0,2,1,2,1,0,2,0,1,0,0,1,1,1,0,1,2,2,0,2,2,0,2,0,2,1,0,0,2,1,0,1,0,2,0,1,2,1,2,0,0,0,2,0,2,1,1,2,0,0,2,2,1,2,0,0,0,0,2,0,1,0,0,2,2,1
I5,0,0,2,1,2,0,2,1,2,2,0,1,1,2,1,2,2,0,2,1,1,1,1,1,2,0,0,0,2,0,1,2,2,0,2,2,2,0,1,2,1,2,0,2,0,1,2,2,2,1,0,2,1,1,1,2,2,2,0,2,1,1,0,2,2,1,1,0,1,1,0,2,1,2,1,0,1,1,2,1,2,1,1,2,2,0,0,1,2,2,1,1,1,2,0,0,2,1,0,0,0,0,1,2,0,2,0,1,2,0,1,2,0,2,2,0,2,2,0,0,2,0,0,0,2,0,1,1,1,2,0,2,2,2,0,2,1,2,1,0,2,0,1,2,0,1,1,1,0,1,2,2,0,2,2,0,2,0,2,1,1,1,2,1,0,1,0,2,0,1,2,1,2,0,0,0,2,0,2,1,1,2,0,0,2,2,1,2,0,0,0,0,2,0,1,0,0,2,2,1
216_24,0,0,2,1,2,0,2,1,2,2,0,1,1,2,1,2,2,0,2,1,1,1,1,1,2,0,0,0,2,0,1,2,2,0,2,2,2,0,1,2,1,2,0,2,0,1,2,2,2,1,0,2,1,1,1,2,2,2,0,2,1,1,0,2,2,1,1,0,1,1,0,2,1,2,1,0,1,1,2,1,2,1,1,2,2,0,0,1,2,2,1,1,1,2,0,0,2,1,0,0,0,0,1,2,0,2,0,1,2,0,1,2,0,2,2,0,2,2,0,0,2,0,0,0,2,0,1,1,1,2,0,2,2,2,0,2,1,2,1,0,2,0,1,2,0,1,1,1,0,1,2,2,0,2,2,0,2,0,2,1,1,1,2,1,0,1,0,2,0,1,2,1,2,0,0,0,2,0,2,1,1,2,0,0,2,2,1,2,0,0,0,0,2,0,1,0,0,2,2,1
216_23,0,0,2,1,2,0,2,1,2,2,0,1,1,2,1,2,2,0,2,1,1,1,1,1,2,0,0,0,2,0,1,2,2,0,2,2,2,0,1,2,1,2,0,2,0,1,2,2,2,1,0,2,1,1,1,2,2,2,0,2,1,1,0,2,2,1,1,0,1,1,0,2,1,2,1,0,1,1,2,1,2,1,1,2,2,0,0,1,2,2,1,1,1,2,0,0,2,1,0,0,0,0,1,2,0,2,0,1,2,0,1,2,0,2,2,0,2,2,0,0,2,0,0,0,2,0,1,1,1,2,0,2,2,2,0,2,1,2,1,0,2,0,1,2,2,1,1,1,0,1,2,2,0,2,2,0,2,0,2,1,1,1,2,1,0,1,0,2,0,1,2,1,2,0,0,0,2,0,2,1,1,2,0,0,2,2,1,2,0,0,0,0,2,0,1,0,0,2,2,1
I6,0,0,2,1,2,0,2,1,2,2,0,1,1,2,1,2,2,0,2,1,1,1,1,1,2,0,0,0,2,0,1,2,2,0,2,2,2,0,1,2,1,2,0,2,0,0,2,2,2,0,0,2,1,1,1,2,0,2,0,2,1,1,0,2,2,1,1,0,1,1,0,2,1,2,1,0,1,0,2,1,2,1,1,2,2,1,0,1,2,2,1,1,1,2,0,0,2,1,2,0,0,0,1,2,0,2,0,1,2,0,1,2,0,2,2,0,2,2,0,0,2,0,0,0,2,0,1,1,1,2,0,2,2,2,0,2,1,2,1,0,2,1,1,0,0,1,1,1,0,1,2,2,0,2,2,0,2,0,2,1,0,0,2,1,0,1,0,2,0,1,2,1,2,0,0,0,2,0,2,1,1,2,0,0,2,2,1,2,0,0,0,0,2,0,1,2,2,2,2,1
216_22,0,0,2,1,2,0,2,1,2,2,0,1,1,2,1,2,2,0,2,1,1,1,1,1,2,0,0,0,2,0,1,2,2,0,2,2,2,0,1,2,1,2,0,2,0,0,2,2,2,1,0,2,1,1,1,2,0,2,0,2,1,1,0,2,2,1,1,0,1,1,0,2,1,2,1,0,1,0,2,1,2,1,1,2,2,1,0,1,2,2,1,1,1,2,0,0,2,1,2,0,0,0,1,2,0,2,0,1,2,0,1,2,0,2,2,0,2,2,0,0,2,0,0,0,2,0,1,1,1,2,0,2,2,2,0,2,1,2,1,0,2,1,1,0,0,1,1,1,0,1,2,2,0,2,2,0,2,0,2,1,0,0,2,1,0,1,0,2,0,1,2,1,2,0,0,0,2,0,2,1,1,2,0,0,2,2,1,2,0,2,0,0,2,0,1,2,2,2,2,1
216_21,0,0,2,1,2,0,2,1,2,2,0,1,1,2,1,2,2,0,2,1,1,1,1,1,2,0,0,0,2,0,1,2,2,0,2,2,2,0,1,2,1,2,0,2,0,0,2,2,2,0,0,2,1,1,1,2,0,2,0,2,1,1,0,2,2,1,1,0,1,1,0,2,1,2,1,0,1,0,2,1,2,1,1,2,2,1,0,1,2,2,1,1,1,2,0,0,2,1,2,0,0,0,1,2,0,2,0,1,2,0,1,2,0,2,2,0,2,2,0,0,2,0,0,0,2,0,1,1,1,2,0,2,2,2,0,2,1,2,1,0,2,1,1,0,0,1,1,1,0,1,2,2,0,2,2,0,2,0,2,1,0,0,2,1,0,1,0,2,0,1,2,1,2,0,0,0,2,0,2,1,1,2,0,0,2,2,1,2,0,0,0,0,2,0,1,2,2,2,2,1
I7,2,0,2,1,2,0,2,1,0,2,0,1,1,2,0,2,0,0,2,0,0,0,1,1,0,0,0,0,2,2,1,0,2,1,2,2,0,1,1,0,1,2,0,2,0,0,0,2,2,0,0,1,1,0,0,2,0,2,0,2,1,0,0,1,2,2,1,0,1,0,1,1,0,2,1,0,1,0,2,1,2,1,1,2,2,1,1,1,2,2,0,1,0,0,0,0,2,1,0,0,0,0,1,0,2,2,0,0,2,1,1,2,0,2,2,0,2,2,0,0,2,0,0,0,0,0,1,0,0,2,0,2,2,2,0,0,1,0,1,0,2,0,0,2,0,1,0,1,0,1,2,2,0,2,0,1,2,0,2,1,2,0,0,1,0,1,1,1,0,1,2,1,2,0,0,0,2,1,2,0,1,2,0,0,2,2,1,2,0,0,0,2,2,0,1,2,0,2,0,1
I8,2,0,2,1,2,0,2,1,0,2,0,1,1,2,2,2,0,0,2,0,2,2,1,1,0,0,0,0,2,2,1,0,2,1,2,2,0,1,1,0,1,2,1,2,0,0,0,2,2,0,0,1,1,1,0,2,1,2,0,2,1,0,0,1,2,2,1,0,1,0,1,1,0,2,1,2,1,0,2,1,2,1,1,2,2,1,1,1,2,2,0,1,2,2,0,0,2,1,0,0,0,0,1,0,2,2,0,2,2,1,1,2,0,2,2,0,2,2,0,0,2,0,1,0,0,0,1,0,0,2,1,2,2,2,0,0,1,0,1,0,2,0,0,2,2,1,0,1,0,1,2,2,0,2,1,1,2,1,2,1,2,0,0,1,0,1,1,1,0,1,2,1,2,0,1,0,2,1,2,0,1,2,0,0,2,2,1,2,0,1,0,2,2,1,1,2,2,2,0,1
216_16,2,0,2,1,2,1,2,1,0,2,0,1,1,2,2,2,0,0,2,0,2,2,1,1,0,0,0,0,2,2,1,0,2,1,2,2,0,1,1,0,1,2,1,2,2,0,0,2,2,0,0,1,1,1,0,2,1,2,0,2,1,0,2,1,2,2,1,1,1,0,1,1,0,2,1,2,1,0,2,1,2,1,1,2,2,1,1,1,2,2,0,1,2,2,0,0,2,1,0,0,0,0,1,0,2,2,1,2,2,1,1,2,0,2,2,0,2,2,1,0,2,0,1,0,0,0,1,0,0,2,1,2,2,2,0,0,1,0,1,0,2,0,0,2,2,1,0,1,0,1,2,2,0,2,1,1,2,1,2,1,2,0,2,1,0,1,1,1,0,1,2,1,2,0,1,0,2,1,2,0,1,2,0,0,2,2,1,2,0,1,0,2,2,1,1,2,2,2,0,1
216_17,2,0,2,1,2,0,2,1,0,2,0,1,1,2,2,2,0,0,2,0,2,2,1,1,0,0,0,0,2,2,1,0,2,1,2,2,0,1,1,0,1,2,1,2,0,0,0,2,2,0,0,1,1,1,0,2,1,2,2,2,1,0,0,1,2,2,1,0,1,0,1,1,0,2,1,2,1,0,2,1,2,1,1,2,2,1,1,1,2,2,0,1,2,2,0,0,2,1,0,0,1,0,1,0,2,2,0,2,2,1,1,2,0,2,2,0,2,2,0,0,2,0,1,0,0,0,1,0,0,2,1,2,2,2,0,0,1,0,1,2,2,1,0,2,2,1,0,1,0,1,2,2,0,2,1,1,2,1,2,1,2,0,0,1,0,1,1,1,0,1,2,1,2,0,1,1,2,1,2,2,1,2,0,0,2,2,1,2,0,1,0,2,2,1,1,2,2,2,2,1
I9,2,0,2,1,2,0,2,1,0,2,0,1,1,2,0,2,0,0,2,0,0,2,1,1,0,0,0,0,2,2,1,0,2,1,2,2,0,1,1,0,1,2,0,2,0,0,0,2,2,0,0,1,1,0,0,2,0,2,0,2,1,1,2,1,2,2,1,0,1,0,1,1,0,2,1,0,1,0,2,1,2,1,1,2,2,1,1,1,2,2,0,1,0,2,0,0,2,1,0,1,2,1,1,0,2,2,0,0,2,1,1,2,0,2,2,0,2,2,0,0,2,0,0,0,0,0,1,0,0,2,0,2,2,2,0,0,1,0,1,0,2,0,0,2,0,1,1,1,0,1,2,2,0,2,0,1,2,0,2,1,2,0,0,1,0,1,1,1,0,1,2,1,2,0,0,0,2,1,2,0,1,2,0,0,2,2,1,2,1,0,0,2,2,0,1,2,0,2,0,1
216_18,2,2,2,1,2,1,2,1,0,2,0,1,1,2,0,2,0,0,2,0,0,2,1,1,0,0,1,0,2,2,1,0,2,1,2,2,0,1,1,0,1,2,0,2,0,0,0,2,2,0,0,1,1,0,1,2,2,2,1,2,1,1,2,1,2,2,1,0,1,0,1,1,0,2,1,0,1,0,2,1,2,1,1,2,2,1,1,1,2,2,0,1,0,2,0,0,2,1,1,1,2,1,1,0,2,2,2,2,2,1,1,2,0,2,2,0,2,2,0,0,2,0,0,0,0,0,1,0,1,2,0,2,2,2,0,0,1,0,1,0,2,0,1,2,0,1,1,1,0,1,2,2,0,2,0,1,2,0,2,1,2,0,0,1,0,1,1,1,0,1,2,1,2,0,0,0,2,1,2,0,1,2,2,1,2,2,1,2,1,0,0,2,2,0,1,2,2,2,0,1
I10,2,0,2,1,2,0,2,1,0,2,0,1,1,2,0,2,0,0,2,0,0,2,1,1,0,0,0,2,2,2,1,0,2,1,2,2,0,1,1,0,1,2,0,2,0,0,0,2,2,0,0,1,1,0,0,2,0,2,0,2,1,1,2,1,2,2,1,0,1,0,1,1,0,2,1,0,1,0,2,1,2,1,1,2,2,1,1,1,2,2,0,1,0,2,0,0,2,1,0,1,2,1,1,0,2,2,0,0,2,1,1,2,0,2,2,0,2,2,0,1,2,0,0,0,0,0,1,0,0,2,0,2,2,2,0,0,1,0,1,0,2,0,0,2,0,1,1,1,0,1,2,2,2,2,0,1,2,0,2,1,2,0,0,1,0,1,1,1,0,1,2,1,2,0,0,0,2,1,2,0,1,2,0,0,2,2,1,2,1,0,0,2,2,0,1,2,2,2,0,1
216_20,2,0,2,1,2,0,2,1,0,2,0,1,1,2,0,2,0,0,2,0,0,2,1,1,0,0,0,2,2,2,1,0,2,1,2,2,0,1,1,0,1,2,0,2,0,0,0,2,2,0,0,1,1,0,0,2,0,2,0,2,1,1,2,1,2,2,1,0,1,0,1,1,0,2,1,0,1,0,2,1,2,1,1,2,2,1,1,1,2,2,0,1,0,2,0,0,2,1,0,1,2,1,1,0,2,2,0,0,2,1,1,2,0,2,2,0,2,2,0,1,2,0,0,0,0,0,1,0,0,2,0,2,2,2,0,0,1,0,1,0,2,0,0,2,0,1,1,1,0,1,2,2,2,2,0,1,2,0,2,1,2,0,0,1,0,1,1,1,0,1,2,1,2,0,0,0,2,1,2,0,1,2,0,0,2,2,1,2,1,0,0,2,2,0,1,2,2,2,0,1
216_19,2,0,2,1,2,0,2,1,0,2,0,1,1,2,0,2,0,0,2,0,0,2,1,1,0,0,0,2,2,2,1,0,2,1,2,2,0,1,1,0,1,2,0,2,0,0,0,2,2,0,0,1,1,0,0,2,0,2,0,2,1,1,2,1,2,2,1,0,1,0,1,1,0,2,1,0,1,0,2,1,2,1,1,2,2,1,1,1,2,2,0,1,0,2,0,0,2,1,0,1,2,1,1,0,2,2,0,0,2,1,1,2,0,2,2,0,2,2,0,1,2,0,0,0,1,0,1,0,0,2,0,2,2,2,0,0,1,2,1,0,2,0,0,2,0,1,1,1,0,1,2,2,2,2,0,1,2,0,2,1,2,0,0,1,0,1,1,1,0,1,2,1,2,0,0,0,2,1,2,0,1,2,0,0,2,2,1,2,1,0,0,2,2,0,1,2,2,2,0,1
I11,0,0,2,1,0,2,1,1,2,2,0,0,2,2,0,0,0,0,0,1,2,0,1,0,0,0,0,2,0,0,0,0,0,2,0,0,0,0,0,0,0,1,0,2,1,2,1,2,1,1,0,0,1,0,0,0,2,2,0,2,1,0,0,0,0,0,1,0,1,0,2,0,0,1,0,0,0,0,2,1,1,0,0,2,0,0,0,2,2,2,0,1,0,0,0,0,0,0,2,0,0,0,0,0,0,2,0,2,0,2,2,0,0,2,0,0,0,0,0,0,1,0,0,0,1,0,0,0,1,2,0,0,0,2,0,0,1,0,0,0,0,0,0,0,1,0,0,1,1,1,2,2,0,0,0,0,0,1,0,0,0,2,2,0,0,0,2,0,0,1,0,0,1,0,0,0,2,0,2,0,1,0,0,2,0,2,0,2,0,0,1,0,0,0,1,0,2,2,0,1
I12,0,0,2,1,2,2,1,1,2,2,0,0,2,2,0,1,0,0,0,1,2,2,1,0,0,0,0,2,0,1,1,0,0,2,1,0,0,2,0,0,0,1,0,2,1,2,1,2,1,1,2,0,1,1,2,0,2,2,0,2,1,0,1,0,0,0,1,0,1,0,2,0,0,1,0,0,1,0,2,1,1,0,0,2,1,0,0,2,2,2,1,1,0,2,2,0,0,0,2,0,0,0,0,0,0,2,0,2,0,2,2,0,0,2,1,0,0,0,0,0,1,0,0,0,1,0,0,0,1,2,0,0,1,2,1,1,1,0,0,0,0,0,0,0,1,0,0,1,1,1,2,2,1,0,0,0,0,1,0,0,0,2,2,0,0,0,2,2,0,1,0,0,1,0,1,0,2,0,2,0,1,0,0,2,0,2,0,2,0,0,1,0,2,0,1,0,2,2,0,1
I13,0,0,2,1,2,2,1,1,2,2,2,0,2,2,0,1,0,0,0,1,2,2,1,1,0,1,0,2,0,1,1,0,0,2,1,0,0,2,0,0,0,1,0,2,1,2,1,2,1,1,2,0,1,1,2,0,2,2,0,2,1,0,1,0,0,0,1,0,1,0,2,0,0,1,0,0,1,0,2,1,1,0,0,2,1,0,0,2,2,2,1,1,0,2,2,2,0,0,2,0,0,0,0,2,0,2,0,2,0,2,2,0,2,2,1,0,0,0,0,0,1,0,0,0,1,0,0,0,1,2,0,0,1,2,1,1,1,0,2,0,0,0,0,1,1,0,0,1,1,1,2,2,1,0,1,0,0,1,0,0,0,2,2,2,0,0,2,2,0,1,0,0,1,0,1,0,2,0,2,0,1,2,0,2,1,2,0,2,0,1,1,2,2,0,1,0,2,2,0,1
216_6,0,0,2,1,2,2,1,1,2,2,2,0,2,2,0,1,0,0,0,1,2,2,1,1,0,1,2,2,0,1,1,0,0,2,1,0,2,2,0,2,0,1,0,2,1,2,1,2,1,1,2,0,1,1,2,0,2,2,0,2,1,0,1,1,0,0,1,0,1,0,2,0,0,1,0,0,1,0,2,1,1,0,0,2,1,0,0,2,2,2,1,1,0,2,2,2,0,0,2,0,0,0,0,2,0,2,0,2,0,2,2,0,2,2,1,0,0,2,0,0,1,0,0,0,1,0,0,0,1,2,0,0,1,2,1,1,1,0,2,0,0,0,0,1,1,2,0,1,1,1,2,2,1,0,1,0,0,1,0,0,0,2,2,2,0,2,2,2,0,1,1,0,1,0,1,0,2,0,2,0,1,2,0,2,1,2,0,2,0,1,1,2,2,0,1,0,2,2,2,1
216_7,0,0,2,1,2,2,1,1,2,2,2,0,2,2,0,1,0,0,2,1,2,2,1,1,0,1,0,2,2,1,1,0,0,2,1,0,0,2,0,0,0,1,0,2,1,2,1,2,1,1,2,0,1,1,2,0,2,2,0,2,1,0,1,0,0,0,1,0,1,0,2,0,0,1,0,0,1,0,2,1,1,0,0,2,1,0,0,2,2,2,1,1,1,2,2,2,0,0,2,0,0,1,0,2,0,2,0,2,0,2,2,2,2,2,1,0,0,0,0,0,1,0,0,0,1,0,1,0,1,2,0,0,1,2,1,1,1,0,2,0,0,0,0,1,1,0,0,1,1,1,2,2,1,0,1,0,0,1,0,0,0,2,2,2,0,1,2,2,1,1,0,0,1,0,1,0,2,0,2,0,1,2,0,2,1,2,0,2,0,1,1,2,2,0,1,0,2,2,0,1
I14,0,0,2,1,2,2,1,1,2,2,0,0,2,2,0,1,0,0,0,1,2,2,1,0,0,0,0,2,1,1,1,0,0,2,1,0,0,2,0,0,0,1,0,2,1,2,1,2,1,1,2,1,1,1,2,0,2,2,0,2,1,0,1,0,0,0,1,0,1,0,2,0,0,1,0,0,1,0,2,1,1,0,0,2,1,0,0,2,2,2,1,1,0,2,2,0,0,0,2,0,0,2,0,0,0,2,0,2,0,2,2,0,0,2,1,0,0,2,0,0,1,0,0,0,1,0,2,0,1,2,0,0,1,2,1,1,1,0,0,0,0,0,0,0,1,0,0,1,1,1,2,2,1,0,0,0,0,1,0,1,0,2,2,0,0,1,2,2,0,1,0,0,1,0,1,0,2,0,2,0,1,1,0,2,1,2,0,2,0,2,1,0,2,0,1,0,2,2,0,1
I15,0,0,2,1,2,2,1,1,2,2,0,0,2,2,0,1,0,0,0,1,2,2,1,0,1,0,0,2,1,1,1,0,0,2,1,0,0,2,0,2,2,1,0,2,1,2,1,2,1,1,2,1,1,1,2,0,2,2,0,2,1,0,1,0,0,0,1,0,1,0,2,2,2,1,0,0,1,0,2,1,1,0,0,2,1,0,0,2,2,2,1,1,0,2,2,0,0,0,2,0,0,2,0,0,0,2,0,2,0,2,2,0,0,2,1,0,0,2,0,1,1,0,0,0,1,0,2,0,1,2,0,2,1,2,1,1,1,2,0,0,0,0,1,0,1,0,0,1,1,1,2,2,1,0,0,0,0,1,0,1,0,2,2,0,0,1,2,2,0,1,0,1,1,0,1,0,2,0,2,0,1,1,0,2,1,2,0,2,0,2,1,0,2,1,1,0,2,2,0,1
216_2,0,0,2,1,2,2,1,1,2,2,1,0,2,2,0,1,0,0,0,1,2,2,1,0,1,0,0,2,1,1,1,0,0,2,1,0,0,2,0,2,2,1,0,2,1,2,1,2,1,1,2,1,1,1,2,0,2,2,0,2,1,0,1,0,0,0,1,0,1,0,2,2,2,1,0,0,1,0,2,1,1,0,0,2,1,0,0,2,2,2,1,1,0,2,2,0,0,0,2,0,0,2,0,0,0,2,0,2,0,2,2,0,0,2,1,0,0,2,0,1,1,0,0,0,1,0,2,0,1,2,0,2,1,2,1,1,1,2,0,0,0,0,1,0,1,0,0,1,1,1,2,2,1,0,0,0,0,1,0,1,0,2,2,0,0,1,2,2,0,1,0,1,1,0,1,0,2,0,2,0,1,1,0,2,1,2,0,2,0,2,1,0,2,1,1,0,2,2,0,1
216_1,0,0,2,1,2,2,1,1,2,2,0,0,2,2,0,1,0,0,0,1,2,2,1,0,1,0,0,2,1,1,1,0,0,2,1,0,0,2,0,2,2,1,0,2,1,2,1,2,1,1,2,1,1,1,2,0,2,2,0,2,1,0,1,0,0,0,1,0,1,1,2,2,2,1,0,0,1,0,2,1,1,0,0,2,1,0,2,2,2,2,1,1,0,2,2,0,0,0,2,0,0,2,0,0,0,2,0,2,2,2,2,0,0,2,1,0,0,2,0,1,1,0,0,0,1,0,2,0,1,2,0,2,1,2,1,1,1,2,0,0,0,0,1,0,1,0,0,1,1,1,2,2,1,0,0,0,0,1,0,1,0,2,2,0,0,1,2,2,0,1,0,1,1,0,1,0,2,0,2,0,1,1,2,2,1,2,2,2,0,2,1,0,2,1,1,0,2,2,0,1
I16,0,0,2,1,2,2,1,1,2,2,0,0,2,2,1,1,0,0,0,1,2,2,1,2,0,0,0,2,1,1,1,0,0,2,1,2,0,2,2,0,0,1,0,2,1,2,1,2,1,1,2,1,1,1,2,0,2,2,0,2,1,0,1,0,0,0,1,0,1,0,2,0,0,1,0,0,1,0,2,1,1,0,0,2,1,0,0,2,2,2,1,1,0,2,2,0,0,0,2,0,0,2,0,2,0,2,0,2,0,2,2,0,0,2,1,0,0,2,0,0,1,1,0,0,1,0,2,0,1,2,2,0,1,2,1,1,1,0,0,0,0,0,0,0,1,0,0,1,1,1,2,2,1,0,0,0,1,1,0,1,0,2,2,0,0,1,2,2,2,1,0,0,1,2,1,0,2,0,2,0,1,1,0,2,1,2,0,2,0,2,1,0,2,0,1,0,2,2,0,1
216_4,0,0,2,1,2,2,1,1,2,2,0,0,2,2,1,1,0,0,0,1,2,2,1,2,0,0,0,2,1,1,1,0,0,2,1,2,0,2,2,0,0,1,0,2,1,2,1,2,1,1,2,1,1,1,2,0,2,2,0,2,1,0,1,0,0,0,1,0,1,0,2,0,0,1,0,0,1,0,2,1,1,0,0,2,1,0,0,2,2,2,1,1,0,2,2,0,0,0,2,0,0,2,0,2,0,2,0,2,0,2,2,0,0,2,1,0,0,2,0,0,1,1,0,0,1,2,2,0,1,2,2,1,1,2,1,1,1,0,0,0,0,0,0,0,1,0,0,1,1,1,2,2,1,0,0,0,1,1,0,1,0,2,2,0,0,1,2,2,2,1,0,0,1,2,1,0,2,0,2,0,1,1,0,2,1,2,0,2,0,2,1,0,2,0,1,0,2,2,0,1
216_3,0,0,2,1,2,2,1,1,2,2,0,0,2,2,1,1,0,0,0,1,2,2,1,2,0,0,0,2,1,1,1,0,0,2,1,2,0,2,2,0,0,1,0,2,1,2,1,2,1,1,2,1,1,1,2,0,2,2,0,2,1,0,1,0,0,0,1,0,1,0,2,0,0,1,1,0,1,0,2,1,1,0,0,2,1,0,0,2,2,2,1,1,0,2,2,0,0,0,2,2,0,2,0,2,0,2,0,2,0,2,2,0,0,2,1,0,2,2,0,0,1,1,0,0,1,0,2,0,1,2,2,0,1,2,1,1,1,0,0,0,0,0,0,0,1,0,0,1,1,1,2,2,1,0,0,0,1,1,0,1,0,2,2,0,0,1,2,2,2,1,0,0,1,2,1,0,2,0,2,0,1,1,0,2,1,2,0,2,0,2,1,0,2,0,1,0,2,2,0,1
I17,0,0,2,1,0,2,1,1,2,2,1,0,2,2,0,0,0,0,0,1,2,0,1,0,2,2,2,2,0,0,0,0,0,2,0,1,0,0,2,0,1,1,0,2,1,2,1,2,1,1,0,0,1,0,2,2,2,2,0,2,1,2,0,0,0,0,1,0,1,0,2,0,0,1,0,2,0,0,2,1,1,0,0,2,0,0,0,2,2,2,1,1,0,2,0,0,0,1,2,0,0,0,0,2,0,2,0,2,2,2,2,0,2,2,0,0,1,0,0,0,1,0,0,0,1,0,0,0,1,2,0,0,0,2,0,0,1,0,0,0,2,0,1,0,1,2,0,1,1,1,2,2,0,0,0,0,0,1,1,0,1,2,2,0,0,0,2,1,0,1,0,0,1,0,0,0,2,0,2,0,1,2,0,2,1,2,0,2,0,0,1,0,0,0,1,0,2,2,0,1
I18,0,1,2,1,0,2,1,1,2,2,1,0,2,2,0,0,0,0,2,1,2,0,1,0,2,2,2,2,0,0,0,0,0,2,0,1,0,0,2,0,1,1,0,2,1,2,1,2,1,1,0,0,1,0,2,2,2,2,0,2,1,2,1,0,0,0,1,0,1,0,2,0,2,1,2,2,0,0,2,1,1,0,0,2,2,2,0,2,2,2,1,1,0,2,0,0,0,1,2,0,0,0,0,2,0,2,2,2,2,2,2,0,2,2,0,0,1,0,2,0,1,2,0,0,1,0,0,0,1,2,0,2,0,2,0,0,1,0,0,0,2,2,1,0,1,2,1,1,1,1,2,2,0,1,0,0,0,1,1,0,1,2,2,0,0,0,2,1,0,1,0,0,1,0,0,0,2,0,2,0,1,2,0,2,1,2,0,2,0,0,1,2,0,2,1,0,2,2,0,1
216_8,2,1,2,1,0,2,1,1,2,2,1,0,2,2,1,0,1,0,2,1,2,0,1,0,2,2,2,2,2,0,2,0,0,2,0,1,0,0,2,0,1,1,0,2,1,2,1,2,1,1,0,0,1,0,2,2,2,2,1,2,1,2,1,2,0,0,1,0,1,0,2,0,2,1,2,2,0,0,2,1,1,0,0,2,2,2,0,2,2,2,1,1,0,2,0,0,0,1,2,0,0,2,0,2,0,2,2,2,2,2,2,0,2,2,0,0,1,0,2,0,1,2,0,0,1,0,0,0,1,2,0,2,0,2,0,0,1,0,0,0,2,2,1,0,1,2,1,1,1,1,2,2,0,1,0,2,0,1,1,0,1,2,2,2,0,0,2,1,0,1,0,0,1,0,0,0,2,0,2,0,1,2,0,2,1,2,0,2,0,0,1,2,1,2,1,0,2,2,0,1
I19,0,1,2,1,2,2,1,1,2,2,1,0,2,2,0,0,2,0,2,1,2,0,1,1,2,2,2,2,0,0,0,0,0,2,0,1,0,0,2,2,1,1,0,2,1,2,1,2,1,1,0,0,1,0,2,2,2,2,0,2,1,2,1,0,0,0,1,0,1,0,2,0,2,1,2,2,0,0,2,1,1,0,0,2,2,2,0,2,2,2,1,1,0,2,0,0,0,1,2,0,0,0,2,2,0,2,2,2,2,2,2,0,2,2,0,0,1,0,2,0,1,2,0,0,1,0,0,0,1,2,0,2,0,2,0,0,1,0,0,0,2,2,1,0,1,2,1,1,1,1,2,2,0,1,0,0,0,1,1,0,1,2,2,0,0,0,2,1,0,1,0,0,1,0,0,0,2,0,2,0,1,2,0,2,1,2,0,2,0,0,1,2,0,2,1,0,2,2,0,1
216_10,0,1,2,1,2,2,1,1,2,2,1,0,2,2,0,0,2,0,2,1,2,0,1,1,2,2,2,2,0,0,0,0,0,2,0,1,0,0,2,2,1,1,0,2,1,2,1,2,1,1,0,0,1,0,2,2,2,2,0,2,1,2,1,0,0,0,1,0,1,0,2,0,2,1,2,2,0,0,2,1,1,0,0,2,2,2,0,2,2,2,1,1,0,2,0,0,0,1,2,0,0,0,2,2,0,2,2,2,2,2,2,0,2,2,0,0,1,0,2,0,1,2,0,2,1,0,0,0,1,2,0,2,0,2,0,0,1,0,0,2,2,2,1,0,1,2,1,1,1,1,2,2,0,1,0,0,0,1,1,0,1,2,2,0,0,0,2,1,0,1,0,0,1,0,0,0,2,0,2,0,1,2,0,2,1,2,0,2,0,2,1,2,0,2,1,0,2,2,1,1
216_9,0,1,2,1,2,2,1,1,2,2,1,0,2,2,0,0,2,0,2,1,2,0,1,1,2,2,2,2,0,0,0,0,0,2,0,1,0,0,2,2,1,1,0,2,1,2,1,2,1,1,0,0,1,0,2,2,2,2,0,2,1,2,1,0,0,0,1,0,1,0,2,0,2,1,2,2,0,0,2,1,1,0,0,2,2,2,0,2,2,2,1,1,0,2,0,0,0,1,2,0,0,0,2,2,0,2,2,2,2,2,2,0,2,2,0,0,1,0,2,0,1,2,0,0,1,0,0,0,1,2,0,2,0,2,0,0,1,0,0,0,2,2,1,0,1,2,1,1,1,1,2,2,0,1,0,0,0,1,1,0,1,2,2,0,0,0,2,1,0,1,0,0,1,0,0,0,2,0,2,0,1,2,0,2,1,2,0,2,0,0,1,2,0,2,1,0,2,2,0,1
I20,0,0,2,1,0,2,1,1,2,2,1,2,2,2,0,0,0,0,1,1,2,0,1,2,2,2,2,2,0,0,0,1,0,2,0,1,0,0,2,0,1,1,0,2,1,2,1,2,1,1,0,0,1,0,2,2,2,2,0,2,1,2,0,0,0,0,1,0,1,2,2,0,0,1,0,2,0,1,2,1,1,0,0,2,0,0,0,2,2,2,1,1,2,2,0,0,0,1,2,2,1,0,0,2,0,2,0,2,2,2,2,0,2,2,0,0,1,0,0,0,1,0,0,0,1,0,0,0,1,2,0,0,0,2,0,0,1,0,0,0,2,1,1,0,1,2,0,1,1,1,2,2,0,1,0,0,0,1,1,0,1,2,2,0,0,0,2,1,0,1,0,0,1,0,0,0,2,0,2,0,1,2,0,2,1,2,0,2,2,1,1,1,0,0,1,0,2,2,0,1
216_12,2,0,2,1,0,2,1,1,2,2,1,2,2,2,2,0,0,0,1,1,2,0,1,2,2,2,2,2,0,0,0,1,0,2,0,1,0,0,2,0,1,1,0,2,1,2,1,2,1,1,0,0,1,0,2,2,2,2,0,2,1,2,0,1,0,0,1,0,1,2,2,0,0,1,0,2,0,1,2,1,1,1,0,2,0,0,0,2,2,2,1,1,2,2,0,0,0,1,2,2,1,0,0,2,0,2,0,2,2,2,2,0,2,2,0,1,1,2,0,0,1,0,2,0,1,1,0,0,1,2,2,0,0,2,0,0,1,0,0,0,2,1,1,0,1,2,2,1,1,1,2,2,1,1,0,0,0,1,1,0,1,2,2,0,0,0,2,1,0,1,0,0,1,1,0,0,2,0,2,2,1,2,0,2,1,2,0,2,2,1,1,1,2,2,1,0,2,2,0,1
216_14,0,0,2,1,0,2,1,1,2,2,1,2,2,2,0,0,0,0,1,1,2,0,1,2,2,2,2,2,0,0,0,1,0,2,0,1,0,0,2,2,1,1,0,2,1,2,1,2,1,1,0,0,1,0,2,2,2,2,0,2,1,2,0,0,0,2,1,0,1,2,2,0,0,1,0,2,0,1,2,1,1,0,0,2,0,0,0,2,2,2,1,1,2,2,0,2,0,1,2,2,1,0,0,2,0,2,0,2,2,2,2,0,2,2,0,0,1,0,0,0,1,0,1,0,1,2,1,0,1,2,0,0,0,2,0,0,1,0,0,0,2,1,1,0,1,2,0,1,1,1,2,2,0,1,0,2,0,1,1,1,1,2,2,0,0,2,2,1,0,1,0,0,1,0,1,1,2,2,2,0,1,2,0,2,1,2,0,2,2,1,1,1,0,0,1,0,2,2,0,1
Evolve tree: [&R] ((((216_14:0.1387531722887663,216_12:0.1387531722887663)I20:0.16685847877542792,((216_9:0.01855321780474515,216_10:0.01855321780474515)I19:0.11417336266199196,216_8:0.13272658046673713)I18:0.17288507059745706)I17:0.22378909333914068,(((216_3:0.0294162965763624,216_4:0.0294162965763624)I16:0.09443867030928528,(216_1:0.01642919235811928,216_2:0.01642919235811928)I15:0.1074257745275284)I14:0.16070049148146545,(216_7:0.1067010903604266,216_6:0.1067010903604266)I13:0.1778543680066865)I12:0.2448452860362217)I11:0.3713477643718675,((((216_19:0.008091045846733485,216_20:0.008091045846733485)I10:0.12763749948003275,216_18:0.13572854532676626)I9:0.15715449703435497,(216_17:0.11518127537028744,216_16:0.11518127537028744)I8:0.17770176699083376)I7:0.22465916469907163,(((216_21:0.014321081231462463,216_22:0.014321081231462463)I6:0.10662088391217797,(216_23:0.004015098179377865,216_24:0.004015098179377865)I5:0.11692686696426258)I4:0.16776162790011917,(216_28:0.10950658646144862,216_25:0.10950658646144862)I3:0.17919700658231097)I2:0.22883861401643324)I1:0.3832063017150095)I0:0.1689819130114285;