[&R] (((((216_7:2.015,216_8:2.015)176_4:0.001,(216_5:2.015,216_6:2.015)179_3:0.001)122_2:3.04,((216_3:2.003,216_4:0.003)185_2:0.043,216_2:4.046)127_1:0.009)70_1:1.944,(((216_11:0,216_12:0)187_9:3.192,(216_9:3.182,216_10:2.182)192_8:0.01)135_5:2.374,(216_13:0,216_14:0)190_11:3.566)81_3:2.434)24_1:0)I0;
I0,0,0,0,0,0,0,0,0,0,0
24_1,0,0,0,0,0,0,0,0,0,0
81_3,0,0,0:0.19/1:0.81,0,0,0,0,0,0:0.19/2:0.81,0:0.19/1:0.81
190_11,0,1,1,0,2,0,1,0,2,1
216_14,0,1,1,0,2,0,1,0,2,1
216_13,0,1,1,0,2,0,1,0,2,1
135_5,0,0,0:0.01/1:0.99,0:0.07/2:0.93,0,0:0.07/1:0.93,0,0,0:0.01/2:0.99,0:0.01/1:0.99
192_8,0,0,0:0.01/1:0.99,0:0.07/2:0.93,0,0:0.07/1:0.93,0,0,0:0.01/2:0.99,0:0.01/1:0.99
216_10,0,1,1,2,0,1,1,0,2,1
216_9,1,2,1,2,2,1,0,0,2,1
187_9,2,2,1,2,1,1,0,0,2,1
216_12,2,2,1,2,1,1,0,0,2,1
216_11,2,2,1,2,1,1,0,0,2,1
70_1,0,0:0.03/1:0.97,0,0,0,0,0:0.03/1:0.97,0,0,0
127_1,0,0:0.02/1:0.98,0,0,0,0,0:0.02/1:0.98,0,0,0
216_2,2,1,0,2,1,1,1,0,0,0
185_2,0,1,0,0,0,0,1,0,0,0
216_4,0,1,0,0,0,0,1,0,0,0
216_3,2,1,0,0,1,0,1,0,0,0
122_2,0,1,0,0:0.01/2:0.99,0,0:0.01/1:0.99,1,0,0,0:0.01/1:0.99
179_3,0,1,0,2,0,1,1,0,0,1
216_6,0,1,1,2,0,1,1,2,0,1
216_5,0,1,2,2,0,1,1,1,0,1
176_4,0,1,0,2,0,1,1,0,0,1
216_8,0,1,1,2,0,1,1,2,0,1
216_7,0,1,2,2,0,1,1,1,0,1
