[&R] ((((((216_3:0,216_4:0)207_2:0,(216_1:0,216_2:0)209_1:0)165_1:1.028,(216_5:0,216_6:0)210_5:0.028)120_1:4.325,((216_9:0,216_10:0)177_5:0,216_11:0)123_3:1.353)70_1:0.647,((216_14:0,216_15:0)179_9:2.128,216_13:0.128)129_5:5.872)23_1:0)I0;
I0,0,0,0,0,0,0,0,0,0,0
23_1,0,0,0,0,0,0,0,0,0,0
129_5,0:0.02/2:0.98,0:0.02/1:0.98,0:0.02/2:0.98,0:0.02/2:0.98,0:0.02/1:0.98,0:0.02/1:0.98,0,0,0,0
216_13,2,1,2,2,1,1,0,0,0,0
179_9,2,1,2,2,1,1,2,2,0,0
216_15,2,1,2,2,1,1,2,2,0,0
216_14,2,1,2,2,1,1,2,2,0,0
70_1,0,0,0,0,0,0,0,0,0:0.35/2:0.65,0
123_3,0,1,0,0,0,0,0,0,2,0
216_11,0,1,0,0,0,0,0,0,2,0
177_5,0,1,0,0,0,0,0,0,2,0
216_10,0,1,0,0,0,0,0,0,2,0
216_9,0,1,0,0,0,0,0,0,2,0
120_1,0,0,0:0.01/2:0.99,0,0,0:0.01/1:0.99,0,0:0.01/2:0.99,2,0:0.01/1:0.99
210_5,0,0,2,0,0,1,0,2,2,1
216_6,0,0,2,0,0,1,0,2,2,1
216_5,0,0,2,0,0,1,0,2,2,1
165_1,0,2,2,0,0,1,0,2,2,1
209_1,0,2,2,0,0,1,0,2,2,1
216_2,0,2,2,0,0,1,0,2,2,1
216_1,0,2,2,0,0,1,0,2,2,1
207_2,0,2,2,0,0,1,0,2,2,1
216_4,0,2,2,0,0,1,0,2,2,1
216_3,0,2,2,0,0,1,0,2,2,1
