[&R] (((((((216_22:0,216_23:0)214_22:0.026,216_24:1.026)171_12:1.999,(216_25:2.023,216_26:1.023)176_14:0.002)131_7:2.975,((216_27:2.567,216_28:2.567)173_15:2.851,(216_29:0.011,216_30:1.011)179_19:1.406)131_8:1.582)84_4:0,(((216_20:2.015,216_21:0.015)177_11:0.001,(216_18:1.061,216_19:0.061)184_10:1.956)134_6:0.008,216_17:3.025)91_3:5.975)42_2:0,((((216_1:1.026,216_2:0.026)195_1:1.069,(216_3:0.123,216_4:2.123)202_3:0.972)147_1:0.911,((216_5:0.157,216_6:2.157)193_3:2.313,(216_7:0.036,216_8:1.036)200_6:2.435)153_3:0.535)95_1:0.002,(((216_11:1.012,216_12:0.012)201_9:0.229,(216_9:1.048,216_10:0.048)206_9:3.193)151_4:0.792,((216_15:0.157,216_16:2.157)193_8:1.873,216_14:2.03)151_5:0.003)104_3:0.975)51_1:2.992)virtual:0)I0;
I0,0,0,0,0,0,0,0,0,0,0
virtual,0,0,0,0,0,0,0,0,0,0
51_1,0,0,0,2,0,2,0,0,0,1
104_3,0,0,0,2,0:0.03/2:0.97,2,0,0,0,1
151_5,0,0,0,2,0:0.03/2:0.97,2,0,0,0,1
216_14,0,2,0,2,2,2,1,0,0,1
193_8,0:0.08/2:0.92,0,0,2,2,2,0:0.08/2:0.92,0,0,1
216_16,2,0,2,2,2,2,2,0,1,1
216_15,2,0,0,2,2,2,2,0,0,1
151_4,0,0,0,2,0:0.01/2:0.99,2,0,0,0:0.23/2:0.77,1
206_9,0:0.01/1:0.99,0:0.01/2:0.99,0,2,2,2,0:0.01/2:0.99,0,2,1
216_10,1,2,0,2,2,2,2,0,2,1
216_9,1,2,0,2,2,2,2,2,2,1
201_9,0,0,0,2,2,2,0,0,0:0.01/2:0.99,1
216_12,0,0,0,2,2,2,0,0,2,1
216_11,0,2,0,2,2,2,0,0,2,1
95_1,0,0,0,2,0,2,0,0,0,1
153_3,0,0,0:0.47/1:0.53,2,0,2,0,0,0,1
200_6,0:0.01/1:0.99,0,0:0.01/1:0.99,2,0,2,0,0:0.01/2:0.99,0,1
216_8,1,0,1,2,1,2,0,2,0,1
216_7,1,0,1,2,0,2,0,2,0,1
193_3,0,0,0:0.03/1:0.97,2,0:0.06/1:0.94,2,0:0.06/2:0.94,0,0,1
216_6,2,0,1,2,1,2,2,0,2,1
216_5,0,0,1,2,1,2,2,0,0,1
147_1,0,0,0,2,0,2,0:0.09/2:0.91,0,0,1
202_3,0,0,0,2,0:0.11/1:0.89,2,0:0.01/2:0.99,0,0,1
216_4,0,0,1,2,1,2,2,0,2,1
216_3,0,0,0,2,1,2,2,0,0,1
195_1,0,0,0:0.02/2:0.98,2,0,2,2,0,0,1
216_2,0,0,2,2,0,2,2,0,0,1
216_1,1,0,2,2,0,2,2,0,0,1
42_2,0,0,0,0,0,0,0,0,0,0
91_3,1,0,1,2,2,0,2,0,2,0
216_17,1,1,1,2,2,0,2,2,2,2
134_6,1,0,1,2,2,0,2,0,2,0
184_10,1,0:0.03/1:0.97,1,2,2,0,2,0:0.03/2:0.97,2,0
216_19,1,1,1,2,2,0,2,2,2,0
216_18,1,1,1,2,2,0,2,2,2,1
177_11,1,0,1,2,2,0,2,0,2,0
216_21,1,0,1,2,2,0,2,0,2,0
216_20,1,2,1,2,2,0,2,0,2,1
84_4,0,0,0,0,0,0,0,0,0,0
131_8,0,0,0,0:0.21/1:0.79,0,0,0,0,0,0:0.21/1:0.79
179_19,0,0,0:0.01/1:0.99,1,0,0,0,0,0,1
216_30,0,0,1,1,0,0,2,0,0,1
216_29,0,0,1,1,0,0,0,0,0,1
173_15,0:0.17/2:0.83,0,0,0:0.03/1:0.97,0,0:0.17/1:0.83,0,0,0:0.17/2:0.83,0:0.03/1:0.97
216_28,2,0,0,1,2,1,1,0,2,1
216_27,2,0,1,1,0,1,0,1,2,1
131_7,0:0.01/1:0.99,0,0,0,0,0,0:0.01/1:0.99,0:0.01/1:0.99,0,0
176_14,0:0.01/1:0.99,0,0,0,0,0,0:0.01/1:0.99,0:0.01/1:0.99,0,0
216_26,1,0,0,0,0,0,1,1,0,1
216_25,1,0,1,0,0,2,1,1,0,0
171_12,1,0,0,0:0.01/2:0.99,0,0,1,1,0,0:0.01/1:0.99
216_24,1,0,0,2,0,0,1,1,1,1
214_22,1,0,0,2,0,0,1,1,0,1
216_23,1,0,0,2,0,0,1,1,0,1
216_22,1,0,0,2,0,0,1,1,0,1
