[&R] (((((((216_22:0,216_23:0)214_22:0.001,216_24:1.001)171_12:0,(216_25:1.043,216_26:0.043)176_14:0.958)131_7:0.002,((216_27:0,216_28:0)173_15:0,(216_29:0,216_30:0)179_19:0)131_8:1.003)84_4:2.459,(((216_20:0,216_21:0)177_11:0,(216_18:0,216_19:0)184_10:0)134_6:1.036,216_17:0.036)91_3:2.426)42_2:3.538,((((216_1:0,216_2:0)195_1:1.006,(216_3:0,216_4:0)202_3:0.006)147_1:0.058,((216_5:0.067,216_6:1.067)193_3:2.217,(216_7:0,216_8:0)200_6:0.284)153_3:0.78)95_1:2.153,(((216_11:0,216_12:0)201_9:0.049,(216_9:0,216_10:0)206_9:1.049)151_4:2.96,((216_15:0,216_16:0)193_8:0.07,216_14:1.07)151_5:3.939)104_3:0.209)51_1:3.782)virtual:0)I0;
I0,0,0,0,0,0,0,0,0,0,0
virtual,0,0,0,0,0,0,0,0,0,0
51_1,0:0.05/1:0.95,0,0,0,0:0.05/2:0.95,0:0.05/1:0.95,0,0:0.05/1:0.95,0,0
104_3,0:0.05/1:0.95,0,0,0,0:0.05/2:0.95,0:0.05/1:0.95,0:0.83/1:0.17,0:0.05/1:0.95,0,0
151_5,1,0:0.02/1:0.98,0:0.02/1:0.98,0:0.02/2:0.98,2,1,0:0.01/1:0.99,1,0,0
216_14,1,1,1,2,2,1,1,1,2,0
193_8,1,1,1,2,2,1,1,1,0,0
216_16,1,1,1,2,2,1,1,1,0,0
216_15,1,1,1,2,2,1,1,1,0,0
151_4,1,0,0,0:0.02/1:0.98,2,1,0:0.01/1:0.99,1,0,0:0.02/1:0.98
206_9,1,2,0,1,2,1,1,1,0,1
216_10,1,2,0,1,2,1,1,1,0,1
216_9,1,2,0,1,2,1,1,1,0,1
201_9,1,0,0,1,2,1,1,1,0,1
216_12,1,0,0,1,2,1,1,1,0,1
216_11,1,0,0,1,2,1,1,1,0,1
95_1,1,0:0.03/1:0.97,0:0.03/2:0.97,0,2,1,0,1,0,0
153_3,1,0:0.01/1:0.99,0:0.01/2:0.99,0,2,1,0:0.27/2:0.73,1,0,0
200_6,1,1,2,0,2,1,2,1,0,0
216_8,1,1,2,0,2,1,2,1,0,0
216_7,1,1,2,0,2,1,2,1,0,0
193_3,1,1,2,0:0.03/2:0.97,2,1,0:0.01/2:0.99,1,0,0:0.03/2:0.97
216_6,1,1,2,2,2,1,2,1,2,2
216_5,1,1,2,2,2,1,2,1,0,2
147_1,1,1,2,0,2,1,0,1,0,0
202_3,1,1,2,0,2,1,0,1,0,0
216_4,1,1,2,0,2,1,0,1,0,0
216_3,1,1,2,0,2,1,0,1,0,0
195_1,1,1,2,0,2,1,0,1,1,0
216_2,1,1,2,0,2,1,0,1,1,0
216_1,1,1,2,0,2,1,0,1,1,0
42_2,0,0,0:0.12/2:0.88,0,0:0.12/1:0.88,0:0.12/2:0.88,0:0.12/2:0.88,0,0,0
91_3,0:0.01/2:0.99,0,2,0,1,2,2,0,0:0.01/1:0.99,0
216_17,2,0,2,0,1,2,2,0,1,0
134_6,2,0,2,0,1,2,2,0,1,2
184_10,2,0,2,0,1,2,2,0,1,2
216_19,2,0,2,0,1,2,2,0,1,2
216_18,2,0,2,0,1,2,2,0,1,2
177_11,2,0,2,0,1,2,2,0,1,2
216_21,2,0,2,0,1,2,2,0,1,2
216_20,2,0,2,0,1,2,2,0,1,2
84_4,0,0,2,2,1,2,2,1,0,0
131_8,0,2,2,2,1,2,2,1,0,0
179_19,0,2,2,2,1,2,2,1,0,0
216_30,0,2,2,2,1,2,2,1,0,0
216_29,0,2,2,2,1,2,2,1,0,0
173_15,0,2,2,2,1,2,2,1,0,0
216_28,0,2,2,2,1,2,2,1,0,0
216_27,0,2,2,2,1,2,2,1,0,0
131_7,0,0,2,2,1,2,2,1,0,0
176_14,0,0,2,2,1,2,2,1,0:0.04/2:0.96,0
216_26,0,0,2,2,1,2,2,1,2,0
216_25,0,0,2,2,1,2,2,1,2,2
171_12,0,0,2,2,1,2,2,1,0,0
216_24,0,0,2,2,1,2,2,1,2,0
214_22,0,0,2,2,1,2,2,1,0,0
216_23,0,0,2,2,1,2,2,1,0,0
216_22,0,0,2,2,1,2,2,1,0,0
