[&R] (((((((216_22:0,216_23:0)214_22:0,216_24:0)171_12:0,(216_25:0,216_26:0)176_14:0)131_7:1.207,((216_27:0,216_28:0)173_15:2.476,(216_29:0,216_30:0)179_19:1.476)131_8:0.731)84_4:2.112,(((216_20:1.034,216_21:0.034)177_11:0.97,(216_18:0,216_19:0)184_10:1.003)134_6:0.001,216_17:0.004)91_3:1.314)42_2:1.736,((((216_1:1.022,216_2:0.022)195_1:1.022,(216_3:1.114,216_4:1.114)202_3:0.93)147_1:0.16,((216_5:0,216_6:0)193_3:0.103,(216_7:0.065,216_8:1.065)200_6:1.038)153_3:4.101)95_1:1.845,(((216_11:0,216_12:0)201_9:2.682,(216_9:0,216_10:0)206_9:2.682)151_4:0.345,((216_15:0,216_16:0)193_8:1.019,216_14:1.019)151_5:0.008)104_3:3.023)51_1:0.005)virtual:1.946)I0;
I0,0,0,0,0,0,0,0,0,0,0
virtual,0,0,0:0.03/2:0.97,0,0,0,0,0:0.03/2:0.97,0,0
51_1,0,0,0:0.02/2:0.98,0,0,0,0,0:0.02/2:0.98,0,0
104_3,0,0:0.01/2:0.99,2,0,0,0,0:0.01/2:0.99,2,0,0:0.01/2:0.99
151_5,0,0:0.01/2:0.99,2,0,0,0,0:0.01/2:0.99,2,0,0:0.01/2:0.99
216_14,0,2,2,0,0,0,2,2,1,2
193_8,0,2,2,1,0,0,2,2,0,2
216_16,0,2,2,1,0,0,2,2,0,2
216_15,0,2,2,1,0,0,2,2,0,2
151_4,0,0:0.01/2:0.99,2,0:0.66/1:0.34,0,0,0:0.01/2:0.99,2,0,0:0.01/2:0.99
206_9,0,2,2,1,2,0,2,2,1,2
216_10,0,2,2,1,2,0,2,2,1,2
216_9,0,2,2,1,2,0,2,2,1,2
201_9,1,2,2,1,0,0,2,2,2,2
216_12,1,2,2,1,0,0,2,2,2,2
216_11,1,2,2,1,0,0,2,2,2,2
95_1,0:0.1/1:0.9,0,2,0,0,0,0:0.1/1:0.9,2,0,0
153_3,1,0:0.02/2:0.98,2,0:0.02/1:0.98,0:0.02/1:0.98,0,1,2,0,0:0.02/1:0.98
200_6,1,2,2,1,1,0,1,2,0:0.06/1:0.94,1
216_8,1,2,2,1,1,2,1,2,1,1
216_7,1,2,2,1,1,0,1,2,1,1
193_3,1,2,2,1,1,0,1,2,0,1
216_6,1,2,2,1,1,0,1,2,0,1
216_5,1,2,2,1,1,0,1,2,0,1
147_1,0:0.02/1:0.98,0,2,0,0,0,0:0.02/1:0.98,2,0,0
202_3,1,0,2,0,0,0,1,2,0,0:0.11/2:0.89
216_4,1,0,2,0,2,0,1,2,0,2
216_3,1,0,2,0,0,1,1,2,0,2
195_1,1,0,2,0,0,0,1,2,0:0.02/2:0.98,0
216_2,1,0,2,0,0,0,1,2,2,0
216_1,1,0,2,2,0,0,1,2,2,0
42_2,0,0,2,0,0,0,0:0.16/1:0.84,2,0,0:0.16/1:0.84
91_3,1,0,2,0,0,0,1,2,0,1
216_17,1,0,2,0,0,0,1,2,0,1
134_6,1,0,2,0,0,0,1,2,0,1
184_10,1,0,2,0,0,1,1,2,0,1
216_19,1,0,2,0,0,1,1,2,0,1
216_18,1,0,2,0,0,1,1,2,0,1
177_11,1,0,2,0,0:0.03/1:0.97,0,1,2,0,1
216_21,1,0,2,0,1,0,1,2,0,1
216_20,1,0,2,0,1,2,1,2,0,1
84_4,0:0.09/2:0.91,0,2,0:0.09/1:0.91,0,0,0:0.01/1:0.99,2,0,0:0.01/1:0.99
131_8,0:0.04/2:0.96,0,2,0:0.04/1:0.96,0:0.39/2:0.61,0,0:0.01/1:0.99,2,0,0:0.01/1:0.99
179_19,2,1,2,1,2,0,1,2,0,1
216_30,2,1,2,1,2,0,1,2,0,1
216_29,2,1,2,1,2,0,1,2,0,1
173_15,2,2,2,1,2,2,1,2,0,1
216_28,2,2,2,1,2,2,1,2,0,1
216_27,2,2,2,1,2,2,1,2,0,1
131_7,2,0,2,1,0,0,1,2,1,1
176_14,2,0,2,1,0,0,1,2,1,1
216_26,2,0,2,1,0,0,1,2,1,1
216_25,2,0,2,1,0,0,1,2,1,1
171_12,2,0,2,1,0,0,1,2,1,1
216_24,2,0,2,1,0,0,1,2,1,1
214_22,2,0,2,1,0,0,1,2,1,1
216_23,2,0,2,1,0,0,1,2,1,1
216_22,2,0,2,1,0,0,1,2,1,1
