cell,r0,r1,r2,r3,r4,r5,r6,r7,r8,r9,r10,r11,r12,r13,r14,r15,r16,r17,r18,r19,r20,r21,r22,r23,r24,r25,r26,r27,r28,r29,r30,r31,r32,r33,r34,r35,r36,r37,r38,r39,r40,r41,r42,r43,r44,r45,r46,r47,r48,r49,r50,r51,r52,r53,r54,r55,r56,r57,r58,r59,r60,r61,r62,r63,r64,r65,r66,r67,r68,r69,r70,r71,r72,r73,r74,r75,r76,r77,r78,r79,r80,r81,r82,r83,r84,r85,r86,r87,r88,r89,r90,r91,r92,r93,r94,r95,r96,r97,r98,r99,r100,r101,r102,r103,r104,r105,r106,r107,r108,r109,r110,r111,r112,r113,r114,r115,r116,r117,r118,r119,r120,r121,r122,r123,r124,r125,r126,r127,r128,r129,r130,r131,r132,r133,r134,r135,r136,r137,r138,r139,r140,r141,r142,r143,r144,r145,r146,r147,r148,r149,r150,r151,r152,r153,r154,r155,r156,r157,r158,r159,r160,r161,r162,r163,r164,r165,r166,r167,r168,r169,r170,r171,r172,r173,r174,r175,r176,r177,r178,r179,r180,r181,r182,r183,r184,r185,r186,r187,r188,r189,r190,r191,r192,r193,r194,r195,r196,r197,r198,r199
I0,0,0,0,0,0,0,0,0,0,0,0,0,0,0,0,0,0,0,0,0,0,0,0,0,0,0,0,0,0,0,0,0,0,0,0,0,0,0,0,0,0,0,0,0,0,0,0,0,0,0,0,0,0,0,0,0,0,0,0,0,0,0,0,0,0,0,0,0,0,0,0,0,0,0,0,0,0,0,0,0,0,0,0,0,0,0,0,0,0,0,0,0,0,0,0,0,0,0,0,0,0,0,0,0,0,0,0,0,0,0,0,0,0,0,0,0,0,0,0,0,0,0,0,0,0,0,0,0,0,0,0,0,0,0,0,0,0,0,0,0,0,0,0,0,0,0,0,0,0,0,0,0,0,0,0,0,0,0,0,0,0,0,0,0,0,0,0,0,0,0,0,0,0,0,0,0,0,0,0,0,0,0,0,0,0,0,0,0,0,0,0,0,0,0,0,0,0,0,0,0
I1,2,0,0,0,0,0,2,0,0,0,0,0,0,1,0,2,1,0,0,0,1,0,2,0,0,0,0,0,0,0,0,0,1,0,1,0,0,0,0,0,0,0,0,2,2,0,2,0,0,0,0,0,0,0,0,0,0,1,0,1,0,0,0,0,2,2,1,0,0,0,0,0,1,1,0,0,0,0,0,1,0,0,2,0,0,2,0,2,0,2,0,0,1,0,0,1,0,2,0,1,0,0,0,0,0,1,0,0,0,0,0,0,1,1,2,0,0,0,0,0,0,0,0,2,0,0,0,0,0,0,0,0,1,1,0,2,2,0,0,0,2,0,1,0,2,0,0,0,0,0,0,0,0,0,0,2,0,0,0,0,0,0,2,0,0,1,0,1,0,0,0,0,0,0,0,0,2,0,2,2,0,0,0,0,0,0,0,1,0,0,0,1,0,0,0,0,0,0,0,0
I2,2,0,0,0,2,0,2,2,0,0,1,0,0,1,0,2,1,0,0,0,1,0,2,0,1,0,0,0,2,0,0,0,1,0,1,0,1,1,0,0,0,2,2,2,2,0,2,0,0,0,1,1,0,0,1,2,2,1,1,1,0,0,1,0,2,2,1,0,0,0,0,0,1,1,0,0,0,2,0,1,0,0,2,0,0,2,0,2,0,2,0,0,1,0,0,1,0,2,0,1,1,1,0,2,0,1,0,0,0,0,1,0,1,1,2,1,0,2,0,0,0,0,2,2,2,0,1,0,1,2,0,0,1,1,0,2,2,0,0,1,2,0,1,0,2,0,1,0,0,0,2,0,0,0,0,2,0,0,0,0,0,2,2,0,0,1,0,1,0,0,0,1,0,1,2,2,2,1,2,2,1,0,0,0,0,0,1,1,2,2,0,1,0,0,0,0,2,1,0,0
I3,2,0,0,0,2,0,2,2,2,0,1,0,0,1,1,2,1,1,0,0,1,0,2,0,1,0,0,0,2,0,0,0,1,0,1,0,1,1,0,0,0,2,2,2,2,0,2,2,0,0,1,1,0,0,1,2,2,1,1,1,0,0,1,0,2,2,1,0,0,2,1,0,1,1,0,0,0,2,2,1,0,0,2,0,0,2,1,2,0,2,1,0,1,0,0,1,0,2,0,1,1,1,1,2,0,1,0,0,0,0,1,1,1,1,2,1,0,2,0,0,0,2,2,2,2,0,1,0,1,2,1,0,1,1,0,2,2,1,0,1,2,0,1,0,2,0,1,0,0,0,2,0,0,0,0,2,0,0,0,1,0,2,2,1,0,1,0,1,1,0,0,1,0,1,2,2,2,1,2,2,1,0,0,2,0,0,1,1,2,2,0,1,0,0,0,0,2,1,0,0
216_14,2,0,1,0,2,0,2,2,2,0,1,0,0,1,1,2,1,1,0,0,1,1,2,1,1,2,0,0,2,1,1,0,1,0,1,0,1,1,0,0,0,2,2,2,2,0,2,2,2,0,1,1,0,1,1,2,2,1,1,1,0,0,1,0,2,2,1,0,2,2,1,2,1,1,0,2,2,2,2,1,0,0,2,2,2,2,1,2,0,2,1,0,1,2,1,1,0,2,0,1,1,1,1,2,0,1,0,0,0,0,1,1,1,1,2,1,2,2,0,0,0,2,2,2,2,1,1,0,1,2,1,0,1,1,0,2,2,1,0,1,2,0,1,0,2,2,1,1,1,0,2,2,2,0,0,2,0,0,0,1,0,2,2,1,0,1,1,1,1,0,1,1,0,1,2,2,2,1,2,2,1,0,0,2,0,0,1,1,2,2,2,1,0,0,2,0,2,1,1,0
I4,2,0,1,2,2,0,2,2,2,0,1,0,0,1,1,2,1,1,2,2,1,0,2,0,1,2,0,0,2,1,1,0,1,0,1,0,1,1,0,1,2,2,2,2,2,0,2,2,0,0,1,1,0,0,1,2,2,1,1,1,0,2,1,0,2,2,1,0,1,2,1,0,1,1,0,0,0,2,2,1,0,0,2,0,2,2,1,2,0,2,1,0,1,0,0,1,1,2,0,1,1,1,1,2,0,1,0,2,0,0,1,1,1,1,2,1,0,2,0,0,0,2,2,2,2,0,1,0,1,2,1,0,1,1,0,2,2,1,0,1,2,0,1,0,2,0,1,2,1,2,2,0,0,0,0,2,2,0,1,1,0,2,2,1,0,1,2,1,1,0,0,1,0,1,2,2,2,1,2,2,1,0,0,2,0,0,1,1,2,2,0,1,0,2,0,0,2,1,0,0
216_16,2,0,1,2,2,0,2,2,2,0,1,1,0,1,1,2,1,1,2,2,1,0,2,0,1,2,1,0,2,1,1,0,1,1,1,0,1,1,0,1,2,2,2,2,2,0,2,2,0,0,1,1,2,0,1,2,2,1,1,1,0,2,1,0,2,2,1,2,1,2,1,0,1,1,0,0,0,2,2,1,0,0,2,0,2,2,1,2,0,2,1,0,1,0,0,1,1,2,0,1,1,1,1,2,0,1,0,2,0,2,1,1,1,1,2,1,0,2,0,0,0,2,2,2,2,0,1,0,1,2,1,0,1,1,0,2,2,1,0,1,2,1,1,1,2,1,1,2,1,2,2,0,0,0,0,2,2,0,1,1,0,2,2,1,2,1,2,1,1,0,0,1,0,1,2,2,2,1,2,2,1,0,2,2,1,0,1,1,2,2,0,1,0,2,0,0,2,1,0,0
216_15,2,0,1,2,2,0,2,2,2,0,1,0,2,1,1,2,1,1,2,2,1,0,2,2,1,2,0,0,2,1,1,0,1,0,1,0,1,1,0,1,2,2,2,2,2,2,2,2,0,0,1,1,0,0,1,2,2,1,1,1,0,2,1,0,2,2,1,0,1,2,1,1,1,1,0,0,0,2,2,1,2,2,2,1,2,2,1,2,0,2,1,0,1,0,0,1,1,2,0,1,1,1,1,2,0,1,0,2,0,2,1,1,1,1,2,1,0,2,0,0,0,2,2,2,2,0,1,0,1,2,1,0,1,1,0,2,2,1,0,1,2,0,1,0,2,0,1,2,1,2,2,0,0,0,0,2,2,0,1,1,0,2,2,1,0,1,2,1,1,0,1,1,0,1,2,2,2,1,2,2,1,0,0,2,0,0,1,1,2,2,0,1,0,2,0,0,2,1,0,0
I5,2,1,0,0,2,0,2,2,0,0,1,0,0,1,0,2,1,2,0,0,1,2,2,1,1,0,0,0,2,2,0,0,1,0,1,0,1,1,0,1,1,2,2,2,2,1,2,0,2,0,1,1,1,0,1,2,2,1,1,1,2,2,1,1,2,2,1,0,0,2,2,1,1,1,0,0,0,2,1,1,0,0,2,0,0,2,0,2,2,2,0,0,1,0,0,1,0,2,1,1,1,1,0,2,0,1,0,0,0,0,1,0,1,1,2,1,0,2,0,1,2,0,2,2,2,0,1,2,1,2,2,1,1,1,0,2,2,0,0,1,2,0,1,0,2,1,1,0,0,2,2,0,0,0,0,2,0,0,0,0,0,2,2,0,2,1,0,1,0,0,0,1,0,1,2,2,2,1,2,2,1,0,0,0,0,0,1,1,2,2,0,1,0,0,0,0,2,1,0,0
I6,2,1,0,0,2,0,2,2,1,1,1,0,0,1,1,2,1,2,1,0,1,2,2,1,1,0,0,0,2,2,1,0,1,0,1,2,1,1,0,1,1,2,2,2,2,1,2,0,2,2,1,1,1,0,1,2,2,1,1,1,2,2,1,1,2,2,1,0,0,2,2,1,1,1,0,1,0,2,1,1,2,0,2,0,0,2,1,2,2,2,0,1,1,0,0,1,0,2,1,1,1,1,0,2,0,1,0,0,2,0,1,0,1,1,2,1,0,2,0,1,2,0,2,2,2,1,1,2,1,2,2,1,1,1,0,2,2,0,0,1,2,1,1,0,2,1,1,1,0,2,2,2,0,0,0,2,2,0,2,0,1,2,2,0,2,1,2,1,0,0,2,1,0,1,2,2,2,1,2,2,1,0,1,1,0,2,1,1,2,2,0,1,1,0,0,0,2,1,1,0
216_10,2,1,0,0,2,0,2,2,1,1,1,0,0,1,1,2,1,2,1,0,1,2,2,1,1,2,0,0,2,2,1,0,1,0,1,2,1,1,0,1,1,2,2,2,2,1,2,0,2,2,1,1,1,0,1,2,2,1,1,1,2,2,1,1,2,2,1,0,0,2,2,1,1,1,0,1,1,2,1,1,2,0,2,0,0,2,1,2,2,2,0,1,1,0,0,1,0,2,1,1,1,1,0,2,0,1,1,0,2,0,1,0,1,1,2,1,0,2,0,1,2,0,2,2,2,1,1,2,1,2,2,1,1,1,0,2,2,0,0,1,2,1,1,0,2,1,1,1,0,2,2,2,0,0,0,2,2,0,2,0,1,2,2,0,2,1,2,1,0,0,2,1,0,1,2,2,2,1,2,2,1,0,1,1,0,2,1,1,2,2,0,1,1,0,0,0,2,1,1,1
216_9,2,1,0,0,2,0,2,2,1,1,1,0,0,1,1,2,1,2,1,0,1,2,2,1,1,0,0,0,2,2,1,0,1,2,1,2,1,1,0,1,1,2,2,2,2,1,2,0,2,2,1,1,1,0,1,2,2,1,1,1,2,2,1,1,2,2,1,0,0,2,2,1,1,1,0,1,0,2,1,1,2,0,2,0,0,2,1,2,2,2,0,1,1,0,0,1,0,2,1,1,1,1,0,2,0,1,0,0,2,0,1,0,1,1,2,1,0,2,0,1,2,0,2,2,2,1,1,2,1,2,2,1,1,1,0,2,2,0,0,1,2,1,1,0,2,1,1,1,0,2,2,2,0,1,0,2,2,0,2,0,1,2,2,0,2,1,2,1,0,0,2,1,0,1,2,2,2,1,2,2,1,0,1,1,0,2,1,1,2,2,0,1,1,0,0,0,2,1,1,0
I7,2,1,2,0,2,1,2,2,0,1,1,0,1,1,0,2,1,2,0,2,1,2,2,1,1,1,0,0,2,2,0,1,1,0,1,0,1,1,0,1,1,2,2,2,2,1,2,0,2,0,1,1,1,1,1,2,2,1,1,1,2,2,1,1,2,2,1,0,2,2,2,1,1,1,1,0,0,2,1,1,1,0,2,2,1,2,0,2,2,2,0,0,1,0,0,1,2,2,1,1,1,1,0,2,0,1,0,0,0,0,1,1,1,1,2,1,0,2,0,1,2,0,2,2,2,2,1,2,1,2,2,1,1,1,0,2,2,1,0,1,2,0,1,0,2,1,1,0,2,2,2,0,2,0,1,2,0,2,0,1,0,2,2,0,2,1,0,1,0,1,0,1,0,1,2,2,2,1,2,2,1,0,0,0,0,0,1,1,2,2,0,1,1,0,0,0,2,1,0,0
216_12,2,1,2,0,2,1,2,2,0,1,1,0,1,1,0,2,1,2,0,2,1,2,2,1,1,1,0,0,2,2,0,1,1,0,1,0,1,1,0,1,1,2,2,2,2,1,2,0,2,1,1,1,1,1,1,2,2,1,1,1,2,2,1,1,2,2,1,0,2,2,2,1,1,1,1,0,0,2,1,1,1,0,2,2,1,2,0,2,2,2,0,0,1,2,0,1,2,2,1,1,1,1,0,2,0,1,0,0,0,0,1,1,1,1,2,1,0,2,0,1,2,0,2,2,2,2,1,2,1,2,2,1,1,1,0,2,2,1,0,1,2,0,1,0,2,1,1,0,2,2,2,0,2,1,1,2,0,2,0,1,0,2,2,0,2,1,0,1,0,1,0,1,0,1,2,2,2,1,2,2,1,0,0,0,1,0,1,1,2,2,0,1,1,0,0,0,2,1,0,0
216_11,2,1,2,0,2,1,2,2,0,1,1,0,1,1,0,2,1,2,0,2,1,2,2,1,1,1,0,0,2,2,0,1,1,0,1,0,1,1,0,1,1,2,2,2,2,1,2,0,2,0,1,1,1,1,1,2,2,1,1,1,2,2,1,1,2,2,1,0,2,2,2,1,1,1,1,0,0,2,1,1,1,0,2,2,1,2,0,2,2,2,0,0,1,0,0,1,2,2,1,1,1,1,0,2,0,1,0,0,0,0,1,1,1,1,2,1,0,2,0,1,2,0,2,2,2,2,1,2,1,2,2,1,1,1,0,2,2,1,0,1,2,0,1,0,2,1,1,0,2,2,2,1,2,0,1,2,0,2,0,1,0,2,2,0,2,1,0,1,0,1,0,1,0,1,2,2,2,1,2,2,1,2,0,0,0,0,1,1,2,2,0,1,1,0,0,0,2,1,0,2
I8,2,2,0,1,0,0,2,0,0,0,0,1,0,1,0,2,1,1,0,2,1,0,2,0,0,0,0,2,1,0,0,0,1,2,1,1,2,0,0,0,0,0,0,2,2,1,2,2,1,0,0,0,0,2,0,0,0,1,1,1,0,0,0,1,2,2,1,0,0,0,0,0,1,1,0,0,0,0,0,1,0,1,2,0,1,2,0,2,2,2,1,2,1,0,0,1,2,2,0,1,0,0,0,0,0,1,0,0,1,0,0,0,1,1,2,1,0,1,0,0,0,0,0,2,0,0,1,0,0,0,0,0,1,1,0,2,2,1,0,0,2,0,1,0,2,0,2,0,0,0,0,0,2,0,0,2,0,1,0,0,0,0,2,0,0,1,0,1,0,0,0,0,0,0,0,0,2,0,2,2,0,2,0,0,0,1,2,1,2,0,1,1,0,0,1,0,0,0,0,0
I9,2,2,1,1,0,1,2,0,0,2,0,1,2,1,0,2,1,1,0,2,1,1,2,0,0,0,0,2,1,2,0,0,1,2,1,1,2,2,0,2,1,0,0,2,2,1,2,2,1,0,0,1,0,2,0,0,2,1,1,1,0,0,0,1,2,2,1,0,0,0,0,0,1,1,1,2,0,1,0,1,2,1,2,0,1,2,0,2,2,2,1,2,1,0,0,1,2,2,1,1,0,0,2,0,1,1,1,2,1,2,0,2,1,1,2,1,1,1,0,2,0,2,0,2,0,0,1,0,2,1,0,0,1,1,0,2,2,1,0,1,2,0,1,0,2,0,2,0,1,2,0,2,2,0,0,2,2,1,0,2,2,1,2,0,1,1,0,1,0,0,0,0,0,0,0,2,2,0,2,2,0,2,0,0,0,1,2,1,2,0,1,1,0,0,1,0,0,0,0,1
I10,2,2,1,1,1,1,2,1,0,2,2,1,2,1,2,2,1,1,0,2,1,1,2,1,2,0,0,2,1,2,0,0,1,2,1,1,2,2,1,2,1,0,0,2,2,1,2,2,1,0,2,1,0,2,0,2,2,1,1,1,0,0,0,1,2,2,1,0,0,0,1,2,1,1,1,2,0,1,0,1,2,1,2,0,1,2,1,2,2,2,1,2,1,0,0,1,2,2,1,1,0,0,2,0,1,1,1,2,1,2,2,2,1,1,2,1,1,1,0,2,0,2,2,2,0,0,1,0,2,1,0,0,1,1,1,2,2,1,0,1,2,0,1,0,2,0,2,0,1,2,0,2,2,0,0,2,2,1,2,2,2,1,2,0,1,1,0,1,0,0,0,2,2,0,0,2,2,0,2,2,2,2,0,1,0,1,2,1,2,0,1,1,0,0,1,0,2,0,0,1
216_8,2,2,1,1,1,1,2,1,0,2,2,1,2,1,2,2,1,1,0,2,1,1,2,1,2,0,0,2,1,2,0,0,1,2,1,1,2,2,1,2,1,0,0,2,2,1,2,2,1,0,2,1,0,2,0,2,2,1,1,1,0,0,0,1,2,2,1,0,0,0,1,2,1,1,1,2,0,1,0,1,2,1,2,0,1,2,1,2,2,2,1,2,1,0,0,1,2,2,1,1,0,0,2,0,1,1,1,2,1,2,2,2,1,1,2,1,1,1,0,2,0,2,2,2,0,0,1,0,2,1,0,0,1,1,1,2,2,1,0,1,2,0,1,0,2,0,2,2,1,2,0,2,2,0,0,2,2,1,2,2,2,1,2,0,1,1,1,1,0,0,0,2,2,0,0,2,2,1,2,2,2,2,0,1,0,1,2,1,2,0,1,1,0,0,1,0,2,0,0,1
216_7,2,2,1,1,1,1,2,1,0,2,2,1,2,1,2,2,1,1,0,2,1,1,2,1,2,0,0,2,1,2,0,0,1,2,1,1,2,2,1,2,1,0,0,2,2,1,2,2,1,0,2,1,0,2,0,2,2,1,1,1,0,2,0,1,2,2,1,0,2,0,1,2,1,1,1,2,0,1,0,1,2,1,2,0,1,2,1,2,2,2,1,2,1,0,0,1,2,2,1,1,0,0,2,0,1,1,1,2,1,2,2,2,1,1,2,1,1,1,0,2,0,2,2,2,0,0,1,0,2,1,0,0,1,1,1,2,2,1,0,1,2,0,1,0,2,0,2,0,1,2,0,2,2,0,0,2,2,1,2,2,2,1,2,0,1,1,0,1,2,0,0,2,2,0,0,2,2,0,2,2,2,2,0,1,0,1,2,1,2,0,1,1,0,0,1,0,2,2,0,1
I11,2,2,1,1,0,1,2,0,0,2,1,1,2,1,0,2,1,1,0,2,1,1,2,2,0,0,0,2,1,2,0,0,1,2,1,1,2,2,0,2,1,0,0,2,2,1,2,2,1,1,0,1,0,2,0,0,2,1,1,1,1,2,0,1,2,2,1,0,0,1,0,0,1,1,1,2,0,1,0,1,2,1,2,2,1,2,1,2,2,2,1,2,1,1,1,1,2,2,1,1,1,0,2,1,1,1,1,2,1,2,0,2,1,1,2,1,1,1,0,2,2,2,1,2,1,2,1,0,2,1,0,0,1,1,0,2,2,1,0,1,2,1,1,0,2,0,2,0,1,2,0,2,2,0,1,2,2,1,0,2,2,1,2,0,1,1,0,1,0,0,0,0,1,0,0,2,2,0,2,2,0,2,2,1,0,1,2,1,2,0,1,1,0,0,1,1,1,0,1,1
216_6,2,2,1,1,0,1,2,0,0,2,1,1,2,1,0,2,1,1,0,2,1,1,2,2,0,0,0,2,1,2,1,0,1,2,1,1,2,2,0,2,1,0,0,2,2,1,2,2,1,1,0,1,0,2,0,0,2,1,1,1,1,2,0,1,2,2,1,0,1,1,0,0,1,1,1,2,0,1,0,1,2,1,2,2,1,2,1,2,2,2,1,2,1,1,1,1,2,2,1,1,1,0,2,1,1,1,1,2,1,2,0,2,1,1,2,1,1,1,2,2,2,2,1,2,1,2,1,0,2,1,0,0,1,1,0,2,2,1,0,1,2,1,1,0,2,0,2,0,1,2,0,2,2,0,1,2,2,1,2,2,2,1,2,0,1,1,0,1,0,0,1,0,1,0,0,2,2,0,2,2,0,2,2,1,0,1,2,1,2,0,1,1,2,0,1,1,1,0,1,1
216_5,2,2,1,1,0,1,2,0,0,2,1,1,2,1,0,2,1,1,0,2,1,1,2,2,0,0,0,2,1,2,0,0,1,2,1,1,2,2,0,2,1,0,0,2,2,1,2,2,1,1,0,1,0,2,0,2,2,1,1,1,1,2,0,1,2,2,1,0,0,1,2,0,1,1,1,2,0,1,0,1,2,1,2,2,1,2,1,2,2,2,1,2,1,1,1,1,2,2,1,1,1,0,2,1,1,1,1,2,1,2,0,2,1,1,2,1,1,1,0,2,2,2,1,2,1,2,1,0,2,1,0,1,1,1,0,2,2,1,0,1,2,1,1,0,2,0,2,0,1,2,0,2,2,0,1,2,2,1,2,2,2,1,2,0,1,1,0,1,0,0,0,0,1,0,0,2,2,0,2,2,0,2,2,1,1,1,2,1,2,2,1,1,0,0,1,1,1,0,1,1
I12,2,2,0,1,0,0,2,0,0,0,0,1,2,1,0,2,1,1,0,2,1,2,2,0,0,0,0,2,1,0,1,0,1,2,1,1,2,0,0,1,0,0,0,2,2,1,2,2,1,2,1,1,1,2,0,0,0,1,1,1,0,0,2,1,2,2,1,1,0,1,1,0,1,1,0,0,0,0,0,1,0,1,2,0,1,2,1,2,2,2,1,2,1,0,0,1,2,2,0,1,2,0,0,2,0,1,0,2,1,0,0,2,1,1,2,1,2,1,0,0,0,0,1,2,0,1,1,1,2,0,1,0,1,1,0,2,2,1,2,0,2,0,1,0,2,0,2,0,0,0,0,0,2,0,0,2,0,1,0,0,1,1,2,0,2,1,0,1,1,0,0,0,0,2,0,1,2,0,2,2,0,2,0,0,1,1,2,1,2,1,1,1,2,0,1,0,0,0,0,0
I13,2,2,0,1,0,0,2,0,0,0,2,1,2,1,0,2,1,1,0,2,1,2,2,2,2,0,0,2,1,0,1,2,1,2,1,1,2,0,0,1,0,0,2,2,2,1,2,2,1,2,1,1,1,2,0,0,0,1,1,1,0,0,2,1,2,2,1,1,0,1,1,0,1,1,0,2,0,2,0,1,0,1,2,1,1,2,1,2,2,2,1,2,1,0,0,1,2,2,0,1,2,0,2,2,0,1,1,2,1,0,1,2,1,1,2,1,2,1,2,0,0,0,1,2,0,1,1,1,2,0,1,0,1,1,0,2,2,1,2,0,2,0,1,0,2,2,2,0,2,0,0,1,2,0,1,2,0,1,2,2,1,1,2,0,2,1,2,1,1,2,0,1,0,2,0,1,2,1,2,2,0,2,0,2,1,1,2,1,2,1,1,1,2,0,1,0,2,0,1,0
216_4,2,2,0,1,0,0,2,0,0,0,2,1,2,1,0,2,1,1,0,2,1,2,2,2,2,0,0,2,1,0,1,2,1,2,1,1,2,0,0,1,1,0,2,2,2,1,2,2,1,2,1,1,1,2,0,0,0,1,1,1,0,0,2,1,2,2,1,1,0,1,1,0,1,1,0,2,0,2,0,1,0,1,2,1,1,2,1,2,2,2,1,2,1,0,0,1,2,2,0,1,2,0,2,2,0,1,1,2,1,0,1,2,1,1,2,1,2,1,2,0,0,0,1,2,0,1,1,1,2,0,1,0,1,1,0,2,2,1,2,0,2,0,1,0,2,2,2,0,2,0,0,1,2,0,1,2,0,1,2,2,1,1,2,0,2,1,2,1,1,2,0,1,0,2,0,1,2,1,2,2,0,2,0,2,1,1,2,1,2,1,1,1,2,0,1,0,2,0,1,0
216_3,2,2,0,1,0,0,2,0,0,1,2,1,2,1,0,2,1,1,1,2,1,2,2,2,2,0,0,2,1,0,1,2,1,2,1,1,2,0,0,1,0,0,2,2,2,1,2,2,1,2,1,1,1,2,0,0,0,1,1,1,0,2,2,1,2,2,1,1,0,1,1,0,1,1,0,2,0,2,1,1,0,1,2,1,1,2,1,2,2,2,1,2,1,0,0,1,2,2,0,1,2,0,2,2,0,1,1,2,1,0,1,2,1,1,2,1,2,1,2,0,0,0,1,2,0,1,1,1,2,0,1,0,1,1,0,2,2,1,2,0,2,0,1,0,2,2,2,0,2,0,0,1,2,0,1,2,0,1,2,2,1,1,2,0,2,1,2,1,1,2,0,1,0,2,0,1,2,1,2,2,0,2,0,2,1,1,2,1,2,1,1,1,2,0,1,0,2,0,1,0
I14,2,2,2,1,0,0,2,2,0,2,0,1,2,1,0,2,1,1,0,2,1,2,2,0,0,1,0,2,1,0,1,0,1,2,1,1,2,0,0,1,1,0,0,2,2,1,2,2,1,2,1,1,1,2,0,0,0,1,1,1,0,0,2,1,2,2,1,1,0,1,1,1,1,1,0,0,0,2,2,1,0,1,2,1,1,2,1,2,2,2,1,2,1,2,0,1,2,2,1,1,2,0,0,2,0,1,0,2,1,0,2,2,1,1,2,1,2,1,0,0,0,0,1,2,0,1,1,1,2,1,1,0,1,1,0,2,2,1,2,0,2,1,1,0,2,0,2,0,1,0,0,0,2,1,0,2,0,1,0,0,1,1,2,1,2,1,0,1,1,0,0,0,1,2,1,1,2,0,2,2,2,2,0,0,1,1,2,1,2,1,1,1,2,0,1,0,0,0,0,0
216_2,2,2,2,1,0,0,2,2,0,2,0,1,2,1,0,2,1,1,0,2,1,2,2,0,0,1,0,2,1,0,1,0,1,2,1,1,2,0,1,1,1,0,0,2,2,1,2,2,1,2,1,1,1,2,0,0,0,1,1,1,0,0,2,1,2,2,1,1,0,1,1,1,1,1,0,0,0,2,2,1,0,1,2,1,1,2,1,2,2,2,1,2,1,2,0,1,2,2,1,1,2,0,0,2,0,1,0,2,1,0,2,2,1,1,2,1,2,1,0,0,0,0,1,2,0,1,1,1,2,1,1,0,1,1,0,2,2,1,2,0,2,1,1,0,2,0,2,1,1,0,0,0,2,1,0,2,0,1,0,1,1,1,2,1,2,1,0,1,1,2,0,0,1,2,1,1,2,0,2,2,2,2,1,0,1,1,2,1,2,1,1,1,2,0,1,0,0,0,0,0
216_1,2,2,2,1,0,0,2,2,2,2,0,1,2,1,2,2,1,1,0,2,1,2,2,2,0,1,0,2,1,0,1,0,1,2,1,1,2,0,0,1,1,0,0,2,2,1,2,2,1,2,1,1,1,2,2,0,0,1,1,1,0,0,2,1,2,2,1,1,0,1,1,1,1,1,0,0,0,2,2,1,0,1,2,1,1,2,1,2,2,2,1,2,1,2,0,1,2,2,1,1,2,0,0,2,0,1,0,2,1,2,2,2,1,1,2,1,2,1,0,0,0,0,1,2,0,1,1,1,2,1,1,0,1,1,0,2,2,1,2,0,2,1,1,0,2,1,2,0,1,0,0,0,2,1,2,2,0,1,0,0,1,1,2,1,2,1,0,1,1,2,0,0,1,2,1,1,2,0,2,2,2,2,0,0,1,1,2,1,2,1,1,1,2,0,1,0,0,0,1,0
I15,0,0,1,0,0,1,0,0,0,0,2,0,1,0,0,0,0,1,0,2,0,0,2,1,2,0,0,0,1,0,1,0,0,2,0,0,0,0,0,0,0,0,0,0,0,0,0,0,2,0,2,0,0,0,0,0,0,1,0,2,0,0,2,0,0,0,0,0,0,0,0,0,0,0,2,1,0,0,0,2,0,0,0,0,0,1,0,0,0,0,2,0,0,0,0,0,0,0,0,0,0,2,0,1,0,0,0,0,0,0,0,0,1,0,2,0,2,0,0,0,0,0,0,0,2,0,2,0,2,1,2,0,2,0,0,1,1,0,0,0,0,2,0,0,2,0,0,1,0,0,1,0,2,1,0,0,0,0,2,0,0,0,0,0,2,0,0,0,0,0,0,1,0,2,0,1,0,0,0,0,1,0,0,0,0,0,0,0,0,0,0,0,0,0,1,1,1,0,0,0
I16,0,0,1,0,0,1,0,0,0,0,2,0,1,2,0,1,1,1,0,2,0,1,2,1,2,0,0,0,1,2,1,2,1,2,1,0,0,0,0,0,0,2,0,1,0,0,0,0,2,0,2,0,0,0,0,0,1,1,0,2,1,2,2,0,0,0,0,0,0,0,2,2,0,2,2,1,0,0,0,2,0,0,0,1,1,1,0,0,0,0,2,0,1,0,2,0,0,2,0,2,2,2,0,1,0,0,0,2,2,0,0,0,1,0,2,1,2,0,0,1,1,1,0,0,2,2,2,0,2,1,2,0,2,0,0,1,1,0,0,1,1,2,0,0,2,0,2,1,2,2,1,0,2,1,1,0,0,0,2,0,2,1,0,0,2,0,1,0,2,0,0,1,0,2,0,1,1,2,2,2,1,1,0,0,0,0,0,2,0,1,2,1,0,2,1,1,1,0,0,0
216_17,0,0,1,0,1,1,1,2,0,1,2,0,1,2,1,1,1,1,0,2,0,1,2,1,2,0,2,2,1,2,1,2,1,2,1,1,1,2,0,0,1,2,1,1,2,0,1,0,2,2,2,2,1,1,2,0,1,1,0,2,1,2,2,0,2,0,2,2,0,0,2,2,0,2,2,1,1,1,2,2,2,0,0,1,1,1,1,2,0,0,2,1,1,0,2,1,2,2,0,2,2,2,0,1,0,2,1,2,2,1,1,1,1,1,2,1,2,0,0,1,1,1,0,0,2,2,2,0,2,1,2,0,2,0,0,1,1,2,1,1,1,2,1,1,2,1,2,1,2,2,1,0,2,1,1,1,2,0,2,1,2,1,1,0,2,0,1,2,2,2,0,1,1,2,1,1,1,2,2,2,1,1,0,1,0,1,0,2,0,1,2,1,0,2,1,1,1,0,2,2
I17,0,0,1,0,0,1,0,0,0,0,2,2,1,2,2,1,1,1,0,2,0,1,2,1,2,2,1,0,1,2,1,2,1,2,1,0,1,2,0,0,0,2,0,1,0,0,0,0,2,0,2,0,0,0,1,1,1,1,0,2,1,2,2,0,0,1,0,0,2,0,2,2,2,2,2,1,0,0,0,2,0,0,0,1,1,1,0,1,0,0,2,2,1,0,2,0,0,2,0,2,2,2,0,1,0,1,0,2,2,0,0,0,1,0,2,1,2,2,0,1,1,1,0,0,2,2,2,0,2,1,2,0,2,0,0,1,1,0,0,1,1,2,0,0,2,0,2,1,2,2,1,0,2,1,1,0,0,1,2,0,2,1,0,0,2,0,1,0,2,0,0,1,0,2,1,1,1,2,2,2,1,1,2,1,0,1,0,2,0,1,2,1,2,2,1,1,1,0,2,0
I18,0,0,1,2,0,1,1,0,1,0,2,2,1,2,2,1,1,1,0,2,0,1,2,1,2,2,1,2,1,2,1,2,1,2,1,0,1,2,0,2,0,2,0,1,0,2,0,0,2,0,2,1,0,0,1,1,1,1,0,2,1,2,2,0,1,1,0,2,2,0,2,2,2,2,2,1,1,1,0,2,1,0,0,1,1,1,0,1,0,0,2,2,1,0,2,1,0,2,2,2,2,2,0,1,0,1,1,2,2,0,0,0,1,1,2,1,2,2,0,1,1,1,0,0,2,2,2,0,2,1,2,0,2,0,0,1,1,0,2,1,1,2,0,1,2,0,2,1,2,2,1,1,2,1,1,1,0,1,2,2,2,1,0,2,2,0,1,0,2,0,2,1,0,2,1,1,1,2,2,2,1,1,2,1,1,1,1,2,0,1,2,1,2,2,1,1,1,0,2,2
216_19,0,0,1,2,1,1,1,0,1,0,2,2,1,2,2,1,1,1,0,2,0,1,2,1,2,2,1,2,1,2,1,2,1,2,1,0,1,2,0,2,0,2,0,1,0,2,0,1,2,0,2,1,0,0,1,1,1,1,0,2,1,2,2,0,1,1,0,2,2,0,2,2,2,2,2,1,1,1,0,2,1,0,1,1,1,1,0,1,0,0,2,2,1,0,2,1,0,2,2,2,2,2,1,1,0,1,1,2,2,0,0,0,1,1,2,1,2,2,2,1,1,1,0,0,2,2,2,1,2,1,2,0,2,0,0,1,1,0,2,1,1,2,0,1,2,1,2,1,2,2,1,1,2,1,1,1,0,1,2,2,2,1,0,2,2,0,1,0,2,0,2,1,0,2,1,1,1,2,2,2,1,1,2,1,1,1,1,2,0,1,2,1,2,2,1,1,1,0,2,2
216_18,0,0,1,2,0,1,1,0,1,0,2,2,1,2,2,1,1,1,0,2,0,1,2,1,2,2,1,2,1,2,1,2,1,2,1,0,1,2,0,2,0,2,0,1,0,2,0,0,2,0,2,1,0,0,1,1,1,1,0,2,1,2,2,1,1,1,1,2,2,0,2,2,2,2,2,1,1,1,0,2,1,0,0,1,1,1,0,1,0,0,2,2,1,0,2,1,0,2,2,2,2,2,0,1,0,1,1,2,2,0,1,0,1,1,2,1,2,2,0,1,1,1,2,0,2,2,2,0,2,1,2,0,2,0,0,1,1,0,2,1,1,2,2,1,2,0,2,1,2,2,1,1,2,1,1,1,0,1,2,2,2,1,0,2,2,0,1,0,2,0,2,1,0,2,1,1,1,2,2,2,1,1,2,1,1,1,1,2,0,1,2,1,2,2,1,1,1,0,2,2
I19,0,2,1,0,0,1,1,0,1,0,2,2,1,2,2,1,1,1,2,2,0,1,2,1,2,2,1,2,1,2,1,2,1,2,1,0,1,2,0,1,0,2,0,1,0,0,0,0,2,0,2,0,0,1,1,1,1,1,0,2,1,2,2,2,2,1,2,0,2,0,2,2,2,2,2,1,1,0,0,2,0,0,2,1,1,1,0,1,0,0,2,2,1,0,2,0,0,2,0,2,2,2,0,1,2,1,0,2,2,0,0,0,1,0,2,1,2,2,0,1,1,1,0,0,2,2,2,0,2,1,2,0,2,0,0,1,1,0,0,1,1,2,2,0,2,0,2,1,2,2,1,0,2,1,1,1,0,1,2,1,2,1,0,0,2,0,1,0,2,0,0,1,0,2,1,1,1,2,2,2,1,1,2,1,0,1,2,2,0,1,2,1,2,2,1,1,1,0,2,2
216_21,0,2,1,0,1,1,1,0,1,2,2,2,1,2,2,1,1,1,2,2,0,1,2,1,2,2,1,2,1,2,1,2,1,2,1,0,1,2,0,1,0,2,0,1,0,0,0,0,2,0,2,0,0,1,1,1,1,1,0,2,1,2,2,2,2,1,2,0,2,2,2,2,2,2,2,1,1,0,0,2,0,0,2,1,1,1,0,1,0,0,2,2,1,0,2,0,0,2,2,2,2,2,2,1,2,1,0,2,2,1,0,0,1,0,2,1,2,2,1,1,1,1,0,0,2,2,2,0,2,1,2,2,2,0,0,1,1,0,0,1,1,2,2,0,2,0,2,1,2,2,1,2,2,1,1,1,0,1,2,1,2,1,0,0,2,0,1,0,2,0,0,1,0,2,1,1,1,2,2,2,1,1,2,1,0,1,2,2,0,1,2,1,2,2,1,1,1,0,2,2
216_20,0,2,1,0,0,1,1,0,1,0,2,2,1,2,2,1,1,1,2,2,0,1,2,1,2,2,1,2,1,2,1,2,1,2,1,0,1,2,0,1,0,2,0,1,0,0,0,0,2,0,2,0,0,1,1,1,1,1,0,2,1,2,2,2,2,1,2,0,2,0,2,2,2,2,2,1,1,0,1,2,0,0,2,1,1,1,0,1,0,0,2,2,1,0,2,0,0,2,0,2,2,2,0,1,2,1,0,2,2,0,0,0,1,0,2,1,2,2,0,1,1,1,1,0,2,2,2,0,2,1,2,0,2,2,0,1,1,0,2,1,1,2,2,0,2,0,2,1,2,2,1,0,2,1,1,1,0,1,2,1,2,1,0,0,2,1,1,2,2,0,0,1,0,2,1,1,1,2,2,2,1,1,2,1,0,1,2,2,0,1,2,1,2,2,1,1,1,0,2,2
I20,2,0,1,1,0,1,0,0,0,0,2,0,1,0,0,0,2,1,0,2,0,0,2,1,2,2,0,0,1,1,1,1,1,2,0,2,0,0,0,0,2,0,0,1,0,2,0,0,2,2,2,2,0,0,2,2,0,1,0,2,0,0,2,0,2,1,0,0,1,0,0,2,0,0,2,1,2,0,1,2,0,0,0,0,0,1,0,0,0,0,2,2,0,0,0,0,2,2,2,0,2,2,2,1,0,0,1,0,0,0,0,0,1,0,2,0,2,0,0,0,0,2,0,0,2,0,2,0,2,1,2,2,2,0,0,1,1,0,0,2,0,2,0,0,2,0,0,1,0,0,1,0,2,1,0,0,0,0,2,2,0,0,0,0,2,2,0,0,0,0,0,1,0,2,0,1,0,0,0,0,1,0,0,0,2,0,0,0,0,0,0,0,1,0,1,1,1,0,0,0
I21,2,0,1,1,0,1,2,0,0,0,2,0,1,0,0,0,2,1,1,2,0,0,2,1,2,2,2,0,1,1,1,1,1,2,2,2,0,0,1,0,2,0,0,1,1,2,2,0,2,2,2,2,1,0,2,2,0,1,0,2,0,0,2,0,2,1,2,0,1,0,0,2,0,0,2,1,2,0,1,2,1,2,0,1,0,1,0,0,2,0,2,2,0,0,0,2,2,2,2,1,2,2,2,1,1,1,1,0,0,0,0,2,1,0,2,2,2,2,2,0,0,2,1,1,2,0,2,1,2,1,2,2,2,0,0,1,1,0,0,2,2,2,0,0,2,1,0,1,2,2,1,2,2,1,0,0,0,1,2,2,0,0,0,0,2,2,0,1,0,0,0,1,2,2,0,1,0,2,2,2,1,0,0,0,2,0,0,0,0,0,0,0,1,0,1,1,1,1,0,0
I22,2,1,1,1,1,1,2,0,2,2,2,0,1,2,0,2,2,1,1,2,1,0,2,1,2,2,2,0,1,1,1,1,1,2,2,2,0,0,1,0,2,0,0,1,1,2,2,0,2,2,2,2,1,0,2,2,0,1,0,2,0,0,2,0,2,1,2,0,1,0,2,2,0,0,2,1,2,0,1,2,1,2,0,1,0,1,1,0,2,0,2,2,0,0,0,2,2,2,2,1,2,2,2,1,1,1,1,0,0,0,1,2,1,2,2,2,2,2,2,2,0,2,1,1,2,0,2,1,2,1,2,2,2,0,0,1,1,0,0,2,2,2,0,0,2,1,0,1,2,2,1,2,2,1,2,2,2,1,2,2,1,0,0,0,2,2,2,1,0,1,0,1,2,2,0,1,0,2,2,2,1,0,1,0,2,0,1,1,1,0,0,1,1,0,1,1,1,1,0,0
216_30,2,1,1,1,1,1,2,0,2,2,2,0,1,2,0,2,2,1,1,2,1,0,2,1,2,2,2,2,1,1,1,1,1,2,2,2,0,0,1,0,2,0,0,1,1,2,2,0,2,2,2,2,1,0,2,2,1,1,2,2,0,0,2,0,2,1,2,0,1,0,2,2,0,0,2,1,2,1,1,2,1,2,0,1,2,1,1,0,2,0,2,2,0,0,2,2,2,2,2,1,2,2,2,1,1,1,1,0,0,0,1,2,1,2,2,2,2,2,2,2,1,2,1,1,2,0,2,1,2,1,2,2,2,0,0,1,1,0,0,2,2,2,0,0,2,1,0,1,2,2,1,2,2,1,2,2,2,1,2,2,1,0,0,0,2,2,2,1,0,1,0,1,2,2,0,1,0,2,2,2,1,0,1,0,2,0,1,1,1,0,0,1,1,0,1,1,1,1,0,0
216_29,2,1,1,1,1,1,2,0,2,2,2,0,1,2,0,2,2,1,1,2,1,0,2,1,2,2,2,2,1,1,1,1,1,2,2,2,2,0,1,0,2,0,0,1,1,2,2,0,2,2,2,2,1,0,2,2,0,1,0,2,0,0,2,0,2,1,2,2,1,1,2,2,0,1,2,1,2,0,1,2,1,2,0,1,0,1,1,0,2,0,2,2,0,0,0,2,2,2,2,1,2,2,2,1,1,1,1,0,2,0,1,2,1,2,2,2,2,2,2,2,0,2,1,1,2,0,2,1,2,1,2,2,2,0,1,1,1,0,0,2,2,2,0,0,2,1,0,1,2,2,1,2,2,1,2,2,2,1,2,2,1,0,2,0,2,2,2,1,0,1,0,1,2,2,0,1,0,2,2,2,1,0,1,0,2,0,1,1,1,0,2,1,1,0,1,1,1,1,0,0
I23,2,2,1,1,2,1,2,0,0,0,2,2,1,0,0,1,2,1,1,2,0,0,2,1,2,2,2,0,1,1,1,1,1,2,2,2,0,2,1,0,2,0,0,1,1,2,2,0,2,2,2,2,1,1,2,2,1,1,0,2,0,0,2,0,2,1,2,0,1,0,2,2,0,0,2,1,2,0,1,2,1,2,0,1,0,1,0,1,2,0,2,2,1,0,0,2,2,2,2,1,2,2,2,1,1,1,1,0,0,0,2,2,1,0,2,2,2,2,2,0,0,2,1,1,2,0,2,1,2,1,2,2,2,0,0,1,1,2,0,2,2,2,0,2,2,1,2,1,2,2,1,2,2,1,0,1,0,1,2,2,0,0,0,0,2,2,0,1,2,0,2,1,2,2,1,1,0,2,2,2,1,1,2,0,2,0,0,0,1,0,0,1,1,0,1,1,1,1,0,0
216_28,2,2,1,1,2,1,2,0,0,2,2,2,1,0,0,1,2,1,1,2,0,0,2,1,2,2,2,0,1,1,1,1,1,2,2,2,1,2,1,2,2,0,0,1,1,2,2,0,2,2,2,2,1,1,2,2,1,1,0,2,0,1,2,0,2,1,2,0,1,0,2,2,0,0,2,1,2,0,1,2,1,2,0,1,0,1,0,1,2,0,2,2,1,0,1,2,2,2,2,1,2,2,2,1,1,1,1,1,0,0,2,2,1,0,2,2,2,2,2,1,0,2,1,1,2,0,2,1,2,1,2,2,2,1,2,1,1,2,0,2,2,2,0,2,2,1,2,1,2,2,1,2,2,1,0,1,2,1,2,2,0,0,0,1,2,2,0,1,2,0,2,1,2,2,1,1,0,2,2,2,1,1,2,2,2,0,0,0,1,0,0,1,1,1,1,1,1,1,2,1
216_27,2,2,1,1,2,1,2,1,1,0,2,2,1,1,0,1,2,1,1,2,0,2,2,1,2,2,2,0,1,1,1,1,1,2,2,2,0,2,1,2,2,0,0,1,1,2,2,1,2,2,2,2,1,1,2,2,1,1,0,2,1,1,2,0,2,1,2,2,1,0,2,2,2,0,2,1,2,0,1,2,1,2,0,1,0,1,0,1,2,2,2,2,1,0,0,2,2,2,2,1,2,2,2,1,1,1,1,0,0,2,2,2,1,0,2,2,2,2,2,0,0,2,1,1,2,0,2,1,2,1,2,2,2,0,0,1,1,2,0,2,2,2,0,2,2,1,2,1,2,2,1,2,2,1,0,1,0,1,2,2,0,0,0,0,2,2,0,1,2,0,2,1,2,2,1,1,1,2,2,2,1,1,2,0,2,0,1,2,1,2,0,1,1,0,1,1,1,1,0,0
I24,2,0,1,1,2,1,0,0,0,0,2,0,1,0,0,1,2,1,0,2,0,0,2,1,2,2,1,0,1,1,1,1,1,2,0,2,2,0,0,0,2,0,0,1,1,2,0,2,2,2,2,2,0,0,2,2,2,1,0,2,0,2,2,0,2,1,0,1,1,0,0,2,2,0,2,1,2,0,1,2,0,0,1,1,1,1,0,0,2,0,2,2,2,0,0,0,2,2,2,0,2,2,2,1,0,0,1,0,1,0,0,2,1,0,2,0,2,0,0,0,0,2,0,0,2,0,2,0,2,1,2,2,2,0,2,1,1,0,0,2,1,2,2,0,2,0,0,1,0,0,1,0,2,1,2,0,0,0,2,2,0,2,0,2,2,2,0,2,0,1,0,1,0,2,1,1,2,1,0,1,1,0,0,0,2,0,2,2,0,2,0,0,1,0,1,1,1,0,2,0
I25,2,0,1,1,2,1,0,0,0,0,2,0,1,0,0,1,2,1,2,2,0,0,2,1,2,2,1,0,1,1,1,1,1,2,0,2,2,2,2,0,2,2,0,1,1,2,0,2,2,2,2,2,0,0,2,2,2,1,0,2,0,2,2,2,2,1,0,1,1,0,0,2,2,0,2,1,2,0,1,2,2,0,1,1,1,1,2,0,2,0,2,2,2,0,1,0,2,2,2,0,2,2,2,1,0,0,1,0,1,2,0,2,1,0,2,0,2,0,0,1,0,2,0,1,2,2,2,1,2,1,2,2,2,0,2,1,1,2,0,2,1,2,2,0,2,2,0,1,0,1,1,0,2,1,2,0,0,0,2,2,0,2,0,2,2,2,0,2,0,1,0,1,0,2,1,1,2,1,0,1,1,0,0,0,2,0,2,2,2,2,0,0,1,1,1,1,1,0,2,1
216_26,2,0,1,1,2,1,2,0,1,0,2,0,1,0,0,1,2,1,2,2,0,1,2,1,2,2,1,0,1,1,1,1,1,2,2,2,2,2,2,2,2,2,2,1,1,2,0,2,2,2,2,2,0,0,2,2,2,1,0,2,0,2,2,2,2,1,0,1,1,0,2,2,2,0,2,1,2,0,1,2,2,0,1,1,1,1,2,2,2,0,2,2,2,0,1,0,2,2,2,0,2,2,2,1,0,0,1,2,1,2,0,2,1,0,2,0,2,0,0,1,0,2,2,1,2,2,2,1,2,1,2,2,2,0,2,1,1,2,0,2,1,2,2,2,2,2,0,1,0,1,1,0,2,1,2,0,0,0,2,2,0,2,0,2,2,2,0,2,0,1,0,1,0,2,1,1,2,1,1,1,1,0,0,0,2,1,2,2,2,2,0,0,1,1,1,1,1,2,2,1
216_25,2,0,1,1,2,1,0,0,0,1,2,0,1,0,1,1,2,1,2,2,0,0,2,1,2,2,1,0,1,1,1,1,1,2,0,2,2,2,2,0,2,2,0,1,1,2,0,2,2,2,2,2,0,0,2,2,2,1,0,2,0,2,2,2,2,1,0,1,1,0,0,2,2,0,2,1,2,0,1,2,2,1,1,1,1,1,2,0,2,0,2,2,2,0,1,0,2,2,2,0,2,2,2,1,0,2,1,0,1,2,0,2,1,0,2,2,2,1,0,1,0,2,0,1,2,2,2,1,2,1,2,2,2,0,2,1,1,2,0,2,1,2,2,0,2,2,0,1,0,1,1,0,2,1,2,0,0,0,2,2,0,2,1,2,2,2,0,2,0,1,1,1,0,2,1,1,2,1,2,1,1,0,1,0,2,0,2,2,2,2,0,0,1,1,1,1,1,0,2,1
I26,2,0,1,1,2,1,0,0,0,0,2,0,1,0,2,1,2,1,0,2,0,0,2,1,2,2,1,0,1,1,1,1,1,2,0,2,2,0,1,0,2,0,0,1,1,2,0,2,2,2,2,2,0,1,2,2,2,1,0,2,0,2,2,1,2,1,0,1,1,0,0,2,2,1,2,1,2,0,1,2,0,0,1,1,1,1,2,2,2,0,2,2,2,0,0,2,2,2,2,0,2,2,2,1,0,1,1,0,1,0,0,2,1,2,2,0,2,0,0,1,0,2,0,0,2,1,2,0,2,1,2,2,2,0,2,1,1,0,0,2,1,2,2,0,2,0,0,1,0,1,1,0,2,1,2,0,0,0,2,2,0,2,0,2,2,2,0,2,0,1,0,1,0,2,1,1,2,1,0,1,1,0,0,1,2,0,2,2,2,2,0,0,1,0,1,1,1,0,2,1
216_24,2,0,1,1,2,1,1,0,0,0,2,0,1,0,2,1,2,1,0,2,0,0,2,1,2,2,1,0,1,1,1,1,1,2,0,2,2,0,1,0,2,0,2,1,1,2,0,2,2,2,2,2,2,1,2,2,2,1,0,2,0,2,2,1,2,1,0,1,1,0,0,2,2,1,2,1,2,0,1,2,0,0,1,1,1,1,2,2,2,1,2,2,2,0,0,2,2,2,2,2,2,2,2,1,2,1,1,0,1,0,0,2,1,2,2,0,2,0,2,1,0,2,1,0,2,1,2,0,2,1,2,2,2,0,2,1,1,0,0,2,1,2,2,0,2,0,1,1,0,1,1,1,2,1,2,0,0,0,2,2,0,2,0,2,2,2,0,2,0,1,0,1,0,2,1,1,2,1,1,1,1,0,2,1,2,0,2,2,2,2,2,2,1,0,1,1,1,0,2,1
I27,2,0,1,1,2,1,0,0,0,0,2,0,1,0,2,1,2,1,0,2,0,2,2,1,2,2,1,0,1,1,1,1,1,2,1,2,2,0,1,0,2,0,0,1,1,2,0,2,2,2,2,2,0,1,2,2,2,1,0,2,0,2,2,1,2,1,0,1,1,0,0,2,2,1,2,1,2,0,1,2,0,0,1,1,1,1,2,2,2,0,2,2,2,1,0,2,2,2,2,0,2,2,2,1,0,1,1,2,1,0,0,2,1,2,2,0,2,0,0,1,0,2,0,0,2,1,2,0,2,1,2,2,2,0,2,1,1,0,0,2,1,2,2,1,2,0,0,1,0,1,1,0,2,1,2,1,2,2,2,2,0,2,1,2,2,2,1,2,0,1,0,1,2,2,1,1,2,1,0,1,1,0,1,1,2,0,2,2,2,2,0,2,1,2,1,1,1,0,2,1
216_23,2,0,1,1,2,1,0,0,0,0,2,0,1,0,2,1,2,1,0,2,0,2,2,1,2,2,1,0,1,1,1,1,1,2,1,2,2,0,1,0,2,0,0,1,1,2,0,2,2,2,2,2,0,1,2,2,2,1,0,2,0,2,2,1,2,1,0,1,1,0,0,2,2,1,2,1,2,0,1,2,0,0,1,1,1,1,2,2,2,0,2,2,2,1,0,2,2,2,2,0,2,2,2,1,0,1,1,2,1,0,0,2,1,2,2,0,2,0,0,1,0,2,0,0,2,1,2,0,2,1,2,2,2,0,2,1,1,0,0,2,1,2,2,1,2,0,0,1,0,1,1,0,2,1,2,1,2,2,2,2,0,2,1,2,2,2,1,2,0,1,0,1,2,2,1,1,2,1,0,1,1,0,1,1,2,0,2,2,2,2,0,2,1,2,1,1,1,0,2,1
216_22,2,0,1,1,2,1,0,0,0,0,2,0,1,0,2,1,2,1,0,2,0,2,2,1,2,2,1,0,1,1,1,1,1,2,1,2,2,0,1,0,2,0,0,1,1,2,0,2,2,2,2,2,0,1,2,2,2,1,0,2,0,2,2,1,2,1,0,1,1,0,0,2,2,1,2,1,2,0,1,2,0,2,1,1,1,1,2,2,2,0,2,2,2,1,0,2,2,2,2,0,2,2,2,1,0,1,1,2,1,0,0,2,1,2,2,0,2,0,2,1,0,2,0,0,2,1,2,0,2,1,2,2,2,0,2,1,1,0,0,2,1,2,2,1,2,0,0,1,0,1,1,0,2,1,2,1,2,2,2,2,0,2,1,2,2,2,1,2,0,1,0,1,2,2,1,1,2,1,0,1,1,0,1,1,2,0,2,2,2,2,0,2,1,2,1,1,1,0,2,1
Evolve tree: [&R] ((((((216_22:0.012,216_23:0.012)I27:0.258,216_24:0.27)I26:0.24,(216_25:0.24,216_26:0.24)I25:0.27)I24:0.28200000000000003,((216_27:0.258,216_28:0.258)I23:0.252,(216_29:0.222,216_30:0.222)I22:0.28800000000000003)I21:0.28200000000000003)I20:0.252,(((216_20:0.234,216_21:0.234)I19:0.258,(216_18:0.192,216_19:0.192)I18:0.3)I17:0.258,216_17:0.75)I16:0.294)I15:0.246,((((216_1:0.126,216_2:0.126)I14:0.28800000000000003,(216_3:0.084,216_4:0.084)I13:0.33)I12:0.312,((216_5:0.138,216_6:0.138)I11:0.24,(216_7:0.096,216_8:0.096)I10:0.28200000000000003)I9:0.34800000000000003)I8:0.264,(((216_11:0.09,216_12:0.09)I7:0.3,(216_9:0.06,216_10:0.06)I6:0.33)I5:0.28200000000000003,((216_15:0.138,216_16:0.138)I4:0.252,216_14:0.39)I3:0.28200000000000003)I2:0.318)I1:0.3)I0:0;