pos_1,pos_2,progenitor,descendants
99,252,1,1
90,233,2,2
59,248,3,3
103,209,4,4
107,229,5,5
95,218,6,6
81,226,7,7
113,195,8,8
177,311,9,9
192,288,10,10
185,261,11,11
165,249,12,12
128,230,13,13
116,218,14,14
178,172,15,15
186,164,16,16
165,325,17,17
157,294,18,18
171,287,19,19
179,272,20,20
129,274,21,21
110,242,22,22
159,260,23,23
122,239,24,24
149,287,25,25
131,288,26,26
154,274,27,27
170,265,28,28
133,242,29,29
159,238,30,30
190,239,31,31
170,231,32,32
138,222,33,33
156,225,34,34
166,206,35,35
130,211,36,36
140,189,37,37
158,189,38,38
180,221,39,39
181,197,40,40
202,249,41,41
201,227,42,42
204,217,43,43
190,190,44,44
