[&R] ((((((216_8:0,216_9:0)213_6:0.034,216_10:1.034)174_3:1.98,((216_11:0,216_12:0)211_8:0,(216_13:0,216_14:0)213_10:0)175_5:0.014)127_2:0.003,((216_3:0,216_1:0)176_1:0,(216_7:0,216_6:0)177_3:0)132_1:1.017)76_1:2.368,((((216_22:0,216_23:0)208_15:0,216_24:0)175_9:1.012,(216_20:0,216_21:0)203_13:1.012)128_5:0.002,((216_17:0,216_18:0)178_10:0.007,(216_15:2.004,216_16:0.004)181_9:0.002)135_5:1.007)78_3:2.372)24_1:2.615)I0;
I0,0,0,0,0,0,0,0,0,0,0
24_1,0,0:0.13/1:0.87,0,0,0,0:0.13/2:0.87,0:0.13/1:0.87,0,0,0
78_3,0:0.01/1:0.99,1,0,0,0:0.01/1:0.99,2,1,0,0,0
135_5,1,1,0,0,1,2,1,0,0,0:0.01/1:0.99
181_9,1,1,0,0,1,2,1,0,0,1
216_16,1,1,0,0,1,2,1,0,0,1
216_15,1,1,0,1,1,2,1,0,2,1
178_10,1,1,0,0,1,2,1,0,0,1
216_18,1,1,0,0,1,2,1,0,0,1
216_17,1,1,0,0,1,2,1,0,0,1
128_5,1,1,0,0,1,2,1,0,0,0
203_13,1,1,0,1,1,2,1,0,0,0
216_21,1,1,0,1,1,2,1,0,0,0
216_20,1,1,0,1,1,2,1,0,0,0
175_9,1,1,0,0,1,2,1,2,0,0
216_24,1,1,0,0,1,2,1,2,0,0
208_15,1,1,0,0,1,2,1,2,0,0
216_23,1,1,0,0,1,2,1,2,0,0
216_22,1,1,0,0,1,2,1,2,0,0
76_1,0:0.01/2:0.99,1,0,0,0,2,1,0,0,0:0.01/1:0.99
132_1,2,1,0,2,0,2,1,0,0,1
177_3,2,1,0,2,0,2,1,0,0,1
216_6,2,1,0,2,0,2,1,0,0,1
216_7,2,1,0,2,0,2,1,0,0,1
176_1,2,1,0,2,0,2,1,0,0,1
216_1,2,1,0,2,0,2,1,0,0,1
216_3,2,1,0,2,0,2,1,0,0,1
127_2,0:0.01/2:0.99,1,0,0,0,2,1,0,0,0:0.01/1:0.99
175_5,2,1,0,0,0,2,1,0,0,1
213_10,2,1,0,0,0,2,1,0,0,1
216_14,2,1,0,0,0,2,1,0,0,1
216_13,2,1,0,0,0,2,1,0,0,1
211_8,2,1,0,0,0,2,1,0,0,1
216_12,2,1,0,0,0,2,1,0,0,1
216_11,2,1,0,0,0,2,1,0,0,1
174_3,2,1,0,0,0,2,1,0:0.02/2:0.98,0:0.02/1:0.98,1
216_10,2,1,0,0,1,2,1,2,1,1
213_6,2,1,0,0,0,2,1,2,1,1
216_9,2,1,0,0,0,2,1,2,1,1
216_8,2,1,0,0,0,2,1,2,1,1
