[&R] ((((((216_8:0,216_9:0)213_6:0.013,216_10:1.013)174_3:0.1,((216_11:0,216_12:0)211_8:0.056,(216_13:0,216_14:0)213_10:1.056)175_5:2.057)127_2:1.024,((216_3:0,216_1:0)176_1:0.001,(216_7:0,216_6:1)177_3:0)132_1:1.136)76_1:3.745,((((216_22:0,216_23:0)208_15:0,216_24:0)175_9:2.073,(216_20:0,216_21:0)203_13:4.073)128_5:1.248,((216_17:0.045,216_18:2.045)178_10:0.002,(216_15:0.07,216_16:1.07)181_9:1.978)135_5:1.274)78_3:3.561)24_1:1.118)I0;
I0,0,0,0,0,0,0,0,0,0,0
24_1,0,0,0,0:0.44/2:0.56,0:0.44/2:0.56,0,0,0,0,0
78_3,0,0,0:0.08/1:0.92,0:0.04/2:0.96,0:0.04/2:0.96,0,0:0.08/1:0.92,0,0:0.08/2:0.92,0
135_5,0,0,1,2,2,0,1,0,2,0:0.04/2:0.96
181_9,0,0:0.03/2:0.97,1,2,2,0,1,0:0.03/2:0.97,2,2
216_16,1,2,1,2,2,0,1,2,2,2
216_15,0,2,1,2,2,0,1,2,2,2
178_10,0,0,1,2,2,0,1,0,2,0:0.03/2:0.97
216_18,0,0,1,2,2,2,1,1,2,2
216_17,0,0,1,2,2,0,1,0,2,2
128_5,0,0:0.46/1:0.54,0:0.04/1:0.96,0:0.02/2:0.98,0:0.02/2:0.98,0:0.46/2:0.54,0:0.04/1:0.96,0,0:0.04/2:0.96,0
203_13,1,1,1,2,2,2,1,1,2,2
216_21,1,1,1,2,2,2,1,1,2,2
216_20,1,1,1,2,2,2,1,1,2,2
175_9,0,1,1,2,2,2,1,2,2,0
216_24,0,1,1,2,2,2,1,2,2,0
208_15,0,1,1,2,2,2,1,2,2,0
216_23,0,1,1,2,2,2,1,2,2,0
216_22,0,1,1,2,2,2,1,2,2,0
76_1,0,0,0,0:0.02/2:0.98,0:0.02/2:0.98,0:0.04/1:0.96,0,0,0:0.04/1:0.96,0:0.04/1:0.96
132_1,0,0,1,2,2,1,0,0,1,1
177_3,0,0,1,2,2,1,0,0,1,1
216_6,2,0,1,2,2,1,0,0,1,1
216_7,0,0,1,2,2,1,0,0,1,1
176_1,0,0,1,2,2,1,0,0,1,1
216_1,0,0,1,2,2,1,0,0,1,1
216_3,0,0,1,2,2,1,0,0,1,1
127_2,0,0,0,2,2,1,0:0.1/1:0.9,0,1,1
175_5,0:0.03/2:0.97,0:0.03/1:0.97,0,2,2,1,1,0,1,1
213_10,2,1,2,2,2,1,1,0,1,1
216_14,2,1,2,2,2,1,1,0,1,1
216_13,2,1,2,2,2,1,1,0,1,1
211_8,2,1,0,2,2,1,1,0,1,1
216_12,2,1,0,2,2,1,1,0,1,1
216_11,2,1,0,2,2,1,1,0,1,1
174_3,0,0,0,2,2,1,0:0.01/1:0.99,0,1,1
216_10,0,2,0,2,2,1,1,0,1,1
213_6,0,0,0,2,2,1,1,0,1,1
216_9,0,0,0,2,2,1,1,0,1,1
216_8,0,0,0,2,2,1,1,0,1,1
