[&R] ((((((216_8:0,216_9:0)213_6:3.581,216_10:1.581)174_3:0.754,((216_11:0,216_12:0)211_8:0,(216_13:0,216_14:0)213_10:0)175_5:3.336)127_2:3.211,((216_3:0.001,216_1:1.001)176_1:0.028,(216_7:3.229,216_6:0.229)177_3:0.801)132_1:2.517)76_1:0.453,((((216_22:0,216_23:0)208_15:0,216_24:0)175_9:0.02,(216_20:0,216_21:0)203_13:1.02)128_5:3.98,((216_17:0.035,216_18:1.035)178_10:2.426,(216_15:1.154,216_16:1.154)181_9:2.308)135_5:3.538)78_3:0)24_1:0)I0;
I0,0,0,0,0,0,0,0,0,0,0
24_1,0,0,0,0,0,0,0,0,0,0
78_3,0,0,0,0,0,0,0,0,0,0
135_5,0:0.12/1:0.88,0,0,0:0.12/2:0.88,0,0,0:0.12/1:0.88,0,0:0.12/2:0.88,0
181_9,0:0.01/1:0.99,0:0.06/2:0.94,0,0:0.01/2:0.99,0,0,0:0.01/1:0.99,0,0:0.01/2:0.99,0:0.06/1:0.94
216_16,1,2,0,2,0,1,1,0,2,1
216_15,1,2,0,2,0,2,1,0,2,1
178_10,1,0,0:0.01/1:0.99,2,0,0:0.01/1:0.99,1,0,2,0
216_18,1,2,1,2,0,1,1,0,2,0
216_17,1,0,1,2,0,1,1,0,2,0
128_5,2,1,0,0,0,0,0,2,0,1
203_13,2,1,2,0,0,0,0,2,0,1
216_21,2,1,2,0,0,0,0,2,0,1
216_20,2,1,2,0,0,0,0,2,0,1
175_9,2,1,0,0,0,0,0,2,0,1
216_24,2,1,0,0,0,0,0,2,0,1
208_15,2,1,0,0,0,0,0,2,0,1
216_23,2,1,0,0,0,0,0,2,0,1
216_22,2,1,0,0,0,0,0,2,0,1
76_1,0,0,0,0:0.55/1:0.45,0,0,0,0,0,0
132_1,0,0:0.01/2:0.99,0,0:0.01/1:0.99,0,0,0,0,0,0:0.01/1:0.99
177_3,0,2,0:0.22/2:0.78,1,0,0,0,0,0,1
216_6,0,2,2,1,0,0,0,0,0,1
216_7,0,2,2,1,2,0,1,0,1,1
176_1,0,2,0,1,0,0,0,0,0,1
216_1,1,2,0,1,0,0,0,0,0,1
216_3,0,2,0,1,0,0,0,0,0,1
127_2,0:0.09/2:0.91,0,0,0:0.05/1:0.95,0:0.09/1:0.91,0,0,0,0,0:0.09/2:0.91
175_5,2,0,2,1,1,2,2,0,0,2
213_10,2,0,2,1,1,2,2,0,0,2
216_14,2,0,2,1,1,2,2,0,0,2
216_13,2,0,2,1,1,2,2,0,0,2
211_8,2,0,2,1,1,2,2,0,0,2
216_12,2,0,2,1,1,2,2,0,0,2
216_11,2,0,2,1,1,2,2,0,0,2
174_3,0:0.04/2:0.96,0,0,0:0.02/1:0.98,0:0.04/1:0.96,0,0,0,0:0.44/1:0.56,0:0.04/2:0.96
216_10,2,0,0,1,1,0,1,0,1,2
213_6,2,2,0,1,1,2,2,0,1,2
216_9,2,2,0,1,1,2,2,0,1,2
216_8,2,2,0,1,1,2,2,0,1,2
