[&R] ((((((216_8:0,216_9:0)213_6:1.008,216_10:1.008)174_3:0.002,((216_11:0,216_12:0)211_8:0,(216_13:0,216_14:0)213_10:0)175_5:0.01)127_2:3.763,((216_3:2.005,216_1:1.005)176_1:0.001,(216_7:2.005,216_6:0.005)177_3:0.001)132_1:2.768)76_1:1.555,((((216_22:0,216_23:0)208_15:0,216_24:0)175_9:0.018,(216_20:3.016,216_21:0.016)203_13:0.002)128_5:2.451,((216_17:0,216_18:0)178_10:1.162,(216_15:0,216_16:0)181_9:1.162)135_5:2.308)78_3:1.859)24_1:1.672)I0;
I0,0,0,0,0,0,0,0,0,0,0
24_1,0,0:0.16/2:0.84,0,0,0,0,0:0.16/1:0.84,0,0,0
78_3,0,0:0.03/2:0.97,0,0,0:0.2/1:0.8,0:0.2/2:0.8,0:0.03/1:0.97,0,0,0
135_5,0,2,0,0,0:0.01/1:0.99,0:0.01/2:0.99,1,0:0.07/1:0.93,0,0:0.07/2:0.93
181_9,0,2,2,0,1,2,1,1,0,2
216_16,0,2,2,0,1,2,1,1,0,2
216_15,0,2,2,0,1,2,1,1,0,2
178_10,0,2,0,0,1,2,1,1,1,2
216_18,0,2,0,0,1,2,1,1,1,2
216_17,0,2,0,0,1,2,1,1,1,2
128_5,0,2,0,0:0.01/1:0.99,1,2,1,0:0.01/2:0.99,0,0
203_13,0,2,0,0:0.01/1:0.99,1,2,1,0:0.01/2:0.99,0,0
216_21,0,2,0,1,1,2,1,2,0,0
216_20,2,2,0,1,1,2,1,2,1,2
175_9,0,2,0,1,1,2,1,2,0,0
216_24,0,2,0,1,1,2,1,2,0,0
208_15,0,2,0,1,1,2,1,2,0,0
216_23,0,2,0,1,1,2,1,2,0,0
216_22,0,2,0,1,1,2,1,2,0,0
76_1,0,0:0.05/2:0.95,0:0.33/1:0.67,0,0,0,0:0.05/1:0.95,0,0:0.33/2:0.67,0
132_1,2,2,1,0,0,0,1,0,2,2
177_3,2,2,1,0,0,0,1,0,2,2
216_6,2,2,1,0,0,0,1,0,2,2
216_7,2,2,1,2,0,2,1,0,2,2
176_1,2,2,1,0,0,0,1,0,2,2
216_1,2,2,1,1,0,0,1,0,2,2
216_3,2,2,1,2,1,0,1,0,2,2
127_2,1,2,1,0,0,0,1,1,2,1
175_5,1,2,1,0,0,0,1,1,2,1
213_10,1,2,1,0,0,0,1,1,2,1
216_14,1,2,1,0,0,0,1,1,2,1
216_13,1,2,1,0,0,0,1,1,2,1
211_8,1,2,1,0,0,0,1,1,2,1
216_12,1,2,1,0,0,0,1,1,2,1
216_11,1,2,1,0,0,0,1,1,2,1
174_3,1,2,1,0,0,0,1,1,2,1
216_10,1,2,1,0,1,0,1,1,2,1
213_6,1,2,1,1,0,0,1,1,2,1
216_9,1,2,1,1,0,0,1,1,2,1
216_8,1,2,1,1,0,0,1,1,2,1
