[&R] ((((((216_7:1.003,216_8:0.003)201_4:0.103,(216_5:0,216_6:0)210_4:3.106)157_2:1.061,((216_3:0,216_4:0)205_2:2.477,(216_1:0.035,216_2:1.035)210_1:2.442)162_1:1.69)108_1:1.032,((216_9:0.042,216_10:1.042)174_5:3.029,(216_11:3.067,216_12:0.067)174_6:0.004)119_3:3.128)62_1:0.801,(((216_17:0,216_18:0)175_11:4.763,(216_19:1.161,216_20:1.161)175_12:1.602)119_5:0.72,((216_13:0,216_14:0)188_9:0,216_15:0)125_5:4.483)62_2:3.517)20_1:0)I0;
I0,0,0,0,0,0,0,0,0,0,0
20_1,0,0,0,0,0,0,0,0,0,0
62_2,0:0.12/1:0.88,0,0,0,0,0:0.12/1:0.88,0,0:0.12/2:0.88,0,0:0.12/1:0.88
125_5,1,2,0,1,0,1,2,2,2,1
216_15,1,2,0,1,0,1,2,2,2,1
188_9,1,2,0,1,0,1,2,2,2,1
216_14,1,2,0,1,0,1,2,2,2,1
216_13,1,2,0,1,0,1,2,2,2,1
119_5,0:0.06/1:0.94,0:0.51/1:0.49,0,0,0,0:0.06/1:0.94,0,0:0.06/2:0.94,0,0:0.06/1:0.94
175_12,0:0.01/1:0.99,0:0.05/1:0.95,0:0.09/1:0.91,0,0,0:0.01/1:0.99,0,0:0.01/2:0.99,0,0:0.01/1:0.99
216_20,1,1,1,0,0,1,0,2,1,1
216_19,1,1,1,0,2,1,0,2,0,1
175_11,1,1,0,2,2,1,2,2,2,1
216_18,1,1,0,2,2,1,2,2,2,1
216_17,1,1,0,2,2,1,2,2,2,1
62_1,0,0,0,0,0,0,0,0,0,0:0.2/2:0.8
119_3,0,0,0,0:0.02/2:0.98,0,0:0.02/1:0.98,0,0,0:0.02/1:0.98,2
174_6,0,0,0,0:0.02/2:0.98,0,0:0.02/1:0.98,0,0,0:0.02/1:0.98,2
216_12,0,0,0,2,0,1,0,0,1,2
216_11,0,0,2,2,0,1,2,2,1,2
174_5,0,0,0:0.01/1:0.99,2,0:0.01/1:0.99,1,0,0:0.01/1:0.99,1,2
216_10,1,0,1,2,1,1,0,1,1,2
216_9,0,0,1,2,1,1,0,1,1,2
108_1,0,0,0,0,0,0:0.14/2:0.86,0,0,0,0:0.03/2:0.97
162_1,0,0,0,0:0.22/1:0.78,0,0:0.03/2:0.97,0,0,0:0.22/2:0.78,0:0.01/2:0.99
210_1,0:0.01/2:0.99,0,0,1,0:0.01/1:0.99,2,0,0,2,2
216_2,2,0,1,1,1,2,0,0,2,2
216_1,2,0,0,1,1,2,0,0,2,2
205_2,0,0,2,1,0,2,0,1,2,2
216_4,0,0,2,1,0,2,0,1,2,2
216_3,0,0,2,1,0,2,0,1,2,2
157_2,0,0,0,0,0,0:0.01/2:0.99,0,0,0:0.09/1:0.91,2
210_4,0,2,0,0,1,2,0,2,1,2
216_6,0,2,0,0,1,2,0,2,1,2
216_5,0,2,0,0,1,2,0,2,1,2
201_4,0,0,0,0,0,2,0,0,1,2
216_8,0,0,0,0,0,2,0,0,1,2
216_7,0,0,0,0,0,2,0,2,1,2
