[&R] (((((((216_25:1.001,216_26:0.001)192_24:0.001,(216_27:0,216_28:0)196_27:0.002)158_13:1.147,((216_29:1.001,216_30:0.001)197_29:0.001,(216_31:0,216_32:0)199_31:0.002)163_15:1.147)116_6:1.197,(((216_21:0,216_22:0)188_17:1.11,(216_23:0.08,216_24:1.08)191_19:1.03)155_10:0.007,((216_17:0,216_18:0)191_15:0,(216_19:0,216_20:0)191_16:0)156_9:3.118)117_5:2.227)67_3:4.322,(((216_45:1.008,216_46:0.008)197_37:0.002,(216_43:0,216_44:0)198_37:1.01)163_19:5.418,((216_35:0,216_36:0)205_34:0,(216_33:0,216_34:0)211_33:0)170_17:4.428)74_5:1.239)23_2:0.333,((((216_13:0.008,216_14:1.008)180_9:0.002,(216_15:0,216_16:0)185_11:1.01)131_6:2.593,((216_9:0,216_10:0)191_9:1.05,216_12:0.05)140_5:2.552)75_2:1.792,(((216_1:2.592,216_2:1.592)174_1:1.424,(216_3:0.047,216_4:1.047)177_3:1.968)126_1:0.001,((216_7:1.336,216_8:1.336)185_6:2.679,(216_5:1.393,216_6:2.393)187_5:0.623)130_3:0.001)76_1:2.378)27_1:2.606)virtual:0)I0;
I0,0,0,0,0,0,0,0,0,0,0
virtual,0,0,0,0,0,0,0,0,0,0
27_1,0,0:0.13/2:0.87,0,0,0,0:0.13/2:0.87,0,0,0,0:0.13/2:0.87
76_1,0:0.01/2:0.99,2,0,0,0,2,0,0:0.01/1:0.99,0,2
130_3,0:0.01/2:0.99,2,0,0,0,2,0,0:0.01/1:0.99,0,2
187_5,2,2,0,0,0,2,0,1,0:0.39/2:0.61,2
216_6,2,2,0,0,1,2,1,1,2,2
216_5,2,2,2,0,0,2,0,1,2,2
185_6,2,2,0,0:0.11/2:0.89,0:0.11/1:0.89,2,0:0.11/2:0.89,1,0,2
216_8,2,2,0,2,1,2,2,1,2,2
216_7,2,2,1,2,1,2,2,1,0,2
126_1,0:0.01/2:0.99,2,0,0,0,2,0,0:0.01/1:0.99,0,2
177_3,2,2,0,0:0.02/1:0.98,0,2,0:0.02/2:0.98,1,0,2
216_4,2,2,2,1,0,2,2,1,0,2
216_3,2,2,0,1,0,2,2,1,0,2
174_1,2,2,0,0,0,2,0:0.29/1:0.71,1,0:0.29/2:0.71,2
216_2,2,2,0,0,1,2,1,1,2,2
216_1,2,2,1,0,2,2,1,1,2,2
75_2,0,0:0.03/2:0.97,0:0.25/1:0.75,0,0:0.25/2:0.75,0:0.03/2:0.97,0,0,0,0:0.03/2:0.97
140_5,0:0.02/1:0.98,2,1,0,2,2,0:0.02/1:0.98,0,0,2
216_12,1,2,1,0,2,2,1,0,0,2
191_9,1,2,1,2,2,2,1,0,0,2
216_10,1,2,1,2,2,2,1,0,0,2
216_9,1,2,1,2,2,2,1,0,0,2
131_6,2,2,1,0,2,2,0,1,0,2
185_11,2,2,1,0,2,2,0,1,2,2
216_16,2,2,1,0,2,2,0,1,2,2
216_15,2,2,1,0,2,2,0,1,2,2
180_9,2,2,1,0,2,2,0,1,0,2
216_14,2,2,1,2,2,2,0,1,0,2
216_13,2,2,1,0,2,2,0,1,0,2
23_2,0,0,0,0,0:0.67/1:0.33,0,0,0,0,0
74_5,0,0,0,0:0.54/2:0.46,0:0.36/1:0.64,0:0.54/2:0.46,0,0,0,0
170_17,0,2,1,2,1,2,1,0,0,0
211_33,0,2,1,2,1,2,1,0,0,0
216_34,0,2,1,2,1,2,1,0,0,0
216_33,0,2,1,2,1,2,1,0,0,0
205_34,0,2,1,2,1,2,1,0,0,0
216_36,0,2,1,2,1,2,1,0,0,0
216_35,0,2,1,2,1,2,1,0,0,0
163_19,0,0,0,2,1,2,2,1,1,1
198_37,0,2,0,2,1,2,2,1,1,1
216_44,0,2,0,2,1,2,2,1,1,1
216_43,0,2,0,2,1,2,2,1,1,1
197_37,0,0,0,2,1,2,2,1,1,1
216_46,0,0,0,2,1,2,2,1,1,1
216_45,0,1,0,2,1,2,2,1,1,1
67_3,0,0,0,0,0:0.05/1:0.95,0,0:0.07/1:0.93,0:0.07/1:0.93,0:0.07/2:0.93,0:0.07/1:0.93
117_5,0:0.05/2:0.95,0,0:0.05/2:0.95,0,1,0,1,1,2,1
156_9,2,2,2,2,1,1,1,1,2,1
191_16,2,2,2,2,1,1,1,1,2,1
216_20,2,2,2,2,1,1,1,1,2,1
216_19,2,2,2,2,1,1,1,1,2,1
191_15,2,2,2,2,1,1,1,1,2,1
216_18,2,2,2,2,1,1,1,1,2,1
216_17,2,2,2,2,1,1,1,1,2,1
155_10,0:0.05/2:0.95,0,0:0.05/2:0.95,0,1,0,1,1,2,1
191_19,2,0,2,0:0.07/1:0.93,1,0,1,1,2,1
216_24,2,1,2,1,1,0,1,1,2,1
216_23,2,0,2,1,1,0,1,1,2,1
188_17,2,0,2,0,1,1,1,1,2,1
216_22,2,0,2,0,1,1,1,1,2,1
216_21,2,0,2,0,1,1,1,1,2,1
116_6,0:0.11/1:0.89,0,0,0,0:0.01/1:0.99,0,0:0.01/1:0.99,0:0.01/1:0.99,0:0.01/2:0.99,0:0.01/1:0.99
163_15,1,2,0,0,1,0,1,1,2,1
199_31,1,2,0,0,1,0,1,1,2,1
216_32,1,2,0,0,1,0,1,1,2,1
216_31,1,2,0,0,1,0,1,1,2,1
197_29,1,2,0,0,1,0,1,1,2,1
216_30,1,2,0,0,1,0,1,1,2,1
216_29,1,2,1,0,1,0,1,1,2,1
158_13,1,0,2,0,1,0,1,1,2,1
196_27,1,0,2,0,1,0,1,1,2,1
216_28,1,0,2,0,1,0,1,1,2,1
216_27,1,0,2,0,1,0,1,1,2,1
192_24,1,0,2,0,1,0,1,1,2,1
216_26,1,0,2,0,1,0,1,1,2,1
216_25,1,1,2,0,1,0,1,1,2,1
