[&R] (((((216_1:2.305,216_2:1.305)172_1:0.917,(216_3:0,216_4:0)173_3:2.221)121_1:1.944,((216_7:0,216_8:0)182_6:1.067,(216_5:1.098,216_6:1.098)183_5:0.969)125_3:1.098)77_1:1.775,((216_9:0,216_10:0)203_9:0.275,(216_11:0,216_12:0)206_11:2.275)160_5:7.665)30_1:0.06)I0;
I0,0,0,0,0,0,0,0,0,0,0
30_1,0,0:0.94/2:0.06,0,0,0,0,0,0,0,0
160_5,0:0.03/1:0.97,0:0.03/2:0.97,0,0:0.03/1:0.97,0:0.03/1:0.97,0,0:0.03/1:0.97,0:0.03/2:0.97,0:0.03/1:0.97,0:0.03/1:0.97
206_11,1,2,1,1,1,2,1,2,1,1
216_12,1,2,1,1,1,2,1,2,1,1
216_11,1,2,1,1,1,2,1,2,1,1
203_9,1,2,0,1,1,0,1,2,1,1
216_10,1,2,0,1,1,0,1,2,1,1
216_9,1,2,0,1,1,0,1,2,1,1
77_1,0,0:0.08/2:0.92,0,0,0,0,0,0:0.09/1:0.91,0,0
125_3,0,2,0:0.06/2:0.94,0,0,0,0,1,0,0
183_5,0:0.09/2:0.91,2,0:0.01/2:0.99,0,0,0,0,1,0,0
216_6,2,2,2,0,0,0,2,1,0,0
216_5,2,2,2,0,0,2,0,1,0,0
182_6,0,2,2,0,0,0,0,1,0,2
216_8,0,2,2,0,0,0,0,1,0,2
216_7,0,2,2,0,0,0,0,1,0,2
121_1,0,0:0.01/2:0.99,0,0:0.1/2:0.9,0,0:0.1/1:0.9,0,0:0.01/1:0.99,0,0
173_3,0,2,0,2,2,1,0,1,2,0
216_4,0,2,0,2,2,1,0,1,2,0
216_3,0,2,0,2,2,1,0,1,2,0
172_1,0,2,0,0:0.03/2:0.97,0,0:0.03/1:0.97,0,1,0:0.25/1:0.75,0
216_2,2,2,0,2,0,1,0,1,1,0
216_1,0,2,0,2,2,1,0,1,1,1
