[&R] (((((216_1:0.064,216_2:1.064)172_1:1.147,(216_3:0,216_4:0)173_3:1.212)121_1:0.919,((216_7:0,216_8:0)182_6:1.03,(216_5:2.027,216_6:0.027)183_5:0.004)125_3:1.101)77_1:2.013,((216_9:0,216_10:0)203_9:1.022,(216_11:0.025,216_12:1.025)206_11:0.998)160_5:0.121)30_1:3.856)I0;
I0,0,0,0,0,0,0,0,0,0,0
30_1,0,0:0.04/1:0.96,0:0.04/2:0.96,0,0,0,0,0:0.04/2:0.96,0:0.04/2:0.96,0
160_5,0,0:0.01/1:0.99,0:0.01/2:0.99,0,0,0,0,0:0.01/2:0.99,0:0.01/2:0.99,0
206_11,0,1,2,0,0,0:0.02/1:0.98,0,2,2,0
216_12,0,1,2,0,0,1,0,2,2,1
216_11,0,1,2,0,0,1,0,2,2,0
203_9,1,1,2,0,0,0,0,2,2,0
216_10,1,1,2,0,0,0,0,2,2,0
216_9,1,1,2,0,0,0,0,2,2,0
77_1,0,1,2,0:0.06/1:0.94,0,0:0.06/1:0.94,0,2,2,0
125_3,0,1,2,1,0:0.03/2:0.97,1,0,2,2,0
183_5,0,1,2,1,0:0.02/2:0.98,1,0,2,2,0
216_6,0,1,2,1,2,1,0,2,2,0
216_5,0,1,2,1,2,1,1,2,2,1
182_6,0,1,2,1,2,1,0,2,2,2
216_8,0,1,2,1,2,1,0,2,2,2
216_7,0,1,2,1,2,1,0,2,2,2
121_1,0,1,2,0:0.01/1:0.99,0,0:0.01/1:0.99,0:0.19/1:0.81,2,2,0
173_3,0,1,2,1,2,1,1,2,2,0
216_4,0,1,2,1,2,1,1,2,2,0
216_3,0,1,2,1,2,1,1,2,2,0
172_1,0:0.05/2:0.95,1,2,1,0,1,0:0.01/1:0.99,2,2,0
216_2,2,1,2,1,2,1,1,2,2,0
216_1,2,1,2,1,0,1,1,2,2,0
