[&R] (((((216_1:0,216_2:0)172_1:1.095,(216_3:1.028,216_4:0.028)173_3:1.067)121_1:3.191,((216_7:0,216_8:0)182_6:1.035,(216_5:0,216_6:0)183_5:0.036)125_3:5.25)77_1:0.011,((216_9:0,216_10:0)203_9:1.388,(216_11:0,216_12:0)206_11:2.388)160_5:4.908)30_1:0.704)I0;
I0,0,0,0,0,0,0,0,0,0,0
30_1,0,0,0,0,0,0,0,0,0:0.3/1:0.7,0
160_5,0:0.07/2:0.93,0,0:0.07/1:0.93,0,0:0.07/1:0.93,0:0.07/1:0.93,0:0.07/1:0.93,0,0:0.02/1:0.98,0
206_11,2,2,1,1,1,1,1,0,1,0
216_12,2,2,1,1,1,1,1,0,1,0
216_11,2,2,1,1,1,1,1,0,1,0
203_9,2,1,1,0,1,1,1,0,1,0
216_10,2,1,1,0,1,1,1,0,1,0
216_9,2,1,1,0,1,1,1,0,1,0
77_1,0,0,0,0,0,0,0,0,0:0.29/1:0.71,0
125_3,0:0.01/1:0.99,0:0.01/2:0.99,0,0,0:0.01/1:0.99,0,0:0.01/1:0.99,0:0.01/1:0.99,1,0
183_5,1,2,0,0,1,0,1,1,1,0
216_6,1,2,0,0,1,0,1,1,1,0
216_5,1,2,0,0,1,0,1,1,1,0
182_6,1,2,0,1,1,0,1,1,1,0
216_8,1,2,0,1,1,0,1,1,1,0
216_7,1,2,0,1,1,0,1,1,1,0
121_1,0:0.03/2:0.97,0,0,0:0.03/1:0.97,0,0,0,0,0:0.01/1:0.99,0:0.03/2:0.97
173_3,2,0,0,1,0:0.03/2:0.97,0,0,0,1,2
216_4,2,0,0,1,2,0,0,0,1,2
216_3,2,0,1,1,2,0,0,0,1,2
172_1,2,0,0,1,0,0,1,0,1,2
216_2,2,0,0,1,0,0,1,0,1,2
216_1,2,0,0,1,0,0,1,0,1,2
