cell,r0,r1,r2,r3,r4,r5,r6,r7,r8,r9,r10,r11,r12,r13,r14,r15,r16,r17,r18,r19,r20,r21,r22,r23,r24,r25,r26,r27,r28,r29,r30,r31,r32,r33,r34,r35,r36,r37,r38,r39,r40,r41,r42,r43,r44,r45,r46,r47,r48,r49,r50,r51,r52,r53,r54,r55,r56,r57,r58,r59,r60,r61,r62,r63,r64,r65,r66,r67,r68,r69,r70,r71,r72,r73,r74,r75,r76,r77,r78,r79,r80,r81,r82,r83,r84,r85,r86,r87,r88,r89,r90,r91,r92,r93,r94,r95,r96,r97,r98,r99,r100,r101,r102,r103,r104,r105,r106,r107,r108,r109,r110,r111,r112,r113,r114,r115,r116,r117,r118,r119,r120,r121,r122,r123,r124,r125,r126,r127,r128,r129,r130,r131,r132,r133,r134,r135,r136,r137,r138,r139,r140,r141,r142,r143,r144,r145,r146,r147,r148,r149,r150,r151,r152,r153,r154,r155,r156,r157,r158,r159,r160,r161,r162,r163,r164,r165,r166,r167,r168,r169,r170,r171,r172,r173,r174,r175,r176,r177,r178,r179,r180,r181,r182,r183,r184,r185,r186,r187,r188,r189,r190,r191,r192,r193,r194,r195,r196,r197,r198,r199
I0,0,0,0,0,0,0,0,2,0,1,2,1,0,0,0,0,0,0,0,2,0,0,0,0,0,0,0,0,0,1,2,0,2,0,0,0,2,0,0,1,0,0,0,0,0,0,0,0,0,0,0,0,2,0,0,0,0,0,0,0,0,0,1,0,0,0,0,0,0,2,0,0,0,0,0,1,0,0,0,0,1,2,0,0,0,0,0,0,0,0,0,0,0,0,0,0,0,0,0,0,0,0,0,0,0,0,0,0,0,0,0,0,0,0,0,0,0,2,0,0,0,0,0,0,1,0,0,1,2,2,0,0,2,2,0,0,0,0,0,0,0,0,2,0,0,0,0,0,0,0,0,0,0,0,1,0,0,0,0,0,2,0,0,1,0,1,0,0,0,0,0,0,1,0,1,0,0,0,0,0,0,0,0,0,0,0,0,0,0,0,0,0,0,0,1,0,0,0,0,0
I1,0,2,0,1,0,0,2,2,0,1,2,1,2,2,1,1,2,0,1,2,0,1,2,0,2,0,2,1,0,1,2,0,2,0,2,1,2,0,0,1,0,0,0,2,2,0,0,0,0,2,2,1,2,1,2,1,1,1,2,0,1,2,1,0,1,1,2,1,0,2,0,2,1,2,2,1,0,0,0,1,1,2,1,0,0,1,1,0,1,2,0,0,0,0,1,0,0,2,1,2,0,1,0,1,0,1,0,1,1,0,0,1,1,1,1,0,0,2,2,1,1,0,2,0,1,0,0,1,2,2,0,1,2,2,2,1,2,0,1,1,0,2,2,0,0,1,1,0,1,2,2,1,1,1,1,0,0,0,1,1,2,0,0,1,0,1,0,0,2,1,0,0,1,1,1,1,0,0,2,1,0,1,0,0,2,2,1,0,2,1,1,0,0,1,1,1,1,0,1,0
I2,0,2,0,1,0,0,2,2,0,1,2,1,2,2,1,1,2,0,1,2,1,1,2,0,2,0,2,1,1,1,2,2,2,1,2,1,2,2,2,1,0,0,0,2,2,0,0,2,2,2,2,1,2,1,2,1,1,1,2,0,1,2,1,0,1,1,2,1,1,2,0,2,1,2,2,1,0,0,0,1,1,2,1,0,2,1,1,0,1,2,1,0,1,0,1,1,0,2,1,2,0,1,0,1,0,1,0,1,1,1,0,1,1,1,1,0,1,2,2,1,1,0,2,2,1,2,0,1,2,2,0,1,2,2,2,1,2,0,1,1,0,2,2,1,0,1,1,1,1,2,2,1,1,1,1,0,0,1,1,1,2,2,0,1,0,1,0,0,2,1,0,2,1,1,1,1,0,0,2,1,1,1,1,2,2,2,1,2,2,1,1,0,0,1,1,1,1,0,1,2
216_12,0,2,0,1,0,0,2,2,0,1,2,1,2,2,1,1,2,0,1,2,1,1,2,0,2,0,2,1,1,1,2,2,2,1,2,1,2,2,2,1,0,0,0,2,2,0,0,2,2,2,2,1,2,1,2,1,1,1,2,0,1,2,1,0,1,1,2,1,1,2,0,2,1,2,2,1,0,0,0,1,1,2,1,0,2,1,1,0,1,2,1,0,1,0,1,1,0,2,1,2,0,1,0,1,1,1,0,1,1,1,0,1,1,1,1,0,1,2,2,1,1,0,2,2,1,2,0,1,2,2,1,1,2,2,2,1,2,0,1,1,0,2,2,1,0,1,1,1,1,2,2,1,1,1,1,0,0,1,1,1,2,2,0,1,0,1,0,0,2,1,0,2,1,1,1,1,0,0,2,1,1,1,1,2,2,2,1,2,2,1,1,0,0,1,1,1,1,0,1,2
216_11,0,2,0,1,0,0,2,2,0,1,2,1,2,2,1,1,2,0,1,2,1,1,2,0,2,0,2,1,1,1,2,2,2,1,2,1,2,2,2,1,0,0,0,2,2,0,0,2,2,2,2,1,2,1,2,1,1,1,2,0,1,2,1,0,1,1,2,1,1,2,0,2,1,2,2,1,0,1,0,1,1,2,1,0,2,1,1,0,1,2,1,0,1,0,1,1,0,2,1,2,0,1,0,1,0,1,0,1,1,1,0,1,1,1,1,0,1,2,2,1,1,0,2,2,1,2,0,1,2,2,2,1,2,2,2,1,2,0,1,1,0,2,2,1,0,1,1,1,1,2,2,1,1,1,1,0,0,1,1,1,2,2,0,1,0,1,0,0,2,1,0,2,1,1,1,1,1,0,2,1,1,1,1,2,2,2,1,2,2,1,1,0,0,1,1,1,1,0,1,2
I3,0,2,1,1,0,0,2,2,0,1,2,1,2,2,1,1,2,0,1,2,1,1,2,0,2,2,2,1,0,1,2,0,2,0,2,1,2,0,2,1,2,0,0,2,2,0,0,2,2,2,2,1,2,1,2,1,1,1,2,0,1,2,1,0,1,1,2,1,0,2,0,2,1,2,2,1,0,0,0,1,1,2,1,0,0,1,1,0,1,2,0,0,0,2,1,1,0,2,1,2,0,1,0,1,0,1,2,1,1,0,2,1,1,1,1,0,0,2,2,1,1,1,2,0,1,0,0,1,2,2,1,1,2,2,2,1,2,0,1,1,0,2,2,0,0,1,1,0,1,2,2,1,1,1,1,0,0,0,1,1,2,0,0,1,2,1,0,0,2,1,0,0,1,1,1,1,0,0,2,1,0,1,0,0,2,2,1,0,2,1,1,0,0,1,1,1,1,0,1,0
216_10,0,2,1,1,0,1,2,2,0,1,2,1,2,2,1,1,2,0,1,2,1,1,2,0,2,2,2,1,0,1,2,0,2,0,2,1,2,0,2,1,2,0,0,2,2,0,0,2,2,2,2,1,2,1,2,1,1,1,2,0,1,2,1,0,1,1,2,1,0,2,0,2,1,2,2,1,0,0,1,1,1,2,1,0,0,1,1,0,1,2,0,0,0,2,1,1,0,2,1,2,0,1,0,1,0,1,2,1,1,0,2,1,1,1,1,2,0,2,2,1,1,1,2,0,1,0,0,1,2,2,1,1,2,2,2,1,2,0,1,1,0,2,2,0,0,1,1,0,1,2,2,1,1,1,1,0,0,0,1,1,2,0,0,1,2,1,0,0,2,1,0,0,1,1,1,1,0,0,2,1,0,1,1,0,2,2,1,0,2,1,1,0,0,1,1,1,1,0,1,0
216_9,0,2,1,1,0,0,2,2,2,1,2,1,2,2,1,1,2,0,1,2,1,1,2,0,2,2,2,1,0,1,2,0,2,0,2,1,2,0,2,1,2,0,0,2,2,0,0,2,2,2,2,1,2,1,2,1,1,1,2,0,1,2,1,0,1,1,2,1,0,2,0,2,1,2,2,1,0,1,0,1,1,2,1,0,0,1,1,0,1,2,0,0,0,2,1,1,0,2,1,2,2,1,0,1,0,1,2,1,1,0,2,1,1,1,1,0,0,2,2,1,1,1,2,0,1,0,0,1,2,2,1,1,2,2,2,1,2,0,1,1,0,2,2,0,0,1,1,0,1,2,2,1,1,1,1,0,0,0,1,1,2,0,0,1,2,1,0,0,2,1,0,0,1,1,1,1,0,0,2,1,0,1,0,0,2,2,1,0,2,1,1,0,0,1,1,1,1,0,1,0
I4,0,0,0,0,0,0,0,2,0,1,2,1,1,0,0,2,0,0,0,2,0,0,0,0,2,0,0,2,0,1,2,0,2,0,0,0,2,0,0,1,1,1,0,0,0,1,1,0,0,2,0,0,2,2,1,1,0,0,0,0,0,0,1,2,0,0,2,0,0,2,0,0,1,0,2,1,0,0,0,0,1,2,1,1,0,0,0,0,0,0,0,0,0,0,0,1,0,2,0,0,2,2,0,0,0,0,0,2,2,0,0,0,0,0,0,0,0,2,0,0,0,0,2,0,1,0,0,1,2,2,0,0,2,2,0,0,0,2,0,0,0,0,2,0,1,2,2,0,0,0,0,0,0,0,1,0,2,0,2,2,2,0,0,1,0,1,2,2,0,0,2,0,1,0,1,0,0,0,0,0,0,0,0,0,0,0,0,2,0,0,0,2,1,0,1,1,0,0,0,0
I5,0,1,2,2,0,0,0,2,0,1,2,1,1,1,0,2,0,0,0,2,0,0,0,0,2,0,0,2,0,1,2,0,2,1,1,0,2,0,0,1,1,1,0,0,0,1,1,0,0,2,0,0,2,2,1,1,0,1,0,2,0,0,1,2,0,1,2,2,0,2,1,0,1,0,2,1,0,2,0,0,1,2,1,1,0,2,0,0,0,0,2,0,0,1,0,1,1,2,0,1,2,2,0,2,0,1,2,2,2,0,2,0,2,1,0,0,0,2,0,0,0,0,2,1,1,1,0,1,2,2,0,0,2,2,0,0,0,2,0,0,0,0,2,2,1,2,2,2,0,0,1,0,0,0,1,0,2,1,2,2,2,0,1,1,0,1,2,2,0,0,2,0,1,0,1,1,0,0,0,0,0,0,0,0,0,0,2,2,2,0,0,2,1,0,1,1,0,0,0,0
I6,0,1,2,2,2,0,0,2,1,1,2,1,1,1,2,2,0,0,0,2,0,0,0,0,2,1,1,2,0,1,2,0,2,1,1,1,2,0,0,1,1,1,0,2,1,1,1,1,0,2,0,0,2,2,1,1,2,1,2,2,0,1,1,2,2,1,2,2,0,2,1,2,1,0,2,1,1,2,0,0,1,2,1,1,0,2,0,2,2,0,2,0,0,1,0,1,1,2,2,1,2,2,2,2,0,1,2,2,2,1,2,1,2,1,0,0,2,2,0,1,2,0,2,1,1,1,0,1,2,2,0,2,2,2,2,0,2,2,1,0,2,0,2,2,1,2,2,2,0,2,1,0,0,2,1,0,2,1,2,2,2,1,1,1,0,1,2,2,0,0,2,0,1,0,1,1,0,2,0,0,0,0,2,0,0,1,2,2,2,0,0,2,1,0,1,1,1,0,0,1
216_6,0,1,2,2,2,0,0,2,1,1,2,1,1,1,2,2,0,1,0,2,0,0,2,0,2,1,1,2,0,1,2,0,2,1,1,1,2,2,1,1,1,1,0,2,1,1,1,1,1,2,0,2,2,2,1,1,2,1,2,2,0,1,1,2,2,1,2,2,0,2,1,2,1,0,2,1,1,2,0,1,1,2,1,1,2,2,0,2,2,1,2,2,0,1,0,1,1,2,2,1,2,2,2,2,0,1,2,2,2,1,2,1,2,1,0,2,2,2,0,1,2,0,2,1,1,1,0,1,2,2,2,2,2,2,2,0,2,2,1,0,2,0,2,2,1,2,2,2,0,2,1,0,2,2,1,0,2,1,2,2,2,1,1,1,0,1,2,2,0,0,2,0,1,0,1,1,0,2,0,2,0,0,2,0,0,1,2,2,2,1,0,2,1,0,1,1,1,0,1,1
216_5,0,1,2,2,2,0,0,2,1,1,2,1,1,1,2,2,0,0,0,2,0,0,0,0,2,1,1,2,0,1,2,1,2,1,1,1,2,1,0,1,1,1,0,2,1,1,1,1,0,2,0,0,2,2,1,1,2,1,2,2,0,1,1,2,2,1,2,2,0,2,1,2,1,0,2,1,1,2,0,0,1,2,1,1,0,2,1,2,2,2,2,0,1,1,0,1,1,2,2,1,2,2,2,2,0,1,2,2,2,1,2,1,2,1,0,0,2,2,0,1,2,0,2,1,1,1,2,1,2,2,0,2,2,2,2,0,2,2,1,0,2,0,2,2,1,2,2,2,0,2,1,0,0,2,1,0,2,1,2,2,2,1,1,1,0,1,2,2,0,0,2,0,1,2,1,1,0,2,0,0,2,0,2,0,1,1,2,2,2,0,1,2,1,1,1,1,1,0,0,1
I7,0,1,2,2,0,1,1,2,0,1,2,1,1,1,0,2,0,0,1,2,2,0,0,0,2,0,2,2,0,1,2,0,2,1,1,0,2,0,0,1,1,1,1,0,2,1,1,2,0,2,0,0,2,2,1,1,2,1,0,2,0,0,1,2,0,1,2,2,0,2,1,0,1,0,2,1,0,2,0,0,1,2,1,1,0,2,0,0,1,0,2,0,0,1,0,1,1,2,0,1,2,2,0,2,0,1,2,2,2,0,2,0,2,1,2,1,0,2,0,0,0,0,2,1,1,1,0,1,2,2,1,0,2,2,0,0,0,2,1,1,0,0,2,2,1,2,2,2,0,0,1,0,0,2,1,0,2,1,2,2,2,0,1,1,1,1,2,2,0,0,2,0,1,0,1,1,0,0,0,0,0,0,0,1,0,0,2,2,2,0,1,2,1,0,1,1,0,0,0,0
216_8,1,1,2,2,0,1,1,2,0,1,2,1,1,1,1,2,0,0,1,2,2,0,0,1,2,1,2,2,0,1,2,0,2,1,1,0,2,0,0,1,1,1,1,0,2,1,1,2,0,2,0,2,2,2,1,1,2,1,0,2,0,2,1,2,0,1,2,2,2,2,1,0,1,0,2,1,0,2,0,0,1,2,1,1,1,2,0,0,1,0,2,1,0,1,0,1,1,2,1,1,2,2,0,2,0,1,2,2,2,0,2,0,2,1,2,1,0,2,0,0,0,0,2,1,1,1,0,1,2,2,1,0,2,2,0,0,0,2,1,1,0,0,2,2,1,2,2,2,0,2,1,0,0,2,1,2,2,1,2,2,2,0,1,1,1,1,2,2,0,0,2,0,1,1,1,1,1,0,0,0,0,0,0,1,2,0,2,2,2,0,1,2,1,0,1,1,0,0,0,0
216_7,0,1,2,2,0,1,1,2,0,1,2,1,1,1,0,2,0,0,1,2,2,0,2,0,2,0,2,2,0,1,2,0,2,1,1,0,2,0,1,1,1,1,1,0,2,1,1,2,0,2,1,1,2,2,1,1,2,1,0,2,0,0,1,2,0,1,2,2,0,2,1,0,1,0,2,1,0,2,1,0,1,2,1,1,0,2,0,0,1,0,2,2,0,1,1,1,1,2,0,1,2,2,0,2,0,1,2,2,2,0,2,0,2,1,2,1,1,2,0,0,0,0,2,1,1,1,0,1,2,2,1,0,2,2,0,0,0,2,1,1,0,2,2,2,1,2,2,2,0,0,1,1,0,2,1,1,2,1,2,2,2,0,1,1,1,1,2,2,0,0,2,0,1,0,1,1,0,2,0,0,2,0,2,1,1,0,2,2,2,0,1,2,1,0,1,1,0,0,0,0
I8,0,2,1,0,0,0,0,2,0,1,2,1,1,0,0,2,2,2,1,2,0,0,0,0,2,2,0,2,0,1,2,0,2,0,0,0,2,0,0,1,1,1,2,0,0,1,1,1,0,2,0,0,2,2,1,1,0,0,0,0,1,0,1,2,0,0,2,0,0,2,1,0,1,2,2,1,2,0,2,0,1,2,1,1,2,0,0,0,0,1,0,0,0,0,0,1,0,2,0,0,2,2,0,0,0,0,0,2,2,0,2,2,2,2,0,0,0,2,0,1,2,2,2,0,1,0,0,1,2,2,0,1,2,2,0,0,2,2,0,0,0,0,2,2,1,2,2,1,2,0,0,0,0,0,1,2,2,2,2,2,2,1,0,1,0,1,2,2,2,0,2,0,1,0,1,0,2,0,0,0,0,0,2,1,1,0,0,2,0,0,1,2,1,0,1,1,0,2,0,0
I9,0,2,1,0,0,0,0,2,0,1,2,1,1,0,0,2,2,2,1,2,0,1,2,0,2,2,1,2,0,1,2,0,2,0,0,0,2,0,1,1,1,1,2,0,0,1,1,1,2,2,0,2,2,2,1,1,0,0,0,0,1,0,1,2,0,1,2,0,2,2,1,1,1,2,2,1,2,0,2,2,1,2,1,1,2,0,0,0,0,1,0,0,0,0,0,1,0,2,0,0,2,2,0,2,0,1,0,2,2,0,2,2,2,2,1,0,0,2,0,1,2,2,2,0,1,1,0,1,2,2,0,1,2,2,0,0,2,2,0,0,0,2,2,2,1,2,2,1,2,0,0,0,0,0,1,2,2,2,2,2,2,1,2,1,0,1,2,2,2,1,2,0,1,0,1,0,2,0,0,0,0,2,2,1,1,0,1,2,0,0,1,2,1,0,1,1,0,2,0,0
216_4,0,2,1,0,0,1,1,2,0,1,2,1,1,0,1,2,2,2,1,2,0,1,2,2,2,2,1,2,0,1,2,0,2,0,0,0,2,0,1,1,1,1,2,0,0,1,1,1,2,2,0,2,2,2,1,1,0,0,0,1,1,0,1,2,1,1,2,0,2,2,1,1,1,2,2,1,2,2,2,2,1,2,1,1,2,2,0,2,0,1,0,0,0,0,1,1,0,2,0,0,2,2,0,2,0,1,0,2,2,0,2,2,2,2,1,0,0,2,0,1,2,2,2,0,1,1,1,1,2,2,0,1,2,2,0,0,2,2,0,0,0,2,2,2,1,2,2,1,2,0,0,0,1,0,1,2,2,2,2,2,2,1,2,1,0,1,2,2,2,1,2,0,1,0,1,0,2,0,0,2,0,2,2,1,1,0,1,2,0,2,1,2,1,0,1,1,0,2,0,0
216_3,0,2,1,1,0,2,0,2,1,1,2,1,1,0,0,2,2,2,1,2,0,1,2,0,2,2,1,2,0,1,2,0,2,0,0,1,2,0,1,1,1,1,2,0,0,1,1,1,2,2,2,2,2,2,1,1,0,0,0,0,1,1,1,2,0,1,2,0,2,2,1,1,1,2,2,1,2,0,2,2,1,2,1,1,2,0,0,0,0,1,1,0,0,0,0,1,0,2,0,0,2,2,2,2,0,1,0,2,2,0,2,2,2,2,1,0,0,2,0,1,2,2,2,0,1,1,0,1,2,2,0,1,2,2,0,1,2,2,0,0,1,2,2,2,1,2,2,1,2,0,0,0,2,0,1,2,2,2,2,2,2,1,2,1,0,1,2,2,2,1,2,0,1,0,1,0,2,0,0,0,0,2,2,1,1,0,1,2,0,2,1,2,1,0,1,1,1,2,0,0
I10,0,2,1,1,0,0,0,2,0,1,2,1,1,0,0,2,2,2,1,2,0,0,0,0,2,2,0,2,0,1,2,0,2,0,0,0,2,0,1,1,1,1,2,0,0,1,1,1,0,2,0,2,2,2,1,1,0,0,0,2,1,0,1,2,0,0,2,0,2,2,1,2,1,2,2,1,2,0,2,1,1,2,1,1,2,2,0,0,0,1,0,2,0,0,0,1,0,2,0,0,2,2,0,0,0,0,0,2,2,0,2,2,2,2,2,0,0,2,0,1,2,2,2,0,1,0,0,1,2,2,0,1,2,2,0,0,2,2,1,0,0,0,2,2,1,2,2,1,2,2,2,0,0,2,1,2,2,2,2,2,2,1,0,1,1,1,2,2,2,0,2,2,1,0,1,1,2,0,1,0,2,0,2,1,1,2,0,2,0,0,1,2,1,2,1,1,0,2,0,0
216_2,0,2,1,1,0,0,0,2,0,1,2,1,1,0,0,2,2,2,1,2,2,1,0,0,2,2,0,2,1,1,2,0,2,0,0,1,2,0,1,1,1,1,2,2,0,1,1,1,0,2,0,2,2,2,1,1,0,0,0,2,1,0,1,2,1,0,2,0,2,2,1,2,1,2,2,1,2,0,2,1,1,2,1,1,2,2,0,0,0,1,0,2,0,0,0,1,0,2,0,0,2,2,0,1,0,0,0,2,2,0,2,2,2,2,2,0,1,2,0,1,2,2,2,0,1,0,0,1,2,2,1,1,2,2,0,0,2,2,1,0,0,0,2,2,1,2,2,1,2,2,2,1,0,2,1,2,2,2,2,2,2,1,2,1,1,1,2,2,2,2,2,2,1,0,1,1,2,0,1,0,2,0,2,1,1,2,1,2,0,0,1,2,1,2,1,1,0,2,0,0
216_1,0,2,1,1,0,0,0,2,0,1,2,1,1,0,0,2,2,2,1,2,0,0,0,0,2,2,1,2,0,1,2,1,2,0,0,0,2,0,1,1,1,1,2,0,2,1,1,1,0,2,0,2,2,2,1,1,0,0,0,2,1,0,1,2,0,0,2,0,2,2,1,2,1,2,2,1,2,2,2,1,1,2,1,1,2,2,2,0,2,1,2,2,0,1,2,1,0,2,0,2,2,2,0,0,0,0,1,2,2,0,2,2,2,2,2,0,2,2,0,1,2,2,2,0,1,0,0,1,2,2,0,1,2,2,1,0,2,2,1,0,0,2,2,2,1,2,2,1,2,2,2,0,0,2,1,2,2,2,2,2,2,1,2,1,1,1,2,2,2,0,2,2,1,0,1,1,2,0,1,0,2,0,2,1,1,2,1,2,0,0,1,2,1,2,1,1,0,2,1,0
Evolve tree: [&R] ((((216_1:0.264,216_2:0.264)I10:0.306,(216_3:0.258,216_4:0.258)I9:0.312)I8:0.264,((216_7:0.20400000000000001,216_8:0.20400000000000001)I7:0.342,(216_5:0.198,216_6:0.198)I6:0.34800000000000003)I5:0.28800000000000003)I4:0.28200000000000003,((216_9:0.078,216_10:0.078)I3:0.258,(216_11:0.06,216_12:0.06)I2:0.276)I1:0.78)I0:0.17400000000000002;