[&R] (((((216_1:6.353,216_2:8.353)172_1:27.687,(216_3:2.1,216_4:6.1)173_3:21.94)121_1:20.901,((216_7:6.223,216_8:5.223)182_6:11.603,(216_5:3.116,216_6:5.116)183_5:11.71)125_3:40.115)77_1:22.605,((216_9:5.068,216_10:1.068)203_9:6.332,(216_11:1.017,216_12:2.017)206_11:9.383)160_5:72.145)30_1:52.454)I0;
I0,0,0,0,0,0,0,0,0,0,0,0,0,0,0,0,0,0,0,0,0,0,0,0,0,0,0,0,0,0,0,0,0,0,0,0,0,0,0,0,0,0,0,0,0,0,0,0,0,0,0,0,0,0,0,0,0,0,0,0,0,0,0,0,0,0,0,0,0,0,0,0,0,0,0,0,0,0,0,0,0,0,0,0,0,0,0,0,0,0,0,0,0,0,0,0,0,0,0,0,0,0,0,0,0,0,0,0,0,0,0,0,0,0,0,0,0,0,0,0,0,0,0,0,0,0,0,0,0,0,0,0,0,0,0,0,0,0,0,0,0,0,0,0,0,0,0,0,0,0,0,0,0,0,0,0,0,0,0,0,0,0,0,0,0,0,0,0,0,0,0,0,0,0,0,0,0,0,0,0,0,0,0,0,0,0,0,0,0,0,0,0,0,0,0,0,0,0,0,0,0
30_1,0:0.11/2:0.89,0,0,0,0:0.11/2:0.89,0,0,0:0.11/1:0.89,0,0,0,0,0,0,0,0:0.11/1:0.89,0,0,0:0.11/2:0.89,0:0.11/1:0.89,0,0,0,0:0.11/2:0.89,0,0,0,0:0.11/2:0.89,0:0.11/1:0.89,0,0,0:0.11/1:0.89,0,0,0:0.11/2:0.89,0,0,0,0:0.11/2:0.89,0:0.11/1:0.89,0,0,0,0,0,0,0,0,0,0,0,0,0,0,0,0,0,0,0:0.11/1:0.89,0,0,0,0,0:0.11/2:0.89,0:0.11/1:0.89,0,0,0,0:0.11/1:0.89,0,0,0,0:0.11/1:0.89,0,0,0,0,0:0.11/1:0.89,0,0,0:0.11/1:0.89,0,0,0:0.11/2:0.89,0:0.11/2:0.89,0:0.11/1:0.89,0:0.11/2:0.89,0:0.11/2:0.89,0,0:0.11/2:0.89,0:0.11/2:0.89,0:0.11/1:0.89,0,0,0,0,0,0:0.11/2:0.89,0:0.11/1:0.89,0,0,0,0,0,0,0:0.11/2:0.89,0,0:0.11/2:0.89,0,0,0,0:0.11/2:0.89,0,0,0,0,0,0,0,0,0,0,0,0,0:0.11/1:0.89,0,0,0:0.11/2:0.89,0:0.11/2:0.89,0,0,0,0,0,0,0:0.11/2:0.89,0:0.11/2:0.89,0,0,0,0,0:0.11/1:0.89,0:0.11/1:0.89,0:0.11/2:0.89,0,0:0.11/1:0.89,0,0,0,0:0.11/2:0.89,0:0.11/2:0.89,0:0.11/1:0.89,0:0.11/1:0.89,0:0.11/2:0.89,0:0.11/2:0.89,0,0:0.11/1:0.89,0,0:0.11/1:0.89,0,0:0.11/1:0.89,0,0:0.11/2:0.89,0,0,0:0.11/1:0.89,0,0,0,0,0,0,0,0:0.11/2:0.89,0:0.11/1:0.89,0,0,0,0,0,0:0.11/2:0.89,0,0,0,0,0,0,0,0:0.11/1:0.89,0,0,0,0,0,0,0,0:0.11/2:0.89,0,0:0.11/2:0.89,0
160_5,2,0:0.01/2:0.99,0,0:0.01/2:0.99,2,0,0:0.01/2:0.99,1,0,0,0,0,0:0.01/1:0.99,0:0.01/2:0.99,0:0.01/2:0.99,1,0,0:0.01/2:0.99,2,1,0,0,0,2,0:0.01/1:0.99,0,0,2,1,0:0.01/2:0.99,0,1,0:0.01/1:0.99,0:0.01/2:0.99,2,0,0,0:0.01/1:0.99,2,1,0,0,0:0.01/2:0.99,0:0.01/1:0.99,0,0,0,0,0,0,0,0:0.01/1:0.99,0:0.01/1:0.99,0:0.01/1:0.99,0:0.01/2:0.99,0:0.01/1:0.99,0:0.01/1:0.99,0,1,0,0,0:0.01/2:0.99,0,2,1,0:0.01/2:0.99,0,0,1,0,0:0.01/2:0.99,0:0.01/1:0.99,1,0:0.01/1:0.99,0:0.01/1:0.99,0:0.01/1:0.99,0:0.01/1:0.99,1,0:0.01/1:0.99,0:0.01/2:0.99,1,0,0:0.01/2:0.99,2,2,1,2,2,0,2,2,1,0,0:0.01/1:0.99,0:0.01/2:0.99,0,0,2,1,0:0.01/2:0.99,0:0.01/2:0.99,0:0.01/2:0.99,0,0:0.01/1:0.99,0,2,0:0.01/1:0.99,2,0,0,0,2,0,0:0.01/2:0.99,0,0,0,0,0:0.01/2:0.99,0:0.01/2:0.99,0,0,0,0:0.01/2:0.99,1,0,0,2,2,0:0.01/1:0.99,0:0.01/1:0.99,0,0,0:0.01/2:0.99,0,2,2,0:0.01/2:0.99,0,0:0.01/1:0.99,0:0.01/2:0.99,1,1,2,0:0.01/1:0.99,1,0:0.01/1:0.99,0,0,2,2,1,1,2,2,0,1,0:0.01/1:0.99,1,0,1,0:0.01/2:0.99,2,0,0:0.01/1:0.99,1,0:0.01/1:0.99,0:0.01/2:0.99,0:0.01/2:0.99,0,0:0.01/1:0.99,0,0,2,1,0:0.01/2:0.99,0,0,0,0,2,0:0.01/1:0.99,0,0:0.01/1:0.99,0:0.01/1:0.99,0,0,0:0.01/2:0.99,1,0:0.01/1:0.99,0:0.01/1:0.99,0:0.01/2:0.99,0,0,0,0,2,0:0.01/1:0.99,2,0
206_11,2,2,0,2,2,0,2,1,0,0,0,2,1,2,2,1,0,2,2,1,0,0,0,2,1,0,0,2,1,2,0,1,1,2,2,1,0,1,2,1,1,0,2,1,0,0,0,0,0,0,2,1,1,1,2,1,1,0,1,0,0,2,0,2,1,2,0,0,1,0,2,1,1,1,1,1,1,1,1,2,1,0,2,2,2,1,2,2,0,2,2,1,0,1,2,0,0,2,1,2,2,2,0,1,0,2,1,2,0,0,0,2,0,2,0,0,0,0,2,2,0,1,0,2,1,0,0,2,2,1,1,0,0,2,0,2,2,2,0,1,2,1,1,2,1,1,1,0,0,2,2,1,1,2,2,0,1,1,1,0,1,2,2,2,1,1,1,2,2,0,1,1,0,2,1,2,0,0,0,0,2,1,0,1,1,0,0,2,1,1,1,2,2,0,0,0,2,1,2,1
216_12,2,2,0,2,2,0,2,1,0,0,0,2,1,2,2,1,0,2,2,1,0,0,0,2,1,0,0,2,1,2,0,1,1,2,2,1,0,1,2,1,1,0,2,1,0,0,0,0,0,0,2,1,1,1,2,1,1,0,1,0,0,2,0,2,1,2,0,2,1,0,2,1,1,1,1,1,1,1,1,2,1,0,2,2,2,1,2,2,0,2,2,1,0,1,2,2,0,2,1,2,2,2,0,1,0,2,1,2,0,0,0,2,0,2,0,0,0,0,2,2,0,1,0,2,1,0,0,2,2,1,1,0,0,2,0,2,2,2,0,1,2,1,1,2,1,1,1,0,0,2,2,1,1,2,2,0,1,1,1,0,1,2,2,2,1,1,1,2,2,0,1,1,0,2,1,2,0,0,0,0,2,1,0,1,1,0,0,2,1,1,1,2,2,0,0,0,2,1,2,1
216_11,2,2,0,2,2,0,2,1,0,0,0,2,1,2,2,1,0,2,2,1,0,0,0,2,1,0,2,2,1,2,0,1,1,2,2,1,0,1,2,1,1,0,2,1,0,0,0,0,0,0,2,1,1,1,2,1,1,0,1,0,0,2,0,2,1,2,0,0,1,0,2,1,1,1,1,1,1,1,1,2,1,0,2,2,2,1,2,2,0,2,2,1,0,1,2,0,0,2,1,2,2,2,0,1,0,2,1,2,0,0,0,2,0,2,0,0,0,0,2,2,0,1,0,2,1,0,0,2,2,1,1,0,0,2,0,2,2,2,0,1,2,1,1,2,1,1,1,0,0,2,2,1,1,2,2,0,1,1,1,0,1,2,2,2,1,1,1,2,2,0,1,1,0,2,1,2,0,0,0,0,2,1,0,1,1,0,0,2,1,1,1,2,2,0,0,0,2,1,2,1
203_9,2,2,0:0.01/2:0.99,2,2,0,2,1,0,0,0,0,1,2,2,1,0,2,2,1,0,0,0,2,1,0,0,2,1,2,0,1,1,2,2,0,0:0.01/2:0.99,1,2,1,0,0,2,1,0,0,0,0,0,0,0,1,1,1,2,1,1,0,1,0,0,2,0,2,1,2,0,0,1,0,2,1,1,1,1,1,1,1,1,2,1,0,2,2,2,1,2,2,0,2,2,1,0,1,2,0,0,2,1,2,2,2,0,1,0,2,1,2,0,0,0:0.01/2:0.99,2,0,2,0,0,0,0,2,2,0:0.01/1:0.99,0,0,2,1,0,0,2,2,1,1,0,0,2,0,2,2,2,0,1,2,1,1,2,1,1,1,0,0,2,2,1,1,2,2,0,1,1,1,0,1,2,2,0,1,1,1,2,2,0:0.01/2:0.99,1,0,0,2,1,2,0,0,0,0,2,1,0,1,1,0,0:0.01/2:0.99,2,1,1,1,2,0,0,0,0,2,1,2,0
216_10,2,2,2,2,2,0,2,1,0,0,0,0,1,2,2,1,0,2,2,1,0,0,0,2,1,0,0,2,1,2,0,1,1,2,2,0,2,1,2,1,0,0,2,1,0,0,0,0,0,0,0,1,1,1,2,1,1,0,1,0,0,2,0,2,1,2,0,0,1,0,2,1,1,1,1,1,1,1,1,2,1,0,2,2,2,1,2,2,0,2,2,1,0,1,2,0,0,2,1,2,2,2,0,1,0,2,1,2,0,2,2,2,0,2,0,0,0,0,2,2,1,0,0,2,1,0,0,2,2,1,1,0,0,2,0,2,2,2,0,1,2,1,1,2,1,1,1,0,0,2,2,1,1,2,2,0,1,1,1,0,1,2,2,0,1,1,1,2,2,2,1,0,0,2,1,2,0,0,0,0,2,1,0,1,1,0,2,2,1,1,1,2,0,0,0,0,2,1,2,0
216_9,2,2,2,2,2,1,2,1,0,0,0,0,1,2,2,1,0,2,2,1,0,0,0,2,1,0,0,2,1,2,0,1,1,2,2,0,2,1,2,1,0,0,2,1,0,0,0,0,0,0,0,1,1,1,2,1,1,0,1,0,0,2,1,2,1,2,0,0,1,0,2,1,1,1,1,1,1,1,1,2,1,0,2,2,2,1,2,2,0,2,2,1,0,1,2,0,0,2,1,2,2,2,0,1,0,2,1,2,0,1,2,2,0,2,0,0,0,0,2,2,1,0,0,2,1,0,0,2,2,1,1,0,0,2,0,2,2,2,0,1,2,1,1,2,1,1,1,0,1,2,2,1,1,2,2,0,1,1,1,0,1,2,2,0,1,1,1,2,2,2,1,1,0,2,1,2,0,0,0,0,2,1,0,1,1,0,2,2,1,1,1,2,0,0,0,0,2,1,2,0
77_1,0:0.02/2:0.98,0,0:0.15/2:0.85,0,0:0.02/2:0.98,0:0.15/1:0.85,0,0:0.02/1:0.98,0,0,0,0,0,0,0,0:0.02/1:0.98,0,0,0:0.02/2:0.98,0:0.02/1:0.98,0:0.15/1:0.85,0,0:0.15/1:0.85,0:0.02/2:0.98,0,0,0,0:0.02/2:0.98,0:0.02/1:0.98,0,0,0:0.02/1:0.98,0,0,0:0.02/2:0.98,0,0,0,0:0.02/2:0.98,0:0.02/1:0.98,0,0:0.15/1:0.85,0,0,0:0.15/1:0.85,0,0,0,0,0,0:0.15/2:0.85,0,0,0,0,0,0,0,0:0.02/1:0.98,0,0:0.15/2:0.85,0,0,0:0.02/2:0.98,0:0.02/1:0.98,0,0:0.15/1:0.85,0,0:0.02/1:0.98,0,0,0,0:0.02/1:0.98,0,0,0,0,0:0.02/1:0.98,0,0,0:0.02/1:0.98,0,0,0:0.02/2:0.98,0:0.02/2:0.98,0:0.02/1:0.98,0:0.02/2:0.98,0:0.02/2:0.98,0,0:0.02/2:0.98,0:0.02/2:0.98,0:0.02/1:0.98,0:0.15/1:0.85,0,0,0,0,0:0.02/2:0.98,0:0.02/1:0.98,0,0,0,0,0,0,0:0.02/2:0.98,0,0:0.02/2:0.98,0,0:0.15/2:0.85,0,0:0.02/2:0.98,0,0,0:0.15/2:0.85,0,0:0.15/2:0.85,0,0,0,0,0:0.15/1:0.85,0,0,0:0.02/1:0.98,0:0.15/2:0.85,0,0:0.02/2:0.98,0:0.02/2:0.98,0,0,0,0,0,0,0:0.02/2:0.98,0:0.02/2:0.98,0,0:0.15/2:0.85,0,0,0:0.02/1:0.98,0:0.02/1:0.98,0:0.02/2:0.98,0,0:0.02/1:0.98,0,0,0,0:0.02/2:0.98,0:0.02/2:0.98,0:0.02/1:0.98,0:0.02/1:0.98,0:0.02/2:0.98,0:0.02/2:0.98,0,0:0.02/1:0.98,0,0:0.02/1:0.98,0,0:0.02/1:0.98,0,0:0.02/2:0.98,0,0,0:0.02/1:0.98,0,0,0,0,0,0,0,0:0.02/2:0.98,0:0.02/1:0.98,0,0,0,0,0,0:0.02/2:0.98,0,0,0,0,0,0,0,0:0.02/1:0.98,0,0,0,0:0.15/2:0.85,0:0.15/2:0.85,0,0,0:0.02/2:0.98,0:0.15/2:0.85,0:0.02/2:0.98,0:0.15/1:0.85
125_3,2,0,2,0:0.02/1:0.98,2,1,0:0.02/1:0.98,1,0,0:0.02/2:0.98,0,0,0,0,0,1,0:0.02/2:0.98,0,2,1,1,0,1,2,0,0:0.02/1:0.98,0,2,1,0,0:0.02/2:0.98,1,0,0,2,0,0,0,2,1,0,1,0,0,1,0,0:0.02/2:0.98,0,0,0,2,0:0.02/1:0.98,0,0,0,0,0,0,1,0,2,0,0,2,1,0,1,0:0.02/1:0.98,1,0,0:0.02/1:0.98,0,1,0,0:0.02/2:0.98,0,0,1,0,0,1,0,0,2,2,1,2,2,0,2,2,1,1,0,0,0,0,2,1,0:0.02/1:0.98,0,0,0,0:0.02/2:0.98,0,2,0:0.02/2:0.98,2,0,2,0:0.02/1:0.98,2,0,0:0.02/2:0.98,2,0,2,0,0:0.02/2:0.98,0:0.02/2:0.98,0:0.02/1:0.98,1,0:0.02/2:0.98,0:0.02/2:0.98,1,2,0,2,2,0:0.02/1:0.98,0:0.02/1:0.98,0,0:0.02/2:0.98,0:0.02/1:0.98,0,2,2,0,2,0,0,1,1,2,0:0.02/1:0.98,1,0:0.02/2:0.98,0:0.02/2:0.98,0,2,2,1,1,2,2,0:0.02/1:0.98,1,0:0.02/1:0.98,1,0,1,0,2,0,0,1,0,0,0,0,0,0:0.02/1:0.98,0,2,1,0,0:0.02/2:0.98,0:0.02/1:0.98,0,0:0.02/2:0.98,2,0,0,0:0.02/2:0.98,0:0.02/1:0.98,0:0.02/1:0.98,0,0,1,0,0,0,2,2,0,0,2,2,2,1
183_5,2,0:0.01/1:0.99,2,1,2,1,1,1,0,2,0,0,0,0,0,1,2,0,2,1,1,0,1,2,0,1,0:0.01/1:0.99,2,1,0:0.01/2:0.99,2,1,0,0,2,0,0:0.01/1:0.99,0,2,1,0,1,0,0,1,0,2,0,0,0,2,1,0,0,0,0,0,0:0.01/2:0.99,1,0,2,0,0:0.01/2:0.99,2,1,0:0.01/2:0.99,1,1,1,0,1,0,1,0,2,0,0,1,0,0,1,0:0.01/2:0.99,0,2,2,1,2,2,0,2,2,1,1,0,0,0,0,2,1,1,0,0,0,2,0,2,2,2,0,2,1,2,0:0.01/2:0.99,2,2,0,2,0,2,2,1,1,2,2,1,2,0,2,2,1,1,0,2,1,0,2,2,0,2,0,0,1,1,2,1,1,2,2,0,2,2,1,1,2,2,1,1,1,1,0,1,0,2,0,0,1,0,0,0,0,0:0.01/1:0.99,1,0,2,1,0,2,1,0,2,2,0,0,2,1,1,0,0,1,0,0,0,2,2,0,0:0.01/1:0.99,2,2,2,1
216_6,2,1,2,1,2,1,1,1,2,2,0,0,0,0,0,1,2,0,2,1,1,0,1,2,0,1,1,2,1,2,2,1,0,0,2,0,1,0,2,1,0,1,0,0,1,0,2,0,2,0,2,1,0,0,0,0,0,2,1,0,2,0,2,2,1,2,1,1,1,0,1,0,1,0,2,0,0,1,0,0,1,2,0,2,2,1,2,2,0,2,2,1,1,0,0,0,1,2,1,1,0,0,0,2,0,2,2,2,0,2,1,2,2,2,2,0,2,0,2,2,1,1,2,2,1,2,0,2,2,1,1,0,2,1,0,2,2,0,2,0,0,1,1,2,1,1,2,2,0,2,2,1,1,2,2,1,1,1,1,0,1,0,2,0,0,1,0,0,0,0,1,1,0,2,1,0,2,1,2,2,2,0,0,2,1,1,0,0,1,0,2,0,2,2,0,1,2,2,2,1
216_5,2,1,2,1,2,1,1,1,0,2,0,0,0,0,0,1,2,0,2,1,1,0,1,2,0,1,1,2,1,2,2,1,0,0,2,0,1,0,2,1,0,1,0,0,1,0,2,0,0,0,2,1,0,0,0,0,0,2,1,0,2,0,2,2,1,2,1,1,1,0,1,0,1,0,2,0,0,1,0,0,1,2,0,2,2,1,2,2,0,2,2,1,1,0,1,0,0,2,1,1,2,0,0,2,0,2,2,2,0,2,1,2,2,2,2,0,2,0,2,2,1,1,2,2,1,2,0,2,2,1,1,0,2,1,0,2,2,0,2,0,0,1,1,2,1,1,2,2,0,2,2,1,1,2,2,1,1,1,1,0,1,0,2,0,0,1,0,0,0,0,1,1,0,2,1,0,2,1,0,2,2,0,0,2,1,1,0,0,1,0,0,1,2,2,0,1,2,2,2,1
182_6,2,0,2,1,2,1,1,1,0,2,0,0,0:0.02/1:0.98,0,0,1,2,0,2,1,1,0,1,2,0,1,0,2,1,0:0.02/1:0.98,2,1,0,0,2,0,0,0,2,1,0,1,0,0,1,0:0.02/1:0.98,2,0,0,0,2,1,0,0,0,0,0,0,1,0,2,0,0,2,1,0,1,1,1,0,1,0,1,0,2,0,0:0.02/2:0.98,1,0,0:0.02/2:0.98,1,0:0.02/1:0.98,0,2,2,1,2,2,0,2,2,1,1,0,0,0,0,2,1,1,0:0.02/2:0.98,0,0,2,0,2,2,2,0,2,1,2,0,2,2,0,2,0,2,2,1,1,2,2,1,2,0,2,2,1,1,0,2,1,0,2,2,0,2,0,0,1,1,2,1,1,2,2,0,2,2,1,1,2,2,1,1,1,1,0,1,0:0.02/1:0.98,2,0,0,1,0:0.02/1:0.98,0,0,0:0.02/2:0.98,0:0.02/2:0.98,1,0,2,1,0,2,1,0,2,2,0,0,2,1,1,0,0,1,0,0,0,2,2,0,0,2,2,2,1
216_8,2,0,2,1,2,1,1,1,0,2,0,1,1,0,0,1,2,0,2,1,1,0,1,2,0,1,0,2,1,1,2,1,0,0,2,0,0,0,2,1,0,1,0,0,1,1,2,0,0,0,2,1,2,0,0,0,0,0,1,0,2,0,0,2,1,0,1,1,1,0,1,0,1,0,2,0,2,1,0,2,1,1,1,2,2,1,2,2,0,2,2,1,1,0,0,0,0,2,1,1,2,0,0,2,0,2,2,2,0,2,1,2,0,2,2,0,2,0,2,2,1,1,2,2,1,2,0,2,2,1,1,0,2,1,0,2,2,0,2,0,0,1,1,2,1,1,2,2,2,2,2,1,1,2,2,1,1,1,1,0,1,1,2,0,0,1,1,0,2,2,2,1,0,2,1,0,2,1,0,2,2,0,0,2,1,1,0,0,1,0,0,0,2,2,0,0,2,2,2,1
216_7,2,0,2,1,2,1,1,1,0,2,0,2,1,0,0,1,2,0,2,1,1,0,1,2,0,1,2,2,1,1,2,1,0,0,2,0,2,0,2,1,0,1,0,0,1,1,2,0,0,0,2,1,0,0,0,0,0,0,1,0,2,0,0,2,1,2,1,1,1,0,1,0,1,0,2,0,2,1,2,2,1,1,0,2,2,1,2,2,0,2,2,1,1,0,0,0,0,2,1,1,2,0,1,2,0,2,2,2,0,2,1,2,0,2,2,0,2,0,2,2,1,1,2,2,1,2,0,2,2,1,1,0,2,1,0,2,2,0,2,0,0,1,1,2,1,1,2,2,0,2,2,1,1,2,2,1,1,1,1,0,1,1,2,0,0,1,1,0,0,2,2,1,0,2,1,0,2,1,0,2,2,0,0,2,1,1,0,0,1,0,0,0,2,2,0,0,2,2,2,1
121_1,2,0,0:0.02/2:0.98,0,2,0:0.02/1:0.98,0,1,0,0,0:0.13/2:0.87,0,0,0:0.13/1:0.87,0,1,0,0,2,1,0:0.02/1:0.98,0,0:0.02/1:0.98,2,0,0,0,2,1,0,0,1,0,0,2,0,0,0,2,1,0,0:0.02/1:0.98,0:0.13/2:0.87,0,0:0.02/1:0.98,0,0,0,0,0,0:0.02/2:0.98,0,0,0,0,0:0.13/2:0.87,0,0,1,0,0:0.02/2:0.98,0:0.13/2:0.87,0,2,1,0,0:0.02/1:0.98,0,1,0,0,0,1,0,0,0,0,1,0,0,1,0,0:0.13/2:0.87,2,2,1,2,2,0,2,2,1,0:0.02/1:0.98,0:0.13/1:0.87,0:0.13/1:0.87,0:0.13/1:0.87,0,2,1,0,0,0,0,0,0,2,0,2,0,0:0.02/2:0.98,0,2,0,0,0:0.02/2:0.98,0,0:0.02/2:0.98,0,0:0.13/1:0.87,0,0,0:0.02/1:0.98,0,0,1,0:0.02/2:0.98,0,2,2,0,0,0:0.13/1:0.87,0,0,0,2,2,0,0:0.02/2:0.98,0,0:0.13/2:0.87,1,1,2,0,1,0,0,0,2,2,1,1,2,2,0,1,0:0.13/2:0.87,1,0,1,0,2,0,0,1,0,0,0,0:0.13/1:0.87,0,0,0:0.13/1:0.87,2,1,0,0,0,0:0.13/1:0.87,0,2,0:0.13/1:0.87,0,0:0.13/1:0.87,0,0,0,0,1,0:0.13/2:0.87,0,0:0.13/2:0.87,0:0.02/2:0.98,0:0.02/2:0.98,0,0,2,0:0.02/2:0.98,2,0:0.02/1:0.98
173_3,2,0,2,0,2,1,0,1,0,0,2,0,0,1,0,1,0,2,2,1,1,0,1,2,0,0,0,2,1,0,2,1,0,0,2,0,0,0,2,1,0,1,2,0,1,0,0,0,0,2,2,0,0,0,0,2,0,0,1,0,2,2,0,2,1,0,1,0,1,0,0,0,1,0,2,1,0,1,0,2,1,2,2,2,2,1,2,2,2,2,2,1,1,1,1,1,1,2,1,0,0,0,0,0,0,2,0,2,0,2,0,2,0,0,2,0,2,0,1,0,0,1,0,0,1,2,0,2,2,2,0,1,0,0,2,2,2,0,2,2,2,1,1,2,0,1,0,1,1,2,2,1,1,2,2,0,1,2,1,0,1,0,2,0,0,1,0,0,2,1,0,1,1,2,1,0,2,0,1,2,2,1,0,1,0,0,0,0,1,2,0,2,2,2,2,0,2,2,2,1
216_4,2,0,2,0,2,1,0,1,0,0,2,0,0,1,0,1,0,2,2,1,1,0,1,2,0,0,0,2,1,0,2,1,0,0,2,0,0,0,2,1,0,1,2,0,1,0,0,0,0,2,2,0,0,0,0,2,0,0,1,0,2,2,0,2,1,0,1,0,1,0,0,0,1,0,2,1,2,1,0,2,1,2,2,2,2,1,2,2,2,2,2,1,1,1,1,1,1,2,1,0,0,0,0,1,0,2,1,2,1,2,0,2,0,0,2,0,2,0,1,0,0,1,0,0,1,2,0,2,2,2,0,1,0,0,2,2,2,0,2,2,2,1,1,2,0,1,0,1,1,2,2,1,1,2,2,1,1,2,1,0,1,0,2,0,0,1,0,0,2,1,0,1,1,2,1,0,2,0,1,2,2,1,0,1,0,0,0,2,1,2,0,2,2,2,2,0,2,2,2,1
216_3,2,0,2,0,2,1,0,1,0,0,2,0,0,1,0,1,0,2,2,1,1,0,1,2,0,0,0,2,1,0,2,1,0,0,2,0,0,0,2,1,0,1,2,0,1,0,0,0,1,2,2,0,0,0,0,2,0,0,1,0,2,2,0,2,1,0,1,0,1,0,0,0,1,0,2,1,0,1,0,2,1,2,2,2,2,1,2,2,2,2,2,1,1,1,1,1,1,2,1,0,0,0,0,0,0,2,0,2,0,2,0,2,0,0,2,0,2,0,1,0,0,1,0,0,1,2,0,2,2,2,0,1,0,0,2,2,2,0,2,2,2,1,1,2,0,1,0,1,1,2,2,1,1,2,2,0,1,2,1,0,1,0,2,0,0,1,0,0,2,1,2,1,1,2,1,0,2,0,1,2,2,1,0,1,0,0,0,0,1,2,0,2,2,2,2,0,2,2,2,1
172_1,2,0,2,0:0.01/2:0.99,2,1,0,1,0,0,2,0,0,1,0,1,0:0.01/1:0.99,0,2,1,1,0,1,2,0,0:0.01/2:0.99,0,2,1,0,0:0.01/1:0.99,1,0,0,2,0,0,0,2,1,0:0.01/1:0.99,1,2,0,1,0,0,0,0:0.01/1:0.99,0:0.01/1:0.99,2,0,0:0.01/2:0.99,0,0,2,0,0:0.01/1:0.99,1,0,2,2,0,2,1,0:0.01/2:0.99,1,0,1,0,0,0,1,0:0.01/2:0.99,0:0.01/1:0.99,0,0:0.01/1:0.99,1,0,0:0.01/1:0.99,1,0,2,2,2,1,2,2,0,2,2,1,1,1,1,1,0,2,1,0,0,0,0,0,0,2,0:0.01/2:0.99,2,0,2,0,2,0:0.01/1:0.99,0,2,0,2,0,1,0,0,1,0,0,1,2,0,2,2,0:0.01/1:0.99,0,1,0,0,0,2,2,0,2,0,2,1,1,2,0,1,0:0.01/2:0.99,0,0,2,2,1,1,2,2,0,1,2,1,0,1,0:0.01/1:0.99,2,0,0,1,0:0.01/2:0.99,0,0,1,0,0,1,2,1,0:0.01/2:0.99,0,0,1,0,2,1,0,1,0,0:0.01/1:0.99,0:0.01/1:0.99,0:0.01/1:0.99,1,2,0,2,2,2,0,0:0.01/2:0.99,2,2,2,1
216_2,2,0,2,2,2,1,0,1,0,0,2,0,0,1,0,1,1,0,2,1,1,0,1,2,0,2,0,2,1,0,1,1,0,0,2,0,0,0,2,1,1,1,2,0,1,0,0,0,1,1,2,0,2,0,0,2,0,1,1,0,2,2,0,2,1,2,1,0,1,1,0,0,1,2,1,2,1,1,0,1,1,0,2,2,2,1,2,2,0,2,2,1,1,1,1,1,0,2,1,0,0,0,0,0,0,2,2,2,0,2,0,2,1,1,2,0,2,0,1,0,0,1,0,1,1,2,1,2,2,1,0,1,0,0,0,2,2,0,2,0,2,1,1,2,0,1,2,0,0,2,2,1,1,2,2,2,1,2,1,0,1,1,2,0,0,1,2,0,0,1,0,2,1,2,1,2,0,0,1,0,2,1,0,1,2,1,1,1,1,2,0,2,2,2,0,2,2,2,2,1
216_1,2,0,2,2,2,1,0,1,0,0,2,0,0,1,0,1,1,0,2,1,1,1,1,2,0,2,0,2,1,2,1,1,0,0,2,2,1,0,2,1,1,1,2,0,1,0,0,0,1,1,2,0,2,0,0,2,0,1,1,0,2,2,0,2,1,2,1,0,1,0,0,0,1,2,1,0,1,1,0,1,1,0,2,2,2,1,2,2,0,2,2,1,1,1,1,1,0,2,1,0,0,0,0,0,0,2,2,2,0,2,0,2,1,0,2,2,2,0,1,0,0,1,0,0,1,2,0,2,2,1,0,1,0,0,0,2,2,0,2,0,2,1,1,2,0,1,2,0,0,2,2,1,1,2,2,0,1,2,1,0,1,1,2,0,2,1,2,0,0,1,0,0,1,2,1,2,0,0,1,0,2,1,0,1,0,1,1,1,1,2,0,2,2,2,0,2,2,2,2,1
