[&R] (((((216_1:9.866,216_2:12.866)172_1:12.414,(216_3:14.454,216_4:14.454)173_3:14.825)121_1:27.657,((216_7:8.374,216_8:6.374)182_6:15.417,(216_5:10.869,216_6:9.869)183_5:26.923)125_3:28.145)77_1:49.625,((216_9:2.095,216_10:5.095)203_9:14.035,(216_11:4.047,216_12:1.047)206_11:13.083)160_5:81.432)30_1:36.438)I0;
I0,0,0,0,0,0,0,0,0,0,0,0,0,0,0,0,0,0,0,0,0,0,0,0,0,0,0,0,0,0,0,0,0,0,0,0,0,0,0,0,0,0,0,0,0,0,0,0,0,0,0,0,0,0,0,0,0,0,0,0,0,0,0,0,0,0,0,0,0,0,0,0,0,0,0,0,0,0,0,0,0,0,0,0,0,0,0,0,0,0,0,0,0,0,0,0,0,0,0,0,0,0,0,0,0,0,0,0,0,0,0,0,0,0,0,0,0,0,0,0,0,0,0,0,0,0,0,0,0,0,0,0,0,0,0,0,0,0,0,0,0,0,0,0,0,0,0,0,0,0,0,0,0,0,0,0,0,0,0,0,0,0,0,0,0,0,0,0,0,0,0,0,0,0,0,0,0,0,0,0,0,0,0,0,0,0,0,0,0,0,0,0,0,0,0,0,0,0,0,0,0
30_1,0,0:0.27/2:0.73,0:0.27/1:0.73,0:0.27/2:0.73,0,0,0:0.27/1:0.73,0,0,0,0,0,0,0:0.27/1:0.73,0,0,0,0,0,0,0,0,0:0.27/1:0.73,0:0.27/2:0.73,0,0,0,0:0.27/1:0.73,0:0.27/1:0.73,0,0:0.27/2:0.73,0,0,0:0.27/1:0.73,0,0,0:0.27/2:0.73,0:0.27/1:0.73,0,0:0.27/2:0.73,0,0,0,0,0,0,0,0,0,0,0,0,0,0,0,0:0.27/1:0.73,0,0,0,0,0,0,0,0,0,0,0,0,0,0,0,0,0,0,0:0.27/2:0.73,0,0,0,0,0,0,0,0,0,0,0:0.27/2:0.73,0,0,0,0,0,0,0,0,0,0:0.27/1:0.73,0,0,0,0,0,0,0,0,0,0,0:0.27/2:0.73,0:0.27/2:0.73,0,0:0.27/2:0.73,0,0,0:0.27/2:0.73,0,0:0.27/1:0.73,0,0:0.27/2:0.73,0,0,0,0,0,0,0:0.27/2:0.73,0:0.27/2:0.73,0:0.27/1:0.73,0,0,0,0,0,0:0.27/2:0.73,0:0.27/1:0.73,0,0:0.27/2:0.73,0,0,0,0,0:0.27/2:0.73,0,0:0.27/1:0.73,0,0:0.27/1:0.73,0,0:0.27/2:0.73,0,0,0,0,0,0,0,0,0,0,0,0,0,0,0:0.27/1:0.73,0,0,0:0.27/1:0.73,0,0,0,0:0.27/1:0.73,0,0,0,0,0,0:0.27/2:0.73,0:0.27/2:0.73,0,0:0.27/2:0.73,0:0.27/1:0.73,0,0:0.27/2:0.73,0,0:0.27/1:0.73,0:0.27/2:0.73,0:0.27/2:0.73,0:0.27/2:0.73,0,0,0,0,0,0,0:0.27/2:0.73,0,0,0,0:0.27/1:0.73,0:0.27/2:0.73,0,0,0:0.27/2:0.73
160_5,0,2,1,2,0,0,1,0,0:0.01/2:0.99,0,0:0.01/1:0.99,0:0.01/2:0.99,0:0.01/2:0.99,1,0,0,0,0:0.01/1:0.99,0,0,0,0,1,2,0,0:0.01/1:0.99,0:0.01/1:0.99,1,1,0,2,0:0.01/1:0.99,0,1,0,0:0.01/1:0.99,2,1,0,2,0:0.01/1:0.99,0,0:0.01/2:0.99,0:0.01/2:0.99,0,0:0.01/1:0.99,0,0,0:0.01/1:0.99,0,0,0:0.01/1:0.99,0,0:0.01/2:0.99,0,1,0,0,0:0.01/1:0.99,0,0,0:0.01/2:0.99,0:0.01/1:0.99,0,0,0,0,0,0,0,0:0.01/1:0.99,0:0.01/2:0.99,0:0.01/2:0.99,0,2,0,0:0.01/2:0.99,0,0,0:0.01/1:0.99,0,0:0.01/1:0.99,0:0.01/2:0.99,0,0,2,0,0:0.01/2:0.99,0:0.01/1:0.99,0,0,0,0:0.01/1:0.99,0:0.01/2:0.99,0:0.01/1:0.99,1,0:0.01/2:0.99,0,0:0.01/2:0.99,0:0.01/2:0.99,0:0.01/2:0.99,0,0,0:0.01/1:0.99,0:0.01/1:0.99,0,2,2,0:0.01/1:0.99,2,0:0.01/1:0.99,0:0.01/2:0.99,2,0,1,0,2,0:0.01/1:0.99,0:0.01/2:0.99,0:0.01/1:0.99,0:0.01/2:0.99,0:0.01/2:0.99,0,2,2,1,0:0.01/2:0.99,0:0.01/2:0.99,0,0,0:0.01/1:0.99,2,1,0,2,0:0.01/1:0.99,0:0.01/2:0.99,0,0,2,0:0.01/1:0.99,1,0,1,0:0.01/1:0.99,2,0,0,0:0.01/2:0.99,0:0.01/1:0.99,0,0:0.01/2:0.99,0,0,0:0.01/2:0.99,0,0,0,0:0.01/2:0.99,0,1,0,0:0.01/2:0.99,1,0,0,0:0.01/1:0.99,1,0:0.01/1:0.99,0,0,0:0.01/2:0.99,0:0.01/2:0.99,2,2,0:0.01/2:0.99,2,1,0,2,0,1,2,2,2,0,0,0:0.01/2:0.99,0:0.01/1:0.99,0:0.01/1:0.99,0,2,0,0:0.01/1:0.99,0,1,2,0:0.01/2:0.99,0:0.01/2:0.99,2
206_11,0,2,1,2,0,0,1,0,2,0,1,2,2,1,0,0,0,1,0,0,2,2,1,2,0,1,1,1,1,0,2,1,0,1,0,1,2,1,0,2,1,0,2,2,0,1,0,0,1,2,0,1,0,2,0,1,0,0,1,0,0,2,1,0,0,0,0,0,0,0,1,2,2,1,2,2,2,0,0,1,0,1,2,0,0,2,1,2,1,0,0,0,1,2,1,1,2,1,2,2,2,0,0,1,1,0,2,2,1,2,1,2,2,0,1,0,2,1,2,1,2,2,0,2,2,1,2,2,0,0,1,2,1,0,2,1,2,0,2,2,1,1,0,1,1,2,0,2,2,1,1,2,0,0,2,0,0,0,2,1,1,0,2,1,0,0,1,1,1,0,1,2,2,2,2,2,2,1,0,2,0,1,2,2,2,0,0,2,1,1,0,2,0,1,0,1,2,2,2,2
216_12,0,2,1,2,0,0,1,0,2,0,1,2,2,1,0,0,0,1,0,0,2,2,1,2,0,1,1,1,1,0,2,1,0,1,0,1,2,1,0,2,1,0,2,2,0,1,0,0,1,2,0,1,0,2,0,1,0,0,1,0,0,2,1,0,0,0,0,0,0,0,1,2,2,1,2,2,2,0,0,1,0,1,2,0,0,2,1,2,1,0,0,0,1,2,1,1,2,1,2,2,2,0,0,1,1,0,2,2,1,2,1,2,2,0,1,0,2,1,2,1,2,2,0,2,2,1,2,2,0,0,1,2,1,0,2,1,2,2,2,2,1,1,0,1,1,2,0,2,2,1,1,2,0,0,2,0,0,0,2,1,1,0,2,1,0,0,1,1,1,0,1,2,2,2,2,2,2,1,0,2,0,1,2,2,2,0,0,2,1,1,0,2,0,1,0,1,2,2,2,2
216_11,0,2,1,2,0,0,1,0,2,0,1,2,2,1,2,0,0,1,0,0,2,2,1,2,0,1,1,1,1,0,2,1,0,1,0,1,2,1,0,2,1,0,2,2,0,1,0,0,1,2,0,1,0,2,0,1,0,0,1,2,0,2,1,0,0,0,0,0,0,0,1,2,2,1,2,2,2,0,0,1,0,1,2,0,0,2,1,2,1,0,0,0,1,2,1,1,2,1,2,2,2,0,0,1,1,0,2,2,1,2,1,2,2,0,1,0,2,1,2,1,2,2,0,2,2,1,2,2,0,0,1,2,1,0,2,1,2,0,2,2,1,1,0,1,1,2,0,2,2,1,1,2,0,0,2,0,0,2,2,1,1,0,2,1,0,0,1,1,1,0,1,2,2,2,2,2,2,1,0,2,0,1,2,2,2,0,0,2,1,1,0,2,1,1,0,1,2,2,2,2
203_9,0:0.01/2:0.99,2,1,2,0:0.01/2:0.99,0,1,0,2,0,1,2,2,1,0,0,0,1,0,0,0,0,1,2,0:0.01/1:0.99,1,1,1,1,0,2,1,0,1,0,1,2,1,0,2,1,0,2,2,0,1,0:0.01/1:0.99,0,1,0,0,1,0,2,0,1,0,0,1,0,0,2,1,0,0:0.01/2:0.99,0,0,0,0,0,1,2,2,0,2,0,2,0:0.01/1:0.99,0,1,0:0.01/2:0.99,1,2,0:0.01/1:0.99,0,2,0,2,1,0,0,0,1,2,1,1,2,0,2,2,2,0,0,1,1,0,2,2,1,2,1,2,2,0,1,0,2,1,2,1,2,2,0,2,2,1,2,2,0,0,1,2,1,0:0.01/1:0.99,2,1,2,0,0,2,1,1,0,1,1,2,0,0:0.01/1:0.99,2,1,0,2,0,0,2,0,0,0,2,0,1,0,2,1,0,0,1,1,1,0:0.01/1:0.99,0,2,2,2,2,2,2,1,0,2,0:0.01/2:0.99,1,2,2,2,0,0,2,1,1,0,2,0,1,0:0.01/2:0.99,1,2,2,2,2
216_10,2,2,1,2,2,0,1,0,2,0,1,2,2,1,0,0,0,1,0,1,0,0,1,2,1,1,1,1,1,2,2,1,0,1,0,1,2,1,1,2,1,0,2,2,0,1,1,0,1,0,0,1,0,2,0,1,0,1,1,0,0,2,1,0,2,0,0,0,0,0,1,2,2,0,2,0,2,1,0,1,2,1,2,1,0,2,0,2,1,0,0,0,1,2,1,1,2,0,2,2,2,1,0,1,1,0,2,2,1,2,1,2,2,0,1,0,2,1,2,1,2,2,0,2,2,1,2,2,0,0,1,2,1,1,2,1,2,0,0,2,1,1,0,1,1,2,0,1,2,1,0,2,0,0,2,0,0,0,2,0,1,0,2,1,0,0,1,1,1,1,0,2,2,2,2,2,2,1,0,2,2,1,2,2,2,0,0,2,1,1,0,2,0,1,2,1,2,2,2,2
216_9,2,2,1,2,2,0,1,0,2,0,1,2,2,1,0,0,0,1,0,0,0,0,1,2,1,1,1,1,1,0,2,1,0,1,0,1,2,1,0,2,1,0,2,2,0,1,1,0,1,2,0,1,0,2,0,1,0,0,1,0,0,2,1,0,2,0,0,0,0,0,1,2,2,0,2,0,2,1,0,1,2,1,2,1,0,2,2,2,1,0,0,0,1,2,1,1,2,0,2,2,2,0,0,1,1,0,2,2,1,2,1,2,2,0,1,0,2,1,2,1,2,2,0,2,2,1,2,2,0,0,1,2,1,1,2,1,2,0,0,2,1,1,0,1,1,2,0,1,2,1,0,2,0,0,2,0,0,0,2,0,1,0,2,1,0,0,1,1,1,1,0,2,2,2,2,2,2,1,0,2,2,1,2,2,2,0,0,2,1,1,0,2,0,1,2,1,2,2,2,2
77_1,0,0:0.02/2:0.98,0:0.02/1:0.98,0:0.02/2:0.98,0:0.07/1:0.93,0,0:0.02/1:0.98,0,0,0:0.07/1:0.93,0,0,0,0:0.02/1:0.98,0:0.07/1:0.93,0,0,0,0,0,0,0,0:0.02/1:0.98,0:0.02/2:0.98,0:0.07/2:0.93,0,0:0.07/2:0.93,0:0.02/1:0.98,0:0.02/1:0.98,0,0:0.02/2:0.98,0,0,0:0.02/1:0.98,0:0.07/1:0.93,0,0:0.02/2:0.98,0:0.02/1:0.98,0:0.07/1:0.93,0:0.02/2:0.98,0,0,0,0,0,0,0,0,0,0:0.07/2:0.93,0:0.07/2:0.93,0,0,0:0.07/1:0.93,0:0.07/1:0.93,0:0.02/1:0.98,0:0.07/1:0.93,0:0.07/2:0.93,0:0.07/2:0.93,0:0.07/2:0.93,0,0:0.07/1:0.93,0,0,0:0.07/1:0.93,0:0.07/2:0.93,0:0.07/2:0.93,0,0,0:0.07/1:0.93,0:0.07/2:0.93,0,0,0,0:0.02/2:0.98,0,0,0:0.07/2:0.93,0,0,0,0,0,0,0,0:0.02/2:0.98,0,0,0,0,0:0.07/1:0.93,0,0,0:0.07/1:0.93,0,0:0.02/1:0.98,0,0,0,0,0,0:0.07/1:0.93,0,0,0:0.07/2:0.93,0,0:0.02/2:0.98,0:0.02/2:0.98,0,0:0.02/2:0.98,0,0,0:0.02/2:0.98,0,0:0.02/1:0.98,0,0:0.02/2:0.98,0,0,0,0,0,0,0:0.02/2:0.98,0:0.02/2:0.98,0:0.02/1:0.98,0,0,0,0,0,0:0.02/2:0.98,0:0.02/1:0.98,0,0:0.02/2:0.98,0:0.07/2:0.93,0,0,0,0:0.02/2:0.98,0,0:0.02/1:0.98,0,0:0.02/1:0.98,0,0:0.02/2:0.98,0,0:0.07/2:0.93,0,0,0,0:0.07/1:0.93,0:0.07/1:0.93,0:0.07/2:0.93,0,0,0,0:0.07/2:0.93,0,0,0:0.02/1:0.98,0,0:0.07/1:0.93,0:0.02/1:0.98,0,0,0,0:0.02/1:0.98,0,0:0.07/1:0.93,0:0.07/2:0.93,0:0.07/1:0.93,0,0:0.02/2:0.98,0:0.02/2:0.98,0,0:0.02/2:0.98,0:0.02/1:0.98,0,0:0.02/2:0.98,0,0:0.02/1:0.98,0:0.02/2:0.98,0:0.02/2:0.98,0:0.02/2:0.98,0,0,0,0:0.07/2:0.93,0:0.07/2:0.93,0,0:0.02/2:0.98,0:0.07/1:0.93,0,0:0.07/2:0.93,0:0.02/1:0.98,0:0.02/2:0.98,0,0,0:0.02/2:0.98
125_3,0:0.09/2:0.91,2,1,2,0:0.01/1:0.99,0,1,0,0,0:0.01/1:0.99,0,0,0:0.09/1:0.91,1,0:0.01/1:0.99,0,0,0,0,0:0.09/1:0.91,0,0,1,2,0:0.01/2:0.99,0:0.09/1:0.91,0:0.01/2:0.99,1,1,0,2,0,0,1,0:0.01/1:0.99,0,2,1,0:0.01/1:0.99,2,0,0,0,0,0,0,0:0.09/2:0.91,0,0:0.09/2:0.91,0:0.01/2:0.99,0:0.01/2:0.99,0,0,0:0.01/1:0.99,0:0.01/1:0.99,1,0:0.01/1:0.99,0:0.01/2:0.99,0:0.01/2:0.99,0:0.01/2:0.99,0,0:0.01/1:0.99,0:0.09/2:0.91,0:0.09/2:0.91,0:0.01/1:0.99,0:0.01/2:0.99,0:0.01/2:0.99,0,0,0:0.01/1:0.99,0:0.01/2:0.99,0,0,0:0.09/2:0.91,2,0,0,0:0.01/2:0.99,0:0.09/1:0.91,0,0,0,0,0,0,2,0,0,0,0:0.09/2:0.91,0:0.01/1:0.99,0,0,0:0.01/1:0.99,0:0.09/2:0.91,1,0:0.09/2:0.91,0,0,0,0,0:0.01/1:0.99,0,0,0:0.01/2:0.99,0,2,2,0:0.09/2:0.91,2,0,0,2,0:0.09/1:0.91,1,0:0.09/1:0.91,2,0:0.09/2:0.91,0:0.09/2:0.91,0:0.09/1:0.91,0,0,0,2,2,1,0:0.09/1:0.91,0,0:0.09/1:0.91,0,0,2,1,0:0.09/1:0.91,2,0:0.01/2:0.99,0,0,0,2,0,1,0,1,0:0.09/2:0.91,2,0:0.09/1:0.91,0:0.01/2:0.99,0,0,0,0:0.01/1:0.99,0:0.01/1:0.99,0:0.01/2:0.99,0,0,0,0:0.01/2:0.99,0,0,1,0,0:0.01/1:0.99,1,0,0:0.09/1:0.91,0,1,0,0:0.01/1:0.99,0:0.01/2:0.99,0:0.01/1:0.99,0,2,2,0,2,1,0,2,0,1,2,2,2,0:0.09/2:0.91,0,0,0:0.01/2:0.99,0:0.01/2:0.99,0,2,0:0.01/1:0.99,0:0.09/2:0.91,0:0.01/2:0.99,1,2,0,0,2
183_5,2,2,1,2,1,0,1,0:0.03/2:0.97,0:0.03/1:0.97,1,0:0.03/1:0.97,0,1,1,1,0,0:0.03/1:0.97,0:0.03/1:0.97,0,1,0:0.03/1:0.97,0:0.03/2:0.97,1,2,2,1,2,1,1,0:0.03/1:0.97,2,0,0,1,1,0,2,1,1,2,0,0:0.03/2:0.97,0,0,0,0,2,0,2,2,2,0:0.03/1:0.97,0,1,1,1,1,2,2,2,0,1,2,2,1,2,2,0,0,1,2,0,0,2,2,0:0.03/2:0.97,0,2,1,0:0.03/2:0.97,0,0,0,0,0,2,0,0,0,2,1,0,0,1,2,1,2,0,0,0,0,1,0:0.03/2:0.97,0,2,0,2,2,2,2,0,0:0.03/2:0.97,2,1,1,1,2,2,2,1,0,0,0,2,2,1,1,0,1,0:0.03/1:0.97,0,2,1,1,2,2,0:0.03/2:0.97,0:0.03/2:0.97,0:0.03/1:0.97,2,0,1,0:0.03/1:0.97,1,2,2,1,2,0,0,0,1,1,2,0,0:0.03/1:0.97,0,2,0,0,1,0:0.03/2:0.97,1,1,0,1,0:0.03/2:0.97,1,0,1,2,1,0,2,2,0,2,1,0:0.03/1:0.97,2,0:0.03/1:0.97,1,2,2,2,2,0,0,2,2,0:0.03/1:0.97,2,1,2,2,1,2,0,0,2
216_6,2,2,1,2,1,0,1,2,1,1,1,0,1,1,1,0,1,1,2,1,1,2,1,2,2,1,2,1,1,1,2,0,0,1,1,0,2,1,1,2,2,2,2,0,0,0,2,0,2,2,2,1,0,1,1,1,1,2,2,2,0,1,2,2,1,2,2,0,0,1,2,0,0,2,2,2,0,2,1,2,0,0,0,0,0,2,0,0,0,2,1,0,0,1,2,1,2,0,0,0,0,1,2,2,2,1,2,2,2,2,0,2,2,1,1,1,2,2,2,1,1,0,0,2,2,1,1,0,1,1,0,2,1,1,2,2,2,2,1,2,0,1,1,1,2,2,1,2,0,0,0,1,1,2,0,1,1,2,2,0,1,2,1,1,0,1,2,1,0,1,2,1,0,2,2,0,2,1,1,2,1,1,2,2,2,2,0,1,2,2,1,2,1,2,2,1,2,0,0,2
216_5,2,2,1,2,1,0,1,2,1,1,1,0,1,1,1,0,1,1,0,1,1,2,1,2,2,1,2,1,1,1,2,2,0,1,1,0,2,1,1,2,0,2,0,0,0,0,2,0,2,2,2,1,0,1,1,1,1,2,2,2,0,1,2,2,1,2,2,0,0,1,2,0,0,2,2,2,0,2,1,2,0,0,0,0,0,2,0,2,0,2,1,2,0,1,2,1,2,0,0,0,0,1,2,0,2,2,2,2,2,2,0,2,2,1,1,1,2,2,2,1,0,2,0,2,2,1,1,0,1,1,1,2,1,1,2,2,2,2,1,2,0,1,1,1,2,2,1,2,2,0,0,1,1,2,1,1,0,2,0,0,1,2,1,1,0,1,2,1,0,1,2,1,0,2,2,0,2,1,1,2,1,1,2,2,2,2,1,2,2,2,1,2,1,2,2,1,2,0,0,2
182_6,2,2,1,2,1,0,1,0,0,1,0,0:0.02/1:0.98,1,1,1,0,0,0,0,1,0,0,1,2,2,1,2,1,1,0:0.02/2:0.98,2,0,0,1,1,0,2,1,1,2,0,0,0,0,0,0,2,0,2,2,2,0,0:0.02/2:0.98,1,1,1,1,2,2,2,0,1,2,2,1,2,2,0,0:0.02/1:0.98,1,2,0,0,2,2,0:0.02/1:0.98,0,2,1,0,0,0,0,0,0,2,0:0.02/1:0.98,0,0:0.02/1:0.98,2,1,0,0,1,2,1,2,0,0,0,0,1,0,0,2,0,2,2,2,2,0:0.02/1:0.98,0,2,1,1,1,2,2,2,1,0,0,0,2,2,1,1,0:0.02/1:0.98,1,0,0,2,1,1,2,2,0,0,0:0.02/2:0.98,2,0,1,0,1,2,2,1,2,0,0,0,1,1,2,0:0.02/2:0.98,0,0,2,0,0,1,0,1,1,0,1,0,1,0:0.02/1:0.98,1,2,1,0,2,2,0:0.02/1:0.98,2,1,0,2,0,1,2,2,2,2,0,0,2,2,0,2,1,2,2,1,2,0,0,2
216_8,2,2,1,2,1,0,1,0,1,1,0,1,1,1,1,0,0,0,0,1,0,0,1,2,2,1,2,1,1,2,2,0,0,1,1,0,2,1,1,2,0,0,0,0,2,0,2,0,2,2,2,0,2,1,1,1,1,2,2,2,0,1,2,2,1,2,2,0,1,1,2,0,0,2,2,1,0,2,1,0,0,0,0,0,0,2,1,0,1,2,1,0,0,1,2,1,2,0,1,0,0,1,0,0,2,0,2,2,2,2,1,0,2,1,1,1,2,2,2,1,2,0,0,2,2,1,1,1,1,0,2,2,1,1,2,2,0,0,2,2,0,1,1,1,2,2,1,2,0,0,0,1,1,2,2,0,0,2,0,0,1,0,1,1,0,1,0,1,1,1,2,1,0,2,2,1,2,1,0,2,0,1,2,2,2,2,0,0,2,2,0,2,1,2,2,1,2,0,0,2
216_7,2,2,1,2,1,0,1,0,0,1,1,1,1,1,1,0,0,0,0,1,0,0,1,2,2,1,2,1,1,2,2,0,2,1,1,2,2,1,1,2,0,0,0,0,0,0,2,0,2,2,2,0,2,1,1,1,1,2,2,2,0,1,2,2,1,2,2,0,1,1,2,0,0,2,2,1,0,2,1,0,1,0,0,0,0,2,1,1,1,2,1,0,0,1,2,1,2,0,0,1,0,1,0,0,2,0,2,2,2,2,1,0,2,1,1,1,2,2,2,1,0,0,0,2,2,1,1,1,1,0,0,2,1,1,2,2,1,0,2,2,0,1,0,1,2,2,1,2,0,0,0,1,1,2,2,0,0,2,0,0,1,2,1,1,0,1,0,1,1,1,2,1,0,2,2,1,2,1,0,2,0,1,2,2,2,2,0,0,2,2,0,2,1,2,2,1,2,0,0,2
121_1,0:0.04/1:0.96,2,1,2,1,0,1,0,0,1,0,0,0,1,1,0,0,0:0.04/1:0.96,0:0.04/1:0.96,0,0:0.04/2:0.96,0,1,2,2,0:0.04/2:0.96,2,1,1,0:0.04/1:0.96,2,0:0.04/1:0.96,0,1,1,0,2,1,1,2,0,0,0:0.04/1:0.96,0:0.04/2:0.96,0,0:0.04/1:0.96,0,0:0.04/2:0.96,0,2,2,0,0,1,1,1,1,2,2,2,0,1,0,0:0.04/1:0.96,1,2,2,0,0,1,2,0,0,0,2,0,0,2,0,0,0,0,0:0.04/2:0.96,0,0,2,0,0,0:0.04/1:0.96,0:0.04/1:0.96,1,0,0:0.04/1:0.96,1,0,1,0,0,0:0.04/2:0.96,0,0:0.04/2:0.96,1,0,0,2,0,2,2,0,2,0,0,2,0,1,0,2,0,0,0:0.04/2:0.96,0,0,0,2,2,1,0,0,0,0,0:0.04/1:0.96,2,1,0,2,2,0,0:0.04/1:0.96,0,2,0,1,0,1,0,2,0,2,0,0,0:0.04/1:0.96,1,1,2,0,0,0,2,0,0,1,0,1,1,0,0:0.04/2:0.96,0,1,0,1,2,1,0,2,2,0:0.04/2:0.96,2,1,0:0.04/2:0.96,2,0,1,2,2,2,0,0,0,2,2,0,2,1,0,2,1,2,0,0,2
173_3,1,2,1,2,1,0,1,0,0,1,0,0,0,1,1,0,0:0.09/1:0.91,1,1,0,2,0,1,2,2,2,2,1,1,1,2,1,0,1,1,0,2,1,1,2,0,0,1,2,0,1,0,2,0,2,2,0,0,1,1,1,1,2,2,2,0:0.09/2:0.91,1,0:0.09/2:0.91,1,1,2,2,0,0:0.09/1:0.91,1,2,0,0,0,2,0,0:0.09/1:0.91,2,0,0,0:0.09/1:0.91,0,2,0,0,2,0:0.09/2:0.91,0,1,1,1,0:0.09/2:0.91,1,1,0,1,0,0,2,0,2,1,0:0.09/2:0.91,0,2,0,2,2,0,2,0,0:0.09/2:0.91,2,0:0.09/2:0.91,1,0,2,0,0:0.09/2:0.91,2,0,0,0,2,2,1,0,0:0.09/2:0.91,0,0,1,2,1,0,2,2,0,1,0,2,0:0.09/2:0.91,1,0,1,0,2,0,2,0,0,1,1,1,2,0,0,0,2,0,0,1,0,1,1,0,2,0,1,0,1,2,1,0,2,2,2,2,1,2,2,0,1,2,2,2,0,0,0,2,2,0,2,1,0,2,1,2,0:0.09/2:0.91,0,2
216_4,1,2,1,2,1,0,1,0,0,1,1,0,1,1,1,2,1,1,1,2,2,1,1,2,2,2,2,1,1,1,2,1,0,1,1,2,2,1,1,2,0,0,1,2,0,1,0,2,2,2,2,0,0,1,1,1,1,2,2,2,2,1,2,1,1,2,2,0,1,1,2,0,0,0,2,0,1,2,0,0,1,0,2,0,0,2,2,0,1,1,1,2,1,1,1,1,0,0,2,0,2,1,2,1,2,0,2,2,0,2,0,2,2,2,1,0,2,0,2,2,0,0,2,2,2,1,0,2,0,0,1,2,1,0,2,2,0,1,0,2,2,1,0,1,0,2,0,2,0,2,1,1,1,2,0,0,0,2,0,0,1,0,1,1,1,2,0,1,0,1,2,1,0,2,2,2,2,1,2,2,0,1,2,2,2,0,1,0,2,2,0,2,1,0,2,1,2,2,0,2
216_3,1,2,1,2,1,0,1,0,0,1,0,0,0,1,1,1,1,1,1,1,2,0,1,2,2,2,2,1,1,1,2,1,0,1,1,0,2,1,1,2,0,2,1,2,0,1,0,2,0,2,2,0,1,1,1,1,1,2,2,2,2,1,2,1,1,2,2,0,1,1,2,0,0,1,2,0,1,2,0,0,1,0,2,0,0,2,2,2,1,1,1,2,1,1,0,1,0,0,2,0,2,1,2,0,2,0,2,2,0,2,0,2,2,2,1,0,2,0,2,2,2,0,0,2,2,1,0,2,1,0,1,2,1,2,2,2,0,1,1,2,2,1,0,1,0,2,0,2,2,0,1,1,1,2,0,0,1,2,0,0,1,1,1,1,0,2,0,1,0,1,2,1,0,2,2,2,2,1,2,2,0,1,2,2,2,0,0,0,2,2,0,2,1,0,2,1,2,2,0,2
172_1,1,2,1,2,1,0,1,0:0.07/1:0.93,0,1,0,0,0,1,1,0:0.07/1:0.93,0,1,1,0:0.07/1:0.93,2,0,1,2,2,2,2,1,1,1,2,1,0,1,1,0:0.07/1:0.93,2,1,1,2,0,0,1,2,0,1,0,2,0,2,2,0,0,1,1,1,1,2,2,2,0,1,0,1,1,2,2,0,0,1,2,0,0,0,2,0:0.07/1:0.93,0,2,0,0,0,0,2,0,0,2,0:0.07/1:0.93,0,1,1,1,0,1,1,0:0.07/1:0.93,1,0,0:0.07/2:0.93,2,0,2,1,0,0,2,0,2,2,0,2,0,0:0.07/1:0.93,2,0,1,0,2,0,0,2,0,0,0,2,2,1,0,0,0,0,1,2,1,0,2,2,0,1,0,2,0:0.07/1:0.93,1,0,1,0,2,0,2,0,0,1,1,1,2,0,0,0,2,0,0,1,0,1,1,0,2,0,1,0:0.07/2:0.93,1,2,1,0,2,2,2,2,1,2,2,0,1,2,2,2,0:0.07/1:0.93,0,0,2,2,0,2,1,0,2,1,2,0,0,2
216_2,1,2,1,2,1,0,1,1,0,1,0,0,0,1,1,1,0,1,1,1,2,0,1,2,2,2,2,1,1,1,2,1,2,1,1,1,2,1,1,2,1,0,1,2,0,1,0,2,1,2,2,0,0,1,1,1,1,2,2,2,1,1,0,1,1,2,2,0,0,1,2,0,0,0,2,1,0,2,0,0,0,0,2,0,0,2,1,0,1,1,1,0,1,1,1,1,0,2,2,0,2,1,0,0,2,0,2,2,1,2,2,1,2,0,1,0,2,0,0,2,0,0,1,2,2,1,0,0,0,0,1,2,1,2,2,2,0,1,0,2,1,1,2,1,0,2,0,2,0,0,1,1,1,2,0,0,2,2,0,0,1,0,1,1,0,2,0,1,2,1,2,1,0,2,2,2,2,1,2,2,0,1,2,2,2,1,2,0,2,2,1,2,1,0,2,1,2,0,0,2
216_1,1,2,1,2,1,0,1,1,0,1,1,0,0,1,1,1,0,1,1,1,2,0,1,2,2,2,2,1,1,1,2,1,0,1,1,1,2,1,1,2,0,1,1,2,0,1,0,2,0,2,2,0,0,1,1,1,1,2,2,2,0,1,0,1,1,2,2,1,0,1,2,0,0,0,2,1,0,2,0,0,0,0,2,0,0,2,1,2,1,1,1,2,1,1,1,1,0,2,2,1,2,1,0,0,2,0,2,2,0,2,0,1,2,0,1,0,2,0,0,2,0,0,0,2,2,1,0,0,0,0,1,2,1,0,2,2,0,1,1,2,1,1,0,1,0,2,0,2,0,0,1,1,1,2,0,2,0,2,0,0,1,0,1,1,0,2,0,1,2,1,2,1,0,2,2,2,2,1,2,2,0,1,2,2,2,1,0,0,2,2,0,2,1,0,2,1,2,2,0,2
