[&R] (((((((216_25:0.001,216_26:2.001)192_24:0,(216_27:0.035,216_28:1.035)196_27:0.966)158_13:0.001,((216_29:0,216_30:0)197_29:1.035,(216_31:0,216_32:0)199_31:0.035)163_15:0.967)116_6:1.103,(((216_21:0.05,216_22:1.05)188_17:1.031,(216_23:0,216_24:0)191_19:0.08)155_10:2.296,((216_17:0,216_18:0)191_15:0,(216_19:0,216_20:0)191_16:0)156_9:1.377)117_5:0.729)67_3:2.703,(((216_45:0,216_46:0)197_37:0,(216_43:0,216_44:0)198_37:0)163_19:2.355,((216_35:1.072,216_36:0.072)205_34:1.163,(216_33:0,216_34:0)211_33:1.234)170_17:1.121)74_5:4.453)23_2:1.192,((((216_13:0.033,216_14:1.033)180_9:1.511,(216_15:0,216_16:0)185_11:3.543)131_6:0.673,((216_9:0,216_10:0)191_9:2.164,216_12:0.164)140_5:2.053)75_2:2.304,(((216_1:0.001,216_2:1.001)174_1:0.022,(216_3:0,216_4:0)177_3:3.023)126_1:0.002,((216_7:0,216_8:0)185_6:2.741,(216_5:0,216_6:0)187_5:2.741)130_3:0.283)76_1:3.496)27_1:1.479)virtual:0)I0;
I0,0,0,0,0,0,0,0,0,0,0
virtual,0,0,0,0,0,0,0,0,0,0
27_1,0,0:0.26/1:0.74,0,0,0,0,0,0,0,0:0.26/2:0.74
76_1,0,1,0:0.01/1:0.99,0:0.01/1:0.99,0:0.01/2:0.99,0,0,0,0,2
130_3,0,1,0:0.01/1:0.99,0:0.01/1:0.99,0:0.01/2:0.99,0:0.72/1:0.28,0,0,0,2
187_5,2,1,1,1,2,1,0,0,2,2
216_6,2,1,1,1,2,1,0,0,2,2
216_5,2,1,1,1,2,1,0,0,2,2
185_6,1,1,1,1,2,1,0,2,0,2
216_8,1,1,1,1,2,1,0,2,0,2
216_7,1,1,1,1,2,1,0,2,0,2
126_1,0,1,0:0.01/1:0.99,0:0.01/1:0.99,0:0.01/2:0.99,0,0,0,0,2
177_3,2,1,1,1,2,0,2,2,0,2
216_4,2,1,1,1,2,0,2,2,0,2
216_3,2,1,1,1,2,0,2,2,0,2
174_1,0,1,1,1,2,0,0,0,0,2
216_2,0,1,1,1,2,1,0,0,0,2
216_1,0,1,1,1,2,0,0,0,0,2
75_2,0,0:0.02/1:0.98,0,0,0,0:0.09/1:0.91,0,0,0:0.09/2:0.91,0:0.02/2:0.98
140_5,0:0.07/1:0.93,1,0,0:0.07/2:0.93,0,0:0.01/1:0.99,0,0,0:0.01/2:0.99,2
216_12,1,1,0,2,0,1,0,0,2,2
191_9,1,1,2,2,0,1,1,0,2,2
216_10,1,1,2,2,0,1,1,0,2,2
216_9,1,1,2,2,0,1,1,0,2,2
131_6,0:0.45/2:0.55,0:0.01/1:0.99,0,0,0,0:0.04/1:0.96,0,0,0:0.04/2:0.96,0:0.01/2:0.99
185_11,2,1,0,1,1,1,0,2,2,2
216_16,2,1,0,1,1,1,0,2,2,2
216_15,2,1,0,1,1,1,0,2,2,2
180_9,0:0.01/2:0.99,1,0,0,0,1,0,0:0.02/1:0.98,2,2
216_14,2,1,0,0,2,1,0,1,2,2
216_13,2,1,0,0,0,1,0,1,2,2
23_2,0,0,0,0:0.4/2:0.6,0,0,0,0:0.4/2:0.6,0,0
74_5,0,0:0.07/2:0.93,0:0.07/2:0.93,0:0.03/2:0.97,0,0,0:0.07/1:0.93,0:0.03/2:0.97,0,0:0.07/2:0.93
170_17,0:0.17/1:0.83,0:0.01/2:0.99,0:0.01/2:0.99,0:0.01/2:0.99,0,0,0:0.01/1:0.99,0:0.01/2:0.99,0,0:0.01/2:0.99
211_33,1,2,2,2,0,0,1,2,2,2
216_34,1,2,2,2,0,0,1,2,2,2
216_33,1,2,2,2,0,0,1,2,2,2
205_34,0:0.01/1:0.99,2,2,2,0,0:0.06/1:0.94,1,2,0,2
216_36,1,2,2,2,0,1,1,2,0,2
216_35,1,2,2,2,0,1,1,2,1,2
163_19,0,2,2,2,1,0,1,2,1,2
198_37,0,2,2,2,1,0,1,2,1,2
216_44,0,2,2,2,1,0,1,2,1,2
216_43,0,2,2,2,1,0,1,2,1,2
197_37,0,2,2,2,1,0,1,2,1,2
216_46,0,2,2,2,1,0,1,2,1,2
216_45,0,2,2,2,1,0,1,2,1,2
67_3,0,0,0:0.04/1:0.96,0:0.02/2:0.98,0,0:0.04/1:0.96,0,0:0.02/2:0.98,0,0
117_5,0,0,0:0.01/1:0.99,0:0.01/2:0.99,0,0:0.01/1:0.99,0,0:0.01/2:0.99,0,0:0.34/1:0.66
156_9,0,0,1,2,2,1,0,2,0,1
191_16,0,0,1,2,2,1,0,2,0,1
216_20,0,0,1,2,2,1,0,2,0,1
216_19,0,0,1,2,2,1,0,2,0,1
191_15,0,0,1,2,2,1,0,2,0,1
216_18,0,0,1,2,2,1,0,2,0,1
216_17,0,0,1,2,2,1,0,2,0,1
155_10,0:0.03/2:0.97,0:0.03/2:0.97,1,2,0,1,0,2,0,0:0.01/1:0.99
191_19,2,2,1,2,0,1,0,2,0,1
216_24,2,2,1,2,0,1,0,2,0,1
216_23,2,2,1,2,0,1,0,2,0,1
188_17,2,2,1,2,0:0.05/2:0.95,1,0,2,0,1
216_22,2,2,1,2,2,1,0,2,1,1
216_21,2,2,1,2,2,1,0,2,0,1
116_6,0,0,1,2,2,1,0,2,0,0
163_15,0,0:0.04/1:0.96,1,2,2,1,0,2,0,0
199_31,0,1,1,2,2,1,0,2,0,0
216_32,0,1,1,2,2,1,0,2,0,0
216_31,0,1,1,2,2,1,0,2,0,0
197_29,0,1,1,2,2,1,0,2,0,1
216_30,0,1,1,2,2,1,0,2,0,1
216_29,0,1,1,2,2,1,0,2,0,1
158_13,0,0,1,2,2,1,0,2,0,0
196_27,0,0,1,2,2,1,0:0.04/1:0.96,2,0,0
216_28,0,1,1,2,2,1,1,2,0,0
216_27,0,0,1,2,2,1,1,2,0,0
192_24,0,0,1,2,2,1,0,2,0,0
216_26,0,0,1,2,2,1,1,2,0,2
216_25,0,0,1,2,2,1,0,2,0,0
