[&R] (((((((216_25:0,216_26:0)192_24:0.142,(216_27:0,216_28:0)196_27:2.142)158_13:0.896,((216_29:0,216_30:1)197_29:0,(216_31:1,216_32:0)199_31:0)163_15:0.038)116_6:2.117,(((216_21:1.004,216_22:0.004)188_17:0.001,(216_23:0.032,216_24:1.032)191_19:0.973)155_10:1.084,((216_17:0.004,216_18:1.004)191_15:0.001,(216_19:0.032,216_20:1.032)191_16:0.973)156_9:1.084)117_5:1.065)67_3:1.464,(((216_45:0,216_46:0)197_37:0,(216_43:0,216_44:0)198_37:0)163_19:1.226,((216_35:0,216_36:0)205_34:0.069,(216_33:0,216_34:0)211_33:1.069)170_17:1.157)74_5:5.392)23_2:1.381,((((216_13:0,216_14:0)180_9:0.064,(216_15:0,216_16:0)185_11:1.063)131_6:3.26,((216_9:0,216_10:1)191_9:0,216_12:0)140_5:0.324)75_2:0.79,(((216_1:0.227,216_2:2.227)174_1:0.941,(216_3:1.049,216_4:0.049)177_3:1.119)126_1:1.268,((216_7:0,216_8:0)185_6:0.069,(216_5:0,216_6:0)187_5:1.069)130_3:3.367)76_1:0.677)27_1:3.887)virtual:0)I0;
I0,0,0,0,0,0,0,0,0,0,0
virtual,0,0,0,0,0,0,0,0,0,0
27_1,0:0.03/1:0.97,0,0:0.03/1:0.97,0,0,0:0.03/1:0.97,0:0.03/2:0.97,0,0,0
76_1,0:0.01/1:0.99,0,0:0.01/1:0.99,0,0,0:0.01/1:0.99,0:0.01/2:0.99,0,0:0.39/2:0.61,0
130_3,1,0:0.02/1:0.98,1,0,0:0.02/1:0.98,1,2,0,0:0.01/2:0.99,0:0.02/2:0.98
187_5,1,1,1,0,1,1,2,2,2,2
216_6,1,1,1,0,1,1,2,2,2,2
216_5,1,1,1,0,1,1,2,2,2,2
185_6,1,1,1,0,1,1,2,0,2,2
216_8,1,1,1,0,1,1,2,0,2,2
216_7,1,1,1,0,1,1,2,0,2,2
126_1,1,0:0.12/2:0.88,1,0,0,1,2,0,0:0.05/2:0.95,0
177_3,1,2,1,0,0,1,2,0:0.04/1:0.96,2,0
216_4,1,2,1,0,0,1,2,1,2,0
216_3,1,2,1,0,2,1,2,1,2,0
174_1,1,0:0.02/2:0.98,1,0,0,1,2,0,0:0.01/2:0.99,0:0.19/1:0.81
216_2,1,2,1,0,2,1,2,2,2,1
216_1,1,2,1,0,0,1,2,0,2,1
75_2,0:0.01/1:0.99,0,0:0.01/1:0.99,0,0,0:0.01/1:0.99,0:0.01/2:0.99,0:0.29/2:0.71,0,0
140_5,1,0,1,0,0,1,2,2,0,0
216_12,1,0,1,0,0,1,2,2,0,0
191_9,1,0,1,0,0,1,2,2,0,0
216_10,1,0,1,1,0,1,2,2,0,0
216_9,1,0,1,0,0,1,2,2,0,0
131_6,1,0:0.02/1:0.98,1,0,0:0.02/2:0.98,1,2,0:0.01/2:0.99,0:0.02/2:0.98,0
185_11,1,1,1,1,2,1,2,2,2,0
216_16,1,1,1,1,2,1,2,2,2,0
216_15,1,1,1,1,2,1,2,2,2,0
180_9,1,1,1,0,2,1,2,2,2,0
216_14,1,1,1,0,2,1,2,2,2,0
216_13,1,1,1,0,2,1,2,2,2,0
23_2,0,0,0:0.31/2:0.69,0,0,0,0,0,0:0.31/2:0.69,0
74_5,0:0.04/1:0.96,0,0:0.01/2:0.99,0:0.04/2:0.96,0:0.04/2:0.96,0:0.04/2:0.96,0,0,0:0.01/2:0.99,0:0.04/2:0.96
170_17,1,0:0.06/1:0.94,2,2,2,2,0,0,2,2
211_33,1,1,2,2,2,2,1,0,2,2
216_34,1,1,2,2,2,2,1,0,2,2
216_33,1,1,2,2,2,2,1,0,2,2
205_34,1,1,2,2,2,2,0,0,2,2
216_36,1,1,2,2,2,2,0,0,2,2
216_35,1,1,2,2,2,2,0,0,2,2
163_19,1,0,2,2,2,2,1,0,2,2
198_37,1,0,2,2,2,2,1,0,2,2
216_44,1,0,2,2,2,2,1,0,2,2
216_43,1,0,2,2,2,2,1,0,2,2
197_37,1,0,2,2,2,2,1,0,2,2
216_46,1,0,2,2,2,2,1,0,2,2
216_45,1,0,2,2,2,2,1,0,2,2
67_3,0,0,0:0.03/2:0.97,0,0,0,0,0:0.1/2:0.9,0:0.03/2:0.97,0
117_5,0,0,2,0,0,0:0.08/2:0.92,0,0:0.01/2:0.99,2,0
156_9,0,0,2,0,0,2,0,2,2,1
191_16,0,0,2,0:0.03/1:0.97,0,2,0,2,2,1
216_20,0,0,2,1,1,2,0,2,2,1
216_19,0,0,2,1,0,2,0,2,2,1
191_15,0,0,2,0,0,2,0,2,2,1
216_18,1,0,2,0,0,2,0,2,2,1
216_17,0,0,2,0,0,2,0,2,2,1
155_10,0,0,2,0,2,2,0,2,2,0
191_19,0:0.03/2:0.97,0,2,0,2,2,0,2,2,0
216_24,2,0,2,1,2,2,0,2,2,0
216_23,2,0,2,0,2,2,0,2,2,0
188_17,0,0,2,0,2,2,0,2,2,0
216_22,0,0,2,0,2,2,0,2,2,0
216_21,0,0,2,0,2,2,0,2,2,2
116_6,0:0.02/1:0.98,0,2,0,0,0,0:0.02/2:0.98,2,2,0
163_15,1,0,2,0,0,0,2,2,2,0
199_31,1,0,2,0,0,0,2,2,2,0
216_32,1,0,2,0,0,0,2,2,2,0
216_31,1,0,2,0,0,0,2,2,2,1
197_29,1,0,2,0,0,0,2,2,2,0
216_30,1,0,2,0,1,0,2,2,2,0
216_29,1,0,2,0,0,0,2,2,2,0
158_13,1,0,2,0,0:0.14/2:0.86,0,2,2,2,0
196_27,1,1,2,0,2,2,2,2,2,0
216_28,1,1,2,0,2,2,2,2,2,0
216_27,1,1,2,0,2,2,2,2,2,0
192_24,1,0,2,0,2,0,2,2,2,0
216_26,1,0,2,0,2,0,2,2,2,0
216_25,1,0,2,0,2,0,2,2,2,0
