[&R] (((((((216_25:0.001,216_26:1.001)192_24:0.001,(216_27:0,216_28:0)196_27:0.002)158_13:2.209,((216_29:1.036,216_30:0.036)197_29:2.132,(216_31:0,216_32:0)199_31:0.167)163_15:1.043)116_6:0.899,(((216_21:0,216_22:0)188_17:0.002,(216_23:0,216_24:0)191_19:1.001)155_10:0.001,((216_17:0,216_18:0)191_15:0,(216_19:0,216_20:0)191_16:0)156_9:1.002)117_5:1.107)67_3:1.907,(((216_45:0,216_46:0)197_37:0.047,(216_43:0.03,216_44:1.03)198_37:1.016)163_19:2.335,((216_35:0,216_36:0)205_34:0,(216_33:0,216_34:0)211_33:0)170_17:2.382)74_5:1.634)23_2:0.002,((((216_13:0,216_14:0)180_9:0.06,(216_15:1.037,216_16:0.037)185_11:1.023)131_6:1.063,((216_9:0,216_10:0)191_9:1.037,216_12:0.037)140_5:1.087)75_2:3.893,(((216_1:1.001,216_2:0.001)174_1:0.001,(216_3:0,216_4:0)177_3:0.002)126_1:1.007,((216_7:0,216_8:0)185_6:0.007,(216_5:1.042,216_6:0.042)187_5:0.965)130_3:0.002)76_1:5.008)27_1:0.001)virtual:0.982)I0;
I0,0,0,0,0,0,0,0,0,0,0
virtual,0,0,0,0,0:0.02/2:0.98,0,0,0,0,0
27_1,0,0,0,0,0:0.02/2:0.98,0,0,0,0,0
76_1,2,0,2,2,2,0,0,0,2,1
130_3,2,0,2,2,2,0,0,0,2,1
187_5,2,0,2,2,2,0,0:0.04/2:0.96,0,2,1
216_6,2,0,2,2,2,0,2,0,2,1
216_5,2,0,2,2,2,2,2,0,2,1
185_6,2,0,2,2,2,0,0,0,2,1
216_8,2,0,2,2,2,0,0,0,2,1
216_7,2,0,2,2,2,0,0,0,2,1
126_1,2,0,2,2,2,0,0,1,2,1
177_3,2,0,2,2,2,0,0,1,2,1
216_4,2,0,2,2,2,0,0,1,2,1
216_3,2,0,2,2,2,0,0,1,2,1
174_1,2,0,2,2,2,0,0,1,2,1
216_2,2,0,2,2,2,0,0,1,2,1
216_1,2,2,2,2,2,0,0,1,2,1
75_2,0,0,0,0,2,0:0.03/1:0.97,0:0.03/2:0.97,0:0.03/1:0.97,0:0.03/1:0.97,0
140_5,0,0:0.03/2:0.97,0,0,2,1,2,1,1,0
216_12,0,2,0,0,2,1,2,1,1,0
191_9,0,2,0,1,2,1,2,1,1,0
216_10,0,2,0,1,2,1,2,1,1,0
216_9,0,2,0,1,2,1,2,1,1,0
131_6,0,0,0,0:0.05/2:0.95,2,1,2,1,1,0
185_11,0:0.04/2:0.96,0,0,2,2,1,2,1,1,0
216_16,2,0,0,2,2,1,2,1,1,0
216_15,2,1,0,2,2,1,2,1,1,0
180_9,0,0,0,2,2,1,2,1,1,0
216_14,0,0,0,2,2,1,2,1,1,0
216_13,0,0,0,2,2,1,2,1,1,0
23_2,0,0,0,0,0:0.02/2:0.98,0,0,0,0,0
74_5,0,0,0,0:0.19/2:0.81,2,0,0,0,0:0.19/2:0.81,0
170_17,0,0,0,2,2,0,0,2,2,2
211_33,0,0,0,2,2,0,0,2,2,2
216_34,0,0,0,2,2,0,0,2,2,2
216_33,0,0,0,2,2,0,0,2,2,2
205_34,0,0,0,2,2,0,0,2,2,2
216_36,0,0,0,2,2,0,0,2,2,2
216_35,0,0,0,2,2,0,0,2,2,2
163_19,0,0,0:0.02/1:0.98,2,2,0,0:0.02/2:0.98,0,2,0
198_37,0,0,1,2,2,0,2,0:0.03/2:0.97,2,0
216_44,0,1,1,2,2,0,2,2,2,0
216_43,0,0,1,2,2,0,2,2,2,0
197_37,0,0,1,2,2,0,2,0,2,0
216_46,0,0,1,2,2,0,2,0,2,0
216_45,0,0,1,2,2,0,2,0,2,0
67_3,0:0.05/2:0.95,0,0,0,2,0,0,0,0:0.05/1:0.95,0
117_5,2,0,0,2,2,0,0,0,1,0
156_9,2,0,0,2,2,2,0,0,1,0
191_16,2,0,0,2,2,2,0,0,1,0
216_20,2,0,0,2,2,2,0,0,1,0
216_19,2,0,0,2,2,2,0,0,1,0
191_15,2,0,0,2,2,2,0,0,1,0
216_18,2,0,0,2,2,2,0,0,1,0
216_17,2,0,0,2,2,2,0,0,1,0
155_10,2,0,0,2,2,0,0,0,1,0
191_19,2,0,0,2,2,0,0,0,1,2
216_24,2,0,0,2,2,0,0,0,1,2
216_23,2,0,0,2,2,0,0,0,1,2
188_17,2,0,0,2,2,0,0,0,1,0
216_22,2,0,0,2,2,0,0,0,1,0
216_21,2,0,0,2,2,0,0,0,1,0
116_6,0:0.01/2:0.99,0:0.19/1:0.81,0,0,2,0,0,0,0:0.01/1:0.99,0
163_15,2,0:0.03/1:0.97,0,0,2,0:0.14/2:0.86,0,0,1,0
199_31,2,1,0,0,2,2,0,0,1,0
216_32,2,1,0,0,2,2,0,0,1,0
216_31,2,1,0,0,2,2,0,0,1,0
197_29,2,1,0,0,2,2,0:0.02/1:0.98,0:0.02/2:0.98,1,0
216_30,2,1,0,0,2,2,1,2,1,0
216_29,2,1,0,1,2,2,1,2,1,0
158_13,2,1,0,0,2,1,0,2,1,0
196_27,2,1,0,0,2,1,0,2,1,0
216_28,2,1,0,0,2,1,0,2,1,0
216_27,2,1,0,0,2,1,0,2,1,0
192_24,2,1,0,0,2,1,0,2,1,0
216_26,2,1,0,0,2,1,1,2,1,0
216_25,2,1,0,0,2,1,0,2,1,0
