[&R] (((((((216_25:0,216_26:0)192_24:1.071,(216_27:0,216_28:0)196_27:0.071)158_13:3.435,((216_29:0,216_30:0)197_29:1.165,(216_31:1.049,216_32:0.049)199_31:1.116)163_15:1.341)116_6:0.842,(((216_21:0,216_22:0)188_17:0.003,(216_23:1.002,216_24:0.002)191_19:0.001)155_10:1.005,((216_17:0.004,216_18:1.004)191_15:0.001,(216_19:0,216_20:0)191_16:2.006)156_9:0.003)117_5:3.339)67_3:1.738,(((216_45:0,216_46:0)197_37:2.059,(216_43:1.012,216_44:0.012)198_37:0.047)163_19:4.025,((216_35:0,216_36:0)205_34:2.061,(216_33:0,216_34:0)211_33:0.061)170_17:2.022)74_5:0.003)23_2:1.914,((((216_13:0,216_14:0)180_9:1.243,(216_15:1.075,216_16:0.075)185_11:1.168)131_6:2.384,((216_9:0,216_10:0)191_9:1.049,216_12:0.05)140_5:2.578)75_2:1.985,(((216_1:2.099,216_2:2.099)174_1:0.004,(216_3:0.362,216_4:2.362)177_3:0.741)126_1:0.951,((216_7:0,216_8:0)185_6:1.052,(216_5:1.079,216_6:0.079)187_5:1.973)130_3:0.002)76_1:3.559)27_1:2.387)virtual:0)I0;
I0,0,0,0,0,0,0,0,0,0,0
virtual,0,0,0,0,0,0,0,0,0,0
27_1,0:0.2/2:0.8,0,0,0:0.2/2:0.8,0:0.2/2:0.8,0,0,0,0,0
76_1,2,0:0.01/2:0.99,0,2,2,0,0:0.01/2:0.99,0:0.01/2:0.99,0,0
130_3,2,0:0.01/2:0.99,0,2,2,0,0:0.01/2:0.99,0:0.01/2:0.99,0,0
187_5,2,2,0,2,2,0,2,2,0:0.04/1:0.96,0:0.04/2:0.96
216_6,2,2,0,2,2,0,2,2,1,2
216_5,2,2,0,2,2,2,2,2,1,2
185_6,2,2,2,2,2,0,2,2,0,0
216_8,2,2,2,2,2,0,2,2,0,0
216_7,2,2,2,2,2,0,2,2,0,0
126_1,2,2,0:0.1/2:0.9,2,2,0,2,2,0,0
177_3,2,2,0:0.03/2:0.97,2,2,0:0.33/1:0.67,2,2,0,0
216_4,2,2,2,2,2,1,2,2,2,1
216_3,2,2,2,2,2,1,2,2,0,0
174_1,2,2,0:0.09/2:0.91,2,2,0,2,2,0,0
216_2,2,2,2,2,2,2,2,2,0,1
216_1,2,2,2,2,2,1,2,2,0,2
75_2,0:0.05/2:0.95,0,0,0:0.05/2:0.95,0:0.05/2:0.95,0:0.24/1:0.76,0,0,0,0:0.24/1:0.76
140_5,2,0:0.02/2:0.98,0,2,2,1,0,0,0:0.02/1:0.98,1
216_12,2,2,0,2,2,1,0,0,1,1
191_9,2,2,1,2,2,1,0,0,1,1
216_10,2,2,1,2,2,1,0,0,1,1
216_9,2,2,1,2,2,1,0,0,1,1
131_6,2,0,0:0.09/2:0.91,2,2,0:0.02/1:0.98,0,0:0.09/1:0.91,0,0:0.02/1:0.98
185_11,2,0:0.06/1:0.94,0:0.01/2:0.99,2,2,1,0,0:0.01/1:0.99,0,1
216_16,2,1,2,2,2,1,0,1,0,1
216_15,2,1,2,2,2,1,2,1,0,1
180_9,2,0,2,2,2,1,2,1,0,1
216_14,2,0,2,2,2,1,2,1,0,1
216_13,2,0,2,2,2,1,2,1,0,1
23_2,0,0,0,0,0,0,0:0.04/1:0.96,0,0:0.04/2:0.96,0
74_5,0,0,0,0,0,0,0:0.04/1:0.96,0,0:0.04/2:0.96,0
170_17,0,0,0:0.03/1:0.97,0,0,0,1,0:0.03/2:0.97,2,0
211_33,0,0,1,0,0,0,1,2,2,0
216_34,0,0,1,0,0,0,1,2,2,0
216_33,0,0,1,0,0,0,1,2,2,0
205_34,2,1,1,0,0,0,1,2,2,0
216_36,2,1,1,0,0,0,1,2,2,0
216_35,2,1,1,0,0,0,1,2,2,0
163_19,0,0:0.01/1:0.99,0:0.01/2:0.99,0:0.01/2:0.99,0,0,1,0,2,0:0.01/1:0.99
198_37,0,1,2,2,0,0,1,0,2,1
216_44,0,1,2,2,0,0,1,0,2,1
216_43,0,1,2,2,0,1,1,0,2,1
197_37,0,1,2,2,1,1,1,0,2,1
216_46,0,1,2,2,1,1,1,0,2,1
216_45,0,1,2,2,1,1,1,0,2,1
67_3,0,0:0.17/2:0.83,0,0,0:0.17/2:0.83,0,0:0.01/1:0.99,0,0:0.01/2:0.99,0
117_5,2,2,0,2,2,2,1,0,2,0
156_9,2,2,0,2,2,2,1,0,2,0
191_16,2,2,1,2,2,2,1,0,2,2
216_20,2,2,1,2,2,2,1,0,2,2
216_19,2,2,1,2,2,2,1,0,2,2
191_15,2,2,0,2,2,2,1,0,2,0
216_18,2,2,0,2,2,2,1,0,2,2
216_17,2,2,0,2,2,2,1,0,2,0
155_10,2,2,1,2,2,2,1,0,2,0
191_19,2,2,1,2,2,2,1,0,2,0
216_24,2,2,1,2,2,2,1,0,2,0
216_23,2,2,1,2,2,2,1,2,2,0
188_17,2,2,1,2,2,2,1,0,2,0
216_22,2,2,1,2,2,2,1,0,2,0
216_21,2,2,1,2,2,2,1,0,2,0
116_6,0,0:0.06/2:0.94,0,0:0.38/1:0.62,0:0.06/2:0.94,0,1,0,2,0
163_15,0,0:0.01/2:0.99,0,0:0.04/1:0.96,0:0.01/2:0.99,0,1,0,2,0:0.11/1:0.89
199_31,0:0.04/1:0.96,2,0,1,2,0,1,0,2,1
216_32,1,2,0,1,2,0,1,0,2,1
216_31,1,2,0,1,2,0,1,2,2,1
197_29,0,2,0,1,2,0,1,2,2,1
216_30,0,2,0,1,2,0,1,2,2,1
216_29,0,2,0,1,2,0,1,2,2,1
158_13,0:0.02/1:0.98,2,0:0.02/1:0.98,0:0.01/1:0.99,2,0,1,0:0.02/2:0.98,2,0
196_27,1,2,1,1,2,0,1,2,2,0
216_28,1,2,1,1,2,0,1,2,2,0
216_27,1,2,1,1,2,0,1,2,2,0
192_24,1,2,1,1,2,2,1,2,2,0
216_26,1,2,1,1,2,2,1,2,2,0
216_25,1,2,1,1,2,2,1,2,2,0
