cell,r0,r1,r2,r3,r4,r5,r6,r7,r8,r9,r10,r11,r12,r13,r14,r15,r16,r17,r18,r19,r20,r21,r22,r23,r24,r25,r26,r27,r28,r29,r30,r31,r32,r33,r34,r35,r36,r37,r38,r39,r40,r41,r42,r43,r44,r45,r46,r47,r48,r49,r50,r51,r52,r53,r54,r55,r56,r57,r58,r59,r60,r61,r62,r63,r64,r65,r66,r67,r68,r69,r70,r71,r72,r73,r74,r75,r76,r77,r78,r79,r80,r81,r82,r83,r84,r85,r86,r87,r88,r89,r90,r91,r92,r93,r94,r95,r96,r97,r98,r99,r100,r101,r102,r103,r104,r105,r106,r107,r108,r109,r110,r111,r112,r113,r114,r115,r116,r117,r118,r119,r120,r121,r122,r123,r124,r125,r126,r127,r128,r129,r130,r131,r132,r133,r134,r135,r136,r137,r138,r139,r140,r141,r142,r143,r144,r145,r146,r147,r148,r149,r150,r151,r152,r153,r154,r155,r156,r157,r158,r159,r160,r161,r162,r163,r164,r165,r166,r167,r168,r169,r170,r171,r172,r173,r174,r175,r176,r177,r178,r179,r180,r181,r182,r183,r184,r185,r186,r187,r188,r189,r190,r191,r192,r193,r194,r195,r196,r197,r198,r199
I0,0,0,0,0,0,0,0,0,0,0,0,0,0,0,0,0,0,0,0,0,0,0,0,0,0,0,0,0,0,0,0,0,0,0,0,0,0,0,0,0,0,0,0,0,0,0,0,0,0,0,0,0,0,0,0,0,0,0,0,0,0,0,0,0,0,0,0,0,0,0,0,0,0,0,0,0,0,0,0,0,0,0,0,0,0,0,0,0,0,0,0,0,0,0,0,0,0,0,0,0,0,0,0,0,0,0,0,0,0,0,0,0,0,0,0,0,0,0,0,0,0,0,0,0,0,0,0,0,0,0,0,0,0,0,0,0,0,0,0,0,0,0,0,0,0,0,0,0,0,0,0,0,0,0,0,0,0,0,0,0,0,0,0,0,0,0,0,0,0,0,0,0,0,0,0,0,0,0,0,0,0,0,0,0,0,0,0,0,0,0,0,0,0,0,0,0,0,0,0,0
I1,0,0,0,0,0,0,2,0,1,0,0,0,0,0,0,0,0,0,1,1,0,0,0,0,0,0,0,2,0,0,0,0,0,0,0,0,0,0,0,0,0,2,0,0,0,0,0,0,0,0,0,0,0,2,0,0,0,0,0,0,0,2,0,0,0,0,0,0,0,0,0,0,1,0,0,1,0,0,0,0,1,0,0,0,0,0,0,0,0,0,0,0,0,2,0,0,0,0,0,0,0,0,2,1,0,0,0,2,0,0,0,0,0,0,0,1,2,0,0,0,0,0,0,0,0,0,0,0,2,2,0,0,0,0,0,1,0,1,0,0,0,2,0,0,0,0,0,0,0,0,0,0,1,0,0,0,0,0,0,1,0,0,0,0,2,2,0,0,0,0,0,0,0,0,0,0,0,1,0,0,0,0,0,1,0,2,0,1,2,1,0,0,0,0,0,1,0,0,0,2
I2,2,2,0,0,0,0,2,0,1,0,0,1,0,1,0,0,0,0,1,1,1,2,0,1,0,0,0,2,0,2,1,2,0,0,0,2,0,0,0,0,0,2,0,2,0,0,0,0,0,0,0,0,0,2,0,0,0,0,0,0,1,2,1,0,2,0,0,0,1,0,0,0,1,0,0,1,0,0,0,2,1,1,2,0,1,0,1,0,0,0,0,0,1,2,0,0,0,0,2,0,0,0,2,1,0,0,1,2,0,1,0,0,0,0,0,1,2,0,2,0,0,1,0,1,0,1,2,0,2,2,2,1,0,0,0,1,0,1,0,0,1,2,0,0,0,0,0,0,0,0,0,0,1,0,0,0,0,0,0,1,2,0,0,0,2,2,0,0,0,0,0,2,0,0,0,0,0,1,1,0,0,0,0,1,0,2,0,1,2,1,2,0,0,0,0,1,0,0,0,2
I3,2,2,2,0,2,2,2,0,1,0,0,1,0,1,2,1,0,0,1,1,1,2,2,1,0,0,0,2,0,2,1,2,0,0,0,2,0,1,0,0,0,2,0,2,0,0,1,0,0,2,1,0,1,2,1,0,2,1,0,0,1,2,1,0,2,2,1,0,1,0,0,2,1,0,1,1,0,0,0,2,1,1,2,1,1,0,1,1,0,0,1,0,1,2,0,0,0,0,2,0,2,0,2,1,0,0,1,2,2,1,2,0,0,0,0,1,2,0,2,0,0,1,2,1,0,1,2,0,2,2,2,1,2,0,2,1,1,1,0,0,1,2,2,0,0,1,0,1,0,2,0,0,1,0,0,0,0,0,1,1,2,0,2,0,2,2,1,0,2,0,0,2,0,0,0,2,0,1,1,0,0,1,0,1,2,2,2,1,2,1,2,2,0,0,2,1,0,2,0,2
I4,2,2,2,0,2,2,2,2,1,2,0,1,0,1,2,1,0,1,1,1,1,2,2,1,0,0,2,2,1,2,1,2,0,0,0,2,0,1,0,0,0,2,0,2,0,0,1,2,0,2,1,0,1,2,1,0,2,1,0,1,1,2,1,0,2,2,1,0,1,0,0,2,1,0,1,1,0,0,0,2,1,1,2,1,1,0,1,1,0,1,1,2,1,2,0,0,0,0,2,1,2,0,2,1,1,0,1,2,2,1,2,1,0,0,0,1,2,0,2,2,0,1,2,1,0,1,2,0,2,2,2,1,2,2,2,1,1,1,2,0,1,2,2,2,0,1,0,1,0,2,2,0,1,0,0,0,0,1,1,1,2,0,2,1,2,2,1,1,2,0,1,2,0,0,0,2,1,1,1,2,0,1,0,1,2,2,2,1,2,1,2,2,0,0,2,1,2,2,0,2
216_6,2,2,2,0,2,2,2,2,1,2,2,1,0,1,2,1,1,1,1,1,1,2,2,1,0,0,2,2,1,2,1,2,0,0,0,2,0,1,0,1,0,2,0,2,0,2,1,2,0,2,1,0,1,2,1,0,2,1,0,1,1,2,1,0,2,2,1,0,1,2,1,2,1,0,1,1,0,0,0,2,1,1,2,1,1,0,1,1,0,1,1,2,1,2,0,0,0,1,2,1,2,2,2,1,1,0,1,2,2,1,2,1,0,0,0,1,2,2,2,2,1,1,2,1,0,1,2,0,2,2,2,1,2,2,2,1,1,1,2,0,1,2,2,2,0,1,0,1,2,2,2,0,1,1,0,0,0,1,1,1,2,0,2,1,2,2,1,1,2,0,1,2,2,0,1,2,1,1,1,2,1,1,2,1,2,2,2,1,2,1,2,2,0,0,2,1,2,2,0,2
216_5,2,2,2,0,2,2,2,2,1,2,0,1,0,1,2,1,0,1,1,1,1,2,2,1,0,0,2,2,1,2,1,2,0,0,0,2,0,1,0,0,2,2,2,2,0,0,1,2,0,2,1,0,1,2,1,0,2,1,0,1,1,2,1,0,2,2,1,0,1,2,0,2,1,0,1,1,0,0,0,2,1,1,2,1,1,2,1,1,1,1,1,2,1,2,0,0,0,2,2,1,2,0,2,1,1,0,1,2,2,1,2,1,2,0,0,1,2,0,2,2,0,1,2,1,0,1,2,0,2,2,2,1,2,2,2,1,1,1,2,0,1,2,2,2,0,1,0,1,0,2,2,0,1,0,0,0,0,1,1,1,2,0,2,1,2,2,1,1,2,0,1,2,0,0,0,2,1,1,1,2,0,1,1,1,2,2,2,1,2,1,2,2,0,2,2,1,2,2,0,2
I5,2,2,2,0,2,2,2,1,1,0,0,1,2,1,2,1,0,0,1,1,1,2,2,1,2,0,0,2,0,2,1,2,0,1,0,2,0,1,0,0,0,2,0,2,1,0,1,0,0,2,1,2,1,2,1,1,2,1,0,2,1,2,1,2,2,2,1,0,1,0,2,2,1,0,1,1,0,0,0,2,1,1,2,1,1,2,1,1,0,0,1,0,1,2,1,0,0,0,2,0,2,0,2,1,2,0,1,2,2,1,2,2,0,0,0,1,2,0,2,0,0,1,2,1,0,1,2,0,2,2,2,1,2,0,2,1,1,1,0,2,1,2,2,1,0,1,0,1,0,2,0,0,1,0,0,1,0,0,1,1,2,0,2,0,2,2,1,0,2,1,0,2,0,1,0,2,1,1,1,0,1,1,0,1,2,2,2,1,2,1,2,2,2,0,2,1,0,2,2,2
216_8,2,2,2,0,2,2,2,1,1,0,0,1,2,1,2,1,0,0,1,1,1,2,2,1,2,0,1,2,0,2,1,2,0,1,0,2,0,1,0,0,0,2,0,2,1,0,1,0,0,2,1,2,1,2,1,1,2,1,0,2,1,2,1,2,2,2,1,2,1,0,2,2,1,0,1,1,0,0,2,2,1,1,2,1,1,2,1,1,0,1,1,0,1,2,1,0,0,0,2,0,2,2,2,1,2,0,1,2,2,1,2,2,0,0,0,1,2,0,2,0,0,1,2,1,0,1,2,0,2,2,2,1,2,0,2,1,1,1,0,2,1,2,2,1,2,1,0,1,0,2,0,0,1,1,1,1,0,2,1,1,2,0,2,1,2,2,1,0,2,1,0,2,0,1,0,2,1,1,1,0,1,1,0,1,2,2,2,1,2,1,2,2,2,0,2,1,0,2,2,2
216_7,2,2,2,2,2,2,2,1,1,0,0,1,2,1,2,1,0,2,1,1,1,2,2,1,2,0,0,2,0,2,1,2,0,1,0,2,0,1,0,0,2,2,0,2,1,0,1,0,0,2,1,2,1,2,1,1,2,1,0,2,1,2,1,2,2,2,1,0,1,2,2,2,1,0,1,1,0,0,2,2,1,1,2,1,1,2,1,1,0,0,1,0,1,2,1,0,0,0,2,0,2,0,2,1,2,0,1,2,2,1,2,2,0,0,0,1,2,0,2,1,0,1,2,1,0,1,2,0,2,2,2,1,2,0,2,1,1,1,0,2,1,2,2,1,0,1,0,1,1,2,0,0,1,0,0,1,0,0,1,1,2,0,2,0,2,2,1,0,2,1,0,2,2,1,0,2,1,1,1,1,1,1,1,1,2,2,2,1,2,1,2,2,2,0,2,1,1,2,2,2
I6,2,2,0,0,1,0,2,1,1,0,0,1,0,1,2,1,0,0,1,1,1,2,0,1,0,0,2,2,1,2,1,2,2,0,0,2,0,0,0,0,2,2,0,2,2,0,0,0,0,0,0,0,2,2,0,0,2,0,0,1,1,2,1,0,2,0,0,1,1,2,2,0,1,0,0,1,2,0,2,2,1,1,2,0,1,1,1,0,0,0,0,0,1,2,0,0,0,0,2,2,0,0,2,1,0,1,1,2,0,1,0,0,0,1,1,1,2,1,2,0,0,1,2,1,0,1,2,0,2,2,2,1,0,1,0,1,0,1,0,0,1,2,0,0,2,0,0,0,1,0,0,0,1,0,0,0,1,0,0,1,2,0,0,0,2,2,0,0,0,0,0,2,0,1,0,1,0,1,1,0,0,1,2,1,0,2,0,1,2,1,2,0,2,0,0,1,0,0,0,2
I7,2,2,0,0,1,0,2,1,1,2,0,1,0,1,2,1,0,0,1,1,1,2,0,1,1,2,2,2,1,2,1,2,2,0,1,2,0,0,2,0,2,2,2,2,2,1,1,1,0,2,0,2,2,2,0,1,2,0,0,1,1,2,1,0,2,0,2,1,1,2,2,0,1,0,2,1,2,0,2,2,1,1,2,0,1,1,1,0,0,0,1,1,1,2,2,1,0,0,2,2,0,0,2,1,2,1,1,2,0,1,0,0,0,1,1,1,2,1,2,0,0,1,2,1,1,1,2,0,2,2,2,1,0,1,1,1,0,1,1,2,1,2,0,2,2,0,0,0,1,0,0,0,1,0,2,2,1,0,2,1,2,0,0,0,2,2,0,1,0,1,1,2,2,1,0,1,0,1,1,0,0,1,2,1,0,2,0,1,2,1,2,0,2,0,2,1,2,2,0,2
216_4,2,2,0,0,1,2,2,1,1,2,0,1,1,1,2,1,0,0,1,1,1,2,0,1,1,2,2,2,1,2,1,2,2,0,1,2,0,0,2,0,2,2,2,2,2,1,1,1,0,2,0,2,2,2,0,1,2,1,0,1,1,2,1,0,2,0,2,1,1,2,2,0,1,0,2,1,2,0,2,2,1,1,2,0,1,1,1,1,0,0,1,1,1,2,2,1,0,0,2,2,0,0,2,1,2,1,1,2,0,1,0,0,0,1,1,1,2,1,2,0,0,1,2,1,1,1,2,0,2,2,2,1,0,1,1,1,0,1,1,2,1,2,0,2,2,0,0,0,1,0,0,0,1,0,2,2,1,0,2,1,2,0,0,2,2,2,2,1,0,1,1,2,2,1,0,1,1,1,1,0,0,1,2,1,0,2,0,1,2,1,2,1,2,1,2,1,2,2,0,2
216_3,2,2,0,1,1,2,2,1,1,2,1,1,0,1,2,1,0,0,1,1,1,2,2,1,1,2,2,2,1,2,1,2,2,0,1,2,1,1,2,0,2,2,2,2,2,1,1,1,0,2,1,2,2,2,0,1,2,0,0,1,1,2,1,1,2,0,2,1,1,2,2,0,1,2,2,1,2,0,2,2,1,1,2,2,1,1,1,0,1,0,1,1,1,2,2,1,0,0,2,2,0,0,2,1,2,1,1,2,0,1,2,0,0,1,1,1,2,1,2,0,0,1,2,1,1,1,2,0,2,2,2,1,0,1,1,1,2,1,1,2,1,2,0,2,2,0,0,0,1,0,0,2,1,0,2,2,1,0,2,1,2,0,0,0,2,2,0,1,0,1,1,2,2,1,0,1,0,1,1,1,0,1,2,1,0,2,2,1,2,1,2,0,2,0,2,1,2,2,0,2
I8,2,2,0,2,1,2,2,1,1,0,0,1,0,1,2,1,0,0,1,1,1,2,0,1,2,0,2,2,1,2,1,2,2,1,0,2,0,1,0,0,2,2,0,2,2,0,0,0,0,2,0,0,2,2,0,2,2,0,0,1,1,2,1,0,2,0,0,1,1,2,2,0,1,0,0,1,2,1,2,2,1,1,2,0,1,1,1,0,0,0,0,0,1,2,2,0,2,0,2,2,0,1,2,1,0,1,1,2,2,1,0,0,0,1,1,1,2,1,2,0,0,1,2,1,0,1,2,0,2,2,2,1,0,1,0,1,0,1,0,0,1,2,0,0,2,0,0,2,1,0,0,0,1,1,0,0,1,2,0,1,2,0,1,0,2,2,0,0,0,0,0,2,0,1,0,1,0,1,1,0,1,1,2,1,0,2,0,1,2,1,2,0,2,2,1,1,0,2,0,2
216_2,2,2,0,2,1,2,2,1,1,2,0,1,0,1,2,1,0,0,1,1,1,2,2,1,2,0,2,2,1,2,1,2,2,1,2,2,0,1,0,0,2,2,0,2,2,0,0,0,0,2,1,0,2,2,0,2,2,0,0,1,1,2,1,0,2,0,2,1,1,2,2,0,1,2,0,1,2,1,2,2,1,1,2,0,1,1,1,0,0,0,0,0,1,2,2,0,2,0,2,2,0,1,2,1,0,1,1,2,2,1,0,0,0,1,1,1,2,1,2,0,0,1,2,1,0,1,2,1,2,2,2,1,0,1,2,1,0,1,0,2,1,2,2,0,2,0,0,2,1,0,0,1,1,1,1,0,1,2,0,1,2,0,1,2,2,2,0,0,0,0,0,2,0,1,0,1,0,1,1,0,1,1,2,1,1,2,0,1,2,1,2,1,2,2,1,1,1,2,2,2
216_1,2,2,1,2,1,2,2,1,1,0,0,1,2,1,2,1,0,0,1,1,1,2,0,1,2,2,2,2,1,2,1,2,2,1,2,2,2,1,0,0,2,2,0,2,2,0,0,2,0,2,1,0,2,2,0,2,2,0,0,1,1,2,1,0,2,0,0,1,1,2,2,2,1,2,0,1,2,1,2,2,1,1,2,1,1,1,1,0,0,0,0,0,1,2,2,1,2,0,2,2,0,1,2,1,0,1,1,2,2,1,0,0,0,1,1,1,2,1,2,0,0,1,2,1,1,1,2,0,2,2,2,1,0,1,0,1,2,1,1,0,1,2,2,0,2,0,0,2,1,0,0,1,1,1,0,0,1,2,0,1,2,0,1,0,2,2,2,0,0,0,2,2,0,1,0,1,0,1,1,1,1,1,2,1,0,2,2,1,2,1,2,0,2,2,1,1,1,2,0,2
I9,1,0,0,0,2,0,2,0,1,0,0,0,0,0,0,0,0,1,1,1,0,0,0,0,1,1,0,2,0,0,2,0,0,0,2,1,0,2,0,2,0,2,1,0,0,0,0,0,1,0,0,1,0,2,1,0,2,0,0,0,0,2,0,0,2,0,1,0,0,0,0,0,1,0,0,1,0,0,0,2,1,0,0,0,0,1,0,0,0,0,0,0,0,2,0,0,0,2,0,1,0,0,2,1,2,0,0,2,0,0,0,0,0,0,0,1,2,0,0,2,0,0,0,0,1,1,0,0,2,2,0,0,2,0,2,1,0,1,0,0,1,2,0,0,0,0,0,0,0,0,0,1,1,0,2,0,0,2,1,1,0,0,1,0,2,2,0,0,0,1,2,0,0,2,0,0,0,1,0,0,0,0,1,1,0,2,2,1,2,1,0,0,0,0,0,1,0,0,1,2
I10,1,1,0,0,2,0,2,0,1,1,0,0,2,0,0,0,0,1,1,1,0,0,0,0,1,1,0,2,0,0,2,1,0,0,2,1,0,2,2,2,0,2,1,0,0,1,2,0,1,0,2,1,0,2,1,0,2,0,2,2,2,2,0,0,2,0,1,1,2,0,0,0,1,2,1,1,0,0,0,2,1,1,0,0,0,1,0,0,0,0,0,1,2,2,2,0,2,2,0,1,2,0,2,1,2,1,2,2,1,0,0,1,2,0,0,1,2,0,1,2,1,0,2,0,1,1,0,1,2,2,0,0,2,2,2,1,1,1,1,0,1,2,2,2,0,0,0,0,2,0,0,1,1,2,2,0,0,2,1,1,2,0,1,0,2,2,0,0,0,1,2,0,0,2,0,0,0,1,1,0,0,0,1,1,0,2,2,1,2,1,2,0,1,0,2,1,1,0,1,2
216_12,1,1,0,1,2,2,2,0,1,1,0,0,2,2,2,2,0,1,1,1,1,2,1,1,1,1,1,2,2,2,2,1,2,0,2,1,0,2,2,2,2,2,1,2,1,1,2,0,1,1,2,1,0,2,1,0,2,0,2,2,2,2,0,1,2,0,1,1,2,0,0,2,1,2,1,1,0,0,1,2,1,1,0,0,0,1,2,1,1,0,1,1,2,2,2,0,2,2,0,1,2,0,2,1,2,1,2,2,1,1,2,1,2,2,0,1,2,0,1,2,1,0,2,2,1,1,2,1,2,2,2,0,2,2,2,1,1,1,1,0,1,2,2,2,2,0,0,2,2,0,1,1,1,2,2,0,0,2,1,1,2,1,1,2,2,2,0,1,1,1,2,1,0,2,0,2,2,1,1,1,0,0,1,1,1,2,2,1,2,1,2,0,1,0,2,1,1,0,1,2
I11,1,1,1,0,2,1,2,1,1,1,0,2,2,0,1,1,0,1,1,1,0,0,0,2,1,1,0,2,0,0,2,1,0,0,2,1,0,2,2,2,0,2,1,0,0,1,2,0,1,0,2,1,0,2,1,0,2,1,2,2,2,2,0,0,2,2,1,1,2,0,1,2,1,2,1,1,0,0,2,2,1,1,0,0,1,1,0,1,0,0,0,1,2,2,2,0,2,2,0,1,2,0,2,1,2,1,2,2,1,1,2,1,2,0,0,1,2,0,1,2,1,0,2,0,1,1,0,1,2,2,0,1,2,2,2,1,1,1,1,0,1,2,2,2,0,0,0,2,2,0,0,1,1,2,2,2,0,2,1,1,2,0,1,0,2,2,0,0,0,1,2,0,0,2,0,2,0,1,1,2,0,1,1,1,0,2,2,1,2,1,2,0,1,0,2,1,1,0,1,2
216_10,1,1,1,0,2,1,2,1,1,1,2,2,2,0,1,1,0,1,1,1,0,0,0,2,1,1,0,2,0,0,2,1,0,0,2,1,0,2,2,2,0,2,1,0,0,1,2,0,1,0,2,1,0,2,1,0,2,1,2,2,2,2,0,0,2,2,1,1,2,0,1,2,1,2,1,1,0,1,2,2,1,1,0,0,1,1,0,1,1,0,0,1,2,2,2,0,2,2,0,1,2,0,2,1,2,1,2,2,1,1,2,1,2,0,2,1,2,0,1,2,1,0,2,0,1,1,1,1,2,2,0,1,2,2,2,1,1,1,1,0,1,2,2,2,1,0,0,2,2,0,0,1,1,2,2,2,0,2,1,1,2,0,1,0,2,2,0,0,0,1,2,0,2,2,0,2,0,1,1,2,0,1,1,1,0,2,2,1,2,1,2,1,1,0,2,1,1,0,1,2
216_9,1,1,1,0,2,1,2,1,1,1,0,2,2,0,1,1,2,1,1,1,0,0,0,2,1,1,0,2,0,0,2,1,0,0,2,1,0,2,2,2,0,2,1,0,2,1,2,0,1,0,2,1,0,2,1,0,2,1,2,2,2,2,0,0,2,2,1,1,2,0,1,2,1,2,1,1,0,0,2,2,1,1,0,2,1,1,0,1,0,0,0,1,2,2,2,1,2,2,0,1,2,0,2,1,2,1,2,2,1,1,2,1,2,1,1,1,2,1,1,2,1,0,2,0,1,1,0,1,2,2,0,1,2,2,2,1,1,1,1,0,1,2,2,2,2,2,0,2,2,1,0,1,1,2,2,2,0,2,1,1,2,0,1,0,2,2,0,0,0,1,2,0,0,2,0,2,0,1,1,2,0,1,1,1,1,2,2,1,2,1,2,0,1,0,2,1,1,0,1,2
I12,1,1,2,2,2,0,2,0,1,0,0,0,2,0,1,0,2,1,1,1,2,0,0,0,1,1,0,2,0,0,2,2,2,1,2,1,0,2,1,2,0,2,1,0,0,0,0,2,1,0,2,1,1,2,1,0,2,1,0,0,0,2,1,2,2,0,1,0,1,0,0,2,1,2,0,1,2,0,0,2,1,2,0,0,0,1,0,0,0,1,2,0,1,2,0,0,0,2,0,1,0,0,2,1,2,0,1,2,0,0,0,0,0,0,0,1,2,0,1,2,0,0,0,0,1,1,0,0,2,2,0,0,2,0,2,1,0,1,1,0,1,2,0,0,0,2,0,1,0,0,2,1,1,0,2,0,0,2,1,1,1,0,1,2,2,2,0,0,0,1,2,1,2,2,1,0,0,1,0,0,0,1,1,1,0,2,2,1,2,1,0,0,2,0,0,1,0,0,1,2
I13,1,1,2,2,2,0,2,0,1,0,0,2,2,0,1,0,2,1,1,1,2,0,0,2,1,1,0,2,2,2,2,2,2,1,2,1,0,2,1,2,0,2,1,0,2,0,2,2,1,0,2,1,1,2,1,2,2,1,2,0,0,2,1,2,2,0,1,1,1,2,0,2,1,2,0,1,2,1,0,2,1,2,2,0,0,1,0,0,1,1,2,0,1,2,2,0,0,2,0,1,2,0,2,1,2,0,1,2,0,0,0,0,2,0,0,1,2,0,1,2,1,2,0,0,1,1,0,0,2,2,0,0,2,0,2,1,1,1,1,0,1,2,2,0,1,2,1,1,0,0,2,1,1,0,2,0,2,2,1,1,1,0,1,2,2,2,0,0,0,1,2,1,2,2,1,0,0,1,0,0,0,1,1,1,0,2,2,1,2,1,0,2,2,0,0,1,0,0,1,2
216_16,1,1,2,2,2,0,2,0,1,0,0,2,2,0,1,0,2,1,1,1,2,2,0,2,1,1,1,2,2,2,2,2,2,1,2,1,2,2,1,2,0,2,1,0,2,0,2,2,1,0,2,1,1,2,1,2,2,1,2,0,0,2,1,2,2,0,1,1,1,2,0,2,1,2,0,1,2,1,0,2,1,2,2,0,0,1,0,0,1,1,2,0,1,2,2,0,1,2,0,1,2,1,2,1,2,0,1,2,2,0,0,0,2,0,1,1,2,0,1,2,1,2,0,0,1,1,1,0,2,2,0,2,2,0,2,1,1,1,1,0,1,2,2,0,1,2,1,1,0,0,2,1,1,0,2,0,2,2,1,1,1,0,1,2,2,2,0,0,1,1,2,1,2,2,1,0,0,1,0,0,0,1,1,1,0,2,2,1,2,1,0,2,2,1,0,1,0,0,1,2
216_15,1,1,2,2,2,0,2,0,1,0,0,2,2,0,1,2,2,1,1,1,2,0,0,2,1,1,0,2,2,2,2,2,2,1,2,1,0,2,1,2,0,2,1,0,2,0,2,2,1,0,2,1,1,2,1,2,2,1,2,0,0,2,1,2,2,2,1,1,1,2,0,2,1,2,0,1,2,1,0,2,1,2,2,0,0,1,1,0,1,1,2,0,1,2,2,0,0,2,0,1,2,1,2,1,2,0,1,2,2,0,0,0,2,0,0,1,2,2,1,2,1,2,0,0,1,1,0,0,2,2,2,0,2,2,2,1,1,1,1,0,1,2,2,0,1,2,1,1,1,0,2,1,1,0,2,0,2,2,1,1,1,0,1,2,2,2,0,1,0,1,2,1,2,2,1,0,0,1,0,0,0,1,1,1,2,2,2,1,2,1,0,2,2,0,0,1,2,0,1,2
I14,1,1,2,2,2,0,2,1,1,0,1,1,2,0,1,1,2,1,1,1,2,0,0,0,1,1,2,2,0,0,2,2,2,1,2,1,0,2,1,2,0,2,1,0,0,0,0,2,1,2,2,1,1,2,1,0,2,1,0,1,1,2,1,2,2,2,1,0,1,0,0,2,1,2,0,1,2,0,0,2,1,2,0,0,1,1,0,0,0,1,2,0,1,2,0,0,0,2,0,1,2,0,2,1,2,1,1,2,0,2,2,0,2,0,0,1,2,0,1,2,0,0,2,0,1,1,0,1,2,2,0,0,2,0,2,1,0,1,1,0,1,2,0,1,0,2,1,1,0,0,2,1,1,2,2,0,0,2,1,1,1,1,1,2,2,2,2,0,0,1,2,1,2,2,1,0,0,1,0,0,0,1,1,1,0,2,2,1,2,1,1,0,2,0,0,1,0,0,1,2
216_14,1,1,2,2,2,0,2,1,1,0,1,1,2,0,1,1,2,1,1,1,2,0,0,0,1,1,2,2,0,2,2,2,2,1,2,1,1,2,1,2,0,2,1,0,0,0,1,2,1,2,2,1,1,2,1,2,2,1,0,1,1,2,1,2,2,2,1,2,1,1,1,2,1,2,0,1,2,0,0,2,1,2,0,0,1,1,0,0,0,1,2,0,1,2,2,0,0,2,0,1,2,1,2,1,2,1,1,2,0,2,2,0,2,1,0,1,2,0,1,2,0,0,2,2,1,1,0,1,2,2,1,2,2,0,2,1,0,1,1,2,1,2,1,1,0,2,1,1,0,0,2,1,1,2,2,0,1,2,1,1,1,1,1,2,2,2,2,0,0,1,2,1,2,2,1,0,0,1,0,0,0,1,1,1,0,2,2,1,2,1,1,0,2,0,0,1,0,0,1,2
216_13,1,1,2,2,2,0,2,1,1,0,1,1,2,0,1,1,2,1,1,1,2,0,0,0,1,1,2,2,0,0,2,2,2,1,2,1,1,2,1,2,0,2,1,0,1,0,0,2,1,2,2,1,1,2,1,0,2,1,0,1,1,2,1,2,2,2,1,0,1,2,0,2,1,2,0,1,2,0,0,2,1,2,0,0,1,1,2,0,0,1,2,0,1,2,0,0,0,2,0,1,2,0,2,1,2,1,1,2,0,2,2,0,2,1,0,1,2,0,1,2,0,0,2,0,1,1,0,1,2,2,0,0,2,2,2,1,2,1,1,0,1,2,0,1,0,2,1,1,0,0,2,1,1,2,2,2,0,2,1,1,1,1,1,2,2,2,2,0,0,1,2,1,2,2,1,0,1,1,0,0,0,1,1,1,0,2,2,1,2,1,1,0,2,0,0,1,0,0,1,2
I15,0,0,0,0,0,0,0,0,0,0,0,1,0,0,0,0,0,0,0,0,0,1,0,0,0,0,0,0,0,0,0,0,0,1,0,0,0,0,0,0,0,0,0,0,0,0,0,0,0,0,0,0,0,1,0,0,1,0,0,0,1,0,0,0,0,0,0,0,0,2,0,2,0,0,0,0,0,0,0,1,0,1,0,0,0,0,0,0,0,0,0,0,0,0,0,0,0,0,0,0,0,0,0,0,0,0,0,0,2,0,0,0,0,0,0,0,1,0,0,1,0,0,0,0,1,2,0,0,1,0,0,0,0,0,0,0,0,0,1,0,1,0,0,0,0,0,0,2,0,0,2,0,0,0,0,0,0,0,0,0,0,0,0,0,0,0,0,0,0,1,1,0,0,0,0,0,0,0,0,0,0,0,0,0,0,0,0,0,0,0,0,0,0,0,0,2,0,0,0,0
I16,0,0,0,0,0,0,0,0,0,0,0,1,0,0,1,2,2,0,0,2,0,1,0,0,2,0,0,0,0,0,0,0,1,1,2,0,0,0,0,0,0,0,0,1,0,0,0,2,0,0,0,0,0,1,0,0,1,0,0,0,1,0,0,0,1,0,0,0,1,2,0,2,2,0,0,0,0,0,0,1,0,1,2,1,0,0,0,0,0,0,0,0,0,0,0,0,0,0,1,1,0,0,0,0,0,0,0,0,2,0,0,0,0,0,2,0,1,1,0,1,2,0,0,0,1,2,0,0,1,0,0,0,0,0,0,1,0,0,1,0,1,2,0,2,0,0,2,2,2,0,2,2,0,0,0,0,0,0,0,0,0,1,0,2,0,2,0,0,0,1,1,0,0,0,1,2,0,0,2,1,0,0,0,0,0,1,0,0,0,0,2,0,0,1,1,2,0,0,1,0
I17,2,0,0,2,0,0,0,2,0,0,1,1,2,0,1,2,2,0,1,2,1,1,0,0,2,0,1,0,0,0,0,0,1,1,2,1,2,1,1,0,1,0,0,1,0,1,0,2,2,0,0,2,0,1,0,1,1,0,1,2,1,2,2,0,1,0,2,1,1,2,2,2,2,0,1,0,0,0,0,1,0,1,2,1,0,0,1,0,0,2,0,2,0,1,2,0,0,1,1,1,0,0,1,2,0,2,2,0,2,1,0,0,2,0,2,0,1,1,1,1,2,0,0,1,1,2,0,1,1,0,0,1,2,0,2,1,1,0,1,2,1,2,2,2,2,0,2,2,2,0,2,2,0,1,2,1,2,0,2,2,0,1,1,2,1,2,0,0,0,1,1,0,0,0,1,2,2,2,2,1,0,0,2,2,1,1,1,1,0,2,2,0,2,1,1,2,0,0,1,1
I18,2,1,0,2,0,0,0,2,0,0,1,1,2,0,1,2,2,0,1,2,1,1,0,0,2,0,1,1,0,0,1,0,1,1,2,1,2,1,1,0,1,0,1,1,2,1,0,2,2,0,0,2,0,1,0,1,1,2,1,2,1,2,2,0,1,1,2,1,1,2,2,2,2,0,1,2,0,0,0,1,0,1,2,1,0,0,1,2,2,2,1,2,0,1,2,1,0,1,1,1,0,1,1,2,0,2,2,0,2,1,0,0,2,0,2,0,1,1,1,1,2,0,0,1,1,2,0,1,1,0,0,1,2,0,2,1,1,1,1,2,1,2,2,2,2,2,2,2,2,0,2,2,0,1,2,1,2,1,2,2,2,1,1,2,1,2,0,0,0,1,1,0,0,0,1,2,2,2,2,1,0,1,2,2,1,1,1,1,0,2,2,0,2,1,1,2,0,0,1,1
216_34,2,1,0,2,0,0,0,2,0,0,1,1,2,0,1,2,2,0,1,2,1,1,0,0,2,0,1,1,0,0,1,0,1,1,2,1,2,1,1,0,1,0,1,1,2,1,0,2,2,0,0,2,0,1,0,1,1,2,1,2,1,2,2,0,1,1,2,1,1,2,2,2,2,0,1,2,0,0,0,1,0,1,2,1,0,0,1,2,2,2,1,2,0,1,2,1,1,1,1,1,0,1,1,2,0,2,2,0,2,1,0,0,2,0,2,0,1,1,1,1,2,0,0,1,1,2,0,1,1,0,0,1,2,0,2,1,1,1,1,2,1,2,2,2,2,2,2,2,2,0,2,2,0,1,2,1,2,1,2,2,2,1,1,2,1,2,1,0,0,1,1,0,2,0,1,2,2,2,2,1,0,1,2,2,1,1,1,1,0,2,2,0,2,1,1,2,0,0,1,1
216_33,2,1,0,2,0,0,0,2,0,0,1,1,2,0,1,2,2,0,1,2,1,1,0,0,2,0,1,1,0,0,1,0,1,1,2,1,2,1,1,0,1,0,1,1,2,1,0,2,2,0,0,2,0,1,0,1,1,2,1,2,1,2,2,0,1,1,2,1,1,2,2,2,2,0,1,2,1,0,0,1,0,1,2,1,0,0,1,2,2,2,1,2,0,1,2,1,0,1,1,1,0,1,1,2,0,2,2,0,2,1,0,0,2,0,2,0,1,1,1,1,2,0,0,1,1,2,0,1,1,0,0,1,2,0,2,1,1,1,1,2,1,2,2,2,2,2,2,2,2,0,2,2,0,1,2,1,2,1,2,2,2,1,1,2,1,2,0,0,0,1,1,0,0,0,1,2,2,2,2,1,0,1,2,2,1,1,1,1,0,2,2,0,2,1,1,2,0,0,1,1
I19,2,0,0,2,0,0,0,2,0,0,1,1,2,0,1,2,2,0,1,2,1,1,0,0,2,0,1,0,0,0,0,0,1,1,2,1,2,1,1,0,1,0,0,1,1,1,0,2,2,0,0,2,0,1,0,1,1,0,1,2,1,2,2,0,1,2,2,1,1,2,2,2,2,0,1,0,0,2,0,1,0,1,2,1,0,0,1,1,0,2,0,2,0,1,2,0,1,1,1,1,0,0,1,2,1,2,2,0,2,1,0,0,2,0,2,0,1,1,1,1,2,0,0,1,1,2,0,1,1,0,0,1,2,1,2,1,1,0,1,2,1,2,2,2,2,0,2,2,2,0,2,2,1,1,2,1,2,2,2,2,0,1,1,2,1,2,0,0,0,1,1,0,2,0,1,2,2,2,2,1,0,0,2,2,1,1,1,1,0,2,2,0,2,1,1,2,0,0,1,1
216_36,2,0,0,2,0,0,0,2,0,0,1,1,2,0,1,2,2,0,1,2,1,1,0,0,2,0,1,0,0,0,1,1,1,1,2,1,2,1,1,0,1,0,0,1,1,1,0,2,2,0,0,2,0,1,0,1,1,0,1,2,1,2,2,0,1,2,2,1,1,2,2,2,2,0,1,0,0,2,1,1,0,1,2,1,0,0,1,1,2,2,0,2,0,1,2,0,1,1,1,1,0,0,1,2,1,2,2,0,2,1,0,0,2,0,2,2,1,1,1,1,2,0,0,1,1,2,0,1,1,0,0,1,2,1,2,1,1,0,1,2,1,2,2,2,2,0,2,2,2,0,2,2,1,1,2,1,2,2,2,2,0,1,1,2,1,2,0,0,0,1,1,0,2,0,1,2,2,2,2,1,0,0,2,2,1,1,1,1,0,2,2,0,2,1,1,2,0,0,1,1
216_35,2,0,0,2,0,0,0,2,0,0,1,1,2,0,1,2,2,0,1,2,1,1,0,0,2,0,1,0,0,0,0,0,1,1,2,1,2,1,1,0,1,0,0,1,1,1,0,2,2,2,0,2,0,1,2,1,1,0,1,2,1,2,2,0,1,2,2,1,1,2,2,2,2,0,1,0,0,2,0,1,0,1,2,1,0,0,1,1,0,2,0,2,0,1,2,0,1,1,1,1,0,0,1,2,1,2,2,0,2,1,0,0,2,0,2,0,1,1,1,1,2,0,0,1,1,2,0,1,1,0,0,1,2,1,2,1,1,0,1,2,1,2,2,2,2,0,2,2,2,0,2,2,1,1,2,1,2,2,2,2,0,1,1,2,1,2,0,0,0,1,1,0,2,0,1,2,2,2,2,1,0,0,2,2,1,1,1,1,0,2,2,0,2,1,1,2,0,0,1,1
I20,2,1,0,0,0,1,0,2,2,0,0,1,0,0,1,2,2,1,2,2,2,1,1,0,2,0,2,2,0,0,1,0,1,1,2,0,1,1,1,0,2,2,0,1,1,0,2,2,2,0,0,0,2,1,0,0,1,1,0,1,1,0,2,2,1,2,0,1,1,2,1,2,2,0,0,1,2,0,0,1,2,1,2,1,0,0,1,1,1,0,2,1,0,0,0,0,0,1,1,1,0,0,1,1,0,1,2,0,2,1,0,0,1,1,2,1,1,1,0,1,2,1,2,0,1,2,0,0,1,0,0,1,0,0,0,1,2,0,1,0,1,2,0,2,0,0,2,2,2,2,2,2,0,0,0,1,1,1,0,0,1,1,0,2,0,2,1,0,0,1,1,1,1,2,1,2,1,2,2,1,0,1,0,0,2,1,0,0,0,1,2,0,2,1,1,2,0,0,1,0
I21,2,1,0,0,0,1,0,2,2,2,0,1,0,0,1,2,2,1,2,2,2,1,1,0,2,0,2,2,0,0,1,0,1,1,2,0,1,1,1,0,2,2,0,1,1,0,2,2,2,0,0,0,2,1,0,0,1,1,0,1,1,2,2,2,1,2,0,1,1,2,1,2,2,0,0,1,2,0,0,1,2,1,2,1,2,0,1,1,1,0,2,1,0,0,0,2,0,1,1,1,0,0,1,1,0,1,2,1,2,1,0,0,1,1,2,1,1,1,0,1,2,1,2,0,1,2,0,0,1,0,0,1,0,0,0,1,2,0,1,2,1,2,0,2,0,0,2,2,2,2,2,2,0,0,2,1,1,1,0,0,1,1,0,2,0,2,1,0,0,1,1,1,1,2,1,2,1,2,2,1,0,1,0,0,2,1,0,2,0,1,2,0,2,1,1,2,0,2,1,0
216_44,2,1,0,1,0,1,0,2,2,2,0,1,0,0,1,2,2,1,2,2,2,1,1,0,2,0,2,2,0,1,1,0,1,1,2,0,1,1,1,0,2,2,0,1,1,0,2,2,2,0,0,0,2,1,0,0,1,1,0,1,1,2,2,2,1,2,0,1,1,2,1,2,2,0,0,1,2,0,0,1,2,1,2,1,2,0,1,1,1,0,2,1,0,0,0,2,0,1,1,1,0,0,1,1,1,1,2,1,2,1,0,0,1,1,2,1,1,1,0,1,2,1,2,0,1,2,0,0,1,0,0,1,0,0,0,1,2,0,1,2,1,2,2,2,0,0,2,2,2,2,2,2,1,0,2,1,1,1,0,0,1,1,0,2,0,2,1,0,0,1,1,1,1,2,1,2,1,2,2,1,2,1,2,0,2,1,0,2,0,1,2,0,2,1,1,2,0,2,1,0
216_43,2,1,0,0,0,1,0,2,2,2,0,1,0,0,1,2,2,1,2,2,2,1,1,0,2,0,2,2,0,0,1,0,1,1,2,0,1,1,1,0,2,2,0,1,1,0,2,2,2,0,0,2,2,1,0,0,1,1,0,1,1,2,2,2,1,2,0,1,1,2,1,2,2,0,0,1,2,0,0,1,2,1,2,1,2,0,1,1,1,0,2,1,0,0,0,2,0,1,1,1,0,0,1,1,0,1,2,1,2,1,0,1,1,1,2,1,1,1,0,1,2,1,2,0,1,2,0,0,1,0,0,1,0,0,0,1,2,0,1,2,1,2,0,2,0,0,2,2,2,2,2,2,0,0,2,1,1,1,0,0,1,1,0,2,0,2,1,0,0,1,1,1,1,2,1,2,1,2,2,1,0,1,0,0,2,1,0,2,0,1,2,0,2,1,1,2,0,2,1,0
I22,2,1,0,0,0,1,0,2,2,0,0,1,0,0,1,2,2,1,2,2,2,1,1,0,2,0,2,2,1,1,1,0,1,1,2,0,1,1,1,0,2,2,0,1,1,2,2,2,2,0,0,0,2,1,0,0,1,1,0,1,1,2,2,2,1,2,0,1,1,2,1,2,2,0,1,1,2,0,0,1,2,1,2,1,0,0,1,1,1,0,2,1,0,0,0,1,0,1,1,1,0,0,1,1,0,1,2,0,2,1,0,0,1,1,2,1,1,1,0,1,2,1,2,1,1,2,0,0,1,2,0,1,0,1,0,1,2,0,1,0,1,2,0,2,0,0,2,2,2,2,2,2,0,0,0,1,1,1,0,0,1,1,0,2,0,2,1,0,0,1,1,1,1,2,1,2,1,2,2,1,0,1,0,0,2,1,0,0,1,1,2,0,2,1,1,2,0,0,1,0
216_46,2,1,0,0,0,1,0,2,2,0,0,1,0,0,1,2,2,1,2,2,2,1,1,0,2,0,2,2,1,1,1,0,1,1,2,0,1,1,1,2,2,2,2,1,1,2,2,2,2,0,0,0,2,1,0,0,1,1,0,1,1,2,2,2,1,2,0,1,1,2,1,2,2,0,1,1,2,0,1,1,2,1,2,1,0,0,1,1,1,0,2,1,0,0,0,1,0,1,1,1,0,0,1,1,0,1,2,0,2,1,1,0,1,1,2,1,1,1,0,1,2,1,2,1,1,2,0,0,1,2,2,1,0,1,0,1,2,0,1,0,1,2,0,2,0,0,2,2,2,2,2,2,0,0,2,1,1,1,0,0,1,1,0,2,0,2,1,0,0,1,1,1,1,2,1,2,1,2,2,1,0,1,0,0,2,1,0,1,1,1,2,0,2,1,1,2,0,0,1,0
216_45,2,1,2,0,0,1,0,2,2,0,2,1,0,0,1,2,2,1,2,2,2,1,1,0,2,0,2,2,1,1,1,0,1,1,2,0,1,1,1,0,2,2,0,1,1,2,2,2,2,0,0,0,2,1,0,0,1,1,0,1,1,2,2,2,1,2,0,1,1,2,1,2,2,0,1,1,2,0,1,1,2,1,2,1,0,0,1,1,1,0,2,1,0,0,0,1,2,1,1,1,2,0,1,1,0,1,2,0,2,1,1,2,1,1,2,1,1,1,0,1,2,1,2,1,1,2,0,0,1,2,0,1,0,1,0,1,2,0,1,0,1,2,0,2,2,0,2,2,2,2,2,2,0,0,0,1,1,1,1,0,1,1,0,2,0,2,1,0,2,1,1,1,1,2,1,2,1,2,2,1,1,1,0,1,2,1,0,0,1,1,2,0,2,1,1,2,0,0,1,0
I23,0,0,2,0,0,0,0,0,0,0,1,1,2,0,2,0,2,1,0,0,0,1,0,0,0,1,0,0,0,0,0,0,0,1,0,0,0,0,2,0,0,0,2,0,2,1,1,0,1,0,0,0,0,1,0,1,1,0,0,2,1,0,0,0,0,0,0,2,0,2,1,2,0,0,0,0,0,1,0,1,0,1,0,0,0,0,0,0,0,0,0,0,0,0,2,0,0,0,1,0,0,0,1,0,0,0,0,2,2,0,0,0,0,0,0,0,1,1,0,1,0,0,0,0,1,2,2,0,1,0,0,0,1,1,0,1,0,0,1,0,1,1,0,0,0,0,1,2,0,0,2,1,0,0,0,0,0,0,0,0,0,0,0,0,1,0,0,0,1,1,1,0,0,1,1,2,1,0,2,0,0,2,1,1,0,0,0,1,0,2,0,0,0,0,1,2,0,0,0,0
I24,0,0,2,0,0,0,0,0,1,0,1,1,2,0,2,0,2,1,1,2,0,1,1,1,2,1,0,0,2,0,1,0,0,1,0,0,0,0,2,0,0,2,2,0,2,1,1,0,1,2,0,2,2,1,0,1,1,0,0,2,1,0,0,1,0,2,0,2,1,2,1,2,0,2,0,0,1,1,0,1,0,1,0,0,0,2,0,0,0,0,1,0,0,0,2,0,0,0,1,1,0,0,1,2,0,0,0,2,2,0,0,0,0,0,2,0,1,1,0,1,0,0,0,0,1,2,2,0,1,0,0,0,1,1,0,1,2,0,1,0,1,1,2,0,0,0,1,2,2,0,2,1,0,0,0,0,0,0,2,1,0,0,0,0,1,0,0,0,1,1,1,1,0,1,1,2,1,0,2,0,0,2,1,1,0,2,0,1,2,2,0,0,0,0,1,2,0,2,0,0
I25,2,1,2,1,2,0,0,0,1,0,1,1,2,0,2,0,2,1,1,2,0,1,1,1,2,1,0,0,2,0,1,0,0,1,0,2,0,1,2,0,2,2,2,0,2,1,1,0,1,2,1,2,2,1,2,1,1,0,0,2,1,1,0,1,0,2,2,2,1,2,1,2,0,2,0,0,1,1,0,1,0,1,0,0,2,2,0,0,0,0,1,0,0,0,2,0,0,0,1,1,0,0,1,2,0,0,0,2,2,0,0,0,0,0,2,0,1,1,0,1,0,0,0,2,1,2,2,0,1,0,1,0,1,1,0,1,2,0,1,0,1,1,2,0,2,0,1,2,2,0,2,1,2,0,0,0,0,0,2,1,0,2,2,0,1,0,0,1,1,1,1,1,0,1,1,2,1,0,2,0,0,2,1,1,0,2,0,1,2,2,0,0,0,0,1,2,0,2,0,0
I26,2,1,2,1,2,0,0,0,1,1,1,1,2,0,2,0,2,1,1,2,1,1,1,1,2,1,0,1,2,2,1,0,0,1,0,2,0,1,2,1,2,2,2,0,2,1,1,2,1,2,1,2,2,1,2,1,1,0,2,2,1,1,0,1,0,2,2,2,1,2,1,2,0,2,0,0,1,1,0,1,0,1,0,0,2,2,0,0,0,0,1,0,0,0,2,0,0,2,1,1,0,2,1,2,0,0,0,2,2,0,0,0,0,0,2,0,1,1,0,1,0,0,1,2,1,2,2,0,1,2,1,0,1,1,2,1,2,0,1,0,1,1,2,0,2,0,1,2,2,0,2,1,2,0,0,0,0,0,2,1,0,2,2,0,1,0,0,1,1,1,1,1,0,1,1,2,1,2,2,0,0,2,1,1,0,2,0,1,2,2,0,0,0,0,1,2,1,2,0,0
216_20,2,1,2,1,2,0,1,0,1,1,1,1,2,0,2,0,2,1,1,2,1,1,1,1,2,1,0,1,2,2,1,0,0,1,0,2,0,1,2,1,2,2,2,0,2,1,1,2,1,2,1,2,2,1,2,1,1,1,2,2,1,1,0,1,1,2,2,2,1,2,1,2,0,2,0,0,1,1,2,1,0,1,0,0,2,2,0,0,0,1,1,0,0,2,2,0,0,2,1,1,0,2,1,2,0,0,0,2,2,0,0,1,2,0,2,2,1,1,0,1,0,0,1,2,1,2,2,0,1,2,1,0,1,1,2,1,2,0,1,0,1,1,2,0,2,0,1,2,2,1,2,1,2,2,0,0,1,0,2,1,1,2,2,0,1,0,2,1,1,1,1,1,0,1,1,2,1,2,2,1,0,2,1,1,0,2,0,1,2,2,1,0,0,0,1,2,1,2,0,0
216_19,2,1,2,1,2,0,0,2,1,1,1,1,2,0,2,0,2,1,1,2,1,1,1,1,2,1,0,1,2,2,1,0,0,1,0,2,0,1,2,1,2,2,2,0,2,1,1,2,1,2,1,2,2,1,2,1,1,0,2,2,1,1,0,1,0,2,2,2,1,2,1,2,0,2,0,0,1,1,0,1,0,1,0,0,2,2,0,0,0,0,1,0,0,0,2,0,2,2,1,1,0,2,1,2,0,0,0,2,2,0,0,0,0,0,2,0,1,1,0,1,0,0,1,2,1,2,2,0,1,2,1,0,1,1,2,1,2,0,1,0,1,1,2,0,2,0,1,2,2,0,2,1,2,2,0,0,0,1,2,1,1,2,2,2,1,2,0,1,1,1,1,1,0,1,1,2,1,2,2,0,0,2,1,1,0,2,0,1,2,2,0,0,1,0,1,2,1,2,0,0
I27,2,1,2,1,2,0,0,0,1,2,1,1,2,0,2,0,2,1,1,2,0,1,1,1,2,1,0,0,2,0,1,0,0,1,0,2,0,1,2,0,2,2,2,0,2,1,1,0,1,2,1,2,2,1,2,1,1,0,2,2,1,1,0,1,0,2,2,2,1,2,1,2,0,2,0,0,1,1,0,1,0,1,1,0,2,2,0,0,0,0,1,0,0,0,2,2,0,0,1,1,0,0,1,2,0,0,0,2,2,0,0,0,1,2,2,2,1,1,0,1,2,0,0,2,1,2,2,0,1,0,1,0,1,1,0,1,2,0,1,0,1,1,2,0,2,0,1,2,2,0,2,1,2,0,1,0,0,0,2,1,0,2,2,0,1,2,0,1,1,1,1,1,0,1,1,2,1,2,2,0,0,2,1,1,2,2,2,1,2,2,0,0,0,0,1,2,0,2,1,0
216_18,2,1,2,1,2,0,0,0,1,2,1,1,2,0,2,0,2,1,1,2,1,1,1,1,2,1,0,0,2,0,1,2,0,1,0,2,0,1,2,0,2,2,2,0,2,1,1,0,1,2,1,2,2,1,2,1,1,0,2,2,1,1,0,1,0,2,2,2,1,2,1,2,1,2,0,0,1,1,0,1,0,1,1,0,2,2,0,0,0,0,1,0,2,0,2,2,0,0,1,1,0,0,1,2,0,0,0,2,2,0,0,0,1,2,2,2,1,1,1,1,2,0,0,2,1,2,2,0,1,0,1,0,1,1,0,1,2,0,1,0,1,1,2,0,2,0,1,2,2,0,2,1,2,0,1,0,0,0,2,1,0,2,2,0,1,2,0,1,1,1,1,1,0,1,1,2,1,2,2,0,0,2,1,1,2,2,2,1,2,2,0,0,0,0,1,2,0,2,1,0
216_17,2,1,2,1,2,0,0,0,1,2,1,1,2,0,2,0,2,1,1,2,0,1,1,1,2,1,0,0,2,0,1,0,0,1,0,2,0,1,2,0,2,2,2,0,2,1,1,0,1,2,1,2,2,1,2,1,1,0,2,2,1,1,0,1,0,2,2,2,1,2,1,2,0,2,2,0,1,1,0,1,0,1,1,0,2,2,0,0,0,0,1,1,0,0,2,2,0,0,1,1,0,0,1,2,0,0,0,2,2,0,0,0,1,2,2,2,1,1,0,1,2,0,0,2,1,2,2,0,1,0,1,0,1,1,0,1,2,0,1,0,1,1,2,0,2,0,1,2,2,0,2,1,2,2,1,0,0,0,2,1,0,2,2,0,1,2,0,1,1,1,1,1,0,1,1,2,1,2,2,0,0,2,1,1,2,2,2,1,2,2,2,0,0,0,1,2,2,2,1,0
I28,2,1,2,0,0,0,0,0,1,0,1,1,2,0,2,0,2,1,1,2,0,1,1,1,2,1,0,0,2,0,1,0,0,1,0,1,0,1,2,0,0,2,2,0,2,1,1,0,1,2,0,2,2,1,0,1,1,0,0,2,1,0,0,1,0,2,1,2,1,2,1,2,0,2,0,0,1,1,1,1,0,1,2,0,0,2,0,0,0,0,1,0,0,1,2,1,0,0,1,1,0,0,1,2,0,0,0,2,2,0,0,0,0,0,2,0,1,1,0,1,0,0,0,1,1,2,2,1,1,0,0,0,1,1,0,1,2,1,1,0,1,1,2,2,0,0,1,2,2,0,2,1,0,0,0,0,0,0,2,1,1,0,0,1,1,0,0,2,1,1,1,1,0,1,1,2,1,0,2,0,0,2,1,1,0,2,0,1,2,2,0,0,0,0,1,2,1,2,0,0
I29,2,1,2,0,1,1,0,0,1,0,1,1,2,0,2,0,2,1,1,2,2,1,1,1,2,1,0,1,2,0,1,0,1,1,0,1,0,1,2,2,0,2,2,0,2,1,1,0,1,2,0,2,2,1,0,1,1,0,2,2,1,2,0,1,0,2,1,2,1,2,1,2,0,2,0,0,1,1,1,1,0,1,2,0,0,2,0,0,0,0,1,0,0,1,2,1,0,0,1,1,0,0,1,2,2,0,1,2,2,0,2,2,0,0,2,0,1,1,2,1,0,1,2,1,1,2,2,1,1,2,2,0,1,1,0,1,2,1,1,2,1,1,2,2,2,0,1,2,2,0,2,1,0,0,0,0,0,0,2,1,1,0,0,1,1,0,1,2,1,1,1,1,0,1,1,2,1,2,2,0,1,2,1,1,0,2,2,1,2,2,0,0,0,0,1,2,1,2,2,0
216_24,2,1,2,0,1,1,1,0,1,0,1,1,2,0,2,0,2,1,1,2,2,1,1,1,2,1,0,1,2,0,1,0,1,1,0,1,0,1,2,2,1,2,2,0,2,1,1,0,1,2,2,2,2,1,0,1,1,0,2,2,1,2,1,1,2,2,1,2,1,2,1,2,0,2,0,0,1,1,1,1,0,1,2,0,0,2,0,0,0,0,1,0,0,1,2,1,0,0,1,1,0,1,1,2,2,0,1,2,2,0,2,2,0,0,2,0,1,1,2,1,0,1,2,1,1,2,2,1,1,2,2,0,1,1,0,1,2,1,1,2,1,1,2,2,2,0,1,2,2,0,2,1,0,0,0,0,0,0,2,1,1,2,0,1,1,0,1,2,1,1,1,1,0,1,1,2,1,2,2,0,1,2,1,1,0,2,2,1,2,2,0,0,0,0,1,2,1,2,2,0
216_23,2,1,2,1,1,1,1,0,1,0,1,1,2,0,2,0,2,1,1,2,2,1,1,1,2,1,0,1,2,1,1,0,1,1,0,1,0,1,2,2,0,2,2,0,2,1,1,0,1,2,0,2,2,1,0,1,1,1,2,2,1,2,1,1,0,2,1,2,1,2,1,2,0,2,1,0,1,1,1,1,0,1,2,0,2,2,0,0,0,0,1,2,2,1,2,1,0,0,1,1,0,0,1,2,2,0,1,2,2,1,2,2,2,0,2,2,1,1,2,1,0,1,2,1,1,2,2,1,1,2,2,0,1,1,0,1,2,1,1,2,1,1,2,2,2,0,1,2,2,0,2,1,0,0,0,0,0,0,2,1,1,0,0,1,1,0,1,2,1,1,1,1,0,1,1,2,1,2,2,0,1,2,1,1,0,2,2,1,2,2,0,0,0,0,1,2,1,2,2,0
I30,2,1,2,0,0,0,0,0,1,0,1,1,2,0,2,2,2,1,1,2,1,1,1,1,2,1,0,1,2,0,1,0,0,1,0,1,0,1,2,0,0,2,2,0,2,1,1,0,1,2,0,2,2,1,0,1,1,1,0,2,1,0,0,1,1,2,1,2,1,2,1,2,0,2,2,0,1,1,1,1,0,1,2,0,0,2,0,0,2,1,1,0,1,1,2,1,0,0,1,1,0,0,1,2,0,0,0,2,2,0,0,0,0,0,2,0,1,1,0,1,0,0,0,1,1,2,2,1,1,0,0,0,1,1,0,1,2,1,1,0,1,1,2,2,0,2,1,2,2,1,2,1,2,1,0,0,0,1,2,1,1,1,0,1,1,0,2,2,1,1,1,1,0,1,1,2,1,0,2,0,0,2,1,1,0,2,0,1,2,2,0,0,0,0,1,2,1,2,0,0
216_22,2,1,2,0,0,0,0,0,1,0,1,1,2,0,2,2,2,1,1,2,1,1,1,1,2,1,0,1,2,0,1,0,2,1,0,1,0,1,2,0,0,2,2,0,2,1,1,0,1,2,0,2,2,1,0,1,1,1,0,2,1,0,0,1,1,2,1,2,1,2,1,2,0,2,2,0,1,1,1,1,0,1,2,0,2,2,0,0,2,1,1,0,1,1,2,1,0,0,1,1,2,0,1,2,0,0,0,2,2,0,0,0,1,0,2,0,1,1,0,1,0,0,2,1,1,2,2,1,1,0,0,0,1,1,0,1,2,1,1,0,1,1,2,2,0,2,1,2,2,1,2,1,2,1,0,0,0,1,2,1,1,1,2,1,1,0,2,2,1,1,1,1,0,1,1,2,1,0,2,0,0,2,1,1,0,2,1,1,2,2,0,0,0,0,1,2,1,2,0,0
216_21,2,1,2,0,0,0,0,1,1,0,1,1,2,0,2,2,2,1,1,2,1,1,1,1,2,1,0,1,2,0,1,0,0,1,0,1,0,1,2,1,0,2,2,0,2,1,1,0,1,2,0,2,2,1,0,1,1,1,0,2,1,0,0,1,1,2,1,2,1,2,1,2,0,2,2,0,1,1,1,1,0,1,2,0,0,2,0,0,2,1,1,2,1,1,2,1,0,0,1,1,2,0,1,2,0,1,0,2,2,0,0,0,0,2,2,0,1,1,0,1,0,0,0,1,1,2,2,1,1,0,0,0,1,1,0,1,2,1,1,0,1,1,2,2,0,2,1,2,2,1,2,1,2,1,0,0,1,1,2,1,1,1,0,1,1,0,2,2,1,1,1,1,0,1,1,2,1,0,2,0,1,2,1,1,0,2,0,1,2,2,1,0,0,0,1,2,1,2,0,0
I31,0,0,2,0,0,1,0,0,0,0,1,1,2,0,2,0,2,1,0,1,0,1,2,0,0,1,0,0,0,0,0,2,0,1,0,0,0,0,2,0,1,0,2,0,2,1,1,0,1,0,0,0,0,1,2,1,1,0,0,2,1,0,0,0,0,2,1,2,0,2,1,2,1,1,0,0,1,1,1,1,0,1,0,0,0,0,2,0,2,0,0,2,0,0,2,0,0,0,1,0,0,0,1,2,0,0,1,2,2,2,0,0,0,0,0,0,1,1,1,1,2,0,0,0,1,2,2,0,1,0,0,2,1,1,0,1,1,0,1,0,1,1,0,0,0,0,1,2,1,0,2,1,2,1,0,0,0,2,0,0,0,0,0,0,1,0,0,0,1,1,1,0,0,1,1,2,1,0,2,1,0,2,1,1,0,0,1,1,1,2,0,0,0,0,1,2,0,0,0,0
I32,1,2,2,2,0,1,2,0,0,2,1,1,2,0,2,2,2,1,0,1,0,1,2,1,0,1,0,0,1,0,2,2,0,1,0,0,2,0,2,0,1,2,2,0,2,1,1,2,1,0,2,0,2,1,2,1,1,0,0,2,1,0,1,0,0,2,1,2,0,2,1,2,1,1,0,0,1,1,1,1,2,1,0,0,0,2,2,1,2,0,0,2,2,2,2,2,0,0,1,0,0,1,1,2,2,0,1,2,2,2,0,0,0,2,0,0,1,1,1,1,2,0,1,1,1,2,2,2,1,0,0,2,1,1,2,1,1,0,1,0,1,1,0,2,0,0,1,2,1,0,2,1,2,1,0,0,0,2,0,0,0,1,0,0,1,0,2,0,1,1,1,0,1,1,1,2,1,0,2,1,0,2,1,1,0,1,1,1,1,2,0,2,1,0,1,2,2,0,0,0
I33,1,2,2,2,0,1,2,2,0,2,1,1,2,0,2,2,2,1,2,1,0,1,2,1,0,1,0,0,1,0,2,2,0,1,0,0,2,2,2,0,1,2,2,1,2,1,1,2,1,0,2,0,2,1,2,1,1,0,0,2,1,0,1,0,0,2,1,2,0,2,1,2,1,1,0,0,1,1,1,1,2,1,0,0,0,2,2,1,2,0,2,2,2,2,2,2,0,0,1,2,0,1,1,2,2,0,1,2,2,2,0,1,0,2,0,0,1,1,1,1,2,0,1,1,1,2,2,2,1,0,0,2,1,1,2,1,1,2,1,0,1,1,0,2,0,0,1,2,1,1,2,1,2,1,0,0,0,2,2,0,0,1,2,0,1,2,2,0,1,1,1,0,1,1,1,2,1,0,2,1,0,2,1,1,0,1,1,1,1,2,0,2,1,0,1,2,2,0,0,0
216_32,1,2,2,2,0,1,2,2,0,2,1,1,2,0,2,2,2,1,2,1,0,1,2,1,0,1,0,0,1,0,2,2,0,1,0,0,2,2,2,0,1,2,2,1,2,1,1,2,1,0,2,0,2,1,2,1,1,0,0,2,1,0,1,0,0,2,1,2,0,2,1,2,1,1,1,0,1,1,1,1,2,1,0,2,0,2,2,1,2,0,2,2,2,2,2,2,0,0,1,2,0,1,1,2,2,0,1,2,2,2,0,1,0,2,0,0,1,1,1,1,2,0,1,1,1,2,2,2,1,0,0,2,1,1,2,1,1,2,1,0,1,1,0,2,0,0,1,2,1,1,2,1,2,1,0,0,0,2,2,0,0,1,2,0,1,2,2,0,1,1,1,0,1,1,1,2,1,0,2,1,0,2,1,1,0,1,1,1,1,2,0,2,1,0,1,2,2,0,0,0
216_31,1,2,2,2,0,1,2,2,0,2,1,1,2,0,2,2,2,1,2,1,0,1,2,1,0,1,0,0,1,0,2,2,0,1,0,0,2,2,2,0,1,2,2,1,2,1,1,2,1,0,2,0,2,1,2,1,1,0,0,2,1,0,1,0,0,2,1,2,0,2,1,2,1,1,0,0,1,1,1,1,2,1,0,0,0,2,2,1,2,0,2,2,2,2,2,2,0,0,1,2,0,1,1,2,2,0,1,2,2,2,0,1,0,2,0,0,1,1,1,1,2,0,1,1,1,2,2,2,1,0,0,2,1,1,2,1,1,2,1,0,1,1,0,2,0,0,1,2,1,1,2,1,2,1,0,0,0,2,2,0,0,1,2,0,1,2,2,2,1,1,1,0,1,1,1,2,1,0,2,1,0,2,1,1,0,1,1,1,1,2,0,2,1,0,1,2,2,0,0,0
I34,1,2,2,2,0,1,2,0,0,2,1,1,2,0,2,2,2,1,0,1,0,1,2,1,0,1,0,0,1,0,2,2,0,1,0,1,2,0,2,0,1,2,2,0,2,1,1,2,1,0,2,1,2,1,2,1,1,0,1,2,1,0,1,0,0,2,1,2,0,2,1,2,1,1,1,0,1,1,1,1,2,1,0,0,0,2,2,1,2,0,0,2,2,2,2,2,0,0,1,2,1,1,1,2,2,0,1,2,2,2,2,0,0,2,0,0,1,1,1,1,2,0,1,1,1,2,2,2,1,0,0,2,1,1,2,1,1,0,1,0,1,1,0,2,0,0,1,2,1,0,2,1,2,1,0,0,0,2,0,0,0,1,2,0,1,0,2,0,1,1,1,0,1,1,1,2,1,0,2,1,0,2,1,1,0,1,1,1,1,2,0,2,1,0,1,2,2,0,0,0
216_30,1,2,2,2,0,1,2,0,0,2,1,1,2,0,2,2,2,1,0,1,0,1,2,1,0,1,0,0,1,0,2,2,2,1,0,1,2,0,2,0,1,2,2,1,2,1,1,2,1,0,2,1,2,1,2,1,1,2,1,2,1,0,1,0,0,2,1,2,0,2,1,2,1,1,1,0,1,1,1,1,2,1,0,0,0,2,2,1,2,0,2,2,2,2,2,2,0,0,1,2,1,1,1,2,2,0,1,2,2,2,2,0,0,2,0,0,1,1,1,1,2,0,1,1,1,2,2,2,1,1,0,2,1,1,2,1,1,0,1,0,1,1,0,2,0,0,1,2,1,2,2,1,2,1,0,0,0,2,0,0,0,1,2,0,1,0,2,0,1,1,1,2,1,1,1,2,1,0,2,1,0,2,1,1,0,1,1,1,1,2,0,2,1,1,1,2,2,0,0,0
216_29,1,2,2,2,0,1,2,0,2,2,1,1,2,0,2,2,2,1,0,1,0,1,2,1,0,1,0,0,1,0,2,2,0,1,0,1,2,0,2,0,1,2,2,0,2,1,1,2,1,0,2,1,2,1,2,1,1,0,1,2,1,2,1,0,0,2,1,2,0,2,1,2,1,1,1,0,1,1,1,1,2,1,0,0,0,2,2,1,2,0,0,2,2,2,2,2,0,0,1,2,1,1,1,2,2,0,1,2,2,2,2,0,0,2,0,0,1,1,1,1,2,0,1,1,1,2,2,2,1,1,0,2,1,1,2,1,1,0,1,0,1,1,0,2,0,0,1,2,1,0,2,1,2,1,0,1,0,2,0,0,0,1,2,0,1,0,2,1,1,1,1,0,1,1,1,2,1,0,2,1,0,2,1,1,0,1,1,1,1,2,0,2,1,0,1,2,2,0,0,0
I35,0,2,2,0,2,1,0,0,0,0,1,1,2,0,2,0,2,1,0,1,0,1,2,2,0,1,0,0,1,0,0,2,0,1,1,0,0,1,2,0,1,1,2,0,2,1,1,0,1,0,2,1,0,1,2,1,1,0,0,2,1,0,2,0,0,2,1,2,0,2,1,2,1,1,0,0,1,1,1,1,0,1,1,0,0,1,2,0,2,0,0,2,0,0,2,0,0,0,1,0,0,0,1,2,0,0,1,2,2,2,0,0,0,1,0,0,1,1,1,1,2,0,0,0,1,2,2,0,1,0,0,2,1,1,0,1,1,0,1,0,1,1,0,0,0,0,1,2,1,0,2,1,2,1,0,0,0,2,0,0,2,1,2,0,1,0,0,0,1,1,1,0,2,1,1,2,1,1,2,1,0,2,1,1,1,2,1,1,1,2,0,0,0,0,1,2,0,1,0,0
I36,0,2,2,0,2,1,0,0,0,0,1,1,2,0,2,0,2,1,0,1,0,1,2,2,0,1,0,1,1,1,2,2,0,1,1,1,1,1,2,0,1,1,2,0,2,1,1,2,1,0,2,1,0,1,2,1,1,0,0,2,1,0,2,0,1,2,1,2,0,2,1,2,1,1,0,2,1,1,1,1,1,1,1,0,0,1,2,0,2,0,0,2,0,0,2,0,1,2,1,0,2,0,1,2,0,0,1,2,2,2,0,0,0,1,0,0,1,1,1,1,2,0,0,0,1,2,2,0,1,0,0,2,1,1,0,1,1,0,1,0,1,1,0,0,0,0,1,2,1,0,2,1,2,1,0,0,0,2,0,0,2,1,2,0,1,0,2,2,1,1,1,0,2,1,1,2,1,1,2,1,0,2,1,1,1,2,1,1,1,2,0,0,0,2,1,2,1,1,0,0
216_28,0,2,2,0,2,1,2,0,0,0,1,1,2,0,2,0,2,1,0,1,0,1,2,2,0,1,0,1,1,1,2,2,0,1,1,1,1,1,2,2,1,1,2,0,2,1,1,2,1,0,2,1,0,1,2,1,1,0,0,2,1,0,2,0,1,2,1,2,0,2,1,2,1,1,0,2,1,1,1,1,1,1,1,0,0,1,2,0,2,0,0,2,0,0,2,0,1,2,1,0,2,0,1,2,0,0,1,2,2,2,0,0,2,1,0,0,1,1,1,1,2,0,0,0,1,2,2,0,1,0,0,2,1,1,0,1,1,0,1,0,1,1,0,0,0,0,1,2,1,0,2,1,2,1,0,0,1,2,0,0,2,1,2,0,1,0,2,2,1,1,1,0,2,1,1,2,1,1,2,1,0,2,1,1,1,2,1,1,1,2,0,0,0,2,1,2,1,1,1,0
216_27,0,2,2,0,2,1,0,0,0,0,1,1,2,0,2,0,2,1,0,1,0,1,2,2,0,1,2,1,1,1,2,2,0,1,1,1,1,1,2,0,1,1,2,0,2,1,1,2,1,0,2,1,0,1,2,1,1,0,0,2,1,1,2,0,1,2,1,2,0,2,1,2,1,1,0,2,1,1,1,1,1,1,1,0,1,1,2,0,2,0,1,2,0,0,2,2,1,2,1,0,2,0,1,2,0,0,1,2,2,2,0,0,0,1,0,0,1,1,1,1,2,0,0,0,1,2,2,0,1,0,0,2,1,1,0,1,1,0,1,0,1,1,2,0,0,0,1,2,1,0,2,1,2,1,0,0,0,2,0,2,2,1,2,0,1,0,2,2,1,1,1,0,2,1,1,2,1,1,2,1,0,2,1,1,1,2,1,1,1,2,0,0,1,2,1,2,1,1,0,0
I37,0,2,2,0,2,1,0,0,0,0,1,1,2,0,2,0,2,1,0,1,0,1,2,2,0,1,2,1,1,0,2,2,0,1,1,1,0,1,2,0,1,1,2,0,2,1,1,0,1,0,2,1,0,1,2,1,1,0,0,2,1,0,2,0,0,2,1,2,1,2,1,2,1,1,0,0,1,1,1,1,0,1,1,0,0,1,2,2,2,0,0,2,2,0,2,0,0,0,1,0,0,0,1,2,0,0,1,2,2,2,0,0,0,1,0,0,1,1,1,1,2,0,0,1,1,2,2,0,1,2,0,2,1,1,0,1,1,0,1,0,1,1,0,0,0,0,1,2,1,0,2,1,2,1,0,0,2,2,0,1,2,1,2,2,1,0,0,0,1,1,1,0,2,1,1,2,1,1,2,1,1,2,1,1,1,2,1,1,1,2,0,0,0,0,1,2,0,1,0,0
216_26,0,2,2,0,2,1,0,2,2,0,1,1,2,0,2,0,2,1,0,1,0,1,2,2,0,1,2,1,1,2,2,2,0,1,1,1,2,1,2,0,1,1,2,0,2,1,1,0,1,2,2,1,0,1,2,1,1,0,0,2,1,1,2,0,0,2,1,2,1,2,1,2,1,1,0,0,1,1,1,1,0,1,1,0,0,1,2,2,2,0,0,2,2,2,2,0,0,0,1,0,0,0,1,2,0,0,1,2,2,2,0,0,0,1,1,0,1,1,1,1,2,2,0,1,1,2,2,0,1,2,0,2,1,1,0,1,1,0,1,0,1,1,2,0,0,0,1,2,1,0,2,1,2,1,0,0,2,2,0,1,2,1,2,2,1,0,1,0,1,1,1,0,2,1,1,2,1,1,2,1,1,2,1,1,1,2,1,1,1,2,1,0,0,1,1,2,0,1,0,0
216_25,0,2,2,0,2,1,0,0,0,0,1,1,2,0,2,0,2,1,0,1,0,1,2,2,0,1,2,1,1,0,2,2,0,1,1,1,2,1,2,0,1,1,2,2,2,1,1,2,1,0,2,1,0,1,2,1,1,0,0,2,1,0,2,0,0,2,1,2,1,2,1,2,1,1,0,0,1,1,1,1,2,1,1,0,0,1,2,2,2,0,0,2,2,2,2,0,0,0,1,0,0,0,1,2,0,0,1,2,2,2,0,1,0,1,2,0,1,1,1,1,2,0,0,1,1,2,2,0,1,2,2,2,1,1,0,1,1,0,1,0,1,1,0,0,0,0,1,2,1,0,2,1,2,1,0,0,2,2,0,1,2,1,2,2,1,0,0,0,1,1,1,1,2,1,1,2,1,1,2,1,1,2,1,1,1,2,1,1,1,2,0,0,0,2,1,2,1,1,0,0
Evolve tree: [&R] ((((((216_25:0.14400000000000002,216_26:0.14400000000000002)I37:0.20400000000000001,(216_27:0.12,216_28:0.12)I36:0.228)I35:0.252,((216_29:0.114,216_30:0.114)I34:0.20400000000000001,(216_31:0.10200000000000001,216_32:0.10200000000000001)I33:0.216)I32:0.28200000000000003)I31:0.294,(((216_21:0.168,216_22:0.168)I30:0.198,(216_23:0.15,216_24:0.15)I29:0.216)I28:0.228,((216_17:0.15,216_18:0.15)I27:0.21,(216_19:0.15,216_20:0.15)I26:0.21)I25:0.234)I24:0.3)I23:0.264,(((216_45:0.114,216_46:0.114)I22:0.20400000000000001,(216_43:0.108,216_44:0.108)I21:0.21)I20:0.534,((216_35:0.066,216_36:0.066)I19:0.21,(216_33:0.03,216_34:0.03)I18:0.246)I17:0.5760000000000001)I16:0.306)I15:0.132,((((216_13:0.216,216_14:0.216)I14:0.294,(216_15:0.186,216_16:0.186)I13:0.324)I12:0.336,((216_9:0.15,216_10:0.15)I11:0.306,216_12:0.456)I10:0.39)I9:0.28800000000000003,(((216_1:0.252,216_2:0.252)I8:0.28800000000000003,(216_3:0.234,216_4:0.234)I7:0.306)I6:0.3,((216_7:0.186,216_8:0.186)I5:0.33,(216_5:0.17400000000000002,216_6:0.17400000000000002)I4:0.342)I3:0.324)I2:0.294)I1:0.156)I0:0;