[&R] ((((((216_17:2.308,216_18:0.308)210_13:6.984,216_23:2.293)132_5:0.006,((216_26:1.125,216_27:0.125)206_18:4.985,(216_24:1.538,216_25:2.538)211_21:2.573)172_10:3.187)83_3:0.702,(((216_28:0.124,216_29:1.124)190_18:2.472,216_31:1.596)149_13:4.263,216_33:7.859)90_5:2.141)42_2:0,((((216_9:3.193,216_10:0.193)190_5:1.014,216_12:3.207)145_5:0.007,((216_13:1.093,216_14:1.093)189_8:0.006,(216_15:0,216_16:0)189_9:1.099)147_7:5.115)91_2:3.463,(((216_1:0,216_2:0)210_1:1.01,(216_3:1.009,216_4:0.009)211_3:0.001)172_1:2.511,((216_5:0,216_6:0)212_5:1.216,(216_7:0,216_8:0)213_7:1.216)177_3:2.306)133_1:4.156)48_1:0.323)virtual:0)I0;
I0,0,0,0,0,0,0,0,0,0,0
virtual,0,0,0,0,0,0,0,0,0,0
48_1,0,0,0,0,0,0,0,0,0,0:0.68/1:0.32
133_1,0,0,0:0.11/2:0.89,0:0.11/2:0.89,0:0.11/2:0.89,0:0.11/1:0.89,0,0,0,0:0.08/1:0.92
177_3,0,0:0.09/1:0.91,0:0.01/2:0.99,0:0.01/2:0.99,0:0.01/2:0.99,0:0.01/1:0.99,0:0.09/1:0.91,0,0,0:0.01/1:0.99
213_7,0,1,2,2,2,1,1,0,1,1
216_8,0,1,2,2,2,1,1,0,1,1
216_7,0,1,2,2,2,1,1,0,1,1
212_5,0,1,2,2,2,1,1,0,2,1
216_6,0,1,2,2,2,1,1,0,2,1
216_5,0,1,2,2,2,1,1,0,2,1
172_1,0,0,2,2,2,1,2,0,2,1
211_3,0,0,2,2,2,1,2,0,2,1
216_4,0,0,2,2,2,1,2,0,2,1
216_3,0,1,2,2,2,1,2,0,2,1
210_1,0,1,2,2,2,1,2,0,2,1
216_2,0,1,2,2,2,1,2,0,2,1
216_1,0,1,2,2,2,1,2,0,2,1
91_2,0,0:0.06/1:0.94,0:0.06/1:0.94,0,0,0,0:0.06/1:0.94,0,0,0:0.04/1:0.96
147_7,0:0.02/2:0.98,1,1,0:0.02/1:0.98,0,0:0.02/1:0.98,1,0:0.02/2:0.98,0:0.02/2:0.98,1
189_9,2,1,1,1,1,1,1,2,2,1
216_16,2,1,1,1,1,1,1,2,2,1
216_15,2,1,1,1,1,1,1,2,2,1
189_8,0:0.02/2:0.98,1,1,0:0.02/1:0.98,0,0:0.02/1:0.98,1,0:0.02/2:0.98,0:0.02/2:0.98,1
216_14,2,1,1,1,1,1,1,2,2,1
216_13,2,1,1,1,2,1,1,2,2,1
145_5,0,0:0.06/1:0.94,0:0.06/1:0.94,0,0,0,0:0.06/1:0.94,0,0,0:0.04/1:0.96
216_12,2,1,1,0,1,1,1,0,0,1
190_5,0,0:0.01/1:0.99,0:0.01/1:0.99,0:0.16/1:0.84,0,0,0:0.01/1:0.99,0,0,0:0.01/1:0.99
216_10,0,1,1,1,0,0,1,0,0,1
216_9,0,1,1,1,2,1,1,0,2,1
42_2,0,0,0,0,0,0,0,0,0,0
90_5,0,0:0.46/1:0.54,0,0,0,0:0.46/1:0.54,0,0,0:0.46/2:0.54,0:0.46/1:0.54
216_33,1,1,1,2,2,1,2,1,2,1
149_13,0,0:0.06/1:0.94,0,0:0.12/1:0.88,0:0.12/1:0.88,0:0.06/1:0.94,0:0.12/1:0.88,0,0:0.06/2:0.94,0:0.06/1:0.94
216_31,0,1,0,1,1,1,1,1,2,1
190_18,0,1,0:0.05/1:0.95,0:0.01/1:0.99,0:0.01/1:0.99,1,0:0.01/1:0.99,0:0.05/2:0.95,2,1
216_29,1,1,1,1,1,1,1,2,2,1
216_28,0,1,1,1,1,1,1,2,2,1
83_3,0,0,0:0.3/1:0.7,0,0,0,0,0,0,0
172_10,0:0.26/1:0.74,0,0:0.08/1:0.92,0,0,0:0.26/1:0.74,0:0.26/1:0.74,0,0,0:0.26/1:0.74
211_21,0:0.04/1:0.96,0,0:0.01/1:0.99,0,0:0.17/2:0.83,0:0.04/1:0.96,0:0.04/1:0.96,0:0.17/1:0.83,0,0:0.04/1:0.96
216_25,1,1,1,2,2,1,1,1,0,1
216_24,1,0,1,1,2,1,1,1,0,1
206_18,0:0.01/1:0.99,0:0.02/1:0.98,1,0:0.02/1:0.98,0,0:0.01/1:0.99,0:0.01/1:0.99,0:0.02/2:0.98,0:0.02/2:0.98,0:0.01/1:0.99
216_27,1,1,1,1,0,1,1,2,2,1
216_26,1,1,1,1,2,1,1,2,2,1
132_5,0,0,0:0.29/1:0.71,0,0,0,0,0,0,0
216_23,2,1,1,0,0,0,0,0,0,0
210_13,0,0,0:0.01/1:0.99,0:0.04/2:0.96,0:0.04/1:0.96,0:0.04/1:0.96,0:0.04/1:0.96,0:0.04/1:0.96,0:0.04/1:0.96,0:0.04/1:0.96
216_18,0,0,1,2,1,1,1,1,1,1
216_17,2,1,1,2,1,1,1,1,1,1
