[&R] ((((((216_31:0,216_32:0)201_18:0,(216_29:0,216_30:0)202_17:0)162_8:2.466,((216_25:0,216_26:0)197_13:0,(216_27:0,216_28:0)204_18:0)163_7:2.466)122_4:2.759,(((216_17:0.128,216_18:1.128)203_9:2.725,216_20:2.853)166_5:4.364,((216_23:0,216_24:0)200_12:3.466,216_21:1.466)167_7:2.75)123_3:0.008)75_2:0.809,((((216_1:0.382,216_2:6.382)204_1:0.008,(216_3:0.11,216_4:1.11)205_3:5.28)170_1:2.172,((216_7:0,216_8:0)211_6:2.349,(216_5:0,216_6:0)212_5:1.349)171_3:4.213)124_1:0.469,(((216_11:0,216_12:0)206_8:0,(216_9:0,216_10:0)208_7:0)170_3:2.477,((216_13:0,216_14:0)210_11:1.68,216_16:2.68)173_7:0.797)127_3:5.554)77_1:0.003)32_1:0.966)I0;
I0,0,0,0,0,0,0,0,0,0,0
32_1,0,0:0.03/1:0.97,0,0,0,0,0,0,0,0
77_1,0,0:0.03/1:0.97,0,0,0,0,0,0,0,0
127_3,0:0.08/1:0.92,1,0:0.08/1:0.92,0:0.08/1:0.92,0:0.08/1:0.92,0:0.08/1:0.92,0,0,0,0:0.08/1:0.92
173_7,0:0.04/1:0.96,1,0:0.04/1:0.96,0:0.04/1:0.96,0:0.04/1:0.96,0:0.04/1:0.96,0,0:0.46/2:0.54,0,0:0.04/1:0.96
216_16,1,1,1,1,1,1,1,2,1,1
210_11,1,1,1,1,1,1,0,2,2,1
216_14,1,1,1,1,1,1,0,2,2,1
216_13,1,1,1,1,1,1,0,2,2,1
170_3,1,1,1,1,1,1,0,1,2,1
208_7,1,1,1,1,1,1,0,1,2,1
216_10,1,1,1,1,1,1,0,1,2,1
216_9,1,1,1,1,1,1,0,1,2,1
206_8,1,1,1,1,1,1,0,1,2,1
216_12,1,1,1,1,1,1,0,1,2,1
216_11,1,1,1,1,1,1,0,1,2,1
124_1,0,0:0.02/1:0.98,0,0,0,0,0:0.55/1:0.45,0,0,0
171_3,0:0.08/1:0.92,1,0,0,0,0:0.08/1:0.92,0:0.04/1:0.96,0:0.08/2:0.92,0,0:0.08/1:0.92
212_5,1,1,1,0,0,1,1,2,0,1
216_6,1,1,1,0,0,1,1,2,0,1
216_5,1,1,1,0,0,1,1,2,0,1
211_6,1,1,0,0,1,1,1,2,1,1
216_8,1,1,0,0,1,1,1,2,1,1
216_7,1,1,0,0,1,1,1,2,1,1
170_1,0:0.15/2:0.85,1,0,0,0:0.15/1:0.85,0,0:0.08/1:0.92,0,0,0
205_3,2,1,0:0.02/1:0.98,0:0.02/1:0.98,1,0:0.02/1:0.98,1,0,0:0.02/1:0.98,0:0.02/1:0.98
216_4,2,1,1,1,1,1,1,1,1,1
216_3,2,1,1,1,1,1,1,0,1,1
204_1,0:0.15/2:0.85,1,0,0,0:0.15/1:0.85,0,0:0.08/1:0.92,0,0,0
216_2,2,1,1,2,1,1,1,1,1,1
216_1,2,1,0,0,1,0,1,0,0,0
75_2,0,0:0.01/1:0.99,0,0,0,0,0,0,0,0:0.22/1:0.78
123_3,0,0:0.01/1:0.99,0,0,0,0,0,0,0,0:0.21/1:0.79
167_7,0:0.14/1:0.86,1,0,0,0,0:0.14/1:0.86,0,0:0.14/2:0.86,0,0:0.03/1:0.97
216_21,1,1,0,0,0,1,1,2,0,1
200_12,1,1,0,2,0,1,2,2,2,1
216_24,1,1,0,2,0,1,2,2,2,1
216_23,1,1,0,2,0,1,2,2,2,1
166_5,0:0.16/2:0.84,1,0,0:0.16/1:0.84,0:0.16/2:0.84,0:0.16/2:0.84,0:0.16/1:0.84,0,0,0:0.03/1:0.97
216_20,2,1,2,1,2,2,1,0,1,1
203_9,0:0.01/2:0.99,1,0,0:0.01/1:0.99,0:0.01/2:0.99,0:0.01/2:0.99,0:0.01/1:0.99,0:0.04/2:0.96,0:0.04/2:0.96,1
216_18,2,1,2,1,2,2,1,2,2,1
216_17,2,1,0,1,2,2,1,2,2,1
122_4,0,1,0,0,0,0:0.14/1:0.86,0:0.14/1:0.86,0,0:0.14/2:0.86,0:0.03/1:0.97
163_7,2,1,2,0,0,1,1,0,2,1
204_18,2,1,2,0,0,1,1,0,2,1
216_28,2,1,2,0,0,1,1,0,2,1
216_27,2,1,2,0,0,1,1,0,2,1
197_13,2,1,2,0,0,1,1,0,2,1
216_26,2,1,2,0,0,1,1,0,2,1
216_25,2,1,2,0,0,1,1,0,2,1
162_8,0,1,1,0,2,1,1,0,2,1
202_17,0,1,1,0,2,1,1,0,2,1
216_30,0,1,1,0,2,1,1,0,2,1
216_29,0,1,1,0,2,1,1,0,2,1
201_18,0,1,1,0,2,1,1,0,2,1
216_32,0,1,1,0,2,1,1,0,2,1
216_31,0,1,1,0,2,1,1,0,2,1
