[&R] (((((216_5:2.34,216_6:1.34)177_6:0.924,216_3:2.264)126_3:2.808,((216_7:4.842,216_8:2.842)180_8:0.384,216_9:2.227)127_5:0.845)69_3:0.012,216_2:5.084)19_1:1.916)I0;
I0,0,0,0,0,0,0,0,0,0,0
19_1,0,0:0.04/1:0.96,0,0,0,0,0:0.04/1:0.96,0,0,0
216_2,1,1,1,1,1,0,1,0,0,1
69_3,0,0:0.04/1:0.96,0,0,0,0,0:0.04/1:0.96,0,0,0
127_5,0:0.21/1:0.79,0:0.01/1:0.99,0,0,0,0,0:0.01/1:0.99,0,0,0
216_9,1,1,0,1,0,0,1,0,0,1
180_8,0:0.15/1:0.85,0:0.01/1:0.99,0:0.69/1:0.31,0,0,0,0:0.01/1:0.99,0,0,0
216_8,1,1,1,1,1,0,1,0,0,0
216_7,1,1,1,2,2,0,1,2,0,1
126_3,0,1,0:0.09/1:0.91,0:0.09/1:0.91,0,0,1,0,0,0:0.09/1:0.91
216_3,0,1,1,1,0,0,1,2,2,1
177_6,0,1,0:0.02/1:0.98,0:0.02/1:0.98,0,0,1,0,0:0.27/1:0.73,0:0.02/1:0.98
216_6,1,1,1,1,0,0,1,0,1,1
216_5,2,1,1,1,1,0,1,0,1,1
