165.0 262.0 23 151.0 276.0 132
151.0 276.0 132 152.0 289.0 185
152.0 289.0 185 149.0 270.0 216
152.0 289.0 185 143.0 291.0 216
151.0 276.0 132 142.0 285.0 180
142.0 285.0 180 123.0 254.0 216
142.0 285.0 180 141.0 314.0 216
165.0 262.0 23 175.0 260.0 68
175.0 260.0 68 192.0 237.0 137
192.0 237.0 137 141.0 209.0 198
141.0 209.0 198 144.0 192.0 216
141.0 209.0 198 133.0 210.0 216
192.0 237.0 137 215.0 228.0 193
215.0 228.0 193 223.0 219.0 216
215.0 228.0 193 206.0 231.0 216
175.0 260.0 68 170.0 256.0 134
170.0 256.0 134 158.0 254.0 193
158.0 254.0 193 151.0 236.0 216
158.0 254.0 193 166.0 270.0 216
170.0 256.0 134 122.0 244.0 192
122.0 244.0 192 121.0 236.0 216
122.0 244.0 192 101.0 255.0 216
