395.0 148.0 37 468.0 177.0 147
468.0 177.0 147 488.0 168.0 213
488.0 168.0 213 488.0 159.0 216
488.0 168.0 213 485.0 181.0 216
468.0 177.0 147 462.0 205.0 202
462.0 205.0 202 455.0 191.0 216
462.0 205.0 202 467.0 210.0 216
395.0 148.0 37 401.0 129.0 92
401.0 129.0 92 431.0 114.0 165
431.0 114.0 165 454.0 126.0 212
454.0 126.0 212 451.0 109.0 216
454.0 126.0 212 459.0 136.0 216
431.0 114.0 165 438.0 83.0 211
438.0 83.0 211 451.0 68.0 216
438.0 83.0 211 442.0 90.0 216
401.0 129.0 92 430.0 143.0 155
430.0 143.0 155 500.0 113.0 216
430.0 143.0 155 441.0 151.0 216
