285.0 389.0 61 281.0 386.0 123
281.0 386.0 123 298.0 372.0 172
298.0 372.0 172 310.0 364.0 215
310.0 364.0 215 304.0 361.0 216
310.0 364.0 215 320.0 365.0 216
298.0 372.0 172 297.0 379.0 214
297.0 379.0 214 291.0 372.0 216
297.0 379.0 214 302.0 381.0 216
281.0 386.0 123 267.0 400.0 169
267.0 400.0 169 273.0 391.0 216
267.0 400.0 169 261.0 417.0 213
261.0 417.0 213 252.0 417.0 216
261.0 417.0 213 266.0 425.0 216
285.0 389.0 61 293.0 394.0 114
293.0 394.0 114 295.0 386.0 161
295.0 386.0 161 312.0 371.0 208
312.0 371.0 208 296.0 363.0 216
312.0 371.0 208 319.0 373.0 216
295.0 386.0 161 295.0 394.0 207
295.0 394.0 207 286.0 389.0 216
295.0 394.0 207 305.0 393.0 216
293.0 394.0 114 279.0 412.0 161
279.0 412.0 161 272.0 417.0 203
272.0 417.0 203 272.0 407.0 216
272.0 417.0 203 282.0 432.0 216
279.0 412.0 161 293.0 413.0 202
293.0 413.0 202 283.0 403.0 216
293.0 413.0 202 313.0 419.0 216
