[&R] ((((((216_17:0,216_18:0)184_10:2.075,(216_19:2.068,216_20:1.068)185_12:0.006)138_5:1.942,((216_21:2,216_22:0)183_12:0,(216_23:1.027,216_24:0.027)183_13:0.973)138_6:0.017)93_3:0.003,(((216_29:0,216_30:0)193_22:0,(216_31:0,216_32:0)194_24:0)148_12:1.009,((216_25:0,216_26:0)194_20:0.007,(216_27:0.041,216_28:1.041)195_22:0.965)149_11:0.002)98_5:2.011)54_2:3.933,((((216_1:0,216_2:0)205_1:1.01,(216_3:0.008,216_4:1.008)205_2:0.002)162_1:2.181,(216_5:0.049,216_6:1.049)208_5:2.142)114_1:0.01,((216_13:0,216_14:0)191_9:0,(216_15:0,216_16:0)200_11:0)144_5:4.201)57_1:4.752)6_1:0.046)I0;
I0,0,0,0,0,0,0,0,0,0,0
6_1,0,0,0:0.95/2:0.05,0,0,0,0,0,0,0
57_1,0:0.04/1:0.96,0,0:0.04/2:0.96,0:0.04/2:0.96,0:0.04/1:0.96,0,0:0.04/1:0.96,0,0,0
144_5,1,1,2,2,1,1,1,1,0,1
200_11,1,1,2,2,1,1,1,1,0,1
216_16,1,1,2,2,1,1,1,1,0,1
216_15,1,1,2,2,1,1,1,1,0,1
191_9,1,1,2,2,1,1,1,1,0,1
216_14,1,1,2,2,1,1,1,1,0,1
216_13,1,1,2,2,1,1,1,1,0,1
114_1,0:0.04/1:0.96,0,0:0.04/2:0.96,0:0.04/2:0.96,0:0.04/1:0.96,0,0:0.04/1:0.96,0,0,0
208_5,1,0:0.02/2:0.98,2,2,1,0,1,0:0.02/1:0.98,0,0
216_6,1,2,2,2,1,0,1,1,2,0
216_5,1,2,2,2,1,0,1,1,0,0
162_1,1,0,2,2,1,0,1,2,1,0
205_2,1,0,2,2,1,0,1,2,1,0
216_4,1,1,2,2,1,0,1,2,1,0
216_3,1,0,2,2,1,0,1,2,1,0
205_1,1,0,2,2,1,2,1,2,1,0
216_2,1,0,2,2,1,2,1,2,1,0
216_1,1,0,2,2,1,2,1,2,1,0
54_2,0,0:0.01/2:0.99,2,0:0.01/1:0.99,0,0,0,0,0:0.01/1:0.99,0
98_5,1,2,2,1,0,0,0,1,1,0
149_11,1,2,2,1,0,0,0,1,1,0
195_22,1,2,2,1,0,0:0.04/1:0.96,0,1,1,0
216_28,1,2,2,1,0,1,1,1,1,0
216_27,1,2,2,1,0,1,0,1,1,0
194_20,1,2,2,1,0,0,0,1,1,0
216_26,1,2,2,1,0,0,0,1,1,0
216_25,1,2,2,1,0,0,0,1,1,0
148_12,1,2,2,1,0,0,0,1,1,1
194_24,1,2,2,1,0,0,0,1,1,1
216_32,1,2,2,1,0,0,0,1,1,1
216_31,1,2,2,1,0,0,0,1,1,1
193_22,1,2,2,1,0,0,0,1,1,1
216_30,1,2,2,1,0,0,0,1,1,1
216_29,1,2,2,1,0,0,0,1,1,1
93_3,0,2,2,1,0,0,0,0,1,0
138_6,0,2,2,1,0,0,0,0,1,0
183_13,0,2,2,1,0,0,0,0,1,0:0.03/1:0.97
216_24,0,2,2,1,0,0,0,0,1,1
216_23,1,2,2,1,0,0,0,0,1,1
183_12,0,2,2,1,0,0,0,0,1,0
216_22,0,2,2,1,0,0,0,0,1,0
216_21,0,2,2,1,0,0,0,1,1,2
138_5,0,2,2,1,0,0,0,0:0.04/2:0.96,1,0:0.04/1:0.96
185_12,0,2,2,1,0,0,0,0:0.03/2:0.97,1,0:0.03/1:0.97
216_20,0,2,2,1,0,1,0,2,1,1
216_19,1,2,2,1,0,2,0,2,1,1
184_10,0,2,2,1,1,0,2,2,1,1
216_18,0,2,2,1,1,0,2,2,1,1
216_17,0,2,2,1,1,0,2,2,1,1
