[&R] ((((((216_17:0,216_18:0)184_10:2.401,(216_19:0,216_20:0)185_12:1.401)138_5:0.708,((216_21:1.049,216_22:0.049)183_12:1.104,(216_23:0.206,216_24:2.206)183_13:0.947)138_6:0.956)93_3:1.025,(((216_29:0,216_30:0)193_22:0,(216_31:0,216_32:0)194_24:0)148_12:2.079,((216_25:0,216_26:1)194_20:0,(216_27:0,216_28:0)195_22:0)149_11:0.079)98_5:1.056)54_2:3.866,((((216_1:0,216_2:0)205_1:1.022,(216_3:0.035,216_4:1.035)205_2:0.987)162_1:0.005,(216_5:0,216_6:0)208_5:2.027)114_1:2.236,((216_13:0,216_14:0)191_9:0,(216_15:0,216_16:0)200_11:0)144_5:1.263)57_1:2.737)6_1:0)I0;
I0,0,0,0,0,0,0,0,0,0,0
6_1,0,0,0,0,0,0,0,0,0,0
57_1,0,0,0,0:0.09/2:0.91,0:0.09/1:0.91,0,0,0,0,0:0.09/2:0.91
144_5,0,0,1,2,1,0,0,0,0,2
200_11,0,0,1,2,1,0,0,0,0,2
216_16,0,0,1,2,1,0,0,0,0,2
216_15,0,0,1,2,1,0,0,0,0,2
191_9,0,0,1,2,1,0,0,0,0,2
216_14,0,0,1,2,1,0,0,0,0,2
216_13,0,0,1,2,1,0,0,0,0,2
114_1,0,0:0.01/2:0.99,0,2,1,0,0,0:0.01/2:0.99,0,2
208_5,1,2,0,2,1,1,0,2,0,2
216_6,1,2,0,2,1,1,0,2,0,2
216_5,1,2,0,2,1,1,0,2,0,2
162_1,0,0:0.01/2:0.99,0,2,1,0,0,0:0.01/2:0.99,0,2
205_2,0,2,0:0.03/1:0.97,2,1,0,0,2,0,2
216_4,0,2,1,2,1,0,1,2,0,2
216_3,0,2,1,2,1,0,0,2,0,2
205_1,0,2,0,2,1,0,0,2,2,2
216_2,0,2,0,2,1,0,0,2,2,2
216_1,0,2,0,2,1,0,0,2,2,2
54_2,0:0.03/1:0.97,0:0.03/1:0.97,0,0,0,0:0.03/1:0.97,0:0.03/2:0.97,0,0,0
98_5,1,1,0,0,0:0.07/2:0.93,1,2,0,0,0
149_11,1,1,0,0,2,1,2,0,0,0
195_22,1,1,0,0,2,1,2,0,0,0
216_28,1,1,0,0,2,1,2,0,0,0
216_27,1,1,0,0,2,1,2,0,0,0
194_20,1,1,0,0,2,1,2,0,0,0
216_26,1,1,2,0,2,1,2,0,0,0
216_25,1,1,0,0,2,1,2,0,0,0
148_12,1,1,2,0,2,1,2,0,0,2
194_24,1,1,2,0,2,1,2,0,0,2
216_32,1,1,2,0,2,1,2,0,0,2
216_31,1,1,2,0,2,1,2,0,0,2
193_22,1,1,2,0,2,1,2,0,0,2
216_30,1,1,2,0,2,1,2,0,0,2
216_29,1,1,2,0,2,1,2,0,0,2
93_3,1,1,0:0.1/1:0.9,0,0,1,2,0,0,0
138_6,1,1,0:0.01/1:0.99,0,0,1,2,0,0,0:0.14/1:0.86
183_13,1,1,1,0,0,1,2,0,0:0.18/2:0.82,0:0.02/1:0.98
216_24,1,1,1,0,2,1,2,1,2,1
216_23,1,1,1,0,0,1,2,0,2,1
183_12,1,1,1,0:0.04/1:0.96,0,1,2,0,0,0:0.01/1:0.99
216_22,1,1,1,1,0,1,2,0,0,1
216_21,1,1,1,1,0,1,2,1,0,1
138_5,1,1,0:0.03/1:0.97,0,0:0.36/1:0.64,1,2,0,0,0
185_12,1,1,1,1,1,1,2,0,0,0
216_20,1,1,1,1,1,1,2,0,0,0
216_19,1,1,1,1,1,1,2,0,0,0
184_10,1,1,1,2,1,1,2,0,0,1
216_18,1,1,1,2,1,1,2,0,0,1
216_17,1,1,1,2,1,1,2,0,0,1
