[&R] ((((((216_17:0,216_18:0)184_10:1.035,(216_19:0,216_20:0)185_12:0.035)138_5:1.269,((216_21:0,216_22:0)183_12:1.01,(216_23:0.007,216_24:1.007)183_13:0.003)138_6:2.295)93_3:2.23,(((216_29:0,216_30:0)193_22:1.049,(216_31:0,216_32:0)194_24:0.049)148_12:1.103,((216_25:0,216_26:0)194_20:3.12,(216_27:1.039,216_28:0.039)195_22:0.081)149_11:1.032)98_5:3.381)54_2:1.508,((((216_1:0,216_2:0)205_1:1.009,(216_3:0,216_4:0)205_2:0.01)162_1:0.996,(216_5:2.078,216_6:0.078)208_5:1.928)114_1:0.034,((216_13:0,216_14:0)191_9:1.035,(216_15:0,216_16:0)200_11:0.035)144_5:5.004)57_1:0.003)6_1:0.958)I0;
I0,0,0,0,0,0,0,0,0,0,0
6_1,0,0,0,0:0.04/2:0.96,0,0,0,0,0,0
57_1,0,0,0,0:0.04/2:0.96,0,0,0,0,0,0
144_5,0:0.01/1:0.99,0,0,2,0,0:0.01/2:0.99,0:0.01/2:0.99,0,0:0.01/2:0.99,0:0.01/1:0.99
200_11,1,0,0,2,0,2,2,0,2,1
216_16,1,0,0,2,0,2,2,0,2,1
216_15,1,0,0,2,0,2,2,0,2,1
191_9,1,2,0,2,0,2,2,0,2,1
216_14,1,2,0,2,0,2,2,0,2,1
216_13,1,2,0,2,0,2,2,0,2,1
114_1,0,0,0,0:0.01/2:0.99,0,0,0,0,0,0
208_5,0,0:0.04/1:0.96,0,2,0:0.04/1:0.96,0,0,0,0,0
216_6,0,1,0,2,1,0,0,0,0,0
216_5,0,1,2,2,1,0,2,0,0,0
162_1,0:0.01/2:0.99,0,0,2,0,0,0,0,0,0
205_2,2,0,0,2,0,0,0,0,0,0
216_4,2,0,0,2,0,0,0,0,0,0
216_3,2,0,0,2,0,0,0,0,0,0
205_1,2,0,2,2,0,0,0,0,0,0
216_2,2,0,2,2,0,0,0,0,0,0
216_1,2,0,2,2,0,0,0,0,0,0
54_2,0,0,0,0:0.01/2:0.99,0,0,0:0.26/2:0.74,0,0,0:0.26/2:0.74
98_5,0:0.04/2:0.96,0,0,2,0:0.04/1:0.96,0,0:0.01/2:0.99,0,0:0.04/2:0.96,0:0.01/2:0.99
149_11,2,0,0:0.1/2:0.9,2,1,0,2,0,2,2
195_22,2,0,0:0.03/2:0.97,2,1,0,2,0,2,2
216_28,2,0,2,2,1,0,2,0,2,2
216_27,2,0,2,2,1,0,2,2,2,2
194_20,2,1,2,2,1,1,2,1,2,2
216_26,2,1,2,2,1,1,2,1,2,2
216_25,2,1,2,2,1,1,2,1,2,2
148_12,2,0,0,2,1,0:0.04/1:0.96,2,0,2,2
194_24,2,0,0,2,1,1,2,0,2,2
216_32,2,0,0,2,1,1,2,0,2,2
216_31,2,0,0,2,1,1,2,0,2,2
193_22,2,0,0,2,1,1,2,2,2,2
216_30,2,0,0,2,1,1,2,2,2,2
216_29,2,0,0,2,1,1,2,2,2,2
93_3,0,0:0.12/2:0.88,0,2,0:0.12/2:0.88,0,0:0.03/2:0.97,0,0,0:0.03/2:0.97
138_6,0,2,2,2,2,0,2,1,0,2
183_13,0,2,2,2,2,0,2,1,0,2
216_24,0,2,2,2,2,1,2,1,0,2
216_23,0,2,2,2,2,0,2,1,0,2
183_12,2,2,2,2,2,0,2,1,0,2
216_22,2,2,2,2,2,0,2,1,0,2
216_21,2,2,2,2,2,0,2,1,0,2
138_5,0,2,0,2,2,0,2,0:0.03/2:0.97,0,2
185_12,0,2,0,2,2,0,2,2,0,2
216_20,0,2,0,2,2,0,2,2,0,2
216_19,0,2,0,2,2,0,2,2,0,2
184_10,0,2,1,2,2,0,2,2,0,2
216_18,0,2,1,2,2,0,2,2,0,2
216_17,0,2,1,2,2,0,2,2,0,2
