[&R] ((((((216_17:0,216_18:0)184_10:0,(216_19:0,216_20:0)185_12:0)138_5:2.06,((216_21:0.001,216_22:1.001)183_12:0,(216_23:0,216_24:0)183_13:0.001)138_6:0.059)93_3:0.946,(((216_29:1.047,216_30:0.047)193_22:0.955,(216_31:0,216_32:0)194_24:0.002)148_12:0,((216_25:0,216_26:0)194_20:0.049,(216_27:0,216_28:0)195_22:1.049)149_11:1.953)98_5:0.003)54_2:5.098,((((216_1:0,216_2:0)205_1:2.012,(216_3:0,216_4:0)205_2:1.012)162_1:0.002,(216_5:0,216_6:0)208_5:2.013)114_1:1.083,((216_13:0.025,216_14:1.025)191_9:1.011,(216_15:0,216_16:0)200_11:0.036)144_5:3.061)57_1:0.007)6_1:0.897)I0;
I0,0,0,0,0,0,0,0,0,0,0
6_1,0,0:0.1/1:0.9,0,0,0,0,0,0,0,0
57_1,0,0:0.1/1:0.9,0,0,0,0,0,0,0,0
144_5,0,1,0:0.01/1:0.99,0,0:0.01/2:0.99,0,0,0:0.01/1:0.99,0,0
200_11,0,1,1,0,2,0,0,1,0,0
216_16,0,1,1,0,2,0,0,1,0,0
216_15,0,1,1,0,2,0,0,1,0,0
191_9,0:0.02/1:0.98,1,1,0,2,0,0,1,0,0
216_14,1,1,1,0,2,0,2,1,0,0
216_13,1,1,1,0,2,0,0,1,0,0
114_1,0,1,0,0,0,0,0,0,0,0:0.01/2:0.99
208_5,1,1,0,0,0,1,0,0,0,2
216_6,1,1,0,0,0,1,0,0,0,2
216_5,1,1,0,0,0,1,0,0,0,2
162_1,0,1,0,0,0,0,0,0,0,0:0.01/2:0.99
205_2,0,1,0,0,0,0,1,0,0,2
216_4,0,1,0,0,0,0,1,0,0,2
216_3,0,1,0,0,0,0,1,0,0,2
205_1,0,1,2,1,0,0,0,0,0,2
216_2,0,1,2,1,0,0,0,0,0,2
216_1,0,1,2,1,0,0,0,0,0,2
54_2,0,1,1,2,1,2,2,0,0,0
98_5,0,1,1,2,1,2,2,0,0,0
149_11,0,1,1,2,1,2,2,0,0:0.02/1:0.98,0:0.02/2:0.98
195_22,0,1,1,2,1,2,2,2,1,2
216_28,0,1,1,2,1,2,2,2,1,2
216_27,0,1,1,2,1,2,2,2,1,2
194_20,0,1,1,2,1,2,2,0,1,2
216_26,0,1,1,2,1,2,2,0,1,2
216_25,0,1,1,2,1,2,2,0,1,2
148_12,0,1,1,2,1,2,2,0,0,0
194_24,0,1,1,2,1,2,2,0,0,0
216_32,0,1,1,2,1,2,2,0,0,0
216_31,0,1,1,2,1,2,2,0,0,0
193_22,0:0.05/1:0.95,1,1,2,1,2,2,0,0,0
216_30,1,1,1,2,1,2,2,0,0,0
216_29,1,1,1,2,1,2,2,0,2,0
93_3,0:0.06/1:0.94,1,1,2,1,2,2,0,0,0
138_6,1,1,1,2,1,2,2,0,0,0
183_13,1,1,1,2,1,2,2,0,0,0
216_24,1,1,1,2,1,2,2,0,0,0
216_23,1,1,1,2,1,2,2,0,0,0
183_12,1,1,1,2,1,2,2,0,0,0
216_22,1,1,1,2,1,2,2,0,0,1
216_21,1,1,1,2,1,2,2,0,0,0
138_5,1,1,1,2,1,2,2,1,1,0
185_12,1,1,1,2,1,2,2,1,1,0
216_20,1,1,1,2,1,2,2,1,1,0
216_19,1,1,1,2,1,2,2,1,1,0
184_10,1,1,1,2,1,2,2,1,1,0
216_18,1,1,1,2,1,2,2,1,1,0
216_17,1,1,1,2,1,2,2,1,1,0
