cell,r0,r1,r2,r3,r4,r5,r6,r7,r8,r9,r10,r11,r12,r13,r14,r15,r16,r17,r18,r19,r20,r21,r22,r23,r24,r25,r26,r27,r28,r29,r30,r31,r32,r33,r34,r35,r36,r37,r38,r39,r40,r41,r42,r43,r44,r45,r46,r47,r48,r49,r50,r51,r52,r53,r54,r55,r56,r57,r58,r59,r60,r61,r62,r63,r64,r65,r66,r67,r68,r69,r70,r71,r72,r73,r74,r75,r76,r77,r78,r79,r80,r81,r82,r83,r84,r85,r86,r87,r88,r89,r90,r91,r92,r93,r94,r95,r96,r97,r98,r99,r100,r101,r102,r103,r104,r105,r106,r107,r108,r109,r110,r111,r112,r113,r114,r115,r116,r117,r118,r119,r120,r121,r122,r123,r124,r125,r126,r127,r128,r129,r130,r131,r132,r133,r134,r135,r136,r137,r138,r139,r140,r141,r142,r143,r144,r145,r146,r147,r148,r149,r150,r151,r152,r153,r154,r155,r156,r157,r158,r159,r160,r161,r162,r163,r164,r165,r166,r167,r168,r169,r170,r171,r172,r173,r174,r175,r176,r177,r178,r179,r180,r181,r182,r183,r184,r185,r186,r187,r188,r189,r190,r191,r192,r193,r194,r195,r196,r197,r198,r199
I0,0,0,0,0,0,0,0,2,0,2,0,0,0,0,0,0,0,0,0,0,0,0,0,0,0,0,0,0,0,0,0,0,0,0,0,1,0,0,0,0,0,0,0,0,0,0,1,0,0,0,0,0,0,0,0,0,0,0,0,0,0,0,0,0,0,0,0,0,0,0,0,0,0,0,0,0,0,0,0,0,0,0,0,0,0,0,0,1,0,0,0,0,0,0,0,0,0,0,0,0,0,0,0,2,0,0,0,0,0,0,0,0,0,0,0,0,0,0,0,0,0,0,0,0,0,0,0,0,0,0,0,0,0,0,0,0,0,0,0,0,0,0,0,0,0,0,0,0,0,0,0,0,0,0,0,0,0,0,0,2,0,0,0,0,0,0,0,0,0,0,0,0,0,0,0,0,0,0,0,0,0,0,1,0,0,0,0,0,0,0,0,0,0,0,0,0,0,2,0,0
I1,0,0,1,1,0,0,0,2,0,2,0,0,0,0,1,0,2,0,2,0,1,0,1,0,1,0,0,0,2,2,0,0,1,1,0,1,0,0,0,0,1,0,2,2,0,0,1,2,0,0,0,0,2,2,2,0,2,2,2,2,0,0,1,0,2,2,1,2,1,0,0,0,1,0,0,0,0,0,0,0,0,1,0,1,1,0,0,1,2,0,0,0,2,1,0,2,0,0,0,0,2,0,1,2,0,0,1,2,2,0,0,0,0,2,0,1,0,0,0,0,0,0,0,0,2,0,0,2,0,2,1,0,0,0,0,0,0,0,0,0,0,1,0,2,0,0,0,2,0,2,2,0,0,0,0,2,0,0,2,2,0,0,0,0,0,0,2,1,0,1,0,0,0,0,0,0,0,2,0,0,0,1,1,0,0,0,2,2,0,0,2,2,2,2,0,0,0,2,0,2
I2,0,0,1,1,0,2,0,2,0,2,1,0,0,0,1,0,2,0,2,2,1,0,1,0,1,0,0,0,2,2,0,0,1,1,0,1,0,0,2,1,1,0,2,2,2,0,1,2,2,0,0,0,2,2,2,2,2,2,2,2,0,2,1,2,2,2,1,2,1,0,2,1,1,0,1,2,0,0,2,1,0,1,0,1,1,2,1,1,2,2,2,0,2,1,1,2,0,2,2,0,2,2,1,2,0,2,1,2,2,2,1,1,1,2,1,1,2,0,0,0,1,0,0,2,2,2,0,2,0,2,1,0,2,0,2,0,2,1,0,0,2,1,2,2,0,2,1,2,0,2,2,1,1,0,0,2,1,0,2,2,0,0,0,0,1,0,2,1,0,1,1,0,0,1,0,0,2,2,1,2,0,1,1,2,0,0,2,2,0,0,2,2,2,2,0,1,1,2,2,2
I3,0,0,1,1,0,2,2,2,0,2,1,2,0,1,1,0,2,2,2,2,1,0,1,0,1,0,0,0,2,2,2,1,1,1,0,1,0,0,2,1,1,0,2,2,2,0,1,2,2,0,0,0,2,2,2,2,2,2,2,2,0,2,1,2,2,2,1,2,1,0,2,1,1,0,1,2,0,2,2,1,2,1,0,1,1,2,1,1,2,2,2,0,2,1,1,2,0,2,2,0,2,2,1,2,0,2,1,2,2,2,1,1,1,2,1,1,2,0,1,0,1,0,0,2,2,2,0,2,0,2,1,1,2,0,2,0,2,1,0,0,2,1,2,2,0,2,1,2,0,2,2,1,1,0,0,2,1,0,2,2,0,0,0,0,1,0,2,1,0,1,1,0,1,1,0,0,2,2,1,2,0,1,1,2,2,0,2,2,0,0,2,2,2,2,0,1,1,2,2,2
216_16,0,0,1,1,0,2,2,2,0,2,1,2,0,1,1,0,2,2,2,2,1,0,1,0,1,0,1,0,2,2,2,1,1,1,0,1,0,0,2,1,1,0,2,2,2,0,1,2,2,0,0,0,2,2,2,2,2,2,2,2,0,2,1,2,2,2,1,2,1,0,2,1,1,0,1,2,0,2,2,1,2,1,0,1,1,2,1,1,2,2,2,0,2,1,1,2,0,2,2,0,2,2,1,2,0,2,1,2,2,2,1,1,1,2,1,1,2,0,1,0,1,0,0,2,2,2,0,2,0,2,1,1,2,0,2,0,2,1,0,0,2,1,2,2,0,2,1,2,0,2,2,1,1,0,0,2,1,0,2,2,0,1,0,0,1,0,2,1,0,1,1,0,1,1,0,0,2,2,1,2,0,1,1,2,2,0,2,2,0,0,2,2,2,2,0,1,1,2,2,2
216_15,0,0,1,1,0,2,2,2,0,2,1,2,0,1,1,0,2,2,2,2,1,0,1,0,1,0,0,0,2,2,2,1,1,1,0,1,0,0,2,1,1,0,2,2,2,0,1,2,2,0,0,0,2,2,2,2,2,2,2,2,0,2,1,2,2,2,1,2,1,0,2,1,1,0,1,2,0,2,2,1,2,1,0,1,1,2,1,1,2,2,2,0,2,1,1,2,0,2,2,0,2,2,1,2,0,2,1,2,2,2,1,1,1,2,1,1,2,1,1,0,1,0,0,2,2,2,0,2,0,2,1,1,2,2,2,0,2,1,0,0,2,1,2,2,0,2,1,2,0,2,2,1,1,0,0,2,1,1,2,2,0,1,0,0,1,1,2,1,0,1,1,0,1,1,0,0,2,2,1,2,0,1,1,2,2,0,2,2,0,0,2,2,2,2,0,1,1,2,2,2
I4,0,0,1,1,0,2,0,2,0,2,1,0,0,0,1,1,2,0,2,2,1,2,1,0,1,0,0,0,2,2,2,0,1,1,0,1,0,0,2,1,1,0,2,2,2,0,1,2,2,0,0,0,2,2,2,2,2,2,2,2,0,2,1,2,2,2,1,2,1,0,2,1,1,0,1,2,0,0,2,1,0,1,0,1,1,2,1,1,2,2,2,0,2,1,1,2,0,2,2,1,2,2,1,2,0,2,1,2,2,2,1,1,1,2,1,1,2,0,0,0,1,0,0,2,2,2,0,2,0,2,1,0,2,0,2,0,2,1,0,2,2,1,2,2,0,2,1,2,0,2,2,1,1,0,0,2,1,0,2,2,0,0,2,0,1,0,2,1,0,1,1,2,0,1,0,0,2,2,1,2,0,1,1,2,1,0,2,2,0,0,2,2,2,2,0,1,1,2,2,2
216_14,0,0,1,1,0,2,0,2,0,2,1,0,0,0,1,1,2,0,2,2,1,2,1,0,1,0,0,0,2,2,2,0,1,1,0,1,0,0,2,1,1,0,2,2,2,0,1,2,2,0,0,0,2,2,2,2,2,2,2,2,0,2,1,2,2,2,1,2,1,1,2,1,1,0,1,2,0,0,2,1,0,1,2,1,1,2,1,1,2,2,2,0,2,1,1,2,0,2,2,1,2,2,1,2,0,2,1,2,2,2,1,1,1,2,1,1,2,0,0,0,1,0,0,2,2,2,0,2,1,2,1,0,2,0,2,0,2,1,0,2,2,1,2,2,0,2,1,2,0,2,2,1,1,0,0,2,1,0,2,2,0,0,2,0,1,0,2,1,0,1,1,2,0,1,0,0,2,2,1,2,0,1,1,2,1,0,2,2,0,2,2,2,2,2,0,1,1,2,2,2
216_13,0,0,1,1,2,2,0,2,2,2,1,0,0,0,1,1,2,0,2,2,1,2,1,0,1,0,0,0,2,2,2,0,1,1,0,1,0,0,2,1,1,0,2,2,2,0,1,2,2,0,0,0,2,2,2,2,2,2,2,2,0,2,1,2,2,2,1,2,1,0,2,1,1,0,1,2,0,0,2,1,0,1,0,1,1,2,1,1,2,2,2,0,2,1,1,2,0,2,2,1,2,2,1,2,0,2,1,2,2,2,1,1,1,2,1,1,2,0,0,0,1,0,0,2,2,2,0,2,0,2,1,0,2,0,2,2,2,1,0,2,2,1,2,2,0,2,1,2,0,2,2,1,1,0,0,2,1,0,2,2,0,0,2,0,1,0,2,1,0,1,1,2,0,1,0,0,2,2,1,2,0,1,1,2,1,0,2,2,0,0,2,2,2,2,0,1,1,2,2,2
I5,0,0,1,1,0,0,0,2,0,2,0,2,1,0,1,0,2,0,2,0,1,1,1,1,1,0,0,0,2,2,0,2,1,1,2,1,0,2,0,0,1,0,2,2,1,0,1,2,2,0,0,0,2,2,2,1,2,2,2,2,0,0,1,2,2,2,1,2,1,1,0,0,1,1,0,0,0,0,0,0,2,1,0,1,1,0,0,1,2,0,0,0,2,1,0,2,0,0,1,2,2,0,1,2,0,0,1,2,2,0,2,0,0,2,0,1,0,2,0,1,0,0,0,1,2,0,0,2,0,2,1,0,0,0,0,0,0,2,0,0,0,1,0,2,0,0,0,2,1,2,2,0,0,0,0,2,0,0,2,2,0,0,0,0,2,0,2,1,0,1,0,0,0,2,0,1,1,2,0,0,0,1,1,0,1,0,2,2,1,1,2,2,2,2,2,2,0,2,0,2
I6,0,1,1,1,0,2,0,2,0,2,0,2,1,0,1,0,2,0,2,2,1,1,1,1,1,0,0,1,2,2,0,2,1,1,2,1,0,2,1,1,1,0,2,2,1,0,1,2,2,0,2,1,2,2,2,1,2,2,2,2,0,0,1,2,2,2,1,2,1,1,0,0,1,1,0,2,2,0,1,0,2,1,0,1,1,2,2,1,2,0,0,2,2,1,0,2,1,0,1,2,2,1,1,2,1,2,1,2,2,2,2,2,0,2,0,1,1,2,2,1,0,0,2,1,2,1,1,2,1,2,1,1,1,0,0,0,2,2,0,0,0,1,2,2,0,1,2,2,1,2,2,0,0,2,2,2,2,0,2,2,0,0,1,0,2,0,2,1,0,1,0,2,0,2,0,1,1,2,1,1,0,1,1,0,1,1,2,2,1,1,2,2,2,2,2,2,0,2,0,2
216_6,0,1,1,1,0,2,0,2,0,2,0,2,1,0,1,0,2,0,2,2,1,1,1,1,1,0,0,1,2,2,0,2,1,1,2,1,0,2,1,1,1,0,2,2,1,0,1,2,2,0,2,1,2,2,2,1,2,2,2,2,0,0,1,2,2,2,1,2,1,1,0,0,1,1,0,2,2,0,1,0,2,1,0,1,1,2,2,1,2,0,0,2,2,1,0,2,1,0,1,2,2,1,1,2,1,2,1,2,2,2,2,2,0,2,0,1,1,2,2,1,0,0,2,1,2,1,1,2,1,2,1,1,1,0,0,0,2,2,0,0,0,1,2,2,0,1,2,2,1,2,2,0,0,2,2,2,2,0,2,2,0,0,1,0,2,0,2,1,0,1,0,2,0,2,0,1,1,2,1,1,0,1,1,0,1,1,2,2,1,1,2,2,2,2,2,2,0,2,0,2
216_5,0,1,1,1,0,2,0,2,0,2,0,2,1,0,1,0,2,0,2,2,1,1,1,1,1,0,0,1,2,2,0,2,1,1,2,1,0,2,1,1,1,0,2,2,1,0,1,2,2,0,2,1,2,2,2,1,2,2,2,2,0,0,1,2,2,2,1,2,1,1,1,0,1,1,0,2,2,1,1,0,2,1,0,1,1,2,2,1,2,0,0,2,2,1,0,2,1,0,1,2,2,1,1,2,1,2,1,2,2,2,2,2,0,2,0,1,1,2,2,1,0,0,2,1,2,1,1,2,1,2,1,1,1,0,0,0,2,2,1,0,0,1,2,2,0,1,2,2,1,2,2,0,0,2,2,2,2,0,2,2,0,0,1,0,2,0,2,1,2,1,0,2,0,2,0,1,1,2,1,1,0,1,1,0,1,1,2,2,1,1,2,2,2,2,2,2,0,2,0,2
I7,2,0,1,1,0,0,0,2,2,2,1,2,1,0,1,0,2,0,2,0,1,1,1,1,1,0,0,0,2,2,0,2,1,1,2,1,0,2,0,0,1,0,2,2,1,0,1,2,2,0,0,0,2,2,2,1,2,2,2,2,2,0,1,2,2,2,1,2,1,1,0,0,1,1,0,0,0,0,0,0,2,1,0,1,1,0,0,1,2,1,0,0,2,1,2,2,0,0,1,2,2,0,1,2,0,2,1,2,2,0,2,0,0,2,2,1,2,2,0,1,0,0,0,1,2,1,0,2,0,2,1,2,0,0,0,0,0,2,0,0,0,1,1,2,0,0,0,2,1,2,2,0,0,0,0,2,0,0,2,2,0,2,0,0,2,2,2,1,0,1,1,0,0,2,0,1,1,2,0,0,0,1,1,0,1,0,2,2,1,1,2,2,2,2,2,2,0,2,0,2
I8,2,0,1,1,0,0,0,2,2,2,1,2,1,0,1,2,2,0,2,0,1,1,1,1,1,0,0,0,2,2,0,2,1,1,2,1,0,2,0,0,1,0,2,2,1,0,1,2,2,0,0,0,2,2,2,1,2,2,2,2,2,0,1,2,2,2,1,2,1,1,0,2,1,1,0,0,2,1,0,0,2,1,0,1,1,0,2,1,2,1,0,0,2,1,2,2,0,0,1,2,2,0,1,2,0,2,1,2,2,1,2,0,0,2,2,1,2,2,0,1,0,0,0,1,2,1,0,2,0,2,1,2,0,0,0,0,0,2,0,0,0,1,1,2,2,0,0,2,1,2,2,0,0,0,0,2,0,0,2,2,1,2,1,0,2,2,2,1,2,1,1,0,1,2,0,1,1,2,0,0,0,1,1,0,1,0,2,2,1,1,2,2,2,2,2,2,0,2,0,2
216_4,2,0,1,1,0,0,0,2,2,2,1,2,1,0,1,2,2,0,2,0,1,1,1,1,1,0,0,0,2,2,0,2,1,1,2,1,0,2,0,0,1,0,2,2,1,0,1,2,2,0,0,0,2,2,2,1,2,2,2,2,2,0,1,2,2,2,1,2,1,1,0,2,1,1,0,0,2,1,0,0,2,1,2,1,1,0,2,1,2,1,0,0,2,1,2,2,0,0,1,2,2,0,1,2,0,2,1,2,2,1,2,0,0,2,2,1,2,2,0,1,0,0,0,1,2,1,0,2,0,2,1,2,0,0,0,0,0,2,0,0,0,1,1,2,2,0,0,2,1,2,2,0,0,0,0,2,0,0,2,2,1,2,1,0,2,2,2,1,2,1,1,0,1,2,0,1,1,2,0,0,0,1,1,0,1,0,2,2,1,1,2,2,2,2,2,2,0,2,0,2
216_3,2,0,1,1,0,0,0,2,2,2,1,2,1,0,1,2,2,0,2,0,1,1,1,1,1,0,0,0,2,2,0,2,1,1,2,1,0,2,0,0,1,0,2,2,1,0,1,2,2,0,0,0,2,2,2,1,2,2,2,2,2,0,1,2,2,2,1,2,1,1,0,2,1,1,0,0,2,1,0,0,2,1,0,1,1,0,2,1,2,1,0,0,2,1,2,2,0,0,1,2,2,0,1,2,0,2,1,2,2,1,2,0,0,2,2,1,2,2,0,1,0,0,0,1,2,1,0,2,0,2,1,2,0,0,0,0,0,2,0,0,0,1,1,2,2,0,0,2,1,2,2,0,0,0,0,2,1,0,2,2,1,2,1,0,2,2,2,1,2,1,1,0,1,2,0,1,1,2,0,0,0,1,1,0,1,0,2,2,1,1,2,2,2,2,2,2,0,2,0,2
I9,2,0,1,1,0,0,0,2,2,2,1,2,1,0,1,0,2,2,2,0,1,1,1,1,1,0,0,0,2,2,0,2,1,1,2,1,0,2,0,0,1,0,2,2,1,0,1,2,2,0,0,0,2,2,2,1,2,2,2,2,2,2,1,2,2,2,1,2,1,1,2,0,1,1,0,0,0,0,0,0,2,1,1,1,1,0,0,1,2,1,0,0,2,1,2,2,0,0,1,2,2,2,1,2,0,2,1,2,2,0,2,1,0,2,2,1,2,2,0,1,0,0,0,1,2,1,0,2,0,2,1,2,0,0,0,0,0,2,0,1,1,1,1,2,1,0,0,2,1,2,2,1,0,0,0,2,0,0,2,2,0,2,0,0,2,2,2,1,0,1,1,0,0,2,0,1,1,2,2,2,0,1,1,1,1,0,2,2,1,1,2,2,2,2,2,2,1,2,0,2
216_2,2,0,1,1,0,0,0,2,2,2,1,2,1,0,1,0,2,2,2,0,1,1,1,1,1,0,0,0,2,2,0,2,1,1,2,1,0,2,0,0,1,0,2,2,1,0,1,2,2,0,0,0,2,2,2,1,2,2,2,2,2,2,1,2,2,2,1,2,1,1,2,0,1,1,0,0,0,0,0,0,2,1,1,1,1,0,0,1,2,1,0,0,2,1,2,2,0,0,1,2,2,2,1,2,0,2,1,2,2,0,2,1,0,2,2,1,2,2,0,1,0,0,0,1,2,1,0,2,0,2,1,2,0,0,0,0,0,2,0,1,1,1,1,2,1,0,0,2,1,2,2,1,0,0,0,2,0,0,2,2,2,2,0,0,2,2,2,1,0,1,1,0,0,2,0,1,1,2,2,2,0,1,1,1,1,0,2,2,1,1,2,2,2,2,2,2,1,2,0,2
216_1,2,0,1,1,0,0,0,2,2,2,1,2,1,0,1,0,2,2,2,0,1,1,1,1,1,0,0,0,2,2,0,2,1,1,2,1,0,2,0,0,1,0,2,2,1,0,1,2,2,0,0,0,2,2,2,1,2,2,2,2,2,2,1,2,2,2,1,2,1,1,2,2,1,1,0,0,0,0,0,0,2,1,1,1,1,0,0,1,2,1,0,0,2,1,2,2,0,0,1,2,2,2,1,2,0,2,1,2,2,0,2,1,0,2,2,1,2,2,0,1,0,0,0,1,2,1,0,2,0,2,1,2,0,0,0,0,0,2,0,1,1,1,1,2,1,0,0,2,1,2,2,1,0,0,0,2,0,0,2,2,0,2,0,0,2,2,2,1,0,1,1,0,2,2,0,1,1,2,2,2,0,1,1,1,1,0,2,2,1,1,2,2,2,2,2,2,1,2,0,2
I10,0,1,0,0,1,0,2,2,0,2,0,2,0,0,0,0,0,1,0,2,1,0,0,0,0,0,1,1,1,2,0,0,0,0,0,1,2,0,0,0,2,0,0,0,0,0,1,0,1,1,0,0,2,0,0,0,0,0,0,2,2,0,2,2,0,2,0,2,2,0,2,0,0,0,0,1,2,0,2,0,0,2,0,0,1,0,0,1,1,1,0,1,0,1,0,0,1,1,0,0,1,0,0,2,0,0,0,0,2,2,2,0,0,0,0,0,0,2,2,0,0,0,1,0,0,2,0,0,0,2,2,2,0,0,1,0,0,0,0,0,1,0,0,0,0,0,0,0,1,0,1,0,0,0,1,0,0,0,0,2,0,0,2,0,0,2,0,0,0,0,0,1,1,0,0,0,0,0,0,0,0,0,1,0,2,0,2,0,0,0,0,0,0,2,0,0,1,2,0,0
I11,0,1,0,2,1,0,2,2,0,2,1,2,0,0,0,0,1,1,1,2,1,0,0,0,0,0,1,1,1,2,0,0,0,1,0,1,2,0,0,0,2,0,0,0,0,0,1,0,1,1,0,0,2,0,0,0,1,0,2,2,2,0,2,2,0,2,0,2,2,0,2,0,0,0,0,1,2,2,2,1,0,2,1,1,1,0,0,1,1,1,1,1,0,1,0,2,1,1,0,1,1,0,0,2,1,0,0,0,2,2,2,1,0,1,2,0,0,2,2,0,0,0,1,0,0,2,0,0,0,2,2,2,0,2,1,2,1,0,2,2,1,2,0,0,0,0,0,0,1,1,1,0,0,0,1,0,0,0,1,2,0,2,2,2,1,2,0,0,0,0,0,1,1,0,2,0,0,0,0,2,0,0,1,0,2,1,2,0,0,0,0,0,0,2,2,2,1,2,0,1
I12,0,1,1,2,1,0,2,2,0,2,1,2,0,0,0,1,1,1,1,2,1,0,1,0,0,0,1,1,1,2,0,0,0,1,0,1,2,1,0,0,2,0,2,0,0,0,1,2,1,1,0,2,2,0,0,0,1,0,2,2,2,1,2,2,0,2,1,2,2,0,2,1,1,0,1,1,2,2,2,1,0,2,1,1,1,0,1,1,1,1,1,1,0,1,0,2,1,1,0,1,1,0,0,2,1,0,0,0,2,2,2,1,2,1,2,0,0,2,2,0,0,0,1,0,0,2,0,0,0,2,2,2,1,2,1,2,1,0,2,2,1,2,0,0,0,0,0,0,1,1,1,0,0,1,1,0,0,0,1,2,0,2,2,2,1,2,0,0,0,1,0,1,1,0,2,0,1,0,0,2,0,0,1,1,2,1,2,1,0,0,2,0,2,2,2,2,1,2,0,1
I13,0,1,1,2,1,0,2,2,0,2,1,2,0,0,0,1,1,1,1,2,1,0,1,0,0,0,1,1,1,2,0,0,0,1,2,1,2,1,0,0,2,0,2,0,0,1,1,2,1,1,0,2,2,0,1,0,1,0,2,2,2,1,2,2,0,2,1,2,2,0,2,1,1,0,1,1,2,2,2,1,0,2,1,1,1,0,1,1,1,1,1,1,0,1,0,2,1,1,2,1,1,0,0,2,1,0,0,0,2,2,2,1,2,1,2,0,2,2,2,0,1,2,1,0,0,2,0,0,0,2,2,2,1,2,1,2,1,1,2,2,1,2,0,0,0,0,1,1,1,1,1,0,0,1,1,0,0,0,1,2,0,2,2,2,1,2,0,0,0,1,0,1,1,0,2,2,1,0,0,2,0,0,1,1,2,1,2,1,0,0,2,0,2,2,2,2,1,2,2,1
216_28,0,1,1,2,1,0,2,2,0,2,1,2,1,0,0,1,1,1,1,2,1,1,1,0,0,0,1,1,1,2,0,0,0,1,2,1,2,1,0,0,2,0,2,0,0,1,1,2,1,1,0,2,2,0,1,0,1,0,2,2,2,1,2,2,0,2,1,2,2,0,2,1,1,0,1,1,2,2,2,1,0,2,1,1,1,0,1,1,1,1,1,1,0,1,0,2,1,1,2,1,1,0,0,2,1,0,0,0,2,2,2,1,2,1,2,0,2,2,2,0,1,2,1,0,0,2,0,0,0,2,2,2,1,2,1,2,1,1,2,2,1,2,2,0,0,0,1,1,1,1,1,0,0,1,1,0,1,2,1,2,0,2,2,2,1,2,0,0,0,1,1,1,1,0,2,2,1,0,0,2,0,0,1,1,2,1,2,1,0,0,2,0,2,2,2,2,1,2,2,1
216_27,0,1,1,2,1,0,2,2,0,2,1,2,0,0,0,1,1,1,1,2,1,0,1,0,0,0,1,1,1,2,0,0,0,1,2,1,2,1,0,0,2,0,2,0,0,1,1,2,1,1,0,2,2,0,1,0,1,2,2,2,2,1,2,2,0,2,1,2,2,0,2,1,1,0,1,1,2,2,2,1,1,2,1,1,1,0,1,1,1,1,1,1,0,1,0,2,1,1,2,1,1,0,0,2,1,0,0,0,2,2,2,1,2,1,2,0,2,2,2,0,1,2,1,0,0,2,0,0,0,2,2,2,1,2,1,2,1,1,2,2,1,2,0,0,1,0,1,1,1,1,1,0,0,1,1,0,0,0,1,2,0,2,2,2,1,2,0,0,0,1,0,1,1,0,2,2,1,0,0,2,0,0,1,1,2,1,2,1,0,0,2,0,2,2,2,2,1,2,2,1
I14,0,1,1,2,1,0,2,2,0,2,1,2,0,0,0,1,1,1,1,2,1,0,1,0,0,1,1,1,1,2,0,0,0,1,1,1,2,1,0,0,2,0,2,0,0,2,1,2,1,1,0,2,2,1,1,0,1,0,2,2,2,1,2,2,2,2,1,2,2,2,2,1,1,2,1,1,2,2,2,1,0,2,1,1,1,0,1,1,1,1,1,1,0,1,0,2,1,1,0,1,1,0,2,2,1,0,0,0,2,2,2,1,2,1,2,0,0,2,2,0,0,0,1,0,0,2,0,0,0,2,2,2,1,2,1,2,1,1,2,2,1,2,0,0,0,0,0,0,1,1,1,0,0,1,1,0,0,0,1,2,0,2,2,2,1,2,0,0,0,1,0,1,1,0,2,0,1,0,0,2,1,0,1,1,2,1,2,1,0,0,2,1,2,2,2,2,1,2,0,1
216_26,0,1,1,2,1,0,2,2,0,2,1,2,0,0,0,1,1,1,1,2,1,0,1,1,0,1,1,1,1,2,0,0,0,1,1,1,2,1,0,0,2,0,2,0,0,2,1,2,1,1,0,2,2,1,1,0,1,0,2,2,2,1,2,2,2,2,1,2,2,2,2,1,1,2,1,1,2,2,2,1,0,2,1,1,1,0,1,1,1,1,1,1,0,1,0,2,1,1,0,1,1,0,2,2,1,0,0,0,2,2,2,1,2,1,2,0,0,2,2,0,0,0,1,0,0,2,0,0,1,2,2,2,1,2,1,2,1,1,2,2,1,2,0,0,1,0,0,0,1,1,1,0,2,1,1,0,0,0,1,2,0,2,2,2,1,2,0,0,0,1,0,1,1,0,2,0,1,0,0,2,1,0,1,1,2,1,2,1,0,0,2,1,2,2,2,2,1,2,0,1
216_25,2,1,1,2,1,0,2,2,0,2,1,2,2,1,0,1,1,1,1,2,1,0,1,0,1,1,1,1,1,2,0,0,0,1,1,1,2,1,0,0,2,0,2,0,0,2,1,2,1,1,0,2,2,1,1,0,1,0,2,2,2,1,2,2,2,2,1,2,2,2,2,1,1,2,1,1,2,2,2,1,0,2,1,1,1,0,1,1,1,1,1,1,0,1,0,2,1,1,0,1,1,0,2,2,1,0,0,0,2,2,2,1,2,1,2,0,0,2,2,0,0,1,1,0,0,2,0,0,0,2,2,2,1,2,1,2,1,1,2,2,1,2,0,0,0,0,0,0,1,1,1,0,0,1,1,0,0,0,1,2,0,2,2,2,1,2,0,0,0,1,0,1,1,0,2,0,1,0,0,2,1,0,1,1,2,1,2,1,0,0,2,1,2,2,2,2,1,2,0,1
I15,1,1,0,2,1,0,2,2,0,2,1,2,2,0,0,0,1,1,1,2,1,0,0,0,1,0,1,1,1,2,0,0,0,1,0,1,2,0,0,0,2,0,0,0,0,0,1,0,1,1,2,0,2,0,0,2,1,0,2,2,2,2,2,2,0,2,0,2,2,0,2,2,0,1,0,1,2,2,2,1,0,2,1,1,1,0,0,1,1,1,1,1,0,1,0,2,1,1,0,1,1,0,0,2,1,0,0,0,2,2,2,1,0,1,2,0,0,2,2,0,1,2,1,0,1,2,1,0,0,2,2,2,0,2,1,2,1,0,2,2,1,2,2,0,0,0,0,0,1,1,1,2,1,0,1,1,0,2,1,2,0,2,2,2,1,2,1,0,0,1,0,1,1,0,2,0,0,1,0,2,0,0,1,0,2,1,2,0,1,0,0,0,0,2,2,2,1,2,0,1
I16,1,1,0,2,1,0,2,2,0,2,1,2,2,0,0,0,1,1,1,2,1,0,0,0,1,0,1,1,1,2,0,0,0,1,2,1,2,0,0,0,2,0,0,0,2,0,1,0,1,1,2,0,2,0,0,2,1,1,2,2,2,2,2,2,0,2,0,2,2,0,2,2,0,1,0,1,2,2,2,1,0,2,1,1,1,0,0,1,1,1,1,1,2,1,0,2,1,1,0,1,1,1,0,2,1,0,0,0,2,2,2,1,0,1,2,0,0,2,2,0,1,2,1,0,1,2,1,0,1,2,2,2,0,2,1,2,1,0,2,2,1,2,2,0,0,0,0,0,1,1,1,2,1,1,1,1,0,2,1,2,0,2,2,2,1,2,1,0,2,1,0,1,1,2,2,0,0,1,2,2,0,0,1,1,2,1,2,0,1,0,0,0,2,2,2,2,1,2,0,1
216_32,1,1,0,2,1,0,2,2,0,2,1,2,2,0,0,0,1,1,1,2,1,0,0,0,1,0,1,1,1,2,0,0,0,1,2,1,2,0,0,0,2,0,0,0,2,0,1,0,1,1,2,0,2,0,2,2,1,1,2,2,2,2,2,2,2,2,0,2,2,0,2,2,0,1,0,1,2,2,2,1,0,2,1,1,1,0,0,1,1,1,1,1,2,1,0,2,1,1,0,1,1,1,0,2,1,0,0,0,2,2,2,1,0,1,2,0,0,2,2,0,1,2,1,0,1,2,1,0,1,2,2,2,0,2,1,2,1,0,2,2,1,2,2,0,0,0,2,0,1,1,1,2,1,1,1,1,0,2,1,2,0,2,2,2,1,2,1,0,2,1,0,1,1,2,2,0,0,1,2,2,0,1,1,1,2,1,2,0,1,0,0,0,2,2,2,2,1,2,0,1
216_31,1,1,0,2,1,0,2,2,0,2,1,2,2,0,0,2,1,1,1,2,1,0,0,0,1,0,1,1,1,2,0,1,0,1,2,1,2,0,0,0,2,0,0,0,2,0,1,0,1,1,2,0,2,0,0,2,1,1,2,2,2,2,2,2,0,2,0,2,2,0,2,2,0,1,0,1,2,2,2,1,0,2,1,1,1,0,0,1,1,1,1,1,2,1,0,2,1,1,0,1,1,1,0,2,1,0,2,0,2,2,2,1,0,1,2,0,0,2,2,0,1,2,1,0,1,2,1,0,1,2,2,2,0,2,1,2,1,0,2,2,1,2,2,1,0,0,0,0,1,1,1,2,1,1,1,1,1,2,1,2,2,2,2,2,1,2,1,0,2,1,0,1,1,2,2,0,0,1,2,2,0,1,1,1,2,1,2,0,1,0,0,0,2,2,2,2,1,2,0,1
I17,1,1,0,2,1,2,2,2,0,2,1,2,2,0,0,2,1,1,1,2,1,0,2,0,1,0,1,1,1,2,1,0,0,1,0,1,2,0,0,0,2,0,2,0,2,0,1,0,1,1,2,2,2,0,0,2,1,1,2,2,2,2,2,2,0,2,0,2,2,0,2,2,1,1,0,1,2,2,2,1,2,2,1,1,1,0,0,1,1,1,1,1,0,1,0,2,1,1,1,1,1,0,0,2,1,0,0,0,2,2,2,1,0,1,2,0,0,2,2,0,1,2,1,1,1,2,1,1,1,2,2,2,0,2,1,2,1,0,2,2,1,2,2,0,0,0,0,0,1,1,1,2,1,0,1,1,0,2,1,2,0,2,2,2,1,2,1,1,2,1,0,1,1,0,2,0,0,1,0,2,1,0,1,1,2,1,2,0,1,0,0,0,0,2,2,2,1,2,0,1
216_30,1,1,0,2,1,2,2,2,0,2,1,2,2,0,0,2,1,1,1,2,1,0,2,0,1,0,1,1,1,2,1,0,0,1,0,1,2,1,0,0,2,0,2,0,2,0,1,0,1,1,2,2,2,0,1,2,1,1,2,2,2,2,2,2,0,2,0,2,2,0,2,2,1,1,1,1,2,2,2,1,2,2,1,1,1,0,0,1,1,1,1,1,0,1,2,2,1,1,1,1,1,0,0,2,1,0,0,0,2,2,2,1,0,1,2,0,0,2,2,0,1,2,1,1,1,2,1,1,1,2,2,2,0,2,1,2,1,0,2,2,1,2,2,0,2,0,1,0,1,1,1,2,1,0,1,1,0,2,1,2,0,2,2,2,1,2,1,1,2,1,0,1,1,0,2,0,0,1,0,2,1,0,1,1,2,1,2,0,1,0,0,2,0,2,2,2,1,2,0,1
216_29,1,1,0,2,1,2,2,2,0,2,1,2,2,0,0,2,1,1,1,2,1,0,2,0,1,0,1,1,1,2,1,1,0,1,0,1,2,0,0,0,2,0,2,0,2,0,1,0,1,1,2,2,2,0,0,2,1,1,2,2,2,2,2,2,2,2,0,2,2,0,2,2,1,1,0,1,2,2,2,1,2,2,1,1,1,1,0,1,1,1,1,1,0,1,0,2,1,1,1,1,1,0,0,2,1,0,0,0,2,2,2,1,0,1,2,0,0,2,2,0,1,2,1,1,1,2,1,1,1,2,2,2,0,2,1,2,1,0,2,2,1,2,2,2,0,0,0,0,1,1,1,2,1,1,1,1,0,2,1,2,0,2,2,2,1,2,1,1,2,1,0,1,1,0,2,0,0,1,1,2,1,0,1,1,2,1,2,0,1,0,0,0,0,2,2,2,1,2,1,1
I18,0,1,2,0,1,0,2,2,0,2,1,2,0,2,0,0,0,1,0,2,1,0,0,0,0,0,1,1,1,2,0,2,2,0,0,1,2,0,0,0,2,0,0,0,0,0,1,0,1,1,2,1,2,0,0,0,0,0,1,2,2,0,2,2,1,2,0,2,2,0,2,0,0,0,0,1,2,0,2,0,2,2,0,0,1,1,0,1,1,1,0,1,0,1,0,0,1,1,0,2,1,1,0,2,0,0,0,0,2,2,2,0,0,0,0,0,0,2,2,0,0,0,1,2,0,2,1,0,0,2,2,2,0,0,1,0,0,0,1,2,1,0,1,0,0,0,2,0,1,0,1,0,1,0,1,0,0,0,0,2,0,0,2,1,2,2,2,0,0,0,0,1,1,0,0,2,0,0,2,0,2,1,1,2,2,0,2,1,2,0,0,0,0,2,0,0,1,2,2,0
I19,2,1,2,2,1,0,2,2,2,2,1,2,0,2,0,0,0,1,1,2,1,0,0,0,2,0,1,1,1,2,2,2,2,0,0,1,2,0,0,0,2,0,0,2,0,0,1,0,1,1,2,1,2,2,0,0,1,0,1,2,2,0,2,2,1,2,0,2,2,0,2,0,0,0,0,1,2,0,2,2,2,2,0,0,1,1,2,1,1,1,0,1,0,1,0,0,1,1,0,2,1,1,0,2,2,0,0,2,2,2,2,0,0,1,0,0,0,2,2,0,0,2,1,2,2,2,1,0,2,2,2,2,2,0,1,0,0,0,1,2,1,0,1,0,2,0,2,1,1,0,1,0,1,0,1,1,0,1,0,2,1,0,2,1,2,2,2,0,0,0,0,1,1,0,0,2,0,0,2,0,2,1,1,2,2,1,2,1,2,0,0,0,0,2,0,0,1,2,2,0
I20,2,1,2,2,1,0,2,2,2,2,1,2,0,2,0,0,0,1,1,2,1,0,1,0,2,0,1,1,1,2,2,2,2,0,0,1,2,1,0,0,2,0,0,2,0,2,1,0,1,1,2,1,2,2,0,0,1,0,1,2,2,0,2,2,1,2,0,2,2,0,2,0,0,2,0,1,2,0,2,2,2,2,0,1,1,1,2,1,1,1,0,1,0,1,0,0,1,1,0,2,1,1,0,2,2,0,1,2,2,2,2,0,0,1,0,0,0,2,2,0,0,2,1,2,2,2,1,0,2,2,2,2,2,0,1,0,0,0,1,2,1,1,1,0,2,0,2,1,1,0,1,0,1,0,1,1,0,1,0,2,1,0,2,1,2,2,2,0,0,2,2,1,1,0,0,2,0,0,2,0,2,1,1,2,2,1,2,1,2,0,0,0,0,2,0,0,1,2,2,0
216_24,2,1,2,2,1,0,2,2,2,2,1,2,0,2,0,0,0,1,1,2,1,0,1,0,2,0,1,1,1,2,2,2,2,0,0,1,2,1,1,0,2,1,1,2,0,2,1,0,1,1,2,1,2,2,0,0,1,0,1,2,2,0,2,2,1,2,1,2,2,2,2,0,0,2,2,1,2,0,2,2,2,2,0,1,1,1,2,1,1,1,0,1,0,1,0,0,1,1,0,2,1,1,0,2,2,0,1,2,2,2,2,0,0,1,0,2,0,2,2,0,0,2,1,2,2,2,1,0,2,2,2,2,2,0,1,0,1,0,1,2,1,1,1,0,2,1,2,1,1,0,1,0,1,0,1,1,0,1,0,2,1,0,2,1,2,2,2,0,0,2,2,1,1,0,0,2,0,0,2,0,2,1,1,2,2,1,2,1,2,0,0,2,0,2,0,0,1,2,2,0
216_23,2,1,2,2,1,0,2,2,2,2,1,2,0,2,0,2,0,1,1,2,1,0,1,2,2,0,1,1,1,2,2,2,2,0,0,1,2,1,0,0,2,0,0,2,0,2,1,0,1,1,2,1,2,2,0,0,1,0,1,2,2,1,2,2,1,2,0,2,2,0,2,0,1,2,1,1,2,0,2,2,2,2,0,1,1,1,2,1,1,1,0,1,0,1,0,2,1,1,0,2,1,1,0,2,2,0,1,2,2,2,2,0,1,1,0,1,0,2,2,2,0,2,1,2,2,2,1,0,2,2,2,2,2,0,1,0,0,0,1,2,1,1,1,0,2,0,2,1,1,0,1,0,1,0,1,1,2,1,0,2,1,1,2,1,2,2,2,0,2,2,2,1,1,0,0,2,0,0,2,0,2,1,1,2,2,1,2,1,2,0,1,0,0,2,0,0,1,2,2,1
I21,2,1,2,2,1,0,2,2,2,2,1,2,0,2,0,1,0,1,1,2,1,0,1,0,2,0,1,1,1,2,2,2,2,0,0,1,2,2,0,0,2,0,0,2,0,0,1,0,1,1,2,1,2,2,0,0,1,0,1,2,2,0,2,2,1,2,2,2,2,0,2,0,0,0,0,1,2,0,2,2,2,2,0,2,1,1,2,1,1,1,1,1,0,1,1,0,1,1,0,2,1,1,0,2,2,0,0,2,2,2,2,0,0,1,0,0,0,2,2,0,0,2,1,2,2,2,1,0,2,2,2,2,2,0,1,0,0,0,1,2,1,0,1,0,2,0,2,1,1,0,1,0,1,0,1,1,0,1,0,2,1,1,2,1,2,2,2,2,0,0,1,1,1,0,0,2,0,0,2,0,2,1,1,2,2,1,2,1,2,0,0,0,2,2,2,0,1,2,2,0
216_22,2,1,2,2,1,0,2,2,2,2,1,2,0,2,0,1,0,1,1,2,1,0,1,0,2,0,1,1,1,2,2,2,2,0,0,1,2,2,0,0,2,0,0,2,1,0,1,0,1,1,2,1,2,2,0,0,1,0,1,2,2,0,2,2,1,2,2,2,2,0,2,0,1,0,1,1,2,0,2,2,2,2,2,2,1,1,2,1,1,1,1,1,0,1,1,0,1,1,0,2,1,1,0,2,2,1,0,2,2,2,2,0,0,1,0,0,0,2,2,0,1,2,1,2,2,2,1,0,2,2,2,2,2,0,1,1,0,0,1,2,1,0,1,0,2,0,2,1,1,1,1,0,1,0,1,1,0,1,0,2,1,1,2,1,2,2,2,2,1,0,1,1,1,0,0,2,0,0,2,0,2,1,1,2,2,1,2,1,2,0,0,0,2,2,2,0,1,2,2,0
216_21,2,1,2,2,1,0,2,2,2,2,1,2,0,2,0,1,0,1,1,2,1,0,1,0,2,0,1,1,1,2,2,2,2,0,0,1,2,2,0,0,2,0,0,2,0,0,1,0,1,1,2,1,2,2,0,1,1,0,1,2,2,0,2,2,1,2,2,2,2,1,2,0,0,0,0,1,2,0,2,2,2,2,1,2,1,1,2,1,1,1,1,1,0,1,1,0,1,1,0,2,1,1,0,2,2,0,0,2,2,2,2,0,0,1,0,0,0,2,2,1,1,2,1,2,2,2,1,2,2,2,2,2,2,0,1,0,0,0,1,2,1,0,1,0,2,0,2,1,1,0,1,0,1,0,1,1,0,1,0,2,1,1,2,1,2,2,2,2,1,0,1,1,1,0,0,2,2,0,2,0,2,1,1,2,2,1,2,1,2,2,0,0,2,2,2,0,1,2,2,0
I22,0,1,2,0,1,0,2,2,0,2,1,2,0,2,0,2,1,1,0,2,1,0,0,0,2,0,1,1,1,2,2,2,2,0,2,1,2,0,0,1,2,0,1,1,1,0,1,0,1,1,2,1,2,0,0,0,0,0,1,2,2,0,2,2,1,2,0,2,2,1,2,2,0,0,0,1,2,1,2,0,2,2,0,0,1,1,0,1,1,1,0,1,0,1,1,0,1,1,1,2,1,1,2,2,0,0,0,0,2,2,2,0,2,0,1,2,0,2,2,0,1,0,1,2,0,2,1,0,0,2,2,2,2,0,1,0,0,2,1,2,1,0,1,0,0,0,2,0,1,0,1,0,1,0,1,0,0,0,0,2,2,0,2,1,2,2,2,2,0,0,0,1,1,2,0,2,0,0,2,0,2,1,1,2,2,0,2,1,2,0,0,0,0,2,0,0,1,2,2,1
I23,0,1,2,0,1,0,2,2,1,2,1,2,1,2,0,2,1,1,0,2,1,1,0,1,2,0,1,1,1,2,2,2,2,0,2,1,2,0,0,1,2,0,1,1,1,0,1,0,1,1,2,1,2,0,0,1,0,0,1,2,2,0,2,2,1,2,1,2,2,1,2,2,0,0,0,1,2,1,2,2,2,2,0,0,1,1,0,1,1,1,0,1,0,1,1,0,1,1,1,2,1,1,2,2,1,0,1,0,2,2,2,2,2,1,1,2,2,2,2,0,1,0,1,2,0,2,1,0,0,2,2,2,2,1,1,0,0,2,1,2,1,1,1,1,0,0,2,0,1,0,1,0,1,0,1,0,0,0,0,2,2,0,2,1,2,2,2,2,0,0,0,1,1,2,2,2,0,0,2,0,2,1,1,2,2,0,2,1,2,0,0,0,0,2,0,1,1,2,2,1
216_20,0,1,2,0,1,0,2,2,1,2,1,2,1,2,0,2,1,1,0,2,1,1,1,1,2,0,1,1,1,2,2,2,2,0,2,1,2,0,0,1,2,0,1,1,1,0,1,0,1,1,2,1,2,0,0,1,0,0,1,2,2,2,2,2,1,2,1,2,2,1,2,2,0,0,0,1,2,1,2,2,2,2,0,0,1,1,0,1,1,1,0,1,0,1,1,0,1,1,1,2,1,1,2,2,1,0,1,0,2,2,2,2,2,1,1,2,2,2,2,2,1,0,1,2,0,2,1,0,0,2,2,2,2,1,1,0,0,2,1,2,1,1,1,1,0,0,2,0,1,0,1,0,1,0,1,0,0,0,0,2,2,0,2,1,2,2,2,2,0,0,0,1,1,2,2,2,0,0,2,0,2,1,1,2,2,0,2,1,2,0,0,0,0,2,1,1,1,2,2,1
216_19,0,1,2,0,1,0,2,2,1,2,1,2,1,2,0,2,1,1,0,2,1,1,0,1,2,0,1,1,1,2,2,2,2,0,2,1,2,2,0,1,2,0,1,1,1,0,1,0,1,1,2,1,2,0,0,1,0,0,1,2,2,0,2,2,1,2,1,2,2,1,2,2,0,0,0,1,2,1,2,2,2,2,0,0,1,1,2,1,1,1,0,1,0,1,1,0,1,1,1,2,1,1,2,2,1,0,1,0,2,2,2,2,2,1,1,2,2,2,2,0,1,0,1,2,0,2,1,0,1,2,2,2,2,1,1,0,0,2,1,2,1,1,1,1,0,0,2,0,1,0,1,0,1,1,1,0,1,0,0,2,2,0,2,1,2,2,2,2,2,0,2,1,1,2,2,2,0,0,2,0,2,1,1,2,2,0,2,1,2,0,0,0,0,2,0,1,1,2,2,1
I24,0,1,2,0,1,0,2,2,0,2,1,2,0,2,0,2,1,1,0,2,1,2,0,0,2,0,1,1,1,2,2,2,2,0,2,1,2,2,0,1,2,0,1,1,1,0,1,0,1,1,2,1,2,0,2,2,0,0,1,2,2,0,2,2,1,2,0,2,2,1,2,2,0,1,0,1,2,1,2,0,2,2,0,0,1,1,2,1,1,1,1,1,0,1,1,0,1,1,1,2,1,1,2,2,2,2,0,0,2,2,2,0,2,0,1,2,0,2,2,0,1,0,1,2,0,2,1,0,1,2,2,2,2,0,1,0,0,2,1,2,1,0,1,0,0,0,2,1,1,0,1,1,1,1,1,0,0,0,0,2,2,2,2,1,2,2,2,2,0,0,0,1,1,2,0,2,0,0,2,0,2,1,1,2,2,0,2,1,2,0,0,0,0,2,0,2,1,2,2,1
216_18,0,1,2,0,1,0,2,2,0,2,1,2,1,2,0,2,1,1,0,2,1,2,0,2,2,0,1,1,1,2,2,2,2,0,2,1,2,2,0,1,2,0,1,1,1,0,1,0,1,1,2,1,2,0,2,2,0,0,1,2,2,2,2,2,1,2,0,2,2,1,2,2,0,1,0,1,2,1,2,0,2,2,0,0,1,1,2,1,1,1,1,1,0,1,1,0,1,1,1,2,1,1,2,2,2,2,0,0,2,2,2,0,2,0,1,2,0,2,2,0,1,1,1,2,0,2,1,0,1,2,2,2,2,0,1,2,0,2,1,2,1,2,1,0,0,0,2,1,1,1,1,1,1,1,1,0,0,0,0,2,2,2,2,1,2,2,2,2,0,0,0,1,1,2,0,2,0,0,2,1,2,1,1,2,2,0,2,1,2,0,1,0,0,2,2,2,1,2,2,1
216_17,0,1,2,0,1,0,2,2,0,2,1,2,0,2,0,2,1,1,0,2,1,2,0,0,2,0,1,1,1,2,2,2,2,0,2,1,2,2,0,1,2,2,1,1,1,0,1,0,1,1,2,1,2,0,2,2,0,0,1,2,2,0,2,2,1,2,0,2,2,1,2,2,2,1,1,1,2,1,2,2,2,2,0,0,1,1,2,1,1,1,1,1,0,1,1,0,1,1,1,2,1,1,2,2,2,2,0,0,2,2,2,0,2,1,1,2,0,2,2,2,1,0,1,2,0,2,1,0,1,2,2,2,2,0,1,0,0,2,1,2,1,0,1,0,0,0,2,1,1,0,1,1,1,1,1,0,0,0,2,2,2,2,2,1,2,2,2,2,0,0,0,1,1,2,0,2,0,0,2,0,2,1,1,2,2,0,2,1,2,0,0,0,0,2,0,2,1,2,2,1
Evolve tree: [&R] (((((216_17:0.13465042760322857,216_18:0.13465042760322857)I24:0.21972701180003193,(216_19:0.13022793474518954,216_20:0.13022793474518954)I23:0.22414950465807099)I22:0.24907199721501022,((216_21:0.139087268163632,216_22:0.139087268163632)I21:0.2152901712396285,(216_23:0.139087268163632,216_24:0.139087268163632)I20:0.2152901712396285)I19:0.24907199721501022)I18:0.24726463062226256,(((216_29:0.09535897289914641,216_30:0.09535897289914641)I17:0.20842863337972906,(216_31:0.09106353939559214,216_32:0.09106353939559214)I16:0.21272406688328332)I15:0.2701608520047206,((216_25:0.09106353939559214,216_26:0.09106353939559214)I14:0.20775462403564066,(216_27:0.0867819963171266,216_28:0.0867819963171266)I13:0.2120361671141062)I12:0.27513029485236323)I11:0.27676560895693725)I10:0.35049183344912993,((((216_1:0.044720728399874905,216_2:0.044720728399874905)I9:0.19093830049441085,(216_3:0.044720728399874905,216_4:0.044720728399874905)I8:0.19093830049441085)I7:0.24703371139349806,(216_5:0.03236572398856582,216_6:0.03236572398856582)I6:0.450327016299218)I5:0.34787240009088327,((216_13:0.10399169158414277,216_14:0.10399169158414277)I4:0.2198354314638652,(216_15:0.06558107023196158,216_16:0.06558107023196158)I3:0.2582460528160464)I2:0.5067380173306592)I1:0.3706407603109963)I0:0.039742133979645766;