[&R] (((((((216_16:1,216_17:0)205_16:0.001,216_19:0.001)152_6:2.632,((216_14:0,216_15:0)201_12:0.033,216_13:1.033)155_5:4.6)106_4:1.367,(((216_5:0,216_6:0)197_3:2.012,(216_7:2.01,216_8:0.01)200_6:0.002)162_3:2.811,((216_11:2.703,216_12:2.703)203_10:0.674,(216_9:1.275,216_10:1.275)207_9:3.102)162_4:5.446)115_3:0.178)70_3:0,((216_1:0,216_2:0)198_1:0.001,(216_3:0,216_4:1)200_3:0)156_1:3.999)31_1:0,(((216_20:3.421,216_21:1.421)197_12:2.34,(216_22:0,216_23:0)200_16:5.761)148_7:1.239,((216_24:0,216_25:0)200_17:2.311,216_26:2.311)147_9:2.689)34_3:0)virtual:0)I0;
I0,0,0,0,0,0,0,0,0,0,0
virtual,0,0,0,0,0,0,0,0,0,0
34_3,0,0,0,0,0,0,0,0,0,0
147_9,0:0.1/2:0.9,0,0:0.1/1:0.9,0,0:0.1/1:0.9,0,0,0,0,0
216_26,2,2,1,0,1,0,0,0,0,1
200_17,2,1,1,0,1,0,1,0,0,0
216_25,2,1,1,0,1,0,1,0,0,0
216_24,2,1,1,0,1,0,1,0,0,0
148_7,0,0:0.38/1:0.62,0,0,0,0,0:0.38/1:0.62,0,0,0
200_16,2,1,2,1,1,0,1,1,0,0
216_23,2,1,2,1,1,0,1,1,0,0
216_22,2,1,2,1,1,0,1,1,0,0
197_12,0,0:0.06/1:0.94,0:0.15/1:0.85,0,0,0:0.15/1:0.85,0:0.06/1:0.94,0,0,0
216_21,0,1,1,1,0,1,1,0,0,0
216_20,0,1,1,2,2,1,1,2,0,0
31_1,0,0,0,0,0,0,0,0,0,0
156_1,2,1,0,0,1,0,1,0,0,0
200_3,2,1,0,0,1,0,1,0,0,0
216_4,2,1,0,1,1,0,1,0,0,0
216_3,2,1,0,0,1,0,1,0,0,0
198_1,2,1,0,0,1,0,1,0,0,0
216_2,2,1,0,0,1,0,1,0,0,0
216_1,2,1,0,0,1,0,1,0,0,0
70_3,0,0,0,0,0,0,0,0,0,0
115_3,0:0.82/2:0.18,0,0,0,0,0,0,0,0,0
162_4,0:0.05/2:0.95,0:0.06/1:0.94,0,0:0.06/2:0.94,0,0:0.06/1:0.94,0,0,0:0.06/2:0.94,0:0.06/1:0.94
207_9,2,0:0.01/1:0.99,0:0.08/2:0.92,0:0.01/2:0.99,0,0:0.01/1:0.99,0:0.08/1:0.92,0:0.08/1:0.92,0:0.01/2:0.99,0:0.01/1:0.99
216_10,2,1,2,2,1,1,1,1,2,1
216_9,2,1,2,2,2,1,1,1,2,1
203_10,0:0.03/2:0.97,0:0.03/1:0.97,0,0:0.03/2:0.97,0:0.51/1:0.49,0:0.03/1:0.97,0,0,0:0.03/2:0.97,0:0.03/1:0.97
216_12,2,1,1,2,1,1,2,0,2,1
216_11,2,1,2,2,1,1,1,0,2,1
162_3,2,0,0,0,1,2,0,0,0,0
200_6,2,0,0,0,1,2,0,0,0,0
216_8,2,0,0,0,1,2,0,0,0,0
216_7,2,1,0,0,1,2,1,0,0,0
197_3,2,1,0,0,1,2,1,0,0,0
216_6,2,1,0,0,1,2,1,0,0,0
216_5,2,1,0,0,1,2,1,0,0,0
106_4,0,0:0.32/1:0.68,0,0,0,0,0:0.32/1:0.68,0,0,0
155_5,0,1,0:0.01/1:0.99,0:0.01/2:0.99,0,0:0.01/1:0.99,1,0:0.01/2:0.99,0,0
216_13,0,1,1,2,2,1,1,2,0,0
201_12,0,1,1,2,0,1,1,2,0,0
216_15,0,1,1,2,0,1,1,2,0,0
216_14,0,1,1,2,0,1,1,2,0,0
152_6,2,1,0,0,1,0,1,0,0,0
216_19,2,1,0,0,1,0,1,0,0,0
205_16,2,1,0,0,1,0,1,0,0,0
216_17,2,1,0,0,1,0,1,0,0,0
216_16,2,1,0,0,1,1,1,0,0,0
