[&R] ((((((216_13:0.056,216_14:1.056)189_11:1.031,216_11:0.087)143_6:0.933,((216_9:0,216_10:0)190_8:1.018,(216_7:1.05,216_8:0.05)191_7:0.969)150_5:0.002)103_3:1.68,216_22:4.7)57_2:4.3,(((216_3:0,216_4:0)165_2:1.443,216_5:3.443)112_2:0.729,(216_1:1.307,216_2:2.307)171_1:1.865)68_1:2.828)17_1:0)I0;
I0,0,0,0,0,0,0,0,0,0,0
17_1,0,0,0,0,0,0,0,0,0,0
68_1,0,0:0.06/2:0.94,0,0:0.06/1:0.94,0,0,0,0,0:0.06/2:0.94,0
171_1,0,0:0.01/2:0.99,0:0.14/2:0.86,0:0.01/1:0.99,0,0:0.14/1:0.86,0,0,0:0.01/2:0.99,0
216_2,0,2,2,1,2,1,0,0,2,2
216_1,0,2,2,1,0,1,0,0,2,1
112_2,0,0:0.02/2:0.98,0,0:0.02/1:0.98,0:0.38/2:0.62,0,0,0,0:0.02/2:0.98,0
216_5,1,2,0,1,2,1,0,0,2,1
165_2,2,2,0,1,2,0,0,0,2,0
216_4,2,2,0,1,2,0,0,0,2,0
216_3,2,2,0,1,2,0,0,0,2,0
57_2,0,0,0:0.14/2:0.86,0,0:0.14/2:0.86,0:0.14/1:0.86,0:0.14/1:0.86,0,0,0:0.14/1:0.86
216_22,2,0,2,1,2,1,1,1,1,1
103_3,0,0,2,0:0.01/2:0.99,2,1,1,0,0,1
150_5,0,0,2,0:0.01/2:0.99,2,1,1,0,0,1
191_7,0,0,2,2,2,1,1,0:0.05/1:0.95,0,1
216_8,0,0,2,2,2,1,1,1,0,1
216_7,0,0,2,2,2,1,1,1,2,1
190_8,0,0,2,2,2,1,1,0,1,1
216_10,0,0,2,2,2,1,1,0,1,1
216_9,0,0,2,2,2,1,1,0,1,1
143_6,0:0.09/2:0.91,0,2,2,2,1,1,0,0,1
216_11,2,0,2,2,2,1,1,0,0,1
189_11,2,0,2,2,2,1,1,0,0:0.05/1:0.95,1
216_14,2,1,2,2,2,1,1,0,1,1
216_13,2,0,2,2,2,1,1,0,1,1
