[&R] (((((((216_15:0,216_16:0)199_9:0,216_18:0)152_7:2.369,((216_19:0,216_20:0)202_13:0,(216_21:0,216_22:0)204_15:0)156_9:1.369)104_5:1.676,(((216_29:0,216_30:1)205_21:0,216_27:0.001)160_12:1.042,216_26:2.042)114_7:0.003)52_3:3.913,(((216_31:0,216_32:0)203_21:1.218,(216_35:0,216_36:0)208_28:1.218)116_9:0.943,(((216_43:0,216_44:0)207_31:0,(216_45:0,216_46:0)211_37:0)164_19:1.006,((216_39:0,216_40:1)208_30:0,(216_41:0,216_42:0)211_34:0)170_20:0.005)120_11:1.155)59_5:5.797)12_2:0.042,((((216_11:0,216_12:0)212_7:0.058,(216_13:0,216_14:0)214_12:1.058)168_4:3.606,((216_8:0,216_9:0)213_6:0,216_10:0)172_3:1.664)123_2:1.441,((216_1:0.023,216_3:1.023)175_1:2.078,(216_6:0,216_7:0)213_5:4.102)125_1:0.004)69_1:2.895)virtual:0)I0;
I0,0,0,0,0,0,0,0,0,0,0
virtual,0,0,0,0,0,0,0,0,0,0
69_1,0,0,0,0,0,0:0.04/2:0.96,0:0.04/1:0.96,0:0.04/1:0.96,0,0
125_1,0,0,0,0,0,0:0.03/2:0.97,0:0.03/1:0.97,0:0.03/1:0.97,0,0
213_5,0,1,2,1,0,2,1,1,2,0
216_7,0,1,2,1,0,2,1,1,2,0
216_6,0,1,2,1,0,2,1,1,2,0
175_1,0,0,0:0.01/1:0.99,0,0:0.01/2:0.99,2,1,1,0,0
216_3,0,0,1,0,2,2,1,1,2,0
216_1,0,0,1,0,2,2,1,1,0,0
123_2,0,0,0,0:0.32/2:0.68,0,0:0.01/2:0.99,0:0.01/1:0.99,0:0.01/1:0.99,0,0:0.32/1:0.68
172_3,0,0,0,2,1,2,1,1,0,1
216_10,0,0,0,2,1,2,1,1,0,1
213_6,0,0,0,2,1,2,1,1,0,1
216_9,0,0,0,2,1,2,1,1,0,1
216_8,0,0,0,2,1,2,1,1,0,1
168_4,0,0:0.02/1:0.98,0:0.02/2:0.98,0:0.01/2:0.99,0:0.02/2:0.98,2,1,1,0,0:0.01/1:0.99
214_12,1,1,2,2,2,2,1,1,0,1
216_14,1,1,2,2,2,2,1,1,0,1
216_13,1,1,2,2,2,2,1,1,0,1
212_7,0,1,2,2,2,2,1,1,0,1
216_12,0,1,2,2,2,2,1,1,0,1
216_11,0,1,2,2,2,2,1,1,0,1
12_2,0,0:0.96/1:0.04,0,0,0,0,0,0,0,0
59_5,0:0.03/1:0.97,0:0.03/1:0.97,0:0.03/2:0.97,0,0,0:0.03/1:0.97,0:0.03/2:0.97,0,0,0:0.03/1:0.97
120_11,1,1,2,0,1,1,2,0,0,1
170_20,1,1,2,0,1,1,2,0,0,1
211_34,1,1,2,0,1,1,2,0,0,1
216_42,1,1,2,0,1,1,2,0,0,1
216_41,1,1,2,0,1,1,2,0,0,1
208_30,1,1,2,0,1,1,2,0,0,1
216_40,1,1,2,0,1,1,2,2,0,1
216_39,1,1,2,0,1,1,2,0,0,1
164_19,1,1,2,1,1,1,2,0,0,1
211_37,1,1,2,1,1,1,2,0,0,1
216_46,1,1,2,1,1,1,2,0,0,1
216_45,1,1,2,1,1,1,2,0,0,1
207_31,1,1,2,1,1,1,2,0,0,1
216_44,1,1,2,1,1,1,2,0,0,1
216_43,1,1,2,1,1,1,2,0,0,1
116_9,0:0.01/1:0.99,1,0:0.01/2:0.99,0,0:0.19/2:0.81,0:0.01/1:0.99,0:0.01/2:0.99,0,0,0:0.01/1:0.99
208_28,1,1,2,0,2,1,2,0,2,1
216_36,1,1,2,0,2,1,2,0,2,1
216_35,1,1,2,0,2,1,2,0,2,1
203_21,1,1,2,1,2,1,2,0,0,1
216_32,1,1,2,1,2,1,2,0,0,1
216_31,1,1,2,1,2,1,2,0,0,1
52_3,0,0:0.01/1:0.99,0:0.01/1:0.99,0,0:0.01/1:0.99,0,0,0:0.01/2:0.99,0,0
114_7,0,0:0.01/1:0.99,0:0.01/1:0.99,0,0:0.01/1:0.99,0,0,0:0.01/2:0.99,0,0
216_26,0,1,1,2,1,1,0,2,0,0
160_12,0,1,1,0,1,0,0,2,2,0
216_27,0,1,1,0,1,0,0,2,2,0
205_21,0,1,1,0,1,0,0,2,2,0
216_30,0,1,1,0,1,0,0,2,2,2
216_29,0,1,1,0,1,0,0,2,2,0
104_5,0,1,1,0,1,0:0.18/1:0.82,0,2,0,0:0.18/2:0.82
156_9,2,1,1,0,1,1,0,2,0,2
204_15,2,1,1,0,1,1,0,2,0,2
216_22,2,1,1,0,1,1,0,2,0,2
216_21,2,1,1,0,1,1,0,2,0,2
202_13,2,1,1,0,1,1,0,2,0,2
216_20,2,1,1,0,1,1,0,2,0,2
216_19,2,1,1,0,1,1,0,2,0,2
152_7,0,1,1,2,1,1,0,2,1,2
216_18,0,1,1,2,1,1,0,2,1,2
199_9,0,1,1,2,1,1,0,2,1,2
216_16,0,1,1,2,1,1,0,2,1,2
216_15,0,1,1,2,1,1,0,2,1,2
