[&R] (((((((216_15:1.034,216_16:0.034)199_9:1.492,216_18:3.526)152_7:2.086,((216_19:0,216_20:0)202_13:1.161,(216_21:0,216_22:0)204_15:1.161)156_9:3.451)104_5:0.497,(((216_29:0,216_30:0)205_21:0,216_27:0)160_12:5.078,216_26:5.078)114_7:0.031)52_3:1.108,(((216_31:0,216_32:0)203_21:0.006,(216_35:1.123,216_36:1.123)208_28:0.883)116_9:0.03,(((216_43:0,216_44:0)207_31:0,(216_45:0,216_46:0)211_37:0)164_19:2.248,((216_39:0,216_40:0)208_30:2.356,(216_41:0,216_42:0)211_34:1.356)170_20:0.892)120_11:0.788)59_5:3.181)12_2:0.783,((((216_11:0,216_12:0)212_7:1.015,(216_13:0,216_14:0)214_12:0.015)168_4:0.004,((216_8:0,216_9:0)213_6:0,216_10:0)172_3:2.019)123_2:4.405,((216_1:0,216_3:0)175_1:2.322,(216_6:0,216_7:0)213_5:2.322)125_1:1.102)69_1:1.576)virtual:0)I0;
I0,0,0,0,0,0,0,0,0,0,0
virtual,0,0,0,0,0,0,0,0,0,0
69_1,0,0,0:0.21/2:0.79,0,0,0:0.21/2:0.79,0,0,0,0
125_1,0,0:0.23/2:0.77,0:0.05/2:0.95,0,0,0:0.05/2:0.95,0,0,0,0
213_5,0,2,2,0,0,2,2,0,0,2
216_7,0,2,2,0,0,2,2,0,0,2
216_6,0,2,2,0,0,2,2,0,0,2
175_1,0,2,2,0,0,2,0,0,2,1
216_3,0,2,2,0,0,2,0,0,2,1
216_1,0,2,2,0,0,2,0,0,2,1
123_2,2,0,2,0,1,2,2,0,1,0
172_3,2,1,2,0,1,2,2,2,1,0
216_10,2,1,2,0,1,2,2,2,1,0
213_6,2,1,2,0,1,2,2,2,1,0
216_9,2,1,2,0,1,2,2,2,1,0
216_8,2,1,2,0,1,2,2,2,1,0
168_4,2,0,2,0,1,2,2,0,1,0
214_12,2,0,2,0,1,2,2,0,1,0
216_14,2,0,2,0,1,2,2,0,1,0
216_13,2,0,2,0,1,2,2,0,1,0
212_7,2,0,2,0,1,2,2,1,1,0
216_12,2,0,2,0,1,2,2,1,1,0
216_11,2,0,2,0,1,2,2,1,1,0
12_2,0,0,0,0,0,0:0.22/1:0.78,0,0,0,0
59_5,0,0,0,0,0,1,0,0:0.01/1:0.99,0:0.01/2:0.99,0:0.01/1:0.99
120_11,0,0,0,0,0:0.24/1:0.76,1,0,1,2,1
170_20,0,0:0.29/2:0.71,0,0,0:0.07/1:0.93,1,0,1,2,1
211_34,0,2,0,0,1,1,2,1,2,1
216_42,0,2,0,0,1,1,2,1,2,1
216_41,0,2,0,0,1,1,2,1,2,1
208_30,0,2,2,0,1,1,1,1,2,1
216_40,0,2,2,0,1,1,1,1,2,1
216_39,0,2,2,0,1,1,1,1,2,1
164_19,0,0,0,2,1,1,2,1,2,1
211_37,0,0,0,2,1,1,2,1,2,1
216_46,0,0,0,2,1,1,2,1,2,1
216_45,0,0,0,2,1,1,2,1,2,1
207_31,0,0,0,2,1,1,2,1,2,1
216_44,0,0,0,2,1,1,2,1,2,1
216_43,0,0,0,2,1,1,2,1,2,1
116_9,0,0,0,0,0,1,0,1,2,1
208_28,0,0,0:0.12/2:0.88,0,0,1,0,1,2,1
216_36,2,0,2,0,0,1,0,1,2,1
216_35,0,1,2,0,0,1,0,1,2,1
203_21,0,0,0,0,0,1,0,1,2,1
216_32,0,0,0,0,0,1,0,1,2,1
216_31,0,0,0,0,0,1,0,1,2,1
52_3,0,0,0,0,0,0:0.02/1:0.98,0,0,0,0:0.09/2:0.91
114_7,0,0,0,0,0:0.97/1:0.03,0:0.02/1:0.98,0,0,0,0:0.09/2:0.91
216_26,0,1,1,1,1,1,0,0,1,2
160_12,0,2,2,2,1,1,1,0,0,2
216_27,0,2,2,2,1,1,1,0,0,2
205_21,0,2,2,2,1,1,1,0,0,2
216_30,0,2,2,2,1,1,1,0,0,2
216_29,0,2,2,2,1,1,1,0,0,2
104_5,0,0,0,0,0:0.55/2:0.45,0:0.01/1:0.99,0,0,0,0:0.05/2:0.95
156_9,0:0.04/1:0.96,0:0.04/2:0.96,0,0,0:0.02/2:0.98,1,0,0:0.04/1:0.96,0,2
204_15,1,2,0,1,2,1,0,1,0,2
216_22,1,2,0,1,2,1,0,1,0,2
216_21,1,2,0,1,2,1,0,1,0,2
202_13,1,2,0,2,2,1,0,1,0,2
216_20,1,2,0,2,2,1,0,1,0,2
216_19,1,2,0,2,2,1,0,1,0,2
152_7,0,0,0:0.2/1:0.8,0,0:0.11/2:0.89,1,0,0:0.2/2:0.8,0,0:0.01/2:0.99
216_18,1,2,1,0,2,1,0,2,2,2
199_9,0,0:0.02/1:0.98,1,0,2,1,0,2,0,2
216_16,0,1,1,0,2,1,0,2,0,2
216_15,2,1,1,0,2,1,0,2,0,2
