[&R] (((((((216_15:1,216_16:0)199_9:0,216_18:0)152_7:0.001,((216_19:0,216_20:0)202_13:0,(216_21:0,216_22:0)204_15:0)156_9:0.001)104_5:4.704,(((216_29:0,216_30:0)205_21:0.032,216_27:1.032)160_12:1.01,216_26:0.041)114_7:1.664)52_3:2.733,(((216_31:0,216_32:0)203_21:2.727,(216_35:0,216_36:0)208_28:2.727)116_9:3.031,(((216_43:0,216_44:0)207_31:0,(216_45:0,216_46:0)211_37:0)164_19:1.008,((216_39:0,216_40:0)208_30:0,(216_41:1,216_42:0)211_34:0)170_20:0.008)120_11:2.75)59_5:1.681)12_2:0.561,((((216_11:0,216_12:0)212_7:2.032,(216_13:0,216_14:0)214_12:1.033)168_4:0.003,((216_8:0,216_9:0)213_6:0,216_10:0)172_3:2.036)123_2:1.135,((216_1:0.031,216_3:1.031)175_1:1.015,(216_6:0,216_7:0)213_5:0.046)125_1:2.126)69_1:2.829)virtual:0)I0;
I0,0,0,0,0,0,0,0,0,0,0
virtual,0,0,0,0,0,0,0,0,0,0
69_1,0,0,0:0.06/1:0.94,0,0,0,0,0,0:0.06/2:0.94,0:0.06/2:0.94
125_1,0,0,1,0,0:0.02/1:0.98,0:0.02/1:0.98,0,0,2,2
213_5,0,0,1,0,1,1,0,0,2,2
216_7,0,0,1,0,1,1,0,0,2,2
216_6,0,0,1,0,1,1,0,0,2,2
175_1,0:0.03/1:0.97,0,1,0,1,1,0,0,2,2
216_3,1,0,1,0,1,1,0,1,2,2
216_1,1,0,1,0,1,1,0,0,2,2
123_2,0,0,1,0:0.03/2:0.97,0,0,0,0,2,2
172_3,0,1,1,2,0,1,0,0,2,2
216_10,0,1,1,2,0,1,0,0,2,2
213_6,0,1,1,2,0,1,0,0,2,2
216_9,0,1,1,2,0,1,0,0,2,2
216_8,0,1,1,2,0,1,0,0,2,2
168_4,0,0,1,0:0.03/2:0.97,0,0,0,0,2,2
214_12,0,0,1,2,0,1,0,0,2,2
216_14,0,0,1,2,0,1,0,0,2,2
216_13,0,0,1,2,0,1,0,0,2,2
212_7,1,0,1,2,0,0,0,2,2,2
216_12,1,0,1,2,0,0,0,2,2,2
216_11,1,0,1,2,0,0,0,2,2,2
12_2,0,0,0:0.44/2:0.56,0,0,0,0,0,0,0
59_5,0:0.31/2:0.69,0,0:0.14/2:0.86,0,0,0,0,0,0:0.31/1:0.69,0
120_11,2,2,2,0,0,0,0,0,1,2
170_20,2,2,2,0,0,0,0,0,1,2
211_34,2,2,2,0,0,0,0,0,1,2
216_42,2,2,2,0,0,0,0,0,1,2
216_41,2,2,2,0,0,2,0,0,1,2
208_30,2,2,2,0,0,0,0,0,1,2
216_40,2,2,2,0,0,0,0,0,1,2
216_39,2,2,2,0,0,0,0,0,1,2
164_19,2,2,2,0,0,0,0,2,1,2
211_37,2,2,2,0,0,0,0,2,1,2
216_46,2,2,2,0,0,0,0,2,1,2
216_45,2,2,2,0,0,0,0,2,1,2
207_31,2,2,2,0,0,0,0,2,1,2
216_44,2,2,2,0,0,0,0,2,1,2
216_43,2,2,2,0,0,0,0,2,1,2
116_9,0:0.06/2:0.94,0:0.19/1:0.81,0:0.03/2:0.97,0,0,0:0.19/2:0.81,0:0.19/1:0.81,0,0:0.06/1:0.94,0
208_28,2,1,2,2,0,2,1,1,1,0
216_36,2,1,2,2,0,2,1,1,1,0
216_35,2,1,2,2,0,2,1,1,1,0
203_21,2,1,2,0,1,2,1,0,1,1
216_32,2,1,2,0,1,2,1,0,1,1
216_31,2,1,2,0,1,2,1,0,1,1
52_3,0,0,0:0.09/2:0.91,0:0.21/2:0.79,0,0,0,0:0.21/1:0.79,0,0:0.21/1:0.79
114_7,0,0,2,2,0:0.02/1:0.98,0,0,1,0,1
216_26,0,0,2,2,1,0,0,1,0,1
160_12,0:0.03/1:0.97,0,2,2,1,0,0,1,0,1
216_27,1,0,2,2,1,1,0,1,0,1
205_21,1,0,2,2,1,0,0,1,0,1
216_30,1,0,2,2,1,0,0,1,0,1
216_29,1,0,2,2,1,0,0,1,0,1
104_5,0,1,2,2,0,2,2,1,2,1
156_9,0,1,2,2,0,2,2,1,2,1
204_15,0,1,2,2,0,2,2,1,2,1
216_22,0,1,2,2,0,2,2,1,2,1
216_21,0,1,2,2,0,2,2,1,2,1
202_13,0,1,2,2,0,2,2,1,2,1
216_20,0,1,2,2,0,2,2,1,2,1
216_19,0,1,2,2,0,2,2,1,2,1
152_7,0,1,2,2,0,2,2,1,2,1
216_18,0,1,2,2,0,2,2,1,2,1
199_9,0,1,2,2,0,2,2,1,2,1
216_16,0,1,2,2,0,2,2,1,2,1
216_15,0,1,2,2,1,2,2,1,2,1
