[&R] (((((((216_15:0,216_16:0)199_9:1.036,216_18:0.036)152_7:1.083,((216_19:1.005,216_20:0.005)202_13:0.002,(216_21:0,216_22:0)204_15:1.006)156_9:1.112)104_5:2.539,(((216_29:0,216_30:0)205_21:1.051,216_27:0.051)160_12:1.32,216_26:2.371)114_7:3.287)52_3:1.625,(((216_31:0,216_32:0)203_21:3.601,(216_35:0,216_36:0)208_28:1.601)116_9:2.33,(((216_43:0,216_44:0)207_31:0,(216_45:0,216_46:0)211_37:0)164_19:1.229,((216_39:0,216_40:0)208_30:1.07,(216_41:0,216_42:0)211_34:0.07)170_20:1.159)120_11:4.701)59_5:1.351)12_2:0.718,((((216_11:0,216_12:0)212_7:0.042,(216_13:0,216_14:0)214_12:1.042)168_4:1.018,((216_8:0,216_9:0)213_6:0,216_10:0)172_3:0.06)123_2:3.229,((216_1:0.406,216_3:3.406)175_1:2.113,(216_6:0,216_7:0)213_5:2.519)125_1:0.77)69_1:2.711)virtual:0)I0;
I0,0,0,0,0,0,0,0,0,0,0
virtual,0,0,0,0,0,0,0,0,0,0
69_1,0,0,0,0:0.1/1:0.9,0,0:0.1/2:0.9,0,0:0.1/1:0.9,0,0
125_1,0:0.4/1:0.6,0,0,0:0.04/1:0.96,0,0:0.04/2:0.96,0,0:0.04/1:0.96,0,0
213_5,1,0,1,1,0,2,0,1,0,1
216_7,1,0,1,1,0,2,0,1,0,1
216_6,1,0,1,1,0,2,0,1,0,1
175_1,0:0.06/1:0.94,0,0:0.16/2:0.84,0:0.01/1:0.99,0,0:0.01/2:0.99,0,0:0.01/1:0.99,0:0.16/1:0.84,0
216_3,1,2,2,1,2,2,1,1,1,0
216_1,1,0,2,1,0,2,0,1,1,0
123_2,0,0,0:0.02/2:0.98,1,0,2,0:0.02/1:0.98,1,0,0:0.02/1:0.98
172_3,0,0,2,1,0,2,1,1,0,1
216_10,0,0,2,1,0,2,1,1,0,1
213_6,0,0,2,1,0,2,1,1,0,1
216_9,0,0,2,1,0,2,1,1,0,1
216_8,0,0,2,1,0,2,1,1,0,1
168_4,0,0,2,1,0,2,1,1,0:0.04/2:0.96,1
214_12,2,0,2,1,0,2,1,1,2,1
216_14,2,0,2,1,0,2,1,1,2,1
216_13,2,0,2,1,0,2,1,1,2,1
212_7,0,0,2,1,0,2,1,1,2,1
216_12,0,0,2,1,0,2,1,1,2,1
216_11,0,0,2,1,0,2,1,1,2,1
12_2,0,0,0:0.28/1:0.72,0,0,0,0,0,0,0
59_5,0:0.41/2:0.59,0:0.41/2:0.59,0:0.12/1:0.88,0,0,0,0,0,0,0
120_11,0:0.02/2:0.98,0:0.02/2:0.98,0:0.01/1:0.99,0:0.05/1:0.95,0:0.05/1:0.95,0,0,0:0.05/2:0.95,0:0.05/1:0.95,0
170_20,2,2,1,1,1,0,0,2,1,0:0.06/1:0.94
211_34,2,2,1,1,1,0,0,2,1,1
216_42,2,2,1,1,1,0,0,2,1,1
216_41,2,2,1,1,1,0,0,2,1,1
208_30,2,2,1,1,1,0,1,2,1,1
216_40,2,2,1,1,1,0,1,2,1,1
216_39,2,2,1,1,1,0,1,2,1,1
164_19,2,2,1,1,1,0,2,2,1,0
211_37,2,2,1,1,1,0,2,2,1,0
216_46,2,2,1,1,1,0,2,2,1,0
216_45,2,2,1,1,1,0,2,2,1,0
207_31,2,2,1,1,1,0,2,2,1,0
216_44,2,2,1,1,1,0,2,2,1,0
216_43,2,2,1,1,1,0,2,2,1,0
116_9,0:0.08/2:0.92,0:0.08/2:0.92,0:0.02/1:0.98,0,0,0:0.21/1:0.79,0,0,0,0:0.21/1:0.79
208_28,2,2,1,0,0,1,2,0,0,1
216_36,2,2,1,0,0,1,2,0,0,1
216_35,2,2,1,0,0,1,2,0,0,1
203_21,2,2,1,2,0,1,1,1,0,1
216_32,2,2,1,2,0,1,1,1,0,1
216_31,2,2,1,2,0,1,1,1,0,1
52_3,0,0,0:0.08/1:0.92,0:0.29/1:0.71,0,0,0,0,0:0.29/1:0.71,0
114_7,0:0.1/2:0.9,0:0.1/1:0.9,0:0.01/1:0.99,0:0.03/1:0.97,0,0,0,0,0:0.03/1:0.97,0:0.1/1:0.9
216_26,2,1,1,1,0,2,0,1,1,1
160_12,2,1,1,1,0,0,0:0.04/1:0.96,0,1,1
216_27,2,1,1,1,0,0,1,0,1,1
205_21,2,1,1,1,0,2,1,0,1,1
216_30,2,1,1,1,0,2,1,0,1,1
216_29,2,1,1,1,0,2,1,0,1,1
104_5,0,0,1,0:0.01/1:0.99,0,0,0:0.04/2:0.96,0,0:0.01/1:0.99,0:0.04/2:0.96
156_9,0,0,1,1,0,0,2,0:0.01/1:0.99,1,2
204_15,0,0,1,1,1,0,2,1,1,2
216_22,0,0,1,1,1,0,2,1,1,2
216_21,0,0,1,1,1,0,2,1,1,2
202_13,0,0,1,1,0,0,2,1,1,2
216_20,0,0,1,1,0,0,2,1,1,2
216_19,0,0,1,1,1,0,2,1,1,2
152_7,0:0.03/1:0.97,0,1,1,0,0,2,0,1,2
216_18,1,0,1,1,0,0,2,0,1,2
199_9,1,0,1,1,0,2,2,0,1,2
216_16,1,0,1,1,0,2,2,0,1,2
216_15,1,0,1,1,0,2,2,0,1,2
