cell,r0,r1,r2,r3,r4,r5,r6,r7,r8,r9,r10,r11,r12,r13,r14,r15,r16,r17,r18,r19,r20,r21,r22,r23,r24,r25,r26,r27,r28,r29,r30,r31,r32,r33,r34,r35,r36,r37,r38,r39,r40,r41,r42,r43,r44,r45,r46,r47,r48,r49,r50,r51,r52,r53,r54,r55,r56,r57,r58,r59,r60,r61,r62,r63,r64,r65,r66,r67,r68,r69,r70,r71,r72,r73,r74,r75,r76,r77,r78,r79,r80,r81,r82,r83,r84,r85,r86,r87,r88,r89,r90,r91,r92,r93,r94,r95,r96,r97,r98,r99,r100,r101,r102,r103,r104,r105,r106,r107,r108,r109,r110,r111,r112,r113,r114,r115,r116,r117,r118,r119,r120,r121,r122,r123,r124,r125,r126,r127,r128,r129,r130,r131,r132,r133,r134,r135,r136,r137,r138,r139,r140,r141,r142,r143,r144,r145,r146,r147,r148,r149,r150,r151,r152,r153,r154,r155,r156,r157,r158,r159,r160,r161,r162,r163,r164,r165,r166,r167,r168,r169,r170,r171,r172,r173,r174,r175,r176,r177,r178,r179,r180,r181,r182,r183,r184,r185,r186,r187,r188,r189,r190,r191,r192,r193,r194,r195,r196,r197,r198,r199
I0,0,0,0,0,0,0,0,0,0,0,0,0,0,0,0,0,0,0,0,0,0,0,0,0,0,0,0,0,0,0,0,0,0,0,0,0,0,0,0,0,0,0,0,0,0,0,0,0,0,0,0,0,0,0,0,0,0,0,0,0,0,0,0,0,0,0,0,0,0,0,0,0,0,0,0,0,0,0,0,0,0,0,0,0,0,0,0,0,0,0,0,0,0,0,0,0,0,0,0,0,0,0,0,0,0,0,0,0,0,0,0,0,0,0,0,0,0,0,0,0,0,0,0,0,0,0,0,0,0,0,0,0,0,0,0,0,0,0,0,0,0,0,0,0,0,0,0,0,0,0,0,0,0,0,0,0,0,0,0,0,0,0,0,0,0,0,0,0,0,0,0,0,0,0,0,0,0,0,0,0,0,0,0,0,0,0,0,0,0,0,0,0,0,0,0,0,0,0,0,0
I1,1,0,2,1,0,0,2,1,0,0,0,1,1,0,2,1,0,1,0,0,2,0,2,1,2,0,0,0,0,2,1,1,2,0,0,0,0,2,0,2,2,1,0,0,0,0,0,0,0,0,2,0,1,1,2,1,1,1,2,0,2,0,0,0,1,2,1,2,0,0,0,0,0,0,0,0,0,0,0,0,0,0,0,0,0,0,0,0,1,1,0,0,1,0,0,0,0,2,0,0,0,1,1,0,0,0,1,0,0,0,0,2,0,0,0,0,0,2,2,0,0,0,0,0,2,0,0,0,0,0,1,0,2,1,1,0,0,0,0,2,0,0,0,0,0,1,0,0,1,1,0,0,0,0,0,1,2,0,1,1,2,1,0,0,0,0,0,0,0,2,1,0,0,2,0,0,0,2,0,2,2,0,0,1,1,1,2,0,0,1,0,0,0,0,2,0,0,0,0,2
I2,1,0,2,1,0,0,2,1,2,0,0,1,1,2,2,1,0,1,1,0,2,0,2,1,2,0,0,0,0,2,1,1,2,0,0,0,0,2,0,2,2,1,0,0,0,0,0,0,0,1,2,1,1,1,2,1,1,1,2,0,2,0,0,0,1,2,1,2,0,0,0,0,0,0,0,0,0,1,1,1,0,2,2,1,0,0,0,0,1,1,2,0,1,2,2,0,0,2,0,0,0,1,1,0,0,2,1,0,0,0,0,2,0,0,0,2,0,2,2,0,0,0,1,0,2,0,0,0,0,0,1,0,2,1,1,0,0,2,0,2,0,0,0,2,0,1,2,0,1,1,0,2,0,0,0,1,2,0,1,1,2,1,0,1,0,2,0,1,0,2,1,0,0,2,2,1,2,2,0,2,2,0,0,1,1,1,2,0,0,1,0,1,0,0,2,0,0,2,0,2
I3,1,1,2,1,0,0,2,1,2,0,1,1,1,2,2,1,2,1,1,1,2,0,2,1,2,2,0,0,0,2,1,1,2,1,0,0,0,2,1,2,2,1,0,0,0,0,2,0,0,1,2,1,1,1,2,1,1,1,2,2,2,0,2,0,1,2,1,2,1,0,0,0,1,0,2,2,0,1,1,1,1,2,2,1,0,2,0,0,1,1,2,0,1,2,2,0,2,2,0,0,0,1,1,1,0,2,1,1,0,0,0,2,0,0,0,2,1,2,2,0,0,0,1,0,2,0,0,0,2,0,1,0,2,1,1,1,0,2,0,2,1,0,0,2,2,1,2,0,1,1,0,2,2,0,1,1,2,1,1,1,2,1,0,1,2,2,0,1,0,2,1,0,0,2,2,1,2,2,0,2,2,0,0,1,1,1,2,0,0,1,0,1,0,0,2,1,0,2,0,2
216_7,1,1,2,1,0,0,2,1,2,0,1,1,1,2,2,1,2,1,1,1,2,0,2,1,2,2,0,0,0,2,1,1,2,1,0,0,0,2,1,2,2,1,0,0,0,0,2,0,0,1,2,1,1,1,2,1,1,1,2,2,2,0,2,0,1,2,1,2,1,0,0,0,1,0,2,2,0,1,1,1,1,2,2,1,0,2,0,0,1,1,2,0,1,2,2,0,2,2,0,0,0,1,1,1,0,2,1,1,0,0,0,2,0,0,0,2,1,2,2,0,0,0,1,0,2,0,0,0,2,0,1,0,2,1,1,1,0,2,0,2,1,0,0,2,2,1,2,0,1,1,0,2,2,0,1,1,2,1,1,1,2,1,0,1,2,2,0,1,0,2,1,0,0,2,2,1,2,2,0,2,2,0,0,1,1,1,2,0,0,1,0,1,0,0,2,1,0,2,0,2
216_6,1,1,2,1,0,0,2,1,2,0,1,1,1,2,2,1,2,1,1,1,2,0,2,1,2,2,0,0,0,2,1,1,2,1,0,0,0,2,1,2,2,1,0,0,0,0,2,0,0,1,2,1,1,1,2,1,1,1,2,2,2,0,2,0,1,2,1,2,1,0,0,1,1,0,2,2,0,1,1,1,1,2,2,1,0,2,0,0,1,1,2,0,1,2,2,0,2,2,0,0,0,1,1,1,0,2,1,1,0,0,0,2,0,0,0,2,1,2,2,0,0,0,1,0,2,0,0,0,2,0,1,0,2,1,1,1,0,2,1,2,1,0,0,2,2,1,2,0,1,1,0,2,2,0,1,1,2,1,1,1,2,1,0,1,2,2,0,1,0,2,1,0,0,2,2,1,2,2,0,2,2,0,0,1,1,1,2,0,0,1,0,1,0,0,2,1,0,2,0,2
I4,1,0,2,1,0,0,2,1,2,1,2,1,1,2,2,1,0,1,1,0,2,2,2,1,2,2,0,2,0,2,1,1,2,0,2,0,0,2,0,2,2,1,0,0,1,0,0,0,0,1,2,1,1,1,2,1,1,1,2,0,2,0,0,0,1,2,1,2,0,0,0,0,2,0,1,0,0,1,1,1,2,2,2,1,0,0,0,1,1,1,2,0,1,2,2,0,1,2,0,0,0,1,1,0,2,2,1,0,0,1,2,2,2,0,0,2,2,2,2,2,0,0,1,0,2,0,0,0,0,0,1,0,2,1,1,0,2,2,0,2,0,0,0,2,0,1,2,0,1,1,1,2,0,2,0,1,2,2,1,1,2,1,2,1,0,2,0,1,0,2,1,0,0,2,2,1,2,2,0,2,2,0,1,1,1,1,2,0,0,1,0,1,0,0,2,1,2,2,0,2
216_3,1,0,2,1,0,0,2,1,2,1,2,1,1,2,2,1,0,1,1,0,2,2,2,1,2,2,0,2,1,2,1,1,2,0,2,0,0,2,0,2,2,1,1,0,1,0,0,1,0,1,2,1,1,1,2,1,1,1,2,0,2,2,0,0,1,2,1,2,2,0,0,0,2,0,1,0,0,1,1,1,2,2,2,1,0,0,0,1,1,1,2,0,1,2,2,0,1,2,0,0,0,1,1,0,2,2,1,0,0,1,2,2,2,0,0,2,2,2,2,2,1,0,1,0,2,0,0,0,0,0,1,0,2,1,1,0,2,2,0,2,0,2,0,2,0,1,2,0,1,1,1,2,0,2,0,1,2,2,1,1,2,1,2,1,0,2,0,1,1,2,1,0,2,2,2,1,2,2,0,2,2,0,1,1,1,1,2,0,0,1,0,1,0,0,2,1,2,2,2,2
216_1,1,0,2,1,0,1,2,1,2,1,2,1,1,2,2,1,0,1,1,0,2,2,2,1,2,2,0,2,0,2,1,1,2,0,2,0,0,2,0,2,2,1,0,0,1,0,0,2,1,1,2,1,1,1,2,1,1,1,2,0,2,0,0,0,1,2,1,2,0,0,0,0,2,0,1,0,0,1,1,1,2,2,2,1,1,0,1,1,1,1,2,0,1,2,2,2,1,2,0,0,0,1,1,1,2,2,1,0,0,1,2,2,2,0,0,2,2,2,2,2,0,0,1,1,2,0,0,0,0,0,1,0,2,1,1,0,2,2,0,2,0,0,0,2,0,1,2,0,1,1,1,2,0,2,0,1,2,2,1,1,2,1,2,1,0,2,1,1,0,2,1,0,0,2,2,1,2,2,0,2,2,0,1,1,1,1,2,0,0,1,2,1,0,0,2,1,2,2,0,2
I5,1,0,2,1,0,0,2,1,0,0,0,1,1,0,2,1,0,1,0,0,2,0,2,1,2,1,0,0,0,2,1,1,2,2,0,0,0,2,2,2,2,1,0,0,1,0,0,0,0,2,2,0,1,1,2,1,1,1,2,1,2,0,2,0,1,2,1,2,2,0,0,0,0,0,0,0,0,0,0,0,1,0,0,0,2,2,0,0,1,1,0,0,1,2,0,0,0,2,0,0,0,1,1,0,0,0,1,0,1,0,0,2,0,0,1,0,0,2,2,2,0,1,2,0,2,0,0,0,0,0,1,0,2,1,1,0,0,0,0,2,0,0,0,0,0,1,2,0,1,1,0,0,0,0,2,1,2,0,1,1,2,1,0,0,0,2,0,0,1,2,1,0,0,2,0,0,0,2,0,2,2,0,0,1,1,1,2,0,0,1,0,0,0,0,2,0,0,1,0,2
I6,1,0,2,1,1,2,2,1,0,0,0,1,1,0,2,1,0,1,0,2,2,0,2,1,2,1,0,0,0,2,1,1,2,2,0,0,2,2,2,2,2,1,0,0,1,0,1,0,0,2,2,0,1,1,2,1,1,1,2,1,2,0,2,0,1,2,1,2,2,0,0,0,0,0,0,2,0,0,0,0,1,0,0,1,2,2,0,0,1,1,0,0,1,2,0,0,0,2,1,0,2,1,1,0,2,0,1,0,1,0,0,2,2,0,1,0,0,2,2,2,2,1,2,0,2,1,1,0,2,0,1,0,2,1,1,0,0,1,0,2,1,0,0,0,0,1,2,0,1,1,0,0,0,0,2,1,2,1,1,1,2,1,0,0,2,2,0,0,1,2,1,2,1,2,2,2,0,2,0,2,2,0,0,1,1,1,2,0,2,1,1,0,0,0,2,1,0,1,0,2
216_10,1,0,2,1,1,2,2,1,0,0,0,1,1,0,2,1,0,1,0,2,2,0,2,1,2,1,2,0,0,2,1,1,2,2,0,0,2,2,2,2,2,1,0,0,1,0,1,0,2,2,2,0,1,1,2,1,1,1,2,1,2,0,2,0,1,2,1,2,2,0,0,0,0,0,0,2,0,0,0,0,1,0,0,1,2,2,0,0,1,1,0,0,1,2,1,0,0,2,1,0,2,1,1,0,2,0,1,0,1,0,0,2,2,0,1,0,0,2,2,2,2,1,2,0,2,1,1,0,2,0,1,0,2,1,1,0,0,1,2,2,1,0,0,1,0,1,2,0,1,1,0,0,0,0,2,1,2,1,1,1,2,1,0,0,2,2,0,0,1,2,1,2,1,2,2,2,0,2,0,2,2,0,0,1,1,1,2,0,2,1,1,0,0,0,2,1,0,1,1,2
I7,1,2,2,1,1,2,2,1,0,0,0,1,1,2,2,1,0,1,2,2,2,0,2,1,2,1,0,0,0,2,1,1,2,2,0,0,2,2,2,2,2,1,0,0,1,0,1,2,0,2,2,1,1,1,2,1,1,1,2,1,2,0,2,0,1,2,1,2,2,1,2,0,0,2,0,2,0,0,0,0,1,0,2,1,2,2,0,0,1,1,0,0,1,2,0,2,0,2,1,0,2,1,1,0,2,0,1,1,1,0,2,2,2,0,1,0,0,2,2,2,2,1,2,0,2,1,1,2,2,0,1,0,2,1,1,0,0,1,0,2,1,0,2,0,0,1,2,0,1,1,2,0,0,0,2,1,2,1,1,1,2,1,0,0,2,2,0,0,1,2,1,2,1,2,2,2,0,2,0,2,2,2,0,1,1,1,2,1,2,1,1,0,0,1,2,1,0,1,1,2
216_9,1,2,2,1,1,2,2,1,0,0,0,1,1,2,2,1,0,1,2,2,2,0,2,1,2,1,0,0,0,2,1,1,2,2,0,0,2,2,2,2,2,1,0,0,1,0,1,2,0,2,2,1,1,1,2,1,1,1,2,1,2,0,2,0,1,2,1,2,2,1,2,0,0,2,0,2,0,0,0,0,1,0,2,1,2,2,0,0,1,1,0,0,1,2,0,2,0,2,1,0,2,1,1,0,2,0,1,1,1,0,2,2,2,0,1,0,0,2,2,2,2,1,2,0,2,1,1,2,2,0,1,0,2,1,1,0,0,1,0,2,1,0,2,0,0,1,2,0,1,1,2,0,0,0,2,1,2,1,1,1,2,1,0,0,2,2,0,2,1,2,1,2,1,2,2,2,0,2,0,2,2,2,0,1,1,1,2,1,2,1,1,0,0,1,2,1,0,1,1,2
216_8,1,2,2,1,1,2,2,1,0,0,0,1,1,2,2,1,0,1,2,2,2,0,2,1,2,1,0,0,0,2,1,1,2,2,0,0,2,2,2,2,2,1,0,0,1,0,1,2,0,2,2,1,1,1,2,1,1,1,2,1,2,0,2,0,1,2,1,2,2,1,2,0,0,2,2,2,0,0,0,0,1,0,2,1,2,2,0,0,1,1,0,0,1,2,0,2,1,2,1,0,2,1,1,0,2,0,1,1,1,0,2,2,2,0,1,0,0,2,2,2,2,1,2,0,2,1,1,2,2,0,1,0,2,1,1,0,0,1,0,2,1,1,2,0,0,1,2,0,1,1,2,0,0,0,2,1,2,1,1,1,2,1,0,0,2,2,0,0,1,2,1,2,1,2,2,2,0,2,0,2,2,2,0,1,1,1,2,1,2,1,1,0,0,1,2,1,0,1,1,2
I8,1,0,2,1,0,0,2,1,0,0,0,1,1,0,2,1,0,1,1,2,2,0,2,1,2,1,0,0,0,2,1,1,2,2,0,1,0,2,2,2,2,1,0,2,1,0,2,0,0,2,2,0,1,1,2,1,1,1,2,1,2,0,2,0,1,2,1,2,2,0,0,2,0,0,0,0,0,0,0,0,1,0,0,0,2,2,0,0,1,1,0,0,1,2,0,0,1,2,1,0,0,1,1,0,0,0,1,0,1,0,0,2,0,1,1,0,1,2,2,2,0,1,2,0,2,2,0,0,0,2,1,2,2,1,1,2,0,2,0,2,0,0,0,0,0,1,2,0,1,1,0,0,0,0,2,1,2,0,1,1,2,1,0,0,0,2,0,0,1,2,1,0,0,2,0,0,0,2,0,2,2,2,2,1,1,1,2,0,0,1,0,1,0,0,2,0,0,1,0,2
I9,1,0,2,1,0,0,2,1,0,0,0,1,1,2,2,1,2,1,1,2,2,0,2,1,2,1,0,0,2,2,1,1,2,2,0,1,0,2,2,2,2,1,0,2,1,0,2,0,0,2,2,0,1,1,2,1,1,1,2,1,2,0,2,0,1,2,1,2,2,0,2,2,0,1,2,0,0,0,0,2,1,0,0,0,2,2,0,1,1,1,0,0,1,2,0,1,1,2,1,1,0,1,1,0,0,1,1,0,1,0,0,2,0,1,1,0,1,2,2,2,0,1,2,0,2,2,1,0,0,2,1,2,2,1,1,2,0,2,0,2,0,2,1,0,0,1,2,1,1,1,0,2,0,0,2,1,2,0,1,1,2,1,0,0,0,2,0,0,1,2,1,0,0,2,0,0,0,2,0,2,2,2,2,1,1,1,2,0,0,1,0,1,0,0,2,0,0,1,0,2
216_14,1,0,2,1,0,0,2,1,0,0,0,1,1,2,2,1,2,1,1,2,2,0,2,1,2,1,0,0,2,2,1,1,2,2,0,1,0,2,2,2,2,1,0,2,1,0,2,0,0,2,2,0,1,1,2,1,1,1,2,1,2,0,2,0,1,2,1,2,2,0,2,2,0,1,2,0,0,0,0,2,1,0,0,0,2,2,0,1,1,1,0,0,1,2,0,1,1,2,1,1,0,1,1,0,0,1,1,0,1,0,0,2,0,1,1,0,1,2,2,2,0,1,2,0,2,2,1,0,0,2,1,2,2,1,1,2,0,2,0,2,0,2,1,0,0,1,2,1,1,1,0,2,0,0,2,1,2,0,1,1,2,1,0,0,0,2,0,0,1,2,1,0,0,2,0,0,0,2,0,2,2,2,2,1,1,1,2,0,0,1,0,1,0,0,2,0,0,1,0,2
216_13,1,0,2,1,0,0,2,1,0,0,0,1,1,2,2,1,2,1,1,2,2,0,2,1,2,1,0,0,2,2,1,1,2,2,0,1,0,2,2,2,2,1,0,2,1,0,2,0,0,2,2,0,1,1,2,1,1,1,2,1,2,0,2,0,1,2,1,2,2,0,2,2,0,1,2,0,0,0,0,2,1,0,0,0,2,2,0,1,1,1,0,0,1,2,0,1,1,2,1,1,0,1,1,0,0,1,1,0,1,0,0,2,0,1,1,0,1,2,2,2,0,1,2,0,2,2,1,0,0,2,1,2,2,1,1,2,0,2,0,2,0,2,1,0,0,1,2,1,1,1,0,2,0,0,2,1,2,0,1,1,2,1,0,0,0,2,0,0,1,2,1,0,0,2,0,0,0,2,0,2,2,2,2,1,1,1,2,0,0,1,0,1,0,0,2,0,0,1,0,2
I10,1,1,2,1,1,0,2,1,0,1,2,1,1,0,2,1,0,1,1,2,2,0,2,1,2,1,0,0,0,2,1,1,2,2,0,1,0,2,2,2,2,1,2,2,1,0,2,0,0,2,2,1,1,1,2,1,1,1,2,1,2,0,2,0,1,2,1,2,2,0,0,2,0,0,0,0,0,0,0,0,1,0,0,0,2,2,0,0,1,1,1,0,1,2,0,0,1,2,1,0,0,1,1,2,0,0,1,2,1,0,0,2,2,1,1,0,1,2,2,2,0,1,2,0,2,2,0,0,0,2,1,2,2,1,1,2,0,2,0,2,0,0,0,0,2,1,2,1,1,1,0,0,1,2,2,1,2,0,1,1,2,1,2,1,0,2,0,2,1,2,1,0,0,2,0,0,2,2,2,2,2,2,2,1,1,1,2,0,2,1,0,1,2,2,2,0,0,1,0,2
216_12,1,1,2,1,1,0,2,1,0,1,2,1,1,0,2,1,0,1,1,2,2,0,2,1,2,1,0,0,0,2,1,1,2,2,0,1,0,2,2,2,2,1,2,2,1,0,2,0,0,2,2,1,1,1,2,1,1,1,2,1,2,0,2,0,1,2,1,2,2,0,0,2,0,0,0,0,0,0,0,0,1,0,0,0,2,2,0,0,1,1,1,0,1,2,0,0,1,2,1,0,0,1,1,2,0,0,1,2,1,0,0,2,2,1,1,0,1,2,2,2,0,1,2,0,2,2,0,0,0,2,1,2,2,1,1,2,0,2,0,2,0,0,0,0,2,1,2,1,1,1,0,0,1,2,2,1,2,0,1,1,2,1,2,1,0,2,0,2,1,2,1,0,0,2,0,0,2,2,2,2,2,2,2,1,1,1,2,0,2,1,0,1,2,2,2,0,0,1,0,2
216_11,1,1,2,1,1,0,2,1,0,1,2,1,1,0,2,1,0,1,1,2,2,0,2,1,2,1,0,0,0,2,1,1,2,2,0,1,0,2,2,2,2,1,2,2,1,0,2,0,0,2,2,1,1,1,2,1,1,1,2,1,2,0,2,0,1,2,1,2,2,0,0,2,0,0,0,0,0,0,0,0,1,0,0,0,2,2,0,0,1,1,1,0,1,2,0,0,1,2,1,0,0,1,1,2,0,0,1,2,1,0,0,2,2,1,1,0,1,2,2,2,0,1,2,0,2,2,0,0,0,2,1,2,2,1,1,2,0,2,0,2,0,0,0,0,2,1,2,1,1,1,0,0,1,2,2,1,2,0,1,1,2,1,2,1,0,2,0,2,1,2,1,0,0,2,0,0,2,2,2,2,2,2,2,1,1,1,2,0,2,1,0,1,2,2,2,0,0,1,0,2
I11,0,0,0,0,0,0,0,0,1,0,0,0,1,2,0,0,0,0,0,0,0,0,0,0,0,0,0,0,0,0,0,0,0,0,0,0,2,0,0,0,0,0,0,0,0,0,0,0,2,0,0,0,0,0,0,0,2,2,0,0,0,0,0,0,0,0,0,0,0,0,2,0,0,0,0,0,0,0,0,0,0,0,0,0,0,0,0,0,0,0,0,0,0,0,0,0,0,0,0,2,0,0,0,0,0,0,0,0,0,0,0,1,0,0,0,0,0,0,0,0,0,0,0,0,0,0,2,0,0,0,0,0,2,0,0,1,0,0,0,0,0,0,0,0,0,0,0,0,2,0,0,0,0,0,0,0,0,1,0,0,0,0,0,0,0,0,0,0,0,0,0,0,0,0,0,0,0,0,0,0,0,0,0,0,0,0,0,0,0,0,0,0,0,0,0,0,0,0,0,0
I12,0,0,0,0,0,0,0,0,1,2,0,0,1,2,1,0,2,2,0,2,0,0,0,0,0,0,0,1,1,2,0,2,0,2,0,0,2,0,0,0,0,1,2,0,0,0,0,0,2,0,2,2,0,0,0,2,2,2,0,0,0,0,0,0,1,1,1,2,0,0,2,0,0,0,1,2,0,2,0,2,1,2,1,1,0,0,2,0,0,1,0,0,2,0,0,1,0,1,0,2,0,0,0,0,0,0,2,1,0,0,0,1,0,0,0,0,2,0,1,0,0,0,1,1,1,0,2,2,2,0,2,0,2,0,0,1,0,2,1,0,0,0,2,0,0,2,0,2,2,0,2,2,0,1,0,0,0,1,0,0,0,2,2,1,0,0,0,0,2,0,0,0,0,0,0,0,0,2,0,0,0,0,1,0,0,1,0,0,1,0,0,0,0,2,1,2,0,0,0,0
I13,0,0,0,0,2,1,0,0,1,2,0,0,1,2,1,0,2,2,0,2,0,2,2,0,0,2,0,1,1,2,2,2,0,2,2,0,2,0,1,0,0,1,2,0,0,0,0,0,2,1,2,2,1,0,0,2,2,2,2,0,0,0,0,0,1,1,1,2,0,1,2,1,0,0,1,2,0,2,2,2,1,2,1,1,2,0,2,0,0,1,0,0,2,0,0,1,0,1,0,2,0,2,0,0,0,0,2,1,2,0,0,1,0,0,0,0,2,0,1,0,0,0,1,1,1,0,2,2,2,0,2,1,2,0,0,1,0,2,1,0,1,0,2,2,0,2,0,2,2,1,2,2,0,1,0,0,0,1,0,0,0,2,2,1,0,0,0,0,2,0,1,0,2,0,1,0,1,2,0,2,0,0,1,0,2,1,0,1,1,1,0,2,0,2,1,2,0,0,0,1
I14,0,0,0,0,2,1,0,1,1,2,0,1,1,2,1,1,2,2,1,2,0,2,2,0,0,2,0,1,1,2,2,2,0,2,2,0,2,0,1,0,0,1,2,1,0,0,0,0,2,1,2,2,1,0,2,2,2,2,2,2,0,0,0,0,1,1,1,2,2,1,2,1,0,1,1,2,0,2,2,2,1,2,1,1,2,0,2,1,0,1,0,0,2,2,0,1,0,1,2,2,0,2,0,0,0,0,2,1,2,1,0,1,0,1,0,0,2,2,1,0,2,0,1,1,1,0,2,2,2,0,2,1,2,0,0,1,0,2,1,0,1,0,2,2,2,2,0,2,2,1,2,2,0,1,0,0,0,1,0,0,0,2,2,1,0,0,0,0,2,0,1,0,2,0,1,0,1,2,2,2,0,0,1,0,2,1,0,1,1,1,0,2,0,2,1,2,1,0,0,1
I15,1,0,0,0,2,1,0,1,1,2,0,1,1,2,1,1,2,2,1,2,0,2,2,0,0,2,0,1,1,2,2,2,0,2,2,0,2,0,1,0,1,1,2,1,0,0,0,0,2,1,2,2,1,0,2,2,2,2,2,2,0,0,0,0,1,1,1,2,2,1,2,1,0,1,1,2,0,2,2,2,1,2,1,1,2,1,2,1,0,1,0,0,2,2,0,1,2,1,2,2,0,2,0,0,0,0,2,1,2,1,0,1,0,1,0,0,2,2,1,0,2,0,1,1,1,1,2,2,2,0,2,1,2,0,0,1,0,2,1,0,1,0,2,2,2,2,0,2,2,1,2,2,1,1,0,0,0,1,0,0,0,2,2,1,0,0,0,0,2,0,1,1,2,0,1,2,1,2,2,2,0,0,1,2,2,1,0,1,1,1,0,2,0,2,1,2,1,0,0,1
216_42,1,0,0,0,2,1,0,1,1,2,0,1,1,2,1,1,2,2,1,2,0,2,2,0,0,2,0,1,1,2,2,2,0,2,2,0,2,0,1,0,1,1,2,1,0,0,0,0,2,1,2,2,1,0,2,2,2,2,2,2,0,0,0,0,1,1,1,2,2,1,2,1,0,1,1,2,0,2,2,2,1,2,1,1,2,1,2,1,0,1,0,0,2,2,0,1,2,1,2,2,0,2,0,0,0,0,2,1,2,1,0,1,0,1,0,0,2,2,1,0,2,0,1,1,1,1,2,2,2,0,2,1,2,0,0,1,0,2,1,0,1,0,2,2,2,2,0,2,2,1,2,2,1,1,0,0,0,1,0,0,0,2,2,1,0,0,0,0,2,0,1,1,2,0,1,2,1,2,2,2,0,0,1,2,2,1,0,1,1,1,0,2,0,2,1,2,1,0,0,1
216_41,1,0,0,0,2,1,0,1,1,2,0,1,1,2,1,1,2,2,1,2,0,2,2,0,0,2,0,1,1,2,2,2,0,2,2,0,2,0,1,0,1,1,2,1,0,0,0,0,2,1,2,2,1,0,2,2,2,2,2,2,0,0,0,0,1,1,1,2,2,1,2,1,0,1,1,2,0,2,2,2,1,2,1,1,2,1,2,1,0,1,0,0,2,2,0,1,2,1,2,2,0,2,0,0,0,0,2,1,2,1,0,1,0,1,0,0,2,2,1,0,2,0,1,1,1,1,2,2,2,0,2,1,2,0,0,1,0,2,1,0,1,0,2,2,2,2,0,2,2,1,2,2,1,1,0,0,0,1,0,0,0,2,2,1,0,0,0,0,2,0,1,1,2,0,1,2,1,2,2,2,0,0,1,2,2,1,0,1,1,1,0,2,0,2,1,2,1,0,0,1
I16,0,0,0,0,2,1,0,1,1,2,0,1,1,2,1,1,2,2,1,2,0,2,2,0,0,2,1,1,1,2,2,2,0,2,2,2,2,0,1,0,0,1,2,1,0,0,0,0,2,1,2,2,1,0,2,2,2,2,2,2,0,0,0,0,1,1,1,2,2,1,2,1,0,1,1,2,0,2,2,2,1,2,1,1,2,0,2,1,0,1,0,0,2,2,0,1,0,1,2,2,0,2,0,0,1,1,2,1,2,1,0,1,0,1,0,0,2,2,1,0,2,0,1,1,1,1,2,2,2,1,2,1,2,0,2,1,0,2,1,0,1,1,2,2,2,2,0,2,2,1,2,2,0,1,0,0,0,1,0,0,0,2,2,1,0,0,0,0,2,0,1,0,2,0,1,0,1,2,2,2,0,0,1,0,2,1,0,1,1,1,0,2,0,2,1,2,1,0,0,1
216_40,0,0,0,0,2,1,0,1,1,2,0,1,1,2,1,1,2,2,1,2,0,2,2,0,0,2,1,1,1,2,2,2,0,2,2,2,2,0,1,0,0,1,2,1,0,0,0,0,2,1,2,2,1,0,2,2,2,2,2,2,0,0,0,0,1,1,1,2,2,1,2,1,0,1,1,2,0,2,2,2,1,2,1,1,2,0,2,1,0,1,0,0,2,2,0,1,0,1,2,2,0,2,0,0,1,1,2,1,2,1,0,1,0,1,0,0,2,2,1,0,2,0,1,1,1,1,2,2,2,1,2,1,2,0,2,1,0,2,1,0,1,1,2,2,2,2,0,2,2,1,2,2,0,1,0,0,0,1,0,0,0,2,2,1,0,0,0,0,2,0,1,0,2,0,1,0,1,2,2,2,0,0,1,0,2,1,0,1,1,1,0,2,0,2,1,2,1,0,0,1
216_39,0,0,0,0,2,1,0,1,1,2,0,1,1,2,1,1,2,2,1,2,0,2,2,0,0,2,1,1,1,2,2,2,0,2,2,2,2,0,1,0,0,1,2,1,0,0,0,0,2,1,2,2,1,0,2,2,2,2,2,2,0,0,0,2,1,1,1,2,2,1,2,1,2,1,1,2,0,2,2,2,1,2,1,1,2,0,2,1,0,1,0,0,2,2,0,1,0,1,2,2,0,2,0,0,1,1,2,1,2,1,0,1,0,1,0,0,2,2,1,0,2,0,1,1,1,1,2,2,2,1,2,1,2,0,2,1,0,2,1,0,1,1,2,2,2,2,0,2,2,1,2,2,0,1,0,0,0,1,0,0,0,2,2,1,0,0,2,0,2,0,1,0,2,0,1,0,1,2,2,2,0,0,1,0,2,1,0,1,1,1,0,2,0,2,1,2,1,0,0,1
I17,0,2,1,0,2,1,0,0,1,2,0,0,1,2,1,0,2,2,2,2,0,2,2,0,0,2,1,1,1,2,2,2,0,2,2,0,2,0,1,0,2,1,2,0,0,0,0,0,2,1,2,2,1,0,0,2,2,2,2,0,0,0,0,0,1,1,1,2,0,1,2,1,0,0,1,2,0,2,2,2,1,2,1,1,2,0,2,0,0,1,0,0,2,0,0,1,0,1,2,2,0,2,1,0,0,0,2,1,2,0,0,1,0,1,1,0,2,0,1,0,0,0,1,1,1,0,2,2,2,1,2,1,2,0,0,1,0,2,1,0,1,0,2,2,0,2,0,2,2,1,2,2,0,1,0,0,0,1,0,0,0,2,2,1,0,0,1,0,2,0,1,0,2,0,1,0,1,2,0,2,0,0,1,1,2,1,0,1,1,1,0,2,0,2,1,2,0,0,0,1
I18,0,2,1,0,2,1,0,0,1,2,0,2,1,2,1,0,2,2,2,2,0,2,2,1,0,2,1,1,1,2,2,2,0,2,2,0,2,0,1,0,2,1,2,2,0,1,0,0,2,1,2,2,1,0,0,2,2,2,2,0,2,0,2,0,1,1,1,2,0,1,2,1,1,0,1,2,1,2,2,2,1,2,1,1,2,0,2,0,0,1,0,0,2,0,2,1,2,1,2,2,0,2,1,0,0,1,2,1,2,0,0,1,0,1,1,0,2,0,1,0,0,0,1,1,1,0,2,2,2,1,2,1,2,2,2,1,0,2,1,0,1,1,2,2,0,2,0,2,2,1,2,2,0,1,0,0,0,1,0,0,0,2,2,1,1,0,1,0,2,0,1,0,2,1,1,0,1,2,0,2,0,2,1,1,2,1,0,1,1,1,0,2,0,2,1,2,0,0,0,1
216_46,0,2,1,0,2,1,0,0,1,2,0,2,1,2,1,0,2,2,2,2,0,2,2,1,0,2,1,1,1,2,2,2,0,2,2,0,2,0,1,0,2,1,2,2,0,1,0,0,2,1,2,2,1,0,0,2,2,2,2,0,2,0,2,0,1,1,1,2,0,1,2,1,1,0,1,2,1,2,2,2,1,2,1,1,2,0,2,0,1,1,0,0,2,0,2,1,2,1,2,2,0,2,1,0,0,1,2,1,2,0,0,1,0,1,1,0,2,0,1,0,0,0,1,1,1,0,2,2,2,1,2,1,2,2,2,1,0,2,1,0,1,1,2,2,0,2,0,2,2,1,2,2,0,1,0,0,0,1,0,0,0,2,2,1,1,0,1,0,2,0,1,0,2,1,1,0,1,2,0,2,0,2,1,1,2,1,0,1,1,1,0,2,0,2,1,2,0,0,0,1
216_45,0,2,1,0,2,1,0,0,1,2,0,2,1,2,1,0,2,2,2,2,0,2,2,1,0,2,1,1,1,2,2,2,0,2,2,0,2,0,1,0,2,1,2,2,0,1,0,0,2,1,2,2,1,0,0,2,2,2,2,0,2,0,2,0,1,1,1,2,0,1,2,1,1,0,1,2,1,2,2,2,1,2,1,1,2,0,2,0,0,1,0,0,2,0,2,1,2,1,2,2,0,2,1,0,0,1,2,1,2,0,0,1,0,1,1,0,2,0,1,0,0,0,1,1,1,0,2,2,2,1,2,1,2,2,2,1,0,2,1,0,1,1,2,2,0,2,0,2,2,1,2,2,0,1,0,0,0,1,0,0,0,2,2,1,1,0,1,2,2,0,1,0,2,1,1,0,1,2,0,2,0,2,1,1,2,1,0,1,1,1,0,2,0,2,1,2,0,0,0,1
I19,0,2,1,1,2,1,0,0,1,2,0,0,1,2,1,0,2,2,2,2,0,2,2,0,0,2,1,1,1,2,2,2,0,2,2,0,2,0,1,0,2,1,2,0,0,0,0,0,2,1,2,2,1,2,2,2,2,2,2,0,0,0,0,0,1,1,1,2,0,1,2,1,0,2,1,2,0,2,2,2,1,2,1,1,2,0,2,0,1,1,0,0,2,0,0,1,0,1,2,2,0,2,1,0,0,0,2,1,2,0,0,1,0,1,1,0,2,0,1,1,0,0,1,1,1,1,2,2,2,1,2,1,2,0,2,1,0,2,1,0,1,0,2,2,0,2,0,2,2,1,2,2,0,1,0,2,0,1,0,2,0,2,2,1,0,0,1,0,2,0,1,1,2,0,1,0,1,2,0,2,0,0,1,1,2,1,0,1,1,1,0,2,0,2,1,2,0,1,1,1
216_44,0,2,1,1,2,1,0,0,1,2,0,0,1,2,1,0,2,2,2,2,0,2,2,0,0,2,1,1,1,2,2,2,0,2,2,0,2,0,1,0,2,1,2,0,0,0,0,0,2,1,2,2,1,2,2,2,2,2,2,0,0,0,0,0,1,1,1,2,0,1,2,1,0,2,1,2,0,2,2,2,1,2,1,1,2,0,2,0,1,1,0,0,2,0,0,1,0,1,2,2,0,2,1,0,0,0,2,1,2,0,0,1,0,1,1,0,2,0,1,1,0,0,1,1,1,1,2,2,2,1,2,1,2,0,2,1,0,2,1,0,1,0,2,2,0,2,0,2,2,1,2,2,0,1,0,2,0,1,0,2,0,2,2,1,0,0,1,0,2,0,1,1,2,0,1,0,1,2,0,2,0,0,1,1,2,1,0,1,1,1,0,2,0,2,1,2,0,1,1,1
216_43,0,2,1,1,2,1,0,0,1,2,0,0,1,2,1,0,2,2,2,2,0,2,2,0,0,2,1,1,1,2,2,2,0,2,2,0,2,0,1,0,2,1,2,0,0,0,0,0,2,1,2,2,1,2,2,2,2,2,2,0,0,0,0,0,1,1,1,2,0,1,2,1,0,2,1,2,0,2,2,2,1,2,1,1,2,0,2,0,1,1,0,0,2,0,0,1,0,1,2,2,0,2,1,0,0,0,2,1,2,0,0,1,0,1,1,0,2,0,1,1,0,0,1,1,1,1,2,2,2,1,2,1,2,0,2,1,0,2,1,0,1,0,2,2,0,2,0,2,2,1,2,2,0,1,0,2,0,1,0,2,0,2,2,1,0,1,1,0,2,0,1,1,2,0,1,0,1,2,0,2,0,2,1,1,2,1,0,1,1,1,0,2,0,2,1,2,0,1,1,1
I20,0,0,0,0,0,0,0,0,1,2,1,0,1,2,1,2,2,2,1,2,1,2,0,0,0,0,2,1,1,2,1,2,2,2,0,2,2,0,1,0,1,1,2,0,2,0,0,0,2,0,2,2,0,2,0,2,2,2,0,0,0,0,0,2,1,1,1,2,2,2,2,0,0,0,1,2,0,2,0,2,1,2,1,1,0,1,2,2,0,1,0,0,2,0,2,1,0,1,2,2,2,0,0,2,0,0,2,1,0,1,0,1,2,0,0,0,2,0,1,2,0,1,1,1,1,2,2,2,2,0,2,0,2,1,0,1,0,2,1,0,0,2,2,1,1,2,0,2,2,0,2,2,1,1,0,2,0,1,0,0,1,2,2,1,0,0,2,0,2,1,0,0,0,0,0,0,0,2,0,0,0,2,1,0,0,1,0,0,1,0,2,1,0,2,1,2,0,2,0,0
I21,0,1,0,0,2,2,0,1,1,2,1,0,1,2,1,2,2,2,1,2,1,2,0,0,1,0,2,1,1,2,1,2,2,2,0,2,2,0,1,0,1,1,2,0,2,0,1,1,2,2,2,2,2,2,2,2,2,2,0,0,2,2,2,2,1,1,1,2,2,2,2,0,0,0,1,2,1,2,0,2,1,2,1,1,0,1,2,2,2,1,0,2,2,0,2,1,1,1,2,2,2,0,2,2,0,0,2,1,1,1,0,1,2,1,1,0,2,2,1,2,1,1,1,1,1,2,2,2,2,0,2,0,2,1,0,1,0,2,1,2,2,2,2,1,1,2,0,2,2,0,2,2,1,1,0,2,0,1,0,0,1,2,2,1,0,0,2,2,2,1,0,0,1,0,0,0,0,2,0,0,0,2,1,0,0,1,0,0,1,0,2,1,2,2,1,2,0,2,2,0
216_36,0,1,0,0,2,2,0,1,1,2,1,0,1,2,1,2,2,2,1,2,1,2,0,0,1,0,2,1,1,2,1,2,2,2,0,2,2,0,1,0,1,1,2,0,2,0,1,1,2,2,2,2,2,2,2,2,2,2,0,0,2,2,2,2,1,1,1,2,2,2,2,0,0,0,1,2,1,2,0,2,1,2,1,1,0,1,2,2,2,1,0,2,2,0,2,1,1,1,2,2,2,0,2,2,0,0,2,1,1,1,1,1,2,1,1,0,2,2,1,2,1,1,1,1,1,2,2,2,2,0,2,0,2,1,0,1,0,2,1,2,2,2,2,1,1,2,0,2,2,0,2,2,1,1,0,2,0,1,0,0,1,2,2,1,0,0,2,2,2,1,0,0,1,0,0,0,0,2,0,0,0,2,1,0,0,1,0,0,1,0,2,1,2,2,1,2,0,2,2,0
216_35,0,1,0,0,2,2,0,1,1,2,1,0,1,2,1,2,2,2,1,2,1,2,0,0,1,0,2,1,1,2,1,2,2,2,0,2,2,0,1,0,1,1,2,2,2,0,1,1,2,2,2,2,2,2,2,2,2,2,0,0,2,2,2,2,1,1,1,2,2,2,2,0,0,0,1,2,1,2,0,2,1,2,1,1,0,1,2,2,2,1,0,2,2,0,2,1,1,1,2,2,2,0,2,2,0,0,2,1,1,1,0,1,2,1,1,0,2,2,1,2,1,1,1,1,1,2,2,2,2,0,2,0,2,1,0,1,0,2,1,2,2,2,2,1,1,2,0,2,2,0,2,2,1,1,0,2,2,1,0,0,1,2,2,1,0,0,2,2,2,1,0,0,1,0,0,0,0,2,0,0,0,2,1,0,0,1,0,0,1,0,2,1,2,2,1,2,0,2,2,0
I22,1,0,0,0,1,0,0,1,1,2,1,0,1,2,1,2,2,2,1,2,1,2,0,0,1,0,2,1,1,2,1,2,2,2,1,2,2,0,1,1,1,1,2,2,2,0,0,2,2,0,2,2,2,2,0,2,2,2,0,0,0,1,0,2,1,1,1,2,2,2,2,0,0,1,1,2,0,2,0,2,1,2,1,1,2,1,2,2,0,1,1,0,2,2,2,1,2,1,2,2,2,2,2,2,0,0,2,1,0,1,0,1,2,0,0,0,2,0,1,2,0,1,1,1,1,2,2,2,2,0,2,0,2,1,2,1,0,2,1,1,0,2,2,1,1,2,1,2,2,0,2,2,1,1,0,2,1,1,1,2,1,2,2,1,0,0,2,0,2,1,1,0,2,2,0,1,0,2,1,0,0,2,1,0,0,1,0,1,1,0,2,1,0,2,1,2,0,2,0,1
216_32,1,0,0,0,1,0,0,1,1,2,1,0,1,2,1,2,2,2,1,2,1,2,0,0,1,0,2,1,1,2,1,2,2,2,1,2,2,0,1,1,1,1,2,2,2,0,0,2,2,0,2,2,2,2,0,2,2,2,0,0,0,1,0,2,1,1,1,2,2,2,2,0,0,1,1,2,0,2,0,2,1,2,1,1,2,1,2,2,0,1,1,0,2,2,2,1,2,1,2,2,2,2,2,2,0,0,2,1,0,1,0,1,2,0,0,0,2,0,1,2,1,1,1,1,1,2,2,2,2,0,2,0,2,1,2,1,0,2,1,1,0,2,2,1,1,2,1,2,2,0,2,2,1,1,0,2,1,1,1,2,1,2,2,1,0,0,2,2,2,1,1,0,2,2,0,1,0,2,1,0,0,2,1,0,0,1,0,1,1,0,2,1,0,2,1,2,0,2,0,1
216_31,1,0,0,0,1,0,0,1,1,2,1,0,1,2,1,2,2,2,1,2,1,2,0,0,1,0,2,1,1,2,1,2,2,2,1,2,2,0,1,1,1,1,2,2,2,0,0,2,2,0,2,2,2,2,0,2,2,2,0,0,0,1,0,2,1,1,1,2,2,2,2,0,0,1,1,2,0,2,0,2,1,2,1,1,2,1,2,2,0,1,1,0,2,2,2,1,2,1,2,2,2,2,2,2,0,0,2,1,0,1,0,1,2,0,0,0,2,0,1,2,0,1,1,1,1,2,2,2,2,0,2,0,2,1,2,1,0,2,1,1,0,2,2,1,1,2,1,2,2,0,2,2,1,1,0,2,1,1,1,2,1,2,2,1,0,0,2,0,2,1,1,0,2,2,2,1,0,2,1,0,0,2,1,0,0,1,0,1,1,0,2,1,0,2,1,2,0,2,0,1
I23,0,0,0,0,0,0,0,0,1,0,2,1,1,2,0,0,0,0,0,0,0,0,0,0,0,1,0,0,0,1,0,0,0,0,2,0,2,0,0,0,0,0,0,0,0,0,1,1,2,2,0,0,0,0,0,2,2,2,2,0,0,0,0,0,2,0,0,0,2,0,2,2,0,1,1,0,2,2,2,2,0,0,0,0,0,0,0,0,0,0,0,0,0,0,0,0,0,0,2,2,0,0,2,1,0,2,1,1,0,2,0,1,1,1,2,1,0,1,2,2,0,2,1,0,0,0,2,0,0,0,1,2,2,0,0,1,0,0,1,0,0,2,0,1,0,0,0,0,2,0,2,0,2,0,0,2,0,1,0,0,0,0,2,0,1,2,0,0,0,0,1,0,0,0,2,0,0,1,0,0,0,0,0,1,0,0,0,1,0,2,0,0,0,1,2,0,0,0,0,0
I24,1,1,1,1,0,0,0,0,1,0,2,1,1,2,0,1,0,0,1,0,0,2,0,1,2,1,0,0,0,1,0,1,1,1,2,0,2,0,1,1,0,0,2,1,0,1,1,1,2,2,0,2,0,0,0,2,2,2,2,2,0,0,0,0,2,0,0,2,2,2,2,2,0,1,1,0,2,2,2,2,0,0,0,0,0,0,2,0,0,0,0,0,0,0,2,0,0,1,2,2,1,0,2,1,1,2,1,1,2,2,0,1,1,1,2,1,0,1,2,2,0,2,1,0,2,0,2,0,1,1,1,2,2,0,1,1,0,0,1,0,0,2,1,1,1,0,2,0,2,0,2,0,2,0,2,2,1,1,0,0,1,1,2,2,1,2,0,0,0,0,1,0,2,0,2,1,0,1,0,2,0,0,0,1,2,2,2,1,2,2,0,1,0,1,2,0,0,0,0,0
216_26,1,1,1,1,1,0,1,0,1,1,2,1,1,2,2,1,2,2,1,0,0,2,0,1,2,1,0,0,1,1,0,1,1,1,2,0,2,1,1,1,0,2,2,1,0,1,1,1,2,2,2,2,1,1,0,2,2,2,2,2,0,0,0,2,2,0,0,2,2,2,2,2,2,1,1,2,2,2,2,2,0,0,0,1,0,0,2,0,2,0,0,0,0,0,2,1,0,1,2,2,1,0,2,1,1,2,1,1,2,2,2,1,1,1,2,1,1,1,2,2,0,2,1,0,2,0,2,1,1,1,1,2,2,1,1,1,0,0,1,0,0,2,1,1,1,0,2,2,2,0,2,0,2,0,2,2,1,1,0,0,1,1,2,2,1,2,2,0,2,1,1,2,2,0,2,1,0,1,2,2,0,0,0,1,2,2,2,1,2,2,0,1,0,1,2,1,0,0,1,0
I25,1,1,1,1,0,0,0,0,1,0,2,1,1,2,0,1,0,0,1,0,0,2,0,1,2,1,0,0,0,1,0,1,1,1,2,0,2,0,1,1,0,0,2,1,2,1,1,1,2,2,0,2,2,0,0,2,2,2,2,2,0,0,0,0,2,1,0,2,2,2,2,2,0,1,1,0,2,2,2,2,1,0,0,0,0,1,2,1,0,0,0,0,2,1,2,0,0,1,2,2,1,2,2,1,1,2,1,1,2,2,0,1,1,1,2,1,0,1,2,2,1,2,1,0,2,2,2,0,1,1,1,2,2,0,1,1,0,0,1,0,0,2,1,1,1,0,2,0,2,0,2,2,2,0,2,2,1,1,0,0,1,1,2,2,1,2,0,0,0,0,1,0,2,0,2,1,2,1,2,2,0,2,0,1,2,2,2,1,2,2,2,1,2,1,2,0,1,0,1,0
216_27,1,1,1,1,0,0,0,0,1,0,2,1,1,2,0,1,0,0,1,0,0,2,0,1,2,1,0,0,0,1,0,1,1,1,2,2,2,0,1,1,0,0,2,1,2,1,1,1,2,2,0,2,2,2,0,2,2,2,2,2,0,0,0,2,2,1,2,2,2,2,2,2,0,1,1,1,2,2,2,2,1,0,2,0,0,1,2,1,0,2,0,2,2,1,2,0,0,1,2,2,1,2,2,1,1,2,1,1,2,2,0,1,1,1,2,1,0,1,2,2,1,2,1,0,2,2,2,0,1,1,1,2,2,2,1,1,0,0,1,0,0,2,1,1,1,0,2,1,2,0,2,2,2,0,2,2,1,1,0,0,1,1,2,2,1,2,0,0,0,0,1,2,2,0,2,1,2,1,2,2,0,2,0,1,2,2,2,1,2,2,2,1,2,1,2,0,1,0,1,0
I26,1,1,1,1,0,2,0,1,1,1,2,1,1,2,0,1,0,0,1,0,0,2,0,1,2,1,1,1,0,1,0,1,1,1,2,0,2,0,1,1,0,0,2,1,2,1,1,1,2,2,0,2,2,0,0,2,2,2,2,2,0,0,0,0,2,1,0,2,2,2,2,2,0,1,1,0,2,2,2,2,1,1,0,0,0,1,2,1,0,0,0,0,2,1,2,2,0,1,2,2,1,2,2,1,1,2,1,1,2,2,0,1,1,1,2,1,0,1,2,2,1,2,1,0,2,2,2,2,1,1,1,2,2,0,1,1,0,0,1,0,0,2,1,1,1,1,2,0,2,2,2,2,2,0,2,2,1,1,0,0,1,1,2,2,1,2,0,0,0,0,1,0,2,0,2,1,2,1,2,2,0,2,0,1,2,2,2,1,2,2,2,1,2,1,2,2,1,0,1,1
216_30,1,1,1,1,0,2,0,1,1,1,2,1,1,2,0,1,0,0,1,0,0,2,0,1,2,1,1,1,0,1,0,1,1,1,2,0,2,0,1,1,0,0,2,1,2,1,1,1,2,2,0,2,2,0,0,2,2,2,2,2,0,2,0,0,2,1,0,2,2,2,2,2,0,1,1,0,2,2,2,2,1,1,0,0,0,1,2,1,0,0,0,0,2,1,2,2,0,1,2,2,1,2,2,1,1,2,1,1,2,2,0,1,1,1,2,1,0,1,2,2,1,2,1,0,2,2,2,2,1,1,1,2,2,0,1,1,0,0,1,0,0,2,1,1,1,1,2,0,2,2,2,2,2,0,2,2,1,1,0,0,1,1,2,2,1,2,0,0,0,0,1,0,2,0,2,1,2,1,2,2,0,2,0,1,2,2,2,1,2,2,2,1,2,1,2,2,1,0,1,1
216_29,1,1,1,1,0,2,0,1,1,1,2,1,1,2,0,1,0,0,1,0,0,2,0,1,2,1,1,1,0,1,0,1,1,1,2,0,2,0,1,1,0,0,2,1,2,1,1,1,2,2,0,2,2,0,0,2,2,2,2,2,0,1,0,0,2,1,0,2,2,2,2,2,0,1,1,0,2,2,2,2,1,1,0,0,0,1,2,1,0,0,0,0,2,1,2,2,0,1,2,2,1,2,2,1,1,2,1,1,2,2,0,1,1,1,2,1,0,1,2,2,1,2,1,0,2,2,2,2,1,1,1,2,2,0,1,1,0,0,1,0,0,2,1,1,1,1,2,0,2,2,2,2,2,0,2,2,1,1,0,0,1,1,2,2,1,2,0,0,0,0,1,2,2,0,2,1,2,1,2,2,0,2,0,1,2,2,2,1,2,2,2,1,2,1,2,2,1,0,1,1
I27,0,1,0,0,0,0,0,1,1,0,2,1,1,2,0,0,0,0,0,0,0,0,0,0,0,1,2,0,0,1,0,0,0,2,2,0,2,0,0,0,0,0,0,0,0,0,1,1,2,2,1,0,1,1,0,2,2,2,2,1,0,2,0,1,2,1,1,0,2,1,2,2,0,1,1,0,2,2,2,2,2,0,0,1,0,1,2,0,0,0,0,0,2,1,0,1,0,0,2,2,0,2,2,1,0,2,1,1,0,2,0,1,1,1,2,1,0,1,2,2,1,2,1,0,0,0,2,0,2,0,1,2,2,0,1,1,0,0,1,1,0,2,1,1,1,0,0,0,2,0,2,0,2,0,0,2,0,1,0,0,0,1,2,0,1,2,2,0,2,0,1,0,0,1,2,0,2,1,1,0,0,0,0,1,0,0,0,1,0,2,0,2,0,1,2,0,2,0,0,2
I28,0,1,2,0,0,0,0,1,1,2,2,1,1,2,0,0,1,0,1,0,0,0,0,1,0,1,2,0,0,1,2,0,0,2,2,0,2,0,0,1,0,0,1,0,1,1,1,1,2,2,1,0,1,1,0,2,2,2,2,1,0,2,0,1,2,1,1,0,2,1,2,2,0,1,1,0,2,2,2,2,2,0,0,1,0,1,2,0,0,0,0,0,2,1,0,1,0,1,2,2,0,2,2,1,0,2,1,1,0,2,0,1,1,1,2,1,1,1,2,2,1,2,1,0,0,0,2,2,2,0,1,2,2,2,1,1,0,0,1,1,1,2,1,1,1,0,0,0,2,0,2,0,2,0,1,2,1,1,0,0,0,1,2,0,1,2,2,0,2,0,1,0,2,1,2,2,2,1,1,0,1,0,2,1,1,0,0,1,0,2,0,2,0,1,2,0,2,0,0,2
I29,1,1,2,0,0,0,0,1,1,2,2,1,1,2,1,0,1,0,1,0,0,0,0,1,0,1,2,0,0,1,2,0,0,2,2,1,2,0,2,1,0,0,1,0,1,1,1,1,2,2,1,2,1,1,0,2,2,2,2,1,0,2,0,1,2,1,1,0,2,1,2,2,0,1,1,0,2,2,2,2,2,0,1,1,1,1,2,2,0,2,0,2,2,1,1,1,0,1,2,2,0,2,2,1,0,2,1,1,0,2,2,1,1,1,2,1,1,1,2,2,1,2,1,0,0,0,2,2,2,1,1,2,2,2,1,1,0,0,1,1,1,2,1,1,1,1,0,0,2,0,2,0,2,0,1,2,1,1,0,2,0,1,2,0,1,2,2,0,2,0,1,0,2,1,2,2,2,1,1,0,1,0,2,1,1,0,0,1,0,2,0,2,0,1,2,0,2,0,0,2
216_22,1,1,2,0,0,0,0,1,1,2,2,1,1,2,1,0,1,0,1,0,0,0,0,1,0,1,2,0,0,1,2,0,0,2,2,1,2,0,2,1,0,0,1,0,1,1,1,1,2,2,1,2,1,1,0,2,2,2,2,1,0,2,0,1,2,1,1,0,2,1,2,2,0,1,1,0,2,2,2,2,2,0,1,1,1,1,2,2,0,2,0,2,2,1,1,1,2,1,2,2,0,2,2,1,2,2,1,1,0,2,2,1,1,1,2,1,1,1,2,2,1,2,1,0,0,0,2,2,2,1,1,2,2,2,1,1,0,0,1,1,1,2,1,1,1,1,0,0,2,0,2,0,2,0,1,2,1,1,0,2,0,1,2,0,1,2,2,0,2,0,1,0,2,1,2,2,2,1,1,0,1,0,2,1,1,0,0,1,0,2,0,2,0,1,2,0,2,0,0,2
216_21,1,1,2,0,0,0,0,1,1,2,2,1,1,2,1,0,1,0,1,0,0,0,0,1,0,1,2,0,0,1,2,0,0,2,2,1,2,0,2,1,0,0,1,0,1,1,1,1,2,2,1,2,1,1,0,2,2,2,2,1,0,2,0,1,2,1,1,0,2,1,2,2,0,1,1,0,2,2,2,2,2,0,1,1,1,1,2,2,0,2,0,2,2,1,1,1,0,1,2,2,0,2,2,1,0,2,1,1,0,2,2,1,1,1,2,1,1,1,2,2,1,2,1,0,0,0,2,2,2,1,1,2,2,2,1,1,0,0,1,1,1,2,1,1,1,1,0,0,2,0,2,0,2,2,1,2,1,1,0,2,0,1,2,0,1,2,2,0,2,0,1,0,2,1,2,2,2,1,1,0,1,0,2,1,1,0,0,1,0,2,0,2,0,1,2,2,2,0,0,2
I30,0,1,2,0,2,0,0,1,1,2,2,1,1,2,0,0,1,2,1,0,0,0,2,1,0,1,2,1,1,1,2,0,0,2,2,1,2,1,0,1,1,2,1,1,1,1,1,1,2,2,1,1,1,1,0,2,2,2,2,1,2,2,1,1,2,1,1,0,2,1,2,2,0,1,1,0,2,2,2,2,2,0,0,1,0,1,2,1,0,0,0,0,2,1,0,1,1,1,2,2,0,2,2,1,0,2,1,1,0,2,0,1,1,1,2,1,1,1,2,2,1,2,1,0,2,2,2,2,2,1,1,2,2,2,1,1,0,2,1,1,1,2,1,1,1,1,0,2,2,0,2,0,2,0,1,2,1,1,0,2,0,1,2,0,1,2,2,0,2,0,1,0,2,1,2,2,2,1,1,0,1,0,2,1,1,0,0,1,0,2,0,2,0,1,2,0,2,0,0,2
216_20,1,1,2,0,2,0,0,1,1,2,2,1,1,2,0,0,1,2,1,1,0,2,2,1,0,1,2,1,1,1,2,0,0,2,2,1,2,1,0,1,1,2,1,1,1,1,1,1,2,2,1,1,1,1,0,2,2,2,2,1,2,2,1,1,2,1,1,0,2,1,2,2,0,1,1,0,2,2,2,2,2,0,0,1,0,1,2,1,0,0,0,0,2,1,0,1,1,1,2,2,0,2,2,1,0,2,1,1,0,2,0,1,1,1,2,1,1,1,2,2,1,2,1,0,2,2,2,2,2,1,1,2,2,2,1,1,0,2,1,1,1,2,1,1,1,1,0,2,2,0,2,0,2,0,1,2,1,1,0,2,0,1,2,0,1,2,2,0,2,0,1,0,2,1,2,2,2,1,1,0,1,0,2,1,1,0,0,1,0,2,0,2,0,1,2,0,2,0,0,2
216_19,0,1,2,0,2,0,0,1,1,2,2,1,1,2,0,0,1,2,1,0,2,0,2,1,0,1,2,1,1,1,2,0,0,2,2,1,2,1,1,1,1,2,1,1,1,1,1,1,2,2,1,1,1,1,0,2,2,2,2,1,2,2,1,1,2,1,1,0,2,1,2,2,0,1,1,0,2,2,2,2,2,0,0,1,0,1,2,1,0,1,0,0,2,1,0,1,1,1,2,2,0,2,2,1,0,2,1,1,0,2,0,1,1,1,2,1,1,1,2,2,1,2,1,0,2,2,2,2,2,1,1,2,2,2,1,1,0,2,1,1,1,2,1,1,1,1,0,2,2,0,2,0,2,0,1,2,1,1,0,2,0,1,2,0,1,2,2,0,2,0,1,0,2,1,2,2,2,1,1,0,1,0,2,1,1,0,0,1,0,2,0,2,0,1,2,0,2,0,0,2
I31,1,1,0,0,0,0,2,1,1,0,2,1,1,2,2,0,0,0,0,0,2,0,0,0,0,1,2,1,0,1,2,0,0,2,2,0,2,2,0,1,0,2,0,0,1,0,1,1,2,2,1,0,1,1,0,2,2,2,2,1,0,2,0,1,2,1,1,0,2,1,2,2,0,1,1,2,2,2,2,2,2,0,0,1,0,1,2,0,0,0,0,0,2,1,0,1,0,0,2,2,0,2,2,1,0,2,1,1,0,2,0,1,1,1,2,1,0,1,2,2,1,2,1,0,0,0,2,2,2,0,1,2,2,0,1,1,0,0,1,1,0,2,1,1,1,0,0,0,2,0,2,0,2,0,0,2,0,1,0,1,2,1,2,0,1,2,2,0,2,0,1,0,0,1,2,0,2,1,1,0,0,0,0,1,0,0,0,1,0,2,0,2,1,1,2,0,2,0,0,2
216_18,1,1,0,2,0,0,2,1,1,0,2,1,1,2,2,0,0,0,1,0,2,2,0,0,0,1,2,1,0,1,2,1,0,2,2,0,2,2,2,1,0,2,0,0,1,1,1,1,2,2,1,0,1,1,0,2,2,2,2,1,0,2,0,1,2,1,1,0,2,1,2,2,0,1,1,2,2,2,2,2,2,1,0,1,0,1,2,0,2,0,0,0,2,1,0,1,0,1,2,2,0,2,2,1,0,2,1,1,1,2,0,1,1,1,2,1,0,1,2,2,1,2,1,1,0,1,2,2,2,0,1,2,2,2,1,1,0,0,1,1,0,2,1,1,1,0,1,0,2,0,2,0,2,1,0,2,2,1,0,1,2,1,2,0,1,2,2,0,2,0,1,0,1,1,2,0,2,1,1,2,0,0,0,1,0,0,0,1,0,2,0,2,1,1,2,0,2,2,0,2
I32,1,1,0,2,0,0,2,1,1,0,2,1,1,2,2,0,0,0,0,0,2,0,0,0,0,1,2,1,0,1,2,0,0,2,2,2,2,2,0,1,0,2,0,0,1,0,1,1,2,2,1,0,1,1,0,2,2,2,2,1,0,2,0,1,2,1,1,0,2,1,2,2,0,1,1,2,2,2,2,2,2,0,1,1,0,1,2,0,0,0,2,0,2,1,0,1,0,2,2,2,0,2,2,1,0,2,1,1,2,2,0,1,1,1,2,1,0,1,2,2,1,2,1,0,0,0,2,2,2,0,1,2,2,0,1,1,0,0,1,1,0,2,1,1,1,1,2,0,2,0,2,0,2,0,0,2,0,1,1,1,2,1,2,0,1,2,2,0,2,0,1,0,0,1,2,0,2,1,1,0,0,0,0,1,0,1,0,1,0,2,0,2,1,1,2,0,2,0,0,2
216_16,1,1,0,2,0,0,2,1,1,0,2,1,1,2,2,0,0,0,0,0,2,0,2,0,0,1,2,1,0,1,2,0,0,2,2,2,2,2,0,1,0,2,0,0,1,0,1,1,2,2,1,0,1,1,0,2,2,2,2,1,1,2,0,1,2,1,1,0,2,1,2,2,0,1,1,2,2,2,2,2,2,0,1,1,0,1,2,0,0,0,2,0,2,1,0,1,0,2,2,2,0,2,2,1,0,2,1,1,2,2,0,1,1,1,2,1,0,1,2,2,1,2,1,0,0,0,2,2,2,0,1,2,2,0,1,1,0,0,1,1,0,2,1,1,1,1,2,0,2,0,2,0,2,0,0,2,0,1,1,1,2,1,2,0,1,2,2,0,2,0,1,0,0,1,2,0,2,1,1,0,0,0,0,1,1,1,0,1,0,2,0,2,1,1,2,0,2,0,0,2
216_15,1,1,0,2,0,0,2,1,1,0,2,1,1,2,2,0,0,0,0,0,2,0,0,0,0,1,2,1,0,1,2,0,0,2,2,2,2,2,0,1,0,2,0,0,1,0,1,1,2,2,1,0,1,1,0,2,2,2,2,1,0,2,1,1,2,1,1,0,2,1,2,2,0,1,1,2,2,2,2,2,2,0,1,1,0,1,2,0,0,0,2,0,2,1,0,1,0,2,2,2,0,2,2,1,0,2,1,1,2,2,0,1,1,1,2,1,0,1,2,2,1,2,1,0,0,1,2,2,2,0,1,2,2,0,1,1,0,0,1,1,0,2,1,1,1,1,2,0,2,0,2,0,2,0,0,2,0,1,1,1,2,1,2,0,1,2,2,0,2,0,1,0,0,1,2,0,2,1,1,0,0,0,0,1,0,1,0,1,0,2,0,2,1,1,2,0,2,0,1,2
Evolve tree: [&R] ((((((216_15:0.06979383206259182,216_16:0.06979383206259182)I32:0.21421221520704303,216_18:0.2840060472696348)I31:0.2551661408774541,((216_19:0.05719637176967074,216_20:0.05719637176967074)I30:0.20728275370119043,(216_21:0.04886581392543627,216_22:0.04886581392543627)I29:0.2156133115454249)I28:0.27469306267622784)I27:0.3250836797900337,(((216_29:0.044720728399874905,216_30:0.044720728399874905)I26:0.20048283467687433,216_27:0.24520356307674923)I25:0.23748917721103455,216_26:0.4826927402877838)I24:0.381563127649339)I23:0.2901013089102891,(((216_31:0.05302434717274747,216_32:0.05302434717274747)I22:0.4185903737519514,(216_35:0.03236572398856582,216_36:0.03236572398856582)I21:0.43924899693613306)I20:0.34562616227680154,(((216_43:0.03647072670750793,216_44:0.03647072670750793)I19:0.18970539776739073,(216_45:0.020130191961974638,216_46:0.020130191961974638)I18:0.20604593251292405)I17:0.22349669060974864,((216_39:0.03236572398856582,216_40:0.03236572398856582)I16:0.1657274991585552,(216_41:0.020130191961974638,216_42:0.020130191961974638)I15:0.1779630311851464)I14:0.25157959193752627)I13:0.367568068116853)I12:0.3371162936459117)I11:0.08659085782189718,((((216_11:0.016078030702131985,216_12:0.016078030702131985)I10:0.19131558500104942,(216_13:0.008012977027052892,216_14:0.008012977027052892)I9:0.1993806386761285)I8:0.22600832494032214,((216_8:0.012038973181965588,216_9:0.012038973181965588)I7:0.1768139107316345,216_10:0.18885288391360008)I6:0.2445490567299034)I5:0.31849713527102846,((216_1:0.17510412748404047,216_3:0.17510412748404047)I4:0.24753806813495272,(216_6:0.012038973181965588,216_7:0.012038973181965588)I3:0.41060322243702774)I2:0.3292568802955388)I1:0.4890489587547771)I0:0;