cell,r0,r1,r2,r3,r4,r5,r6,r7,r8,r9,r10,r11,r12,r13,r14,r15,r16,r17,r18,r19,r20,r21,r22,r23,r24,r25,r26,r27,r28,r29,r30,r31,r32,r33,r34,r35,r36,r37,r38,r39,r40,r41,r42,r43,r44,r45,r46,r47,r48,r49,r50,r51,r52,r53,r54,r55,r56,r57,r58,r59,r60,r61,r62,r63,r64,r65,r66,r67,r68,r69,r70,r71,r72,r73,r74,r75,r76,r77,r78,r79,r80,r81,r82,r83,r84,r85,r86,r87,r88,r89,r90,r91,r92,r93,r94,r95,r96,r97,r98,r99,r100,r101,r102,r103,r104,r105,r106,r107,r108,r109,r110,r111,r112,r113,r114,r115,r116,r117,r118,r119,r120,r121,r122,r123,r124,r125,r126,r127,r128,r129,r130,r131,r132,r133,r134,r135,r136,r137,r138,r139,r140,r141,r142,r143,r144,r145,r146,r147,r148,r149,r150,r151,r152,r153,r154,r155,r156,r157,r158,r159,r160,r161,r162,r163,r164,r165,r166,r167,r168,r169,r170,r171,r172,r173,r174,r175,r176,r177,r178,r179,r180,r181,r182,r183,r184,r185,r186,r187,r188,r189,r190,r191,r192,r193,r194,r195,r196,r197,r198,r199
I0,0,0,0,0,0,0,0,0,0,0,0,0,0,0,0,0,0,0,0,0,0,0,0,0,0,0,0,0,0,0,0,0,0,0,0,0,0,0,0,0,0,0,0,0,0,0,0,0,0,0,0,0,0,0,0,0,0,0,0,0,0,0,0,0,0,0,0,0,0,0,0,0,0,0,0,0,0,0,0,0,0,0,0,0,0,0,0,0,0,0,0,0,0,0,0,0,0,0,0,0,0,0,0,0,0,0,0,0,0,0,0,0,0,0,0,0,0,0,0,0,0,0,0,0,0,0,0,0,0,0,0,0,0,0,0,0,0,0,0,0,0,0,0,0,0,0,0,0,0,0,0,0,0,0,0,0,0,0,0,0,0,0,0,0,0,0,0,0,0,0,0,0,0,0,0,0,0,0,0,0,0,0,0,0,0,0,0,0,0,0,0,0,0,0,0,0,0,0,0,0
I1,1,2,0,0,0,1,0,1,2,1,0,1,0,0,0,2,2,2,2,0,0,0,0,1,2,0,0,0,0,0,0,2,0,1,2,0,1,1,0,0,2,1,2,0,0,2,0,0,1,1,1,1,0,2,0,0,0,1,0,2,1,0,2,0,1,0,0,2,0,1,0,1,0,1,0,0,0,0,0,0,0,1,0,0,2,0,0,0,0,1,1,1,0,2,0,0,0,0,1,1,0,0,0,0,2,0,0,0,1,0,0,1,1,0,0,1,0,1,0,2,0,0,0,0,1,0,0,0,0,2,1,0,0,1,0,2,0,0,0,0,0,0,0,0,2,2,0,2,2,2,0,2,1,0,0,0,0,0,2,0,1,2,0,0,2,0,0,0,1,0,0,0,1,0,0,0,0,0,0,0,0,1,0,0,0,0,0,1,0,2,1,0,1,0,0,0,0,0,0,2
I2,1,2,0,0,2,1,0,1,2,1,0,1,1,0,0,2,2,2,2,0,0,0,0,1,2,0,0,0,2,0,0,2,0,1,2,0,1,1,0,1,2,1,2,0,0,2,0,0,1,1,1,1,0,2,0,0,0,1,0,2,1,0,2,1,1,0,2,2,2,1,0,1,2,1,0,0,0,0,1,0,0,1,0,0,2,0,0,0,0,1,1,1,1,2,0,0,0,0,1,1,0,1,2,0,2,0,1,1,1,1,0,1,1,0,2,1,0,1,0,2,1,0,2,0,1,1,2,0,1,2,1,0,0,1,2,2,0,1,0,2,0,0,2,0,2,2,0,2,2,2,0,2,1,1,1,0,0,0,2,0,1,2,0,0,2,0,1,0,1,0,0,0,1,0,0,0,2,0,0,2,2,1,0,0,0,0,2,1,0,2,1,0,1,0,0,2,0,0,0,2
I3,1,2,1,0,2,1,1,1,2,1,2,1,1,0,0,2,2,2,2,0,1,0,0,1,2,1,0,1,2,0,0,2,0,1,2,0,1,1,0,1,2,1,2,0,0,2,0,0,1,1,1,1,1,2,0,0,0,1,0,2,1,0,2,1,1,0,2,2,2,1,1,1,2,1,0,0,0,0,1,0,0,1,0,0,2,0,0,0,0,1,1,1,1,2,2,0,0,0,1,1,0,1,2,2,2,0,1,1,1,1,0,1,1,0,2,1,0,1,0,2,1,0,2,0,1,1,2,0,1,2,1,0,0,1,2,2,0,1,1,2,0,0,2,0,2,2,1,2,2,2,0,2,1,1,1,2,0,0,2,0,1,2,0,1,2,0,1,0,1,0,0,0,1,1,2,0,2,0,2,2,2,1,0,1,0,2,2,1,0,2,1,2,1,1,0,2,1,0,0,2
216_7,1,2,1,0,2,1,1,1,2,1,2,1,1,0,0,2,2,2,2,0,1,0,0,1,2,1,0,1,2,0,0,2,0,1,2,0,1,1,0,1,2,1,2,0,0,2,0,0,1,1,1,1,1,2,0,0,0,1,0,2,1,0,2,1,1,0,2,2,2,1,1,1,2,1,0,0,0,0,1,0,0,1,0,0,2,0,0,0,0,1,1,1,1,2,2,0,0,0,1,1,0,1,2,2,2,0,1,1,1,1,0,1,1,0,2,1,0,1,0,2,1,0,2,0,1,1,2,0,1,2,1,0,0,1,2,2,0,1,1,2,0,0,2,0,2,2,1,2,2,2,0,2,1,1,1,2,0,0,2,0,1,2,0,1,2,0,1,0,1,0,0,0,1,1,2,0,2,0,2,2,2,1,0,1,0,2,2,1,0,2,1,2,1,1,0,2,1,0,0,2
216_6,1,2,1,0,2,1,1,1,2,1,2,1,1,0,0,2,2,2,2,0,1,0,0,1,2,1,0,1,2,0,0,2,0,1,2,0,1,1,0,1,2,1,2,0,0,2,0,0,1,1,1,1,1,2,0,0,0,1,0,2,1,0,2,1,1,0,2,2,2,1,1,1,2,1,0,0,0,0,1,0,0,1,0,0,2,0,0,0,0,1,1,1,1,2,2,0,0,0,1,1,0,1,2,2,2,0,1,1,1,1,0,1,1,0,2,1,0,1,0,2,1,0,2,0,1,1,2,0,1,2,1,0,0,1,2,2,0,1,1,2,0,0,2,0,2,2,1,2,2,2,0,2,1,1,1,2,0,0,2,0,1,2,0,1,2,0,1,0,1,0,0,0,1,1,2,0,2,0,2,2,2,1,0,1,0,2,2,1,0,2,1,2,1,1,0,2,1,0,0,2
I4,1,2,1,0,2,1,0,1,2,1,0,1,1,2,0,2,2,2,2,2,0,0,2,1,2,0,0,0,2,0,0,2,0,1,2,0,1,1,0,1,2,1,2,1,0,2,0,0,1,1,1,1,0,2,0,0,2,1,0,2,1,0,2,1,1,0,2,2,2,1,0,1,2,1,0,1,0,0,1,0,0,1,0,2,2,0,2,0,0,1,1,1,1,2,0,0,0,0,1,1,0,1,2,0,2,0,1,1,1,1,0,1,1,0,2,1,0,1,0,2,1,0,2,0,1,1,2,0,1,2,1,1,0,1,2,2,0,1,2,2,0,0,2,0,2,2,0,2,2,2,0,2,1,1,1,0,0,0,2,0,1,2,0,0,2,0,1,0,1,0,0,2,1,0,1,0,2,0,0,2,2,1,0,0,1,0,2,1,0,2,1,0,1,0,0,2,0,0,0,2
216_3,1,2,1,0,2,1,0,1,2,1,0,1,1,2,2,2,2,2,2,2,0,0,2,1,2,0,0,0,2,0,0,2,0,1,2,0,1,1,0,1,2,1,2,1,0,2,0,0,1,1,1,1,0,2,1,0,2,1,0,2,1,0,2,1,1,0,2,2,2,1,0,1,2,1,0,1,0,0,1,0,0,1,2,2,2,1,2,2,0,1,1,1,1,2,0,2,0,0,1,1,0,1,2,0,2,0,1,1,1,1,0,1,1,0,2,1,0,1,0,2,1,0,2,0,1,1,2,0,1,2,1,1,2,1,2,2,0,1,2,2,0,0,2,0,2,2,0,2,2,2,0,2,1,1,1,0,0,0,2,0,1,2,0,0,2,0,1,0,1,0,0,2,1,0,1,0,2,0,0,2,2,1,0,0,1,0,2,1,2,2,1,0,1,0,0,2,0,0,0,2
216_1,1,2,1,0,2,1,0,1,2,1,0,1,1,2,0,2,2,2,2,2,0,1,2,1,2,0,0,0,2,0,0,2,0,1,2,0,1,1,0,1,2,1,2,1,0,2,0,0,1,1,1,1,0,2,0,0,2,1,0,2,1,0,2,1,1,0,2,2,2,1,0,1,2,1,0,1,0,0,1,0,0,1,0,2,2,0,2,0,0,1,1,1,1,2,0,0,0,2,1,1,0,1,2,0,2,0,1,1,1,1,0,1,1,0,2,1,0,1,2,2,1,0,2,0,1,1,2,0,1,2,1,1,0,1,2,2,0,1,2,2,1,0,2,0,2,2,0,2,2,2,0,2,1,1,1,0,0,0,2,0,1,2,0,0,2,0,1,0,1,0,0,2,1,0,1,0,2,2,0,2,2,1,0,0,1,0,2,1,0,2,1,1,1,0,0,2,0,0,0,2
I5,1,2,0,0,0,1,0,1,2,1,0,1,0,1,0,2,2,2,2,0,0,0,0,1,2,0,0,0,0,1,0,2,0,1,2,0,1,1,2,0,2,1,2,2,1,2,0,0,1,1,1,1,2,2,0,0,0,1,0,2,1,2,2,1,1,0,2,2,0,1,0,1,0,1,0,0,0,2,0,0,0,1,0,0,2,0,1,0,2,1,1,1,0,2,0,1,0,2,1,1,0,1,0,2,2,0,0,2,1,0,0,1,1,0,0,1,1,1,2,2,0,0,0,0,1,0,1,0,1,2,1,0,1,1,2,2,0,0,0,0,0,0,2,0,2,2,0,2,2,2,0,2,1,0,0,0,1,0,2,0,1,2,0,0,2,0,0,0,1,0,0,0,1,0,1,0,0,2,0,2,0,1,2,0,0,0,2,1,2,2,1,0,1,0,0,0,2,0,2,2
I6,1,2,1,2,0,1,0,1,2,1,2,1,0,1,0,2,2,2,2,0,0,0,2,1,2,0,0,0,0,1,2,2,2,1,2,0,1,1,2,0,2,1,2,2,1,2,0,1,1,1,1,1,2,2,0,2,0,1,0,2,1,2,2,1,1,0,2,2,0,1,0,1,1,1,0,0,0,2,0,2,0,1,0,0,2,0,1,0,2,1,1,1,2,2,0,1,0,2,1,1,2,1,0,2,2,1,0,2,1,0,0,1,1,0,0,1,1,1,2,2,0,0,0,0,1,0,1,0,1,2,1,0,1,1,2,2,0,2,0,2,0,0,2,0,2,2,0,2,2,2,0,2,1,0,0,1,1,0,2,0,1,2,0,0,2,0,0,0,1,0,0,0,1,0,1,1,0,2,0,2,2,1,2,0,0,0,2,1,2,2,1,0,1,0,0,0,2,0,2,2
216_10,1,2,1,2,1,1,0,1,2,1,2,1,0,1,0,2,2,2,2,0,0,0,2,1,2,0,0,0,0,1,2,2,2,1,2,0,1,1,2,0,2,1,2,2,1,2,0,1,1,1,1,1,2,2,0,2,0,1,2,2,1,2,2,1,1,0,2,2,0,1,0,1,1,1,0,0,0,2,0,2,0,1,1,0,2,0,1,0,2,1,1,1,2,2,0,1,0,2,1,1,2,1,0,2,2,1,0,2,1,0,0,1,1,0,0,1,1,1,2,2,0,0,0,0,1,0,1,0,1,2,1,0,1,1,2,2,0,2,0,2,0,0,2,0,2,2,0,2,2,2,0,2,1,0,0,1,1,0,2,0,1,2,0,0,2,0,0,0,1,0,0,0,1,0,1,1,0,2,1,2,2,1,2,0,0,0,2,1,2,2,1,0,1,0,0,0,2,1,2,2
I7,1,2,1,2,0,1,0,1,2,1,2,1,0,1,0,2,2,2,2,0,0,1,2,1,2,0,0,0,0,1,2,2,2,1,2,0,1,1,2,0,2,1,2,2,1,2,0,1,1,1,1,1,2,2,0,2,0,1,2,2,1,2,2,1,1,0,2,2,0,1,0,1,1,1,0,0,0,2,0,2,0,1,0,0,2,0,1,0,2,1,1,1,2,2,0,1,0,2,1,1,2,1,0,2,2,1,0,2,1,0,0,1,1,0,0,1,1,1,2,2,0,0,0,0,1,0,1,1,1,2,1,0,1,1,2,2,0,2,0,2,0,0,2,0,2,2,0,2,2,2,0,2,1,0,0,1,1,0,2,0,1,2,0,0,2,0,0,0,1,0,0,1,1,0,1,1,0,2,0,2,2,1,2,0,0,0,2,1,2,2,1,0,1,0,0,0,2,2,2,2
216_9,1,2,1,2,2,1,0,1,2,1,2,1,0,1,0,2,2,2,2,0,0,1,2,1,2,0,0,0,0,1,2,2,2,1,2,0,1,1,2,0,2,1,2,2,1,2,0,1,1,1,1,1,2,2,0,2,0,1,2,2,1,2,2,1,1,0,2,2,0,1,0,1,1,1,0,0,0,2,0,2,0,1,0,0,2,0,1,0,2,1,1,1,2,2,0,1,0,2,1,1,2,1,0,2,2,1,0,2,1,0,0,1,1,0,0,1,1,1,2,2,0,0,0,0,1,0,1,1,1,2,1,0,1,1,2,2,0,2,0,2,0,0,2,0,2,2,0,2,2,2,0,2,1,0,0,1,1,0,2,0,1,2,0,0,2,0,0,0,1,0,0,1,1,0,1,1,0,2,0,2,2,1,2,0,0,0,2,1,2,2,1,0,1,0,0,0,2,2,2,2
216_8,1,2,1,2,0,1,0,1,2,1,2,1,0,1,0,2,2,2,2,0,0,1,2,1,2,0,0,0,0,1,2,2,2,1,2,0,1,1,2,0,2,1,2,2,1,2,0,1,1,1,1,1,2,2,0,2,0,1,2,2,1,2,2,1,1,0,2,2,0,1,0,1,1,1,0,0,0,2,0,2,0,1,0,0,2,0,1,0,2,1,1,1,2,2,0,1,0,2,1,1,2,1,0,2,2,1,0,2,1,0,0,1,1,0,0,1,1,1,2,2,0,0,0,0,1,0,1,1,1,2,1,0,1,1,2,2,0,2,0,2,0,0,2,0,2,2,0,2,2,2,0,2,1,0,0,1,1,0,2,0,1,2,0,0,2,0,0,0,1,0,0,1,1,0,1,1,0,2,0,2,2,1,2,0,0,0,2,1,2,2,1,0,1,0,0,0,2,2,2,2
I8,1,2,0,0,0,1,0,1,2,1,0,1,0,1,0,2,2,2,2,0,0,0,0,1,2,0,0,0,0,1,0,2,0,1,2,0,1,1,2,2,2,1,2,2,1,2,2,0,1,1,1,1,2,2,0,1,0,1,0,2,1,2,2,1,1,2,2,2,0,1,0,1,0,1,0,0,0,2,2,0,0,1,0,0,2,2,1,0,2,1,1,1,0,2,0,1,0,2,1,1,0,1,0,2,2,0,0,2,1,0,0,1,1,1,0,1,1,1,2,2,0,1,0,0,1,0,1,0,1,2,1,0,1,1,2,2,0,0,0,0,0,0,2,0,2,2,0,2,2,2,0,2,1,0,0,0,1,0,2,0,1,2,0,1,2,0,0,0,1,0,0,0,1,0,1,0,1,2,0,2,0,1,2,0,0,0,2,1,2,2,1,0,1,0,0,0,2,1,2,2
I9,1,2,0,0,0,1,0,1,2,1,0,1,0,1,0,2,2,2,2,0,0,0,1,1,2,0,0,0,0,1,0,2,0,1,2,2,1,1,2,2,2,1,2,2,1,2,2,0,1,1,1,1,2,2,1,1,0,1,0,2,1,2,2,1,1,2,2,2,0,1,0,1,0,1,0,0,0,2,2,0,0,1,0,2,2,2,1,2,2,1,1,1,0,2,0,1,0,2,1,1,0,1,0,2,2,0,0,2,1,0,0,1,1,1,0,1,1,1,2,2,0,1,0,0,1,0,1,0,1,2,1,0,1,1,2,2,0,0,0,0,0,0,2,0,2,2,0,2,2,2,0,2,1,1,0,1,1,0,2,0,1,2,0,1,2,1,0,0,1,2,0,2,1,0,1,0,1,2,0,2,0,1,2,0,0,0,2,1,2,2,1,0,1,0,0,0,2,1,2,2
216_14,1,2,0,0,0,1,0,1,2,1,0,1,0,1,0,2,2,2,2,0,0,0,1,1,2,0,0,0,0,1,0,2,0,1,2,2,1,1,2,2,2,1,2,2,1,2,2,0,1,1,1,1,2,2,1,1,0,1,0,2,1,2,2,1,1,2,2,2,0,1,0,1,0,1,0,0,0,2,2,0,0,1,0,2,2,2,1,2,2,1,1,1,0,2,0,1,0,2,1,1,0,1,0,2,2,0,0,2,1,0,0,1,1,1,0,1,1,1,2,2,0,1,0,0,1,0,1,0,1,2,1,0,1,1,2,2,0,0,0,0,0,0,2,0,2,2,0,2,2,2,0,2,1,1,0,1,1,0,2,0,1,2,0,1,2,1,0,0,1,2,0,2,1,0,1,0,1,2,0,2,0,1,2,0,0,0,2,1,2,2,1,0,1,0,0,0,2,1,2,2
216_13,1,2,0,0,0,1,0,1,2,1,0,1,0,1,0,2,2,2,2,0,0,0,1,1,2,0,0,0,0,1,0,2,0,1,2,2,1,1,2,2,2,1,2,2,1,2,2,0,1,1,1,1,2,2,1,1,0,1,0,2,1,2,2,1,1,2,2,2,0,1,0,1,0,1,0,0,0,2,2,0,0,1,0,2,2,2,1,2,2,1,1,1,0,2,0,1,0,2,1,1,0,1,0,2,2,0,0,2,1,0,0,1,1,1,0,1,1,1,2,2,0,1,0,0,1,0,1,0,1,2,1,0,1,1,2,2,0,0,0,0,0,0,2,0,2,2,0,2,2,2,0,2,1,1,0,1,1,0,2,0,1,2,0,1,2,1,0,0,1,2,0,2,1,0,1,0,1,2,0,2,0,1,2,0,0,0,2,1,2,2,1,0,1,0,0,0,2,1,2,2
I10,1,2,0,0,0,1,0,1,2,1,0,1,0,1,0,2,2,2,2,0,0,1,0,1,2,0,0,0,0,1,0,2,0,1,2,0,1,1,2,2,2,1,2,2,1,2,2,0,1,1,1,1,2,2,0,1,0,1,0,2,1,2,2,1,1,2,2,2,0,1,0,1,0,1,0,0,1,2,2,0,0,1,2,2,2,2,1,2,2,1,1,1,0,2,0,1,0,2,1,1,0,1,0,2,2,0,0,2,1,0,0,1,1,1,0,1,1,1,2,2,0,1,0,0,1,0,1,0,1,2,1,0,1,1,2,2,0,0,2,0,0,0,2,0,2,2,0,2,2,2,0,2,1,0,0,0,1,0,2,0,1,2,0,1,2,0,1,0,1,0,1,0,1,0,1,0,1,2,0,2,0,1,2,0,0,0,2,1,2,2,1,0,1,0,2,0,2,1,2,2
216_12,1,2,0,0,0,1,0,1,2,1,0,1,0,1,0,2,2,2,2,0,0,1,0,1,2,0,0,0,0,1,0,2,0,1,2,0,1,1,2,2,2,1,2,2,1,2,2,0,1,1,1,1,2,2,0,1,0,1,0,2,1,2,2,1,1,2,2,2,0,1,0,1,0,1,0,0,1,2,2,0,0,1,2,2,2,2,1,2,2,1,1,1,0,2,0,1,0,2,1,1,0,1,0,2,2,0,0,2,1,0,0,1,1,1,0,1,1,1,2,2,0,1,0,0,1,0,1,0,1,2,1,0,1,1,2,2,0,0,2,0,0,0,2,0,2,2,0,2,2,2,0,2,1,0,0,0,1,0,2,0,1,2,0,1,2,0,1,0,1,0,1,0,1,0,1,0,1,2,0,2,0,1,2,0,0,0,2,1,2,2,1,0,1,0,2,0,2,1,2,2
216_11,1,2,0,0,0,1,0,1,2,1,0,1,0,1,0,2,2,2,2,0,0,1,0,1,2,0,0,0,0,1,0,2,0,1,2,0,1,1,2,2,2,1,2,2,1,2,2,0,1,1,1,1,2,2,0,1,0,1,0,2,1,2,2,1,1,2,2,2,0,1,0,1,0,1,0,0,1,2,2,0,0,1,2,2,2,2,1,2,2,1,1,1,0,2,0,1,0,2,1,1,0,1,0,2,2,0,0,2,1,0,0,1,1,1,0,1,1,1,2,2,0,1,0,0,1,0,1,0,1,2,1,0,1,1,2,2,0,0,2,0,0,0,2,0,2,2,0,2,2,2,0,2,1,0,0,0,1,0,2,0,1,2,0,1,2,0,1,0,1,0,1,0,1,0,1,0,1,2,0,2,0,1,2,0,0,0,2,1,2,2,1,0,1,0,2,0,2,1,2,2
I11,0,0,0,0,0,0,0,0,0,0,0,0,0,0,0,1,0,0,0,0,0,0,0,0,0,0,0,0,0,0,0,0,0,1,0,0,0,0,0,0,0,0,0,0,0,0,0,0,2,0,0,0,0,0,0,0,0,0,0,0,0,0,0,0,0,0,0,0,0,0,1,0,0,0,0,0,0,0,0,0,0,0,0,2,2,0,0,0,0,0,0,0,0,0,1,2,0,0,0,0,0,0,0,0,0,0,0,0,0,0,0,0,0,0,0,0,2,0,0,0,0,0,0,0,2,0,0,0,0,0,0,0,0,0,0,0,0,0,0,0,0,2,0,0,0,0,0,0,0,0,0,0,1,0,0,0,1,0,0,0,0,0,0,0,0,0,0,0,0,0,0,0,0,0,0,0,0,0,2,1,0,0,0,0,0,0,0,0,0,0,0,0,0,0,0,0,0,0,0,0
I12,0,0,0,0,1,0,0,1,2,1,2,0,0,0,1,1,0,0,1,0,0,0,0,0,0,2,1,0,0,2,2,1,0,1,0,0,0,0,0,0,0,0,0,0,0,0,2,1,2,0,2,0,0,0,2,2,2,0,0,0,0,0,0,2,0,0,0,0,0,2,1,2,0,0,0,0,0,2,1,2,0,0,0,2,2,0,0,0,2,0,0,0,0,0,1,2,0,0,2,2,0,0,0,2,1,2,0,1,0,0,0,1,0,0,0,0,2,1,1,0,2,0,0,0,2,0,0,0,0,0,0,0,0,0,0,1,0,0,0,0,0,2,2,0,0,0,2,0,0,0,0,0,1,2,2,2,1,0,1,2,0,2,0,0,0,0,1,0,2,0,0,2,0,2,0,0,2,0,2,1,0,0,0,0,0,0,0,1,2,0,2,2,1,0,0,0,2,0,1,0
I13,0,0,0,0,1,0,0,1,2,1,2,0,0,0,1,1,0,0,1,0,0,2,0,0,0,2,1,0,0,2,2,1,0,1,1,0,0,0,2,0,0,0,1,0,0,0,2,1,2,0,2,0,0,0,2,2,2,2,0,0,0,0,0,2,0,0,0,2,0,2,1,2,0,0,0,0,2,2,1,2,2,1,1,2,2,0,0,0,2,0,0,0,1,1,1,2,2,1,2,2,1,0,0,2,1,2,0,1,0,0,0,1,0,0,0,0,2,1,1,0,2,0,1,2,2,0,0,2,1,2,0,0,0,0,0,1,0,0,0,0,0,2,2,1,2,0,2,0,1,0,2,0,1,2,2,2,1,0,1,2,0,2,0,0,0,2,1,0,2,0,0,2,0,2,0,0,2,0,2,1,0,0,0,0,0,2,0,1,2,0,2,2,1,0,0,0,2,0,1,0
I14,0,0,0,0,1,0,0,1,2,1,2,0,0,0,1,1,0,0,1,0,0,2,0,0,0,2,1,0,0,2,2,1,0,1,1,0,0,0,2,0,0,0,1,0,1,0,2,1,2,0,2,0,0,0,2,2,2,2,0,0,0,0,0,2,1,0,0,2,2,2,1,2,0,0,0,2,2,2,1,2,2,1,1,2,2,2,0,0,2,0,2,0,1,1,1,2,2,1,2,2,1,2,1,2,1,2,0,1,0,0,0,1,0,0,0,0,2,1,1,0,2,0,1,2,2,0,0,2,1,2,0,0,2,0,0,1,0,0,0,2,0,2,2,1,2,0,2,0,1,0,2,0,1,2,2,2,1,0,1,2,1,2,0,0,0,2,1,1,2,0,0,2,0,2,0,0,2,0,2,1,0,1,0,1,0,2,0,1,2,1,2,2,1,0,1,0,2,0,1,0
I15,0,0,0,0,1,0,0,1,2,1,2,0,0,0,1,1,2,0,1,0,1,2,0,0,0,2,1,0,0,2,2,1,0,1,1,0,0,0,2,0,0,0,1,0,1,0,2,1,2,0,2,0,0,0,2,2,2,2,0,0,0,0,0,2,1,0,0,2,2,2,1,2,0,1,0,2,2,2,1,2,2,1,1,2,2,2,0,0,2,0,2,0,1,1,1,2,2,1,2,2,1,2,1,2,1,2,0,1,0,0,0,1,0,0,0,1,2,1,1,0,2,0,1,2,2,2,2,2,1,2,0,0,2,0,0,1,0,0,0,2,0,2,2,1,2,0,2,1,1,0,2,0,1,2,2,2,1,0,1,2,1,2,0,1,0,2,1,1,2,0,0,2,0,2,0,0,2,0,2,1,0,1,0,1,0,2,0,1,2,1,2,2,1,0,1,0,2,0,1,0
216_42,0,0,0,0,1,0,0,1,2,1,2,0,0,0,1,1,2,0,1,0,1,2,0,0,0,2,1,0,0,2,2,1,0,1,1,0,0,0,2,0,0,0,1,0,1,0,2,1,2,0,2,0,0,0,2,2,2,2,0,0,0,0,0,2,1,0,0,2,2,2,1,2,0,1,0,2,2,2,1,2,2,1,1,2,2,2,0,0,2,0,2,0,1,1,1,2,2,1,2,2,1,2,1,2,1,2,0,1,0,0,0,1,0,0,0,1,2,1,1,0,2,0,1,2,2,2,2,2,1,2,0,0,2,0,0,1,0,0,0,2,0,2,2,1,2,0,2,1,1,0,2,0,1,2,2,2,1,0,1,2,1,2,0,1,0,2,1,1,2,0,0,2,0,2,0,0,2,0,2,1,0,1,0,1,0,2,0,1,2,1,2,2,1,0,1,0,2,0,1,0
216_41,0,0,0,0,1,0,0,1,2,1,2,0,0,0,1,1,2,0,1,0,1,2,0,0,0,2,1,0,0,2,2,1,0,1,1,0,0,0,2,0,0,0,1,0,1,0,2,1,2,0,2,0,0,0,2,2,2,2,0,0,0,0,0,2,1,0,0,2,2,2,1,2,0,1,0,2,2,2,1,2,2,1,1,2,2,2,0,0,2,0,2,0,1,1,1,2,2,1,2,2,1,2,1,2,1,2,0,1,0,0,0,1,1,0,0,1,2,1,1,0,2,0,1,2,2,2,2,2,1,2,0,0,2,2,0,1,0,0,0,2,0,2,2,1,2,0,2,1,1,0,2,0,1,2,2,2,1,0,1,2,1,2,0,1,0,2,1,1,2,0,0,2,0,2,0,0,2,0,2,1,0,1,0,1,0,2,0,1,2,1,2,2,1,0,1,0,2,0,1,0
I16,0,0,0,0,1,0,0,1,2,1,2,0,0,0,1,1,0,0,1,0,0,2,0,0,0,2,1,0,0,2,2,1,0,1,1,0,0,0,2,0,0,0,1,0,1,0,2,1,2,0,2,0,0,0,2,2,2,2,0,0,0,0,0,2,1,0,0,2,2,2,1,2,0,0,0,2,2,2,1,2,2,1,1,2,2,2,0,0,2,0,2,0,1,1,1,2,2,1,2,2,1,2,1,2,1,2,0,1,2,0,1,1,0,0,0,0,2,1,1,0,2,0,1,2,2,0,0,2,1,2,0,0,2,0,0,1,0,0,0,2,0,2,2,1,2,0,2,0,1,0,2,0,1,2,2,2,1,0,1,2,1,2,0,0,0,2,1,1,2,1,0,2,0,2,0,0,2,0,2,1,0,1,0,1,0,2,0,1,2,1,2,2,1,0,1,0,2,0,1,0
216_40,0,0,0,0,1,2,0,1,2,1,2,0,0,0,1,1,0,0,1,0,0,2,0,0,0,2,1,0,0,2,2,1,0,1,1,0,0,0,2,0,0,0,1,0,1,0,2,1,2,0,2,0,0,0,2,2,2,2,2,0,0,0,0,2,1,0,0,2,2,2,1,2,0,0,0,2,2,2,1,2,2,1,1,2,2,2,0,0,2,0,2,0,1,1,1,2,2,1,2,2,1,2,1,2,1,2,0,1,2,0,1,1,0,0,0,0,2,1,1,0,2,0,1,2,2,0,0,2,1,2,0,0,2,0,0,1,0,0,0,2,0,2,2,1,2,0,2,0,1,0,2,0,1,2,2,2,1,0,1,2,1,2,0,0,0,2,1,1,2,1,0,2,0,2,0,0,2,0,2,1,0,1,0,1,0,2,0,1,2,1,2,2,1,0,1,0,2,0,1,0
216_39,0,0,0,0,1,0,0,1,2,1,2,0,0,0,1,1,0,0,1,0,0,2,0,0,0,2,1,0,0,2,2,1,0,1,1,0,0,0,2,0,0,0,1,0,1,0,2,1,2,0,2,0,0,0,2,2,2,2,0,0,0,0,0,2,1,0,0,2,2,2,1,2,0,0,0,2,2,2,1,2,2,1,1,2,2,2,0,0,2,0,2,0,1,1,1,2,2,1,2,2,1,2,1,2,1,2,0,1,2,0,1,1,0,0,0,0,2,1,1,0,2,0,1,2,2,0,0,2,1,2,0,0,2,0,0,1,0,0,0,2,0,2,2,1,2,0,2,0,1,0,2,0,1,2,2,2,1,0,1,2,1,2,0,0,0,2,1,1,2,1,0,2,0,2,0,0,2,0,2,1,0,1,0,1,0,2,0,1,2,1,2,2,1,0,1,0,2,0,1,0
I17,0,0,0,0,1,0,0,1,2,1,2,0,0,2,1,1,0,0,1,1,1,2,0,0,0,2,1,0,0,2,2,1,0,1,1,0,0,0,2,1,0,0,1,0,0,0,2,1,2,0,2,0,0,0,2,2,2,2,0,0,0,0,0,2,0,0,0,2,2,2,1,2,0,0,0,0,2,2,1,2,2,1,1,2,2,0,0,0,2,0,0,0,1,1,1,2,2,1,2,2,1,0,0,2,1,2,0,1,0,0,0,1,0,0,0,0,2,1,1,0,2,0,1,2,2,0,2,2,1,2,0,2,0,0,0,1,2,0,1,2,0,2,2,1,2,0,2,0,1,0,2,0,1,2,2,2,1,0,1,2,1,2,0,2,0,2,1,0,2,0,0,2,2,2,0,0,2,0,2,1,0,0,0,0,0,2,0,1,2,0,2,2,1,0,2,1,2,0,1,0
I18,0,0,0,0,1,0,0,1,2,1,2,0,0,2,1,1,0,0,1,1,1,2,0,0,0,2,1,0,0,2,2,1,0,1,1,0,0,0,2,1,0,0,1,0,0,0,2,1,2,0,2,0,0,0,2,2,2,2,0,0,0,0,0,2,0,2,0,2,2,2,1,2,0,0,0,1,2,2,1,2,2,1,1,2,2,0,0,0,2,0,0,0,1,1,1,2,2,1,2,2,1,0,0,2,1,2,2,1,0,0,0,1,0,0,0,0,2,1,1,0,2,0,1,2,2,0,2,2,1,2,0,2,0,0,0,1,2,0,1,2,1,2,2,1,2,0,2,0,1,0,2,0,1,2,2,2,1,0,1,2,1,2,0,2,0,2,1,0,2,0,0,2,2,2,0,0,2,0,2,1,0,1,0,0,0,2,0,1,2,0,2,2,1,0,2,1,2,0,1,0
216_46,0,0,0,0,1,0,0,1,2,1,2,0,0,2,1,1,0,0,1,1,1,2,0,0,0,2,1,0,0,2,2,1,0,1,1,0,0,0,2,1,0,0,1,0,0,0,2,1,2,0,2,0,0,0,2,2,2,2,0,0,0,0,0,2,0,2,0,2,2,2,1,2,0,0,0,1,2,2,1,2,2,1,1,2,2,0,0,0,2,0,0,0,1,1,1,2,2,1,2,2,1,0,0,2,1,2,2,1,0,0,0,1,0,0,0,0,2,1,1,0,2,0,1,2,2,0,2,2,1,2,0,2,0,0,0,1,2,0,1,2,1,2,2,1,2,0,2,0,1,0,2,0,1,2,2,2,1,0,1,2,1,2,0,2,0,2,1,0,2,0,0,2,2,2,0,0,2,0,2,1,0,1,0,0,0,2,0,1,2,0,2,2,1,0,2,1,2,0,1,0
216_45,0,0,0,0,1,0,0,1,2,1,2,0,0,2,1,1,0,0,1,1,1,2,0,0,0,2,1,0,0,2,2,1,0,1,1,0,1,0,2,1,0,0,1,0,0,0,2,1,2,0,2,0,0,0,2,2,2,2,0,0,0,0,0,2,0,2,0,2,2,2,1,2,0,0,0,1,2,2,1,2,2,1,1,2,2,0,0,0,2,0,0,0,1,1,1,2,2,1,2,2,1,0,0,2,1,2,2,1,0,0,0,1,0,0,0,0,2,1,1,0,2,0,1,2,2,0,2,2,1,2,0,2,0,0,0,1,2,0,1,2,1,2,2,1,2,0,2,0,1,0,2,0,1,2,2,2,1,0,1,2,1,2,0,2,0,2,1,0,2,0,0,2,2,2,0,0,2,0,2,1,0,1,0,0,0,2,0,1,2,0,2,2,1,0,2,1,2,0,1,0
I19,2,0,0,0,1,0,0,1,2,1,2,1,0,2,1,1,0,2,1,1,1,2,0,0,0,2,1,0,0,2,2,1,0,1,1,0,0,0,2,1,0,0,1,0,0,0,2,1,2,0,2,0,0,0,2,2,2,2,0,0,0,0,0,2,0,0,0,2,2,2,1,2,0,0,0,0,2,2,1,2,2,1,1,2,2,0,0,0,2,0,0,0,1,1,1,2,2,1,2,2,1,0,0,2,1,2,1,1,0,0,0,1,0,0,1,0,2,1,1,0,2,0,1,2,2,0,2,2,1,2,0,2,0,0,1,1,2,0,1,2,0,2,2,1,2,0,2,0,1,0,2,0,1,2,2,2,1,0,1,2,1,2,0,2,0,2,1,0,2,0,0,2,2,2,0,0,2,1,2,1,0,0,0,0,0,2,1,1,2,0,2,2,1,0,2,1,2,0,1,0
216_44,2,0,0,0,1,0,0,1,2,1,2,1,0,2,1,1,0,2,1,1,1,2,0,0,0,2,1,0,0,2,2,1,0,1,1,0,0,0,2,1,0,0,1,0,0,0,2,1,2,2,2,0,0,0,2,2,2,2,0,0,0,0,0,2,0,0,0,2,2,2,1,2,0,0,0,0,2,2,1,2,2,1,1,2,2,0,0,0,2,0,0,0,1,1,1,2,2,1,2,2,1,0,0,2,1,2,1,1,0,0,0,1,0,0,1,0,2,1,1,0,2,0,1,2,2,0,2,2,1,2,0,2,0,0,1,1,2,0,1,2,0,2,2,1,2,0,2,0,1,0,2,0,1,2,2,2,1,0,1,2,1,2,0,2,0,2,1,0,2,0,0,2,2,2,0,0,2,1,2,1,0,0,0,0,0,2,1,1,2,0,2,2,1,0,2,1,2,0,1,0
216_43,2,0,0,0,1,0,2,1,2,1,2,1,0,2,1,1,0,2,1,1,1,2,0,0,0,2,1,0,0,2,2,1,0,1,1,0,0,0,2,1,0,0,1,0,0,0,2,1,2,0,2,0,0,0,2,2,2,2,0,0,0,0,0,2,0,0,0,2,2,2,1,2,0,0,0,0,2,2,1,2,2,1,1,2,2,0,0,0,2,0,0,0,1,1,1,2,2,1,2,2,1,0,0,2,1,2,1,1,0,0,0,1,0,0,1,0,2,1,1,0,2,0,1,2,2,0,2,2,1,2,0,2,0,0,1,1,2,0,1,2,0,2,2,1,2,0,2,0,1,0,2,0,1,2,2,2,1,0,1,2,1,2,0,2,0,2,1,0,2,0,0,2,2,2,0,0,2,1,2,1,0,0,0,0,0,2,1,1,2,2,2,2,1,0,2,1,2,0,1,0
I20,0,0,0,2,1,1,0,1,2,1,2,0,0,1,1,1,0,2,1,0,1,0,0,0,2,2,1,0,0,2,2,1,0,1,0,1,0,1,0,1,0,0,2,0,2,0,2,1,2,1,2,2,2,0,2,2,2,0,1,0,1,0,0,2,0,0,0,0,0,2,1,2,0,2,0,0,2,2,1,2,1,0,0,2,2,0,0,0,2,0,0,1,0,0,1,2,2,0,2,2,2,0,1,2,1,2,0,1,2,0,0,1,0,0,1,0,2,1,1,0,2,1,0,0,2,0,2,2,2,0,1,2,2,0,0,1,2,1,2,0,2,2,2,0,2,1,2,0,2,0,0,0,1,2,2,2,1,0,1,2,2,2,0,0,0,0,1,2,2,0,0,2,2,2,0,0,2,0,2,1,0,0,0,0,0,0,0,1,2,1,2,2,1,0,0,0,2,0,1,1
I21,0,2,2,2,1,1,0,1,2,1,2,0,0,1,1,1,0,2,1,2,1,0,0,2,2,2,1,0,0,2,2,1,2,1,0,1,2,1,0,1,0,0,2,0,2,0,2,1,2,1,2,2,2,0,2,2,2,0,1,0,1,0,2,2,0,0,2,0,0,2,1,2,0,2,0,0,2,2,1,2,1,0,2,2,2,0,1,0,2,0,0,1,1,0,1,2,2,2,2,2,2,2,1,2,1,2,0,1,2,0,0,1,0,0,1,1,2,1,1,0,2,1,0,2,2,2,2,2,2,0,1,2,2,0,0,1,2,1,2,0,2,2,2,0,2,1,2,0,2,0,0,2,1,2,2,2,1,0,1,2,2,2,0,2,0,1,1,2,2,0,0,2,2,2,1,1,2,0,2,1,0,1,0,2,0,0,0,1,2,1,2,2,1,0,0,0,2,0,1,1
216_36,0,2,2,2,1,1,0,1,2,1,2,0,0,1,1,1,0,2,1,2,1,0,0,2,2,2,1,0,0,2,2,1,2,1,0,1,2,1,0,1,0,1,2,0,2,0,2,1,2,1,2,2,2,0,2,2,2,0,1,0,1,0,2,2,0,0,2,0,0,2,1,2,0,2,0,0,2,2,1,2,1,0,2,2,2,0,1,1,2,0,0,1,1,0,1,2,2,2,2,2,2,2,1,2,1,2,0,1,2,0,0,1,0,0,1,1,2,1,1,0,2,1,0,2,2,2,2,2,2,0,1,2,2,0,0,1,2,1,2,0,2,2,2,0,2,1,2,0,2,0,0,2,1,2,2,2,1,1,1,2,2,2,0,2,0,1,1,2,2,0,0,2,2,2,1,1,2,0,2,1,0,1,0,2,0,0,0,1,2,1,2,2,1,0,0,0,2,0,1,1
216_35,0,2,2,2,1,1,0,1,2,1,2,0,0,1,1,1,0,2,1,2,1,0,0,2,2,2,1,0,0,2,2,1,2,1,0,1,2,1,0,1,0,0,2,0,2,0,2,1,2,1,2,2,2,0,2,2,2,0,1,0,1,0,2,2,0,0,2,0,0,2,1,2,0,2,0,0,2,2,1,2,1,0,2,2,2,0,1,0,2,0,0,1,1,0,1,2,2,2,2,2,2,2,1,2,1,2,0,1,2,0,0,1,0,0,1,1,2,1,1,0,2,1,0,2,2,2,2,2,2,0,1,2,2,0,0,1,2,1,2,0,2,2,2,0,2,1,2,0,2,0,0,2,1,2,2,2,1,0,1,2,2,2,0,2,0,1,1,2,2,0,0,2,2,2,1,1,2,0,2,1,0,1,0,2,0,0,0,1,2,1,2,2,1,0,0,0,2,0,1,1
I22,0,0,0,2,1,1,0,1,2,1,2,0,1,1,1,1,0,2,1,0,1,0,0,0,2,2,1,0,0,2,2,1,0,1,0,1,0,1,1,1,0,0,2,2,2,0,2,1,2,1,2,2,2,0,2,2,2,0,1,0,1,0,0,2,0,0,0,0,0,2,1,2,0,2,0,0,2,2,1,2,1,1,0,2,2,0,0,0,2,0,2,1,0,0,1,2,2,0,2,2,2,2,1,2,1,2,0,1,2,1,2,1,0,0,1,0,2,1,1,0,2,1,0,2,2,0,2,2,2,0,1,2,2,0,0,1,2,1,2,0,2,2,2,0,2,1,2,1,2,0,0,0,1,2,2,2,1,2,1,2,2,2,0,0,0,0,1,2,2,0,1,2,2,2,2,0,2,2,2,1,0,0,0,0,0,0,1,1,2,1,2,2,1,0,0,0,2,2,1,1
216_32,0,0,0,2,1,1,0,1,2,1,2,0,1,1,1,1,0,2,1,0,1,0,0,0,2,2,1,0,0,2,2,1,0,1,0,1,0,1,1,1,0,0,2,2,2,0,2,1,2,1,2,2,2,0,2,2,2,0,1,0,1,0,0,2,0,0,0,0,0,2,1,2,0,2,1,0,2,2,1,2,1,1,0,2,2,0,0,0,2,0,2,1,0,0,1,2,2,0,2,2,2,2,1,2,1,2,0,1,2,1,2,1,0,0,1,0,2,1,1,0,2,1,2,2,2,0,2,2,2,0,1,2,2,0,0,1,2,1,2,0,2,2,2,0,2,1,2,1,2,0,0,0,1,2,2,2,1,2,1,2,2,2,0,0,0,0,1,2,2,0,1,2,2,2,2,0,2,2,2,1,0,0,0,0,0,0,1,1,2,1,2,2,1,0,0,0,2,2,1,1
216_31,0,0,0,2,1,1,0,1,2,1,2,0,1,1,1,1,0,2,1,0,1,0,0,0,2,2,1,0,0,2,2,1,0,1,0,1,0,1,1,1,0,0,2,2,2,0,2,1,2,1,2,2,2,0,2,2,2,0,1,0,1,0,0,2,0,0,0,0,0,2,1,2,0,2,0,0,2,2,1,2,1,1,0,2,2,0,0,0,2,0,2,1,0,1,1,2,2,0,2,2,2,2,1,2,1,2,0,1,2,1,2,1,0,0,1,0,2,1,1,0,2,1,0,2,2,0,2,2,2,0,1,2,2,0,0,1,2,1,2,0,2,2,2,0,2,1,2,1,2,0,0,0,1,2,2,2,1,2,1,2,2,2,0,0,0,0,1,2,2,0,1,2,2,2,2,2,2,2,2,1,0,0,0,0,0,0,1,1,2,1,2,2,1,0,0,0,2,2,1,1
I23,0,1,0,0,0,0,0,0,0,0,0,0,0,0,1,1,0,0,1,0,0,0,1,0,0,2,1,2,0,0,0,0,0,1,0,0,0,2,0,2,0,0,0,0,2,1,0,0,2,0,0,2,0,0,0,1,1,0,2,0,1,0,0,0,0,0,0,2,0,0,1,0,0,0,0,2,1,2,0,0,0,1,1,2,2,0,0,0,2,0,0,0,0,0,1,2,0,2,1,1,2,0,0,0,0,0,1,0,0,0,0,2,0,0,0,0,2,2,0,0,0,1,0,0,2,0,0,2,0,0,0,0,0,0,0,0,2,0,1,1,0,2,0,0,0,0,0,1,0,0,2,0,1,0,0,0,1,0,1,0,2,0,0,0,0,1,0,2,0,0,0,0,0,0,0,0,0,0,2,1,0,0,0,2,0,2,0,1,0,0,0,2,0,2,2,0,1,0,0,0
I24,0,1,0,0,0,0,1,1,0,0,0,0,0,0,1,1,1,0,1,0,0,0,1,0,0,2,1,2,2,2,0,0,0,1,1,0,0,2,0,2,0,0,0,0,2,1,0,1,2,0,0,2,0,0,0,1,1,0,2,0,1,0,2,0,0,1,2,2,0,2,1,0,2,0,0,2,1,2,2,0,0,1,1,2,2,0,0,0,2,2,0,1,1,0,1,2,2,2,1,1,2,0,0,2,0,0,1,0,2,2,2,2,0,2,1,1,2,2,0,0,0,1,0,1,2,2,0,2,0,1,0,0,0,0,0,2,2,1,1,1,0,2,0,0,0,0,0,1,0,0,2,1,1,0,0,1,1,1,1,1,2,0,0,2,0,1,2,2,0,0,0,0,2,0,1,2,0,1,2,1,0,0,0,2,0,2,1,1,2,0,0,2,0,2,2,0,1,0,0,0
216_26,0,1,0,2,1,0,1,1,0,0,0,1,2,1,1,1,1,0,1,0,1,2,1,0,0,2,1,2,2,2,2,0,2,1,1,0,0,2,1,2,2,2,0,0,2,1,0,1,2,1,0,2,2,0,1,1,1,0,2,0,1,0,2,0,1,1,2,2,0,2,1,1,2,0,0,2,1,2,2,0,0,1,1,2,2,0,1,0,2,2,0,1,1,1,1,2,2,2,1,1,2,0,2,2,0,0,1,0,2,2,2,2,0,2,1,1,2,2,0,0,0,1,0,1,2,2,0,2,2,1,0,0,0,0,0,2,2,1,1,1,0,2,0,1,0,2,0,1,1,0,2,1,1,0,0,1,1,1,1,1,2,1,0,2,0,1,2,2,0,2,0,0,2,0,1,2,0,1,2,1,0,0,0,2,0,2,1,1,2,0,0,2,0,2,2,1,1,0,0,0
I25,1,1,0,0,0,0,1,1,0,0,0,0,2,0,1,1,1,0,1,0,0,0,1,0,0,2,1,2,2,2,0,0,0,1,1,0,0,2,0,2,0,1,0,1,2,1,1,1,2,0,0,2,0,0,0,1,1,0,2,0,1,0,2,0,1,1,2,2,0,2,1,1,2,0,0,2,1,2,2,0,0,1,1,2,2,0,0,0,2,2,1,1,1,0,1,2,2,2,1,1,2,0,0,2,0,0,1,0,2,2,2,2,0,2,1,1,2,2,0,0,2,1,0,1,2,2,2,2,0,1,0,0,0,2,0,2,2,1,1,1,0,2,0,2,0,0,0,1,0,0,2,1,1,0,0,1,1,1,1,1,2,0,0,2,0,1,2,2,0,0,0,0,2,0,1,2,0,1,2,1,0,0,0,2,0,2,1,1,2,0,0,2,0,2,2,0,1,0,0,0
216_27,1,1,0,0,2,0,1,1,0,2,0,1,2,2,1,1,1,0,1,0,0,0,1,0,0,2,1,2,2,2,0,0,0,1,1,0,0,2,0,2,0,1,0,1,2,1,1,1,2,1,0,2,0,0,0,1,1,0,2,0,1,0,2,0,1,1,2,2,0,2,1,1,2,0,0,2,1,2,2,1,0,1,1,2,2,0,0,0,2,2,1,1,1,0,1,2,2,2,1,1,2,0,0,2,0,0,1,0,2,2,2,2,0,2,1,1,2,2,0,0,2,1,2,1,2,2,2,2,0,1,0,0,0,2,0,2,2,1,1,1,0,2,0,2,0,0,0,1,0,0,2,1,1,0,0,1,1,1,1,1,2,0,0,2,0,1,2,2,0,0,0,0,2,0,1,2,0,1,2,1,1,0,0,2,0,2,1,1,2,0,0,2,2,2,2,0,1,1,0,0
I26,1,1,0,0,0,0,1,1,0,0,0,0,2,0,1,1,1,0,1,0,0,0,1,0,0,2,1,2,2,2,0,0,0,1,1,0,0,2,0,2,0,1,0,1,2,1,1,1,2,0,0,2,2,0,0,1,1,1,2,0,1,0,2,0,1,1,2,2,0,2,1,1,2,0,0,2,1,2,2,0,0,1,1,2,2,0,0,2,2,2,1,1,1,0,1,2,2,2,1,1,2,0,0,2,0,0,1,0,2,2,2,2,2,2,1,1,2,2,0,0,2,1,0,1,2,2,2,2,0,1,0,0,0,2,0,2,2,1,1,1,1,2,0,2,0,0,0,1,0,0,2,1,1,0,0,1,1,1,1,1,2,0,0,2,0,1,2,2,0,0,0,0,2,0,1,2,0,1,2,1,0,1,0,2,0,2,1,1,2,0,0,2,0,2,2,0,1,0,0,0
216_30,1,1,0,0,0,0,1,1,0,0,0,0,2,0,1,1,1,0,1,0,0,0,1,0,0,2,1,2,2,2,0,0,0,1,1,0,0,2,0,2,0,1,0,1,2,1,1,1,2,0,0,2,2,0,0,1,1,1,2,0,1,0,2,0,1,1,2,2,0,2,1,1,2,0,0,2,1,2,2,0,0,1,1,2,2,0,0,2,2,2,1,1,1,0,1,2,2,2,1,1,2,0,0,2,0,0,1,0,2,2,2,2,2,2,1,1,2,2,0,0,2,1,0,1,2,2,2,2,0,1,0,0,0,2,0,2,2,1,1,1,1,2,0,2,0,0,0,1,0,0,2,1,1,0,0,1,1,1,1,1,2,0,0,2,0,1,2,2,0,0,0,0,2,0,1,2,0,1,2,1,0,1,0,2,0,2,1,1,2,0,0,2,0,2,2,0,1,0,0,0
216_29,1,1,0,0,0,0,1,1,0,0,0,1,2,0,1,1,1,0,1,0,0,0,1,0,0,2,1,2,2,2,0,0,1,1,1,0,0,2,1,2,0,1,0,1,2,1,1,1,2,0,0,2,2,0,0,1,1,1,2,0,1,0,2,0,1,1,2,2,0,2,1,1,2,0,0,2,1,2,2,0,0,1,1,2,2,0,0,2,2,2,1,1,1,0,1,2,2,2,1,1,2,0,0,2,0,0,1,0,2,2,2,2,2,2,1,1,2,2,0,0,2,1,0,1,2,2,2,2,0,1,0,0,0,2,0,2,2,1,1,1,1,2,0,2,0,0,0,1,0,0,2,1,1,0,0,1,1,1,1,1,2,0,0,2,0,1,2,2,0,0,0,0,2,0,1,2,0,1,2,1,0,1,0,2,0,2,1,1,2,0,0,2,0,2,2,0,1,0,0,0
I27,0,1,0,2,0,0,0,0,0,0,0,2,0,0,1,1,0,0,1,0,0,0,1,2,0,2,1,2,2,0,0,1,0,1,1,0,0,2,0,2,0,0,0,0,2,1,2,0,2,0,0,2,0,0,1,1,1,0,2,0,1,0,0,0,0,0,1,2,0,0,1,0,1,0,2,2,1,2,0,0,0,1,1,2,2,2,0,2,2,2,0,0,0,1,1,2,0,2,1,1,2,0,1,1,0,0,1,0,0,2,1,2,0,1,2,0,2,2,0,0,0,1,0,1,2,0,0,2,0,0,1,2,1,0,0,0,2,2,1,1,0,2,1,0,0,0,2,1,0,0,2,0,1,0,0,0,1,2,1,2,2,0,0,0,0,1,0,2,0,0,0,0,0,0,2,0,0,0,2,1,0,2,0,2,0,2,2,1,2,0,0,2,1,2,2,0,1,1,1,1
I28,0,1,0,2,0,2,0,0,0,0,0,2,0,1,1,1,0,0,1,0,2,0,1,2,0,2,1,2,2,0,0,1,0,1,1,0,0,2,0,2,2,0,0,0,2,1,2,2,2,0,0,2,0,0,1,1,1,0,2,0,1,0,0,0,0,0,1,2,0,0,1,1,1,0,2,2,1,2,0,0,0,1,1,2,2,2,0,2,2,2,0,0,0,1,1,2,0,2,1,1,2,1,1,1,0,0,1,1,0,2,1,2,0,1,2,0,2,2,0,0,0,1,0,1,2,1,0,2,0,0,1,2,1,0,0,0,2,2,1,1,0,2,1,0,0,0,2,1,0,0,2,0,1,0,0,0,1,2,1,2,2,0,0,2,0,1,0,2,2,0,0,0,0,0,2,0,0,0,2,1,0,2,0,2,0,2,2,1,2,0,0,2,1,2,2,0,1,1,1,1
I29,0,1,0,2,0,2,0,0,0,0,0,2,0,1,1,1,0,0,1,0,2,0,1,2,0,2,1,2,2,1,0,1,2,1,1,0,0,2,0,2,2,0,0,0,2,1,2,2,2,0,0,2,0,0,1,1,1,0,2,1,1,0,0,0,0,0,1,2,0,0,1,1,1,0,2,2,1,2,0,0,0,1,1,2,2,2,0,2,2,2,0,0,0,1,1,2,0,2,1,1,2,1,1,1,0,0,1,1,0,2,1,2,0,1,2,0,2,2,0,0,0,1,0,1,2,1,0,2,0,0,1,2,1,0,0,0,2,2,1,1,0,2,1,2,0,0,2,1,2,0,2,0,1,0,0,0,1,2,1,2,2,0,2,2,0,1,0,2,2,0,0,0,0,0,2,0,0,1,2,1,0,2,2,2,0,2,2,1,2,0,0,2,1,2,2,0,1,1,1,1
216_22,0,1,0,2,0,2,0,0,0,0,0,2,0,1,1,1,0,0,1,0,2,0,1,2,0,2,1,2,2,1,0,1,2,1,1,0,0,2,0,2,2,0,2,0,2,1,2,2,2,0,0,2,0,0,1,1,1,0,2,1,1,0,0,0,0,0,1,2,0,0,1,1,1,0,2,2,1,2,0,0,0,1,1,2,2,2,0,2,2,2,0,0,0,1,1,2,0,2,1,1,2,1,1,1,0,0,1,1,0,2,1,2,0,1,2,0,2,2,0,0,0,1,0,1,2,1,0,2,0,0,1,2,1,0,0,0,2,2,1,1,0,2,1,2,0,0,2,1,2,0,2,0,1,0,0,0,1,2,1,2,2,0,2,2,0,1,0,2,2,0,0,0,0,0,2,0,0,1,2,1,0,2,2,2,0,2,2,1,2,0,2,2,1,2,2,0,1,1,1,1
216_21,0,1,0,2,0,2,0,1,0,0,0,2,0,1,1,1,0,0,1,0,2,0,1,2,0,2,1,2,2,1,0,1,2,1,1,0,0,2,0,2,2,0,0,0,2,1,2,2,2,0,0,2,0,0,1,1,1,2,2,1,1,0,0,0,0,0,1,2,0,0,1,1,1,0,2,2,1,2,0,0,0,1,1,2,2,2,0,2,2,2,0,0,0,1,1,2,0,2,1,1,2,1,1,1,0,0,1,1,0,2,1,2,0,1,2,0,2,2,0,0,0,1,0,1,2,1,0,2,0,0,1,2,1,0,0,0,2,2,1,1,0,2,1,2,0,0,2,1,2,0,2,0,1,0,0,0,1,2,1,2,2,0,2,2,0,1,0,2,2,0,2,0,0,0,2,0,0,1,2,1,0,2,2,2,0,2,2,1,2,0,0,2,1,2,2,0,1,1,1,1
I30,0,1,1,2,0,2,2,2,0,0,0,2,0,1,1,1,0,0,1,0,2,0,1,2,0,2,1,2,2,0,0,1,0,1,1,0,0,2,1,2,2,0,0,0,2,1,2,2,2,0,0,2,0,0,1,1,1,0,2,0,1,0,0,0,0,2,1,2,1,1,1,1,1,0,2,2,1,2,0,0,0,1,1,2,2,2,0,2,2,2,0,1,0,1,1,2,0,2,1,1,2,1,1,1,0,0,1,1,0,2,1,2,0,1,2,0,2,2,0,0,0,1,0,1,2,1,0,2,0,0,1,2,1,1,0,0,2,2,1,1,0,2,1,0,0,0,2,1,0,0,2,0,1,2,0,0,1,2,1,2,2,0,0,2,0,1,1,2,2,0,0,0,0,0,2,0,1,0,2,1,0,2,0,2,0,2,2,1,2,0,0,2,1,2,2,0,1,1,1,1
216_20,0,1,1,2,0,2,2,2,0,0,0,2,0,1,1,1,0,0,1,0,2,0,1,2,0,2,1,2,2,0,0,1,0,1,1,0,0,2,1,2,2,0,0,0,2,1,2,2,2,0,0,2,0,0,1,1,1,0,2,0,1,0,0,0,0,2,1,2,1,1,1,1,1,0,2,2,1,2,0,0,0,1,1,2,2,2,0,2,2,2,0,1,0,1,1,2,0,2,1,1,2,1,1,1,0,0,1,1,0,2,1,2,0,1,2,0,2,2,0,0,0,1,0,1,2,1,0,2,0,0,1,2,1,1,0,0,2,2,1,1,0,2,1,0,0,0,2,1,0,0,2,0,1,2,0,0,1,2,1,2,2,0,0,2,0,1,1,2,2,0,0,0,0,1,2,0,1,0,2,1,0,2,0,2,0,2,2,1,2,0,0,2,1,2,2,0,1,1,1,1
216_19,0,1,1,2,0,2,2,2,0,1,0,2,0,1,1,1,0,0,1,1,2,0,1,2,0,2,1,2,2,0,0,1,2,1,1,0,0,2,1,2,2,0,0,0,2,1,2,2,2,0,0,2,0,2,1,1,1,0,2,0,1,0,0,1,0,2,1,2,1,1,1,1,1,0,2,2,1,2,0,0,0,1,1,2,2,2,0,2,2,2,0,1,0,1,1,2,0,2,1,1,2,1,1,1,0,0,1,1,0,2,1,2,0,1,2,0,2,2,0,0,0,1,0,1,2,1,0,2,0,0,1,2,1,1,0,0,2,2,1,1,0,2,1,0,0,0,2,1,0,0,2,0,1,2,0,0,1,2,1,2,2,0,0,2,0,1,1,2,2,0,0,0,0,0,2,0,1,0,2,1,0,2,0,2,0,2,2,1,2,0,0,2,1,2,2,0,1,1,1,1
I31,0,1,0,2,0,0,0,2,0,0,0,2,0,0,1,1,0,0,1,0,0,0,1,2,0,2,1,2,2,0,0,1,2,1,1,0,2,2,0,2,0,0,0,0,2,1,2,0,2,1,0,2,0,0,1,1,1,1,2,0,1,0,0,0,0,0,1,2,0,1,1,0,1,0,2,2,1,2,0,0,0,1,1,2,2,2,1,2,2,2,0,0,0,1,1,2,0,2,1,1,2,0,1,1,0,0,1,0,0,2,1,2,0,1,2,0,2,2,0,0,0,1,0,1,2,0,2,2,0,1,1,2,1,0,0,0,2,2,1,1,2,2,1,1,0,0,2,1,0,0,2,0,1,0,0,0,1,2,1,2,2,0,0,0,2,1,0,2,2,0,0,0,1,0,2,0,0,0,2,1,0,2,0,2,0,2,2,1,2,0,0,2,1,2,2,0,1,1,1,1
216_18,0,1,0,2,0,2,0,2,0,0,2,2,0,0,1,1,0,0,1,1,0,0,1,2,0,2,1,2,2,0,0,1,2,1,1,0,2,2,0,2,0,0,0,0,2,1,2,0,2,1,0,2,0,0,1,1,1,1,2,0,1,0,0,0,0,0,1,2,2,1,1,0,1,0,2,2,1,2,0,0,0,1,1,2,2,2,1,2,2,2,0,2,0,1,1,2,0,2,1,1,2,0,1,1,0,2,1,1,1,2,1,2,2,1,2,0,2,2,2,0,0,1,0,1,2,0,2,2,0,1,1,2,1,0,0,0,2,2,1,1,2,2,1,1,0,0,2,1,0,0,2,0,1,2,0,2,1,2,1,2,2,2,0,0,2,1,0,2,2,0,0,0,1,0,2,0,0,1,2,1,0,2,0,2,0,2,2,1,2,1,0,2,1,2,2,0,1,1,1,1
I32,0,1,0,2,0,0,0,2,0,0,0,2,0,0,1,1,0,0,1,0,0,0,1,2,0,2,1,2,2,0,2,1,2,1,1,1,2,2,0,2,0,0,0,0,2,1,2,0,2,1,0,2,2,1,1,1,1,1,2,0,1,0,0,1,0,0,1,2,0,1,1,0,1,0,2,2,1,2,0,0,0,1,1,2,2,2,1,2,2,2,0,0,0,1,1,2,2,2,1,1,2,0,1,1,0,0,1,0,0,2,1,2,0,1,2,2,2,2,0,0,0,1,0,1,2,0,2,2,2,1,1,2,1,1,0,0,2,2,1,1,2,2,1,1,0,0,2,1,0,0,2,0,1,0,0,0,1,2,1,2,2,0,0,0,2,1,0,2,2,0,1,0,1,0,2,2,0,2,2,1,0,2,0,2,0,2,2,1,2,0,0,2,1,2,2,2,1,1,1,1
216_16,0,1,0,2,0,0,0,2,0,0,0,2,0,0,1,1,0,0,1,0,0,0,1,2,0,2,1,2,2,0,2,1,2,1,1,1,2,2,0,2,0,0,0,0,2,1,2,0,2,1,0,2,2,1,1,1,1,1,2,0,1,0,0,1,0,0,1,2,0,1,1,0,1,0,2,2,1,2,0,0,0,1,1,2,2,2,1,2,2,2,0,0,0,1,1,2,2,2,1,1,2,0,1,1,0,0,1,0,0,2,1,2,0,1,2,2,2,2,0,0,0,1,0,1,2,0,2,2,2,1,1,2,1,1,0,0,2,2,1,1,2,2,1,1,0,0,2,1,0,0,2,0,1,1,0,0,1,2,1,2,2,0,0,0,2,1,0,2,2,0,1,0,1,0,2,2,0,2,2,1,0,2,0,2,0,2,2,1,2,0,0,2,1,2,2,2,1,1,1,1
216_15,0,1,0,2,0,0,0,2,0,0,0,2,0,0,1,1,0,0,1,0,0,0,1,2,0,2,1,2,2,0,2,1,2,1,1,1,2,2,0,2,0,0,0,0,2,1,2,1,2,1,0,2,2,1,1,1,1,1,2,0,1,0,0,1,0,0,1,2,0,1,1,0,1,0,2,2,1,2,0,0,0,1,1,2,2,2,1,2,2,2,0,0,0,1,1,2,2,2,1,1,2,0,1,1,0,1,1,0,0,2,1,2,0,1,2,2,2,2,0,0,0,1,0,1,2,0,2,2,2,1,1,2,1,1,0,0,2,2,1,1,2,2,1,1,0,0,2,1,0,0,2,0,1,0,0,0,1,2,1,2,2,0,0,0,2,1,0,2,2,0,1,0,1,0,2,2,0,2,2,1,0,2,0,2,0,2,2,1,2,0,0,2,1,2,2,2,1,1,1,1
Evolve tree: [&R] ((((((216_15:0.03613294572515325,216_16:0.03613294572515325)I32:0.1276538810036567,216_18:0.16378682672881)I31:0.18638872663763717,((216_19:0.0294162965763624,216_20:0.0294162965763624)I30:0.12166544557576528,(216_21:0.025021985992257887,216_22:0.025021985992257887)I29:0.1260597561598698)I28:0.19909381121431943)I27:0.2943750097898768,(((216_29:0.02284949311935647,216_30:0.02284949311935647)I26:0.1159036791694098,216_27:0.1387531722887663)I25:0.16685847877542792,216_26:0.30561165106419425)I24:0.3389389120921298)I23:0.3192094949093374,(((216_31:0.027210879208705078,216_32:0.027210879208705078)I22:0.2698831635075242,(216_35:0.01642919235811928,216_36:0.01642919235811928)I21:0.28066485035811)I20:0.3008151224655593,(((216_43:0.01855321780474515,216_44:0.01855321780474515)I19:0.10823674133432376,(216_45:0.010152125877506683,216_46:0.010152125877506683)I18:0.11663783326156224)I17:0.153648444566293,((216_39:0.01642919235811928,216_40:0.01642919235811928)I16:0.09307739410332934,(216_41:0.010152125877506683,216_42:0.010152125877506683)I15:0.09935446058394194)I14:0.17093181724391326)I13:0.31747076147642667)I12:0.36585089288387274)I11:0.10597036372096971,((((216_11:0.008091045846733485,216_12:0.008091045846733485)I10:0.10709022952355395,(216_13:0.004015098179377865,216_14:0.004015098179377865)I9:0.11116617719090957)I8:0.1530901244711699,((216_8:0.0060454085156434086,216_9:0.0060454085156434086)I7:0.09787120600163733,216_10:0.10391661451728074)I6:0.16435478532417658)I5:0.2671258382626873,((216_1:0.09568773947774123,216_3:0.09568773947774123)I4:0.16462350155958658,(216_6:0.0060454085156434086,216_7:0.0060454085156434086)I3:0.2542658325216845)I2:0.27508599706681686)I1:0.5343331836824864)I0:0;