[&R] ((((216_5:0.063,216_6:1.063)170_3:2.533,((216_8:0,216_9:0)215_8:0,216_7:0)170_4:2.596)119_2:4.239,216_1:2.835)65_1:1.165)I0;
I0,0,0,0,0,0,0,0,0,0,0
65_1,0:0.42/2:0.58,0,0,0,0:0.42/1:0.58,0,0,0,0,0
216_1,2,1,0,0,1,0,1,0,0,0
119_2,0:0.05/2:0.95,0,0,0:0.12/2:0.88,0:0.05/1:0.95,0:0.12/1:0.88,0,0,0:0.12/2:0.88,0:0.12/1:0.88
170_4,2,2,1,2,1,1,0,0,2,1
216_7,2,2,1,2,1,1,0,0,2,1
215_8,2,2,1,2,1,1,0,0,2,1
216_9,2,2,1,2,1,1,0,0,2,1
216_8,2,2,1,2,1,1,0,0,2,1
170_3,2,0:0.02/1:0.98,0,2,1,1,0:0.02/1:0.98,0,2,1
216_6,2,1,1,2,1,1,1,0,2,1
216_5,2,1,0,2,1,1,1,0,2,1
