[&R] ((((((216_8:0,216_9:0)213_6:0,216_10:0)174_3:1.003,((216_11:0.001,216_12:2.001)211_8:0,(216_13:0,216_14:0)213_10:1.001)175_5:0.002)127_2:3.997,((216_3:0,216_1:0)176_1:0,(216_7:0,216_6:0)177_3:0)132_1:4)76_1:0,((((216_22:0,216_23:0)208_15:0,216_24:0)175_9:2.387,(216_20:0,216_21:0)203_13:2.387)128_5:0.788,((216_17:1.024,216_18:2.024)178_10:0.004,(216_15:0,216_16:0)181_9:1.028)135_5:2.148)78_3:2.825)24_1:0)I0;
I0,0,0,0,0,0,0,0,0,0,0
24_1,0,0,0,0,0,0,0,0,0,0
78_3,0,0,0,0:0.06/2:0.94,0,0:0.06/1:0.94,0,0,0,0:0.06/1:0.94
135_5,0,0,0:0.01/1:0.99,2,0,1,0,0:0.01/2:0.99,0,1
181_9,0,0,1,2,0,1,2,2,0,1
216_16,0,0,1,2,0,1,2,2,0,1
216_15,0,0,1,2,0,1,2,2,0,1
178_10,0,0,0:0.01/1:0.99,2,0,1,0,0:0.01/2:0.99,0,1
216_18,0,1,1,2,0,1,1,2,0,1
216_17,0,0,1,2,0,1,2,2,0,1
128_5,0,0,0,0:0.02/2:0.98,0,0:0.02/1:0.98,0:0.33/2:0.67,0,0,0:0.02/1:0.98
203_13,0,0,2,2,0,1,2,1,0,1
216_21,0,0,2,2,0,1,2,1,0,1
216_20,0,0,2,2,0,1,2,1,0,1
175_9,0,0,1,2,0,1,2,2,0,1
216_24,0,0,1,2,0,1,2,2,0,1
208_15,0,0,1,2,0,1,2,2,0,1
216_23,0,0,1,2,0,1,2,2,0,1
216_22,0,0,1,2,0,1,2,2,0,1
76_1,0,0,0,0,0,0,0,0,0,0
132_1,2,1,0,0,1,0,1,0,0,0
177_3,2,1,0,0,1,0,1,0,0,0
216_6,2,1,0,0,1,0,1,0,0,0
216_7,2,1,0,0,1,0,1,0,0,0
176_1,2,1,0,0,1,0,1,0,0,0
216_1,2,1,0,0,1,0,1,0,0,0
216_3,2,1,0,0,1,0,1,0,0,0
127_2,0,0,0,2,0,1,0,2,2,0
175_5,0,0,0,2,0,1,0,2,2,0
213_10,0,0,0,2,0,1,0,2,2,1
216_14,0,0,0,2,0,1,0,2,2,1
216_13,0,0,0,2,0,1,0,2,2,1
211_8,0,0,0,2,0,1,0,2,2,0
216_12,0,1,0,2,0,1,0,2,2,1
216_11,0,0,0,2,0,1,0,2,2,0
174_3,0,0,0,2,0,1,0,2,2,1
216_10,0,0,0,2,0,1,0,2,2,1
213_6,0,0,0,2,0,1,0,2,2,1
216_9,0,0,0,2,0,1,0,2,2,1
216_8,0,0,0,2,0,1,0,2,2,1
