[&R] (((((216_3:0.059,216_4:1.059)203_3:1.028,(216_5:0,216_6:0)208_5:0.087)157_2:0.931,(216_1:1.017,216_2:1.017)168_1:0.001)73_1:3.277,(((216_9:0,216_10:0)194_6:0.149,(216_7:0,216_8:0)198_5:1.149)140_3:1.237,(216_11:0,216_12:0)197_8:1.385)76_3:4.91)26_1:2.705)I0;
I0,0,0,0,0,0,0,0,0,0,0
26_1,0:0.32/2:0.68,0:0.32/1:0.68,0,0,0,0,0:0.32/2:0.68,0,0,0:0.32/1:0.68
76_3,0:0.02/2:0.98,0:0.02/1:0.98,0:0.07/2:0.93,0:0.07/2:0.93,0:0.07/1:0.93,0,0:0.02/2:0.98,0,0:0.07/2:0.93,0:0.02/1:0.98
197_8,2,1,2,2,1,1,2,0,2,1
216_12,2,1,2,2,1,1,2,0,2,1
216_11,2,1,2,2,1,1,2,0,2,1
140_3,2,1,0:0.01/2:0.99,0:0.01/2:0.99,0:0.01/1:0.99,0:0.11/2:0.89,2,0,0:0.01/2:0.99,1
198_5,2,1,2,2,1,2,2,2,2,1
216_8,2,1,2,2,1,2,2,2,2,1
216_7,2,1,2,2,1,2,2,2,2,1
194_6,2,1,2,2,1,2,2,0,2,1
216_10,2,1,2,2,1,2,2,0,2,1
216_9,2,1,2,2,1,2,2,0,2,1
73_1,2,1,0:0.01/1:0.99,0,0,0:0.01/1:0.99,2,0,0,1
168_1,2,1,0:0.01/1:0.99,0,0,0:0.01/1:0.99,2,0,0,1
216_2,2,1,1,0,2,1,2,0,0,1
216_1,2,1,1,0,0,1,2,1,0,1
157_2,2,1,1,0:0.09/2:0.91,0,1,2,0,0,1
208_5,2,1,1,2,0,1,2,0,0,1
216_6,2,1,1,2,0,1,2,0,0,1
216_5,2,1,1,2,0,1,2,0,0,1
203_3,2,1,1,2,0,1,2,0:0.05/2:0.95,0,1
216_4,2,1,1,2,1,1,2,2,0,1
216_3,2,1,1,2,0,1,2,2,0,1
