[&R] (((((216_3:0,216_4:0)203_3:0.01,(216_5:0,216_6:0)208_5:1.01)157_2:0.263,(216_1:0.057,216_2:1.057)168_1:3.216)73_1:2.352,(((216_9:1.047,216_10:0.047)194_6:0.97,(216_7:0,216_8:0)198_5:0.017)140_3:0.003,(216_11:0,216_12:0)197_8:2.02)76_3:3.605)26_1:2.375)I0;
I0,0,0,0,0,0,0,0,0,0,0
26_1,0,0,0,0:0.21/1:0.79,0,0,0:0.21/1:0.79,0,0,0:0.21/1:0.79
76_3,0:0.01/2:0.99,0:0.01/2:0.99,0,1,0,0,1,0:0.01/1:0.99,0,1
197_8,2,2,0,1,1,1,1,1,0,1
216_12,2,2,0,1,1,1,1,1,0,1
216_11,2,2,0,1,1,1,1,1,0,1
140_3,2,2,0,1,0,0,1,1,0,1
198_5,2,2,0,1,0,0,1,1,0,1
216_8,2,2,0,1,0,0,1,1,0,1
216_7,2,2,0,1,0,0,1,1,0,1
194_6,2,2,0,1,0,0:0.05/1:0.95,1,1,0,1
216_10,2,2,0,1,0,1,1,1,0,1
216_9,2,2,1,1,0,1,1,1,0,1
73_1,0,0,0,0:0.02/1:0.98,0:0.1/1:0.9,0:0.1/1:0.9,0:0.02/1:0.98,0,0,0:0.02/1:0.98
168_1,0:0.02/1:0.98,0,0,1,1,1,1,0:0.02/1:0.98,0:0.02/1:0.98,1
216_2,1,0,2,1,1,1,1,1,1,1
216_1,1,0,0,1,1,1,1,1,1,1
157_2,0,0,0,1,1,1,1,0,0,1
208_5,2,0,0,1,1,1,1,0,0,1
216_6,2,0,0,1,1,1,1,0,0,1
216_5,2,0,0,1,1,1,1,0,0,1
203_3,0,0,0,1,1,1,1,0,0,1
216_4,0,0,0,1,1,1,1,0,0,1
216_3,0,0,0,1,1,1,1,0,0,1
