[&R] (((((216_3:1.001,216_4:0.001)203_3:0.015,(216_5:1.095,216_6:1.095)208_5:0.921)157_2:1.355,(216_1:2.54,216_2:2.54)168_1:2.832)73_1:0.84,(((216_9:0,216_10:0)194_6:1.121,(216_7:0,216_8:0)198_5:1.121)140_3:0.982,(216_11:0.027,216_12:1.027)197_8:1.076)76_3:3.108)26_1:0.789)I0;
I0,0,0,0,0,0,0,0,0,0,0
26_1,0,0,0,0,0,0,0,0,0:0.21/1:0.79,0
76_3,0,0,0,0:0.03/2:0.97,0,0,0,0:0.03/2:0.97,0:0.01/1:0.99,0:0.03/2:0.97
197_8,0,0,0,2,0:0.02/2:0.98,0,0,2,1,2
216_12,2,0,0,2,2,0,0,2,1,2
216_11,0,0,0,2,2,0,0,2,1,2
140_3,0,0,0,2,0,0:0.11/1:0.89,0,2,1,2
198_5,0,0,0,2,0,1,2,2,1,2
216_8,0,0,0,2,0,1,2,2,1,2
216_7,0,0,0,2,0,1,2,2,1,2
194_6,0,0,0,2,1,1,0,2,1,2
216_10,0,0,0,2,1,1,0,2,1,2
216_9,0,0,0,2,1,1,0,2,1,2
73_1,0,0:0.31/1:0.69,0,0,0,0,0,0,0:0.06/1:0.94,0
168_1,0,0:0.05/1:0.95,0,0:0.16/2:0.84,0:0.16/1:0.84,0:0.16/2:0.84,0,0,0:0.01/1:0.99,0
216_2,1,1,0,2,1,2,0,0,1,2
216_1,2,1,0,2,1,2,0,0,1,1
157_2,0:0.01/1:0.99,1,0,0,0,0,0,0,1,0
208_5,1,1,0,0,0,0,0,0,1,0:0.09/1:0.91
216_6,1,1,0,0,0,1,0,0,1,1
216_5,1,1,0,0,2,0,0,0,1,1
203_3,1,1,0,0,0,0,0,0,1,0
216_4,1,1,0,0,0,0,0,0,1,0
216_3,1,1,0,0,0,0,0,2,1,0
