[&R] (((((216_3:0,216_4:0)203_3:2.306,(216_5:0,216_6:0)208_5:1.306)157_2:0.803,(216_1:1.024,216_2:0.024)168_1:1.085)73_1:2.234,(((216_9:0,216_10:0)194_6:2.201,(216_7:0,216_8:0)198_5:0.201)140_3:3.675,(216_11:0,216_12:0)197_8:2.877)76_3:1.466)26_1:1.657)I0;
I0,0,0,0,0,0,0,0,0,0,0
26_1,0,0,0,0,0,0,0,0,0:0.17/2:0.83,0:0.17/1:0.83
76_3,0,0,0:0.37/2:0.63,0,0,0,0,0:0.37/2:0.63,0:0.06/2:0.94,0:0.06/1:0.94
197_8,0,0,2,1,0,0,1,2,2,1
216_12,0,0,2,1,0,0,1,2,2,1
216_11,0,0,2,1,0,0,1,2,2,1
140_3,0:0.05/2:0.95,0,0:0.02/2:0.98,0,0,0:0.05/2:0.95,0:0.05/2:0.95,0:0.02/2:0.98,2,1
198_5,2,0,2,0,0,2,2,2,2,1
216_8,2,0,2,0,0,2,2,2,2,1
216_7,2,0,2,0,0,2,2,2,2,1
194_6,2,0,2,1,2,2,2,2,2,1
216_10,2,0,2,1,2,2,2,2,2,1
216_9,2,0,2,1,2,2,2,2,2,1
73_1,0,0,0,0,0,0:0.05/2:0.95,0,0:0.05/1:0.95,0:0.01/2:0.99,0:0.01/1:0.99
168_1,0,0,0,0,0,2,0:0.02/1:0.98,1,2,1
216_2,0,0,0,0,0,2,1,1,2,1
216_1,0,0,0,0,1,2,1,1,2,1
157_2,0,0,0,0:0.28/1:0.72,0,0:0.01/2:0.99,0,0:0.01/1:0.99,2,1
208_5,0,0,1,1,0,2,0,1,2,1
216_6,0,0,1,1,0,2,0,1,2,1
216_5,0,0,1,1,0,2,0,1,2,1
203_3,0,2,2,1,0,2,0,1,2,1
216_4,0,2,2,1,0,2,0,1,2,1
216_3,0,2,2,1,0,2,0,1,2,1
