[&R] (((((216_5:2.039,216_6:2.039)205_5:6.178,(216_7:2.085,216_8:4.085)207_7:4.132)169_3:15.481,(216_9:5.558,216_10:9.558)177_5:24.14)126_2:21.148,((216_1:8.639,216_2:7.639)187_1:15.257,(216_3:4.271,216_4:6.271)188_3:15.625)136_1:28.95)77_1:104.154)I0;
I0,0,0,0,0,0,0,0,0,0,0,0,0,0,0,0,0,0,0,0,0,0,0,0,0,0,0,0,0,0,0,0,0,0,0,0,0,0,0,0,0,0,0,0,0,0,0,0,0,0,0,0,0,0,0,0,0,0,0,0,0,0,0,0,0,0,0,0,0,0,0,0,0,0,0,0,0,0,0,0,0,0,0,0,0,0,0,0,0,0,0,0,0,0,0,0,0,0,0,0,0,0,0,0,0,0,0,0,0,0,0,0,0,0,0,0,0,0,0,0,0,0,0,0,0,0,0,0,0,0,0,0,0,0,0,0,0,0,0,0,0,0,0,0,0,0,0,0,0,0,0,0,0,0,0,0,0,0,0,0,0,0,0,0,0,0,0,0,0,0,0,0,0,0,0,0,0,0,0,0,0,0,0,0,0,0,0,0,0,0,0,0,0,0,0,0,0,0,0,0,0
77_1,0,0:0.04/1:0.96,0:0.04/2:0.96,0:0.04/1:0.96,0:0.04/1:0.96,0,0:0.04/2:0.96,0,0,0,0:0.04/2:0.96,0,0,0,0,0:0.04/1:0.96,0,0,0:0.04/1:0.96,0,0:0.04/2:0.96,0,0:0.04/1:0.96,0,0,0:0.04/1:0.96,0:0.04/1:0.96,0:0.04/2:0.96,0,0:0.04/1:0.96,0,0,0:0.04/1:0.96,0,0,0:0.04/1:0.96,0:0.04/1:0.96,0:0.04/2:0.96,0,0,0:0.04/1:0.96,0:0.04/2:0.96,0:0.04/2:0.96,0,0:0.04/1:0.96,0,0:0.04/2:0.96,0:0.04/2:0.96,0,0:0.04/2:0.96,0,0:0.04/1:0.96,0:0.04/2:0.96,0:0.04/2:0.96,0,0,0:0.04/1:0.96,0,0,0,0,0:0.04/2:0.96,0,0:0.04/2:0.96,0:0.04/1:0.96,0:0.04/1:0.96,0:0.04/2:0.96,0,0:0.04/1:0.96,0:0.04/1:0.96,0:0.04/1:0.96,0,0,0:0.04/2:0.96,0:0.04/1:0.96,0:0.04/1:0.96,0:0.04/2:0.96,0,0:0.04/2:0.96,0,0:0.04/2:0.96,0:0.04/2:0.96,0,0:0.04/1:0.96,0,0,0,0:0.04/1:0.96,0,0,0:0.04/2:0.96,0:0.04/1:0.96,0:0.04/1:0.96,0:0.04/1:0.96,0,0:0.04/2:0.96,0:0.04/1:0.96,0,0,0:0.04/1:0.96,0:0.04/1:0.96,0:0.04/2:0.96,0:0.04/2:0.96,0,0:0.04/2:0.96,0,0:0.04/2:0.96,0:0.04/2:0.96,0,0,0:0.04/2:0.96,0,0,0,0,0,0:0.04/2:0.96,0:0.04/2:0.96,0,0:0.04/2:0.96,0,0,0,0,0:0.04/1:0.96,0,0,0,0,0:0.04/2:0.96,0:0.04/2:0.96,0:0.04/1:0.96,0:0.04/2:0.96,0,0,0:0.04/2:0.96,0:0.04/2:0.96,0:0.04/2:0.96,0:0.04/2:0.96,0:0.04/1:0.96,0:0.04/1:0.96,0,0,0:0.04/1:0.96,0,0:0.04/2:0.96,0:0.04/1:0.96,0:0.04/2:0.96,0:0.04/1:0.96,0,0,0:0.04/2:0.96,0,0:0.04/2:0.96,0,0:0.04/1:0.96,0:0.04/1:0.96,0:0.04/1:0.96,0,0:0.04/2:0.96,0:0.04/2:0.96,0:0.04/1:0.96,0:0.04/1:0.96,0:0.04/2:0.96,0:0.04/2:0.96,0,0:0.04/2:0.96,0:0.04/2:0.96,0:0.04/2:0.96,0,0:0.04/1:0.96,0,0:0.04/2:0.96,0,0:0.04/2:0.96,0,0:0.04/2:0.96,0,0,0:0.04/1:0.96,0,0,0:0.04/2:0.96,0:0.04/1:0.96,0,0:0.04/1:0.96,0:0.04/1:0.96,0:0.04/2:0.96,0,0,0,0,0,0:0.04/2:0.96,0:0.04/2:0.96,0:0.04/1:0.96,0,0,0:0.04/2:0.96,0:0.04/2:0.96
136_1,0:0.06/2:0.94,1,2,1,1,0:0.06/2:0.94,2,0:0.06/1:0.94,0,0:0.06/2:0.94,2,0:0.06/2:0.94,0,0,0,1,0:0.06/1:0.94,0,1,0,2,0:0.06/1:0.94,1,0,0,1,1,2,0:0.06/2:0.94,1,0,0,1,0,0,1,1,2,0,0,1,2,2,0,1,0,2,2,0,2,0,1,2,2,0:0.06/1:0.94,0,1,0,0,0,0:0.06/2:0.94,2,0,2,1,1,2,0,1,1,1,0,0,2,1,1,2,0,2,0,2,2,0,1,0:0.06/2:0.94,0,0:0.06/1:0.94,1,0,0,2,1,1,1,0,2,1,0,0:0.06/2:0.94,1,1,2,2,0,2,0,2,2,0,0,2,0,0,0,0:0.06/2:0.94,0,2,2,0,2,0,0:0.06/2:0.94,0,0:0.06/2:0.94,1,0,0,0,0,2,2,1,2,0,0:0.06/1:0.94,2,2,2,2,1,1,0:0.06/2:0.94,0:0.06/2:0.94,1,0,2,1,2,1,0,0:0.06/1:0.94,2,0,2,0:0.06/1:0.94,1,1,1,0,2,2,1,1,2,2,0,2,2,2,0:0.06/2:0.94,1,0:0.06/1:0.94,2,0,2,0,2,0,0,1,0:0.06/1:0.94,0,2,1,0,1,1,2,0:0.06/2:0.94,0,0,0,0,2,2,1,0:0.06/1:0.94,0:0.06/1:0.94,2,2
188_3,2,1,2,1,1,2,2,1,0:0.02/2:0.98,2,2,2,0,0,0,1,1,0,1,0,2,1,1,0,0:0.02/2:0.98,1,1,2,2,1,0:0.02/1:0.98,0,1,0,0,1,1,2,0,0,1,2,2,0,1,0,2,2,0,2,0,1,2,2,1,0,1,0,0:0.02/2:0.98,0:0.02/1:0.98,2,2,0,2,1,1,2,0,1,1,1,0,0,2,1,1,2,0:0.02/2:0.98,2,0,2,2,0,1,2,0,1,1,0,0,2,1,1,1,0:0.02/1:0.98,2,1,0,2,1,1,2,2,0:0.02/2:0.98,2,0,2,2,0,0:0.02/1:0.98,2,0,0,0,2,0,2,2,0:0.02/2:0.98,2,0,2,0,2,1,0,0,0,0:0.02/1:0.98,2,2,1,2,0,1,2,2,2,2,1,1,2,2,1,0:0.02/2:0.98,2,1,2,1,0:0.02/1:0.98,1,2,0,2,1,1,1,1,0,2,2,1,1,2,2,0:0.02/1:0.98,2,2,2,2,1,1,2,0,2,0,2,0,0,1,1,0,2,1,0,1,1,2,2,0,0,0,0,2,2,1,1,1,2,2
216_4,2,1,2,1,1,2,2,1,2,2,2,2,0,0,0,1,1,0,1,0,2,1,1,0,2,1,1,2,2,1,1,0,1,0,0,1,1,2,0,0,1,2,2,0,1,0,2,2,0,2,2,1,2,2,1,0,1,0,2,1,2,2,0,2,1,1,2,0,1,1,1,0,0,2,1,1,2,2,2,0,2,2,0,1,2,1,1,1,0,0,2,1,1,1,1,2,1,1,2,1,1,2,2,2,2,0,2,2,0,1,2,0,1,0,2,0,2,2,2,2,1,2,0,2,1,0,0,0,1,2,2,1,2,1,1,2,2,2,2,1,1,2,2,1,2,2,1,2,1,1,1,2,0,2,1,1,1,1,0,2,2,1,1,2,2,1,2,2,2,2,1,1,2,0,2,0,2,0,0,1,1,0,2,1,0,1,1,2,2,0,0,0,0,2,2,1,1,1,2,2
216_3,2,1,2,1,1,2,2,1,2,2,2,2,0,0,0,1,1,0,1,0,2,1,1,0,2,1,1,2,2,1,1,0,1,0,0,1,1,2,0,0,1,2,2,0,1,1,2,2,0,2,0,1,2,2,1,0,1,0,2,1,2,2,0,2,1,1,2,0,1,1,1,1,0,2,1,1,2,2,2,0,2,2,0,1,2,0,1,1,0,0,2,1,1,1,1,2,1,0,2,1,1,2,2,2,2,0,2,2,0,1,2,0,0,0,2,0,2,2,2,2,0,2,1,2,1,0,0,0,1,2,2,1,2,0,1,2,2,2,2,1,1,2,2,1,2,2,1,2,1,1,1,2,0,2,1,1,1,1,0,2,2,1,1,2,2,1,2,2,2,2,1,1,2,0,2,0,2,0,0,1,1,0,2,1,2,1,1,2,2,0,0,0,0,2,2,1,1,1,2,2
187_1,2,1,2,1,1,2,2,1,0,2,2,2,0,0,0,1,1,0,1,0:0.04/1:0.96,2,1,1,0,0,1,1,2,2,1,0,0,1,0:0.04/1:0.96,0,1,1,2,0:0.04/2:0.96,0,1,2,2,0,1,0,2,2,0:0.04/2:0.96,2,0,1,2,2,1,0,1,0,0,0:0.04/2:0.96,2,2,0,2,1,1,2,0,1,1,1,0,0,2,1,1,2,0,2,0,2,2,0:0.04/2:0.96,1,2,0,1,1,0,0,2,1,1,1,0,2,1,0:0.04/2:0.96,2,1,1,2,2,0:0.04/1:0.96,2,0:0.04/2:0.96,2,2,0,0,2,0:0.04/1:0.96,0,0,2,0,2,2,0,2,0:0.04/2:0.96,2,0:0.04/1:0.96,2,1,0,0,0,0,2,2,1,2,0,1,2,2,2,2,1,1,2,2,1,0,2,1,2,1,0,1,2,0,2,1,1,1,1,0,2,2,1,1,2,2,0:0.04/2:0.96,2,2,2,2,1,1,2,0,2,0,2,0,0,1,1,0,2,1,0,1,1,2,2,0:0.04/2:0.96,0,0,0,2,2,1,1,1,2,2
216_2,2,1,2,1,1,2,2,1,0,2,2,2,0,0,0,1,1,0,1,1,2,1,1,0,0,1,1,2,2,1,0,0,1,1,0,1,1,2,2,0,1,2,2,1,1,0,2,2,2,2,0,1,2,2,1,0,1,0,0,2,2,2,0,2,1,1,2,1,1,1,1,1,2,2,1,1,2,1,2,0,2,2,2,1,2,0,1,1,1,0,2,1,1,1,0,2,1,2,2,1,1,2,2,1,2,2,2,2,0,0,2,1,0,0,2,0,2,2,0,2,2,2,1,2,1,0,2,0,0,2,2,1,2,0,1,2,2,2,2,1,1,2,2,1,0,2,1,2,1,0,1,2,0,2,1,1,1,1,0,2,2,1,1,2,2,2,2,2,2,2,1,1,2,0,2,0,2,0,0,1,1,0,2,1,0,1,1,2,2,2,0,0,0,2,2,1,1,1,2,2
216_1,2,1,2,1,1,2,2,1,0,2,2,2,0,0,1,1,1,0,1,1,2,1,1,0,0,1,1,2,2,1,0,0,1,1,0,1,1,2,2,0,1,2,2,0,1,0,2,2,2,2,0,1,2,2,1,0,1,0,0,2,2,2,2,2,1,1,2,0,1,1,1,0,0,2,1,1,2,0,2,0,2,2,2,1,2,1,1,1,0,0,2,1,1,1,0,2,1,2,2,1,1,2,2,1,2,2,2,2,0,1,2,1,0,0,2,2,2,2,0,2,2,2,1,2,1,0,0,0,0,2,2,1,2,1,1,2,2,2,2,1,1,2,2,1,0,2,1,2,1,0,1,2,0,2,1,1,1,1,0,2,2,1,1,2,2,2,2,2,2,2,1,1,2,0,2,0,2,0,0,1,1,1,2,1,0,1,1,2,2,2,0,1,0,2,2,1,1,1,2,2
126_2,0,1,2,1,1,0:0.11/1:0.89,2,0,0,0,2,0:0.11/1:0.89,0,0:0.11/2:0.89,0,1,0,0,1,0,2,0,1,0,0,1,1,2,0,1,0,0,1,0,0,1,1,2,0,0,1,2,2,0,1,0:0.11/1:0.89,2,2,0,2,0,1,2,2,0,0,1,0,0:0.11/2:0.89,0,0,2,0,2,1,1,2,0:0.11/1:0.89,1,1,1,0,0:0.11/2:0.89,2,1,1,2,0,2,0,2,2,0,1,0,0,0,1,0:0.11/2:0.89,0,2,1,1,1,0:0.11/2:0.89,2,1,0,0:0.11/1:0.89,1,1,2,2,0,2,0:0.11/2:0.89,2,2,0,0,2,0,0:0.11/1:0.89,0,0,0,2,2,0:0.11/2:0.89,2,0,0,0,0,1,0:0.11/1:0.89,0,0,0,2,2,1,2,0,0,2,2,2,2,1,1,0,0,1,0,2,1,2,1,0,0,2,0,2,0,1,1,1,0,2,2,1,1,2,2,0:0.11/1:0.89,2,2,2,0,1,0:0.11/2:0.89,2,0,2,0,2,0,0:0.11/2:0.89,1,0,0:0.11/1:0.89,2,1,0,1,1,2,0,0:0.11/2:0.89,0,0,0,2,2,1,0,0:0.11/2:0.89,2,2
177_5,0,1,2,1,1,1,2,0,0,0,2,1,0,2,0:0.02/2:0.98,1,0,0:0.02/2:0.98,1,0,2,0,1,0,0,1,1,2,0:0.02/1:0.98,1,0,0,1,0,0,1,1,2,0:0.02/1:0.98,0:0.02/1:0.98,1,2,2,0,1,1,2,2,0,2,0:0.02/2:0.98,1,2,2,0:0.02/1:0.98,0:0.02/2:0.98,1,0,2,0,0,2,0,2,1,1,2,1,1,1,1,0,2,2,1,1,2,0,2,0,2,2,0,1,0,0,0:0.02/2:0.98,1,2,0,2,1,1,1,2,2,1,0:0.02/1:0.98,1,1,1,2,2,0,2,2,2,2,0:0.02/1:0.98,0:0.02/2:0.98,2,0,1,0,0,0:0.02/1:0.98,2,2,2,2,0:0.02/1:0.98,0,0,0,1,1,0:0.02/1:0.98,0,0:0.02/1:0.98,2,2,1,2,0,0,2,2,2,2,1,1,0:0.02/1:0.98,0,1,0,2,1,2,1,0,0,2,0,2,0,1,1,1,0,2,2,1,1,2,2,1,2,2,2,0:0.02/1:0.98,1,2,2,0,2,0,2,0,2,1,0:0.02/1:0.98,1,2,1,0:0.02/1:0.98,1,1,2,0,2,0,0:0.02/2:0.98,0:0.02/2:0.98,2,2,1,0,2,2,2
216_10,2,1,2,1,1,1,2,0,0,0,2,1,2,2,2,1,0,2,1,0,2,0,1,0,0,1,1,2,1,1,0,2,1,0,0,1,1,2,1,1,1,2,2,1,1,1,2,2,0,2,2,1,2,2,1,2,1,0,2,1,0,2,0,2,1,1,2,1,1,1,1,0,2,2,1,1,2,2,2,0,2,2,0,1,0,0,2,1,2,0,2,1,1,1,2,2,1,1,1,1,1,2,2,2,2,2,2,2,1,2,2,0,1,0,0,1,2,2,2,2,1,0,0,0,1,1,1,0,1,2,2,1,2,0,0,2,2,2,2,1,1,1,1,1,0,2,1,2,1,0,0,2,0,2,0,1,1,1,0,2,2,1,1,2,2,1,2,2,2,1,1,2,2,0,2,0,2,0,2,1,1,1,2,1,1,1,1,2,2,2,0,2,2,2,2,1,0,2,2,2
216_9,0,1,2,1,1,1,2,2,0,2,2,1,0,2,2,1,0,2,1,0,2,0,1,0,0,1,1,2,1,1,0,0,1,0,0,1,1,2,1,1,1,2,2,0,1,1,2,2,0,2,2,1,2,2,1,2,1,0,2,0,0,2,0,2,1,1,2,1,1,1,1,0,2,2,1,1,2,0,2,0,2,2,0,1,2,0,2,1,2,0,2,1,1,1,2,2,1,1,1,1,1,2,2,0,2,2,2,2,1,2,2,0,1,0,0,1,2,2,2,2,1,0,0,0,1,1,1,0,1,2,2,1,2,0,0,2,2,2,2,1,1,1,0,1,0,2,1,2,1,0,0,2,0,2,0,1,1,1,0,2,2,1,1,2,2,1,2,2,2,1,1,2,2,0,2,0,2,1,2,1,1,1,2,1,1,1,1,2,0,2,0,2,2,2,2,1,2,2,2,2
169_3,0,1,2,1,1,1,2,0,0,0,2,1,0,2,0,1,0,0,1,0,2,0,1,0,0,1,1,2,0:0.01/2:0.99,1,0:0.01/1:0.99,0,1,0,0,1,1,2,0,0,1,2,2,0,1,1,2,2,0,2,0,1,2,2,0,0,1,0,2,0:0.01/1:0.99,0,2,0,2,1,1,2,1,1,1,1,0,2,2,1,1,2,0:0.01/1:0.99,2,0,2,2,0,1,0,0,0,1,2,0,2,1,1,1,2,2,1,0,1,1,1,2,2,0,2,2,2,2,0,0:0.01/1:0.99,2,0:0.01/1:0.99,1,0,0:0.01/1:0.99,0:0.01/2:0.99,2,2,2,2,0,0:0.01/2:0.99,0,0,1,1,0:0.01/2:0.99,0,0,2,2,1,2,0:0.01/2:0.99,0,2,2,2,2,1,1,0,0,1,0,2,1,2,1,0,0,2,0,2,0,1,1,1,0,2,2,1,1,2,2,1,2,2,2,0,1,2,2,0,2,0:0.01/1:0.99,2,0,2,1,0,1,2,1,0,1,1,2,0,2,0:0.01/1:0.99,0,0,2,2,1,0,2,2,2
207_7,0,1,2,1,1,1,2,0,0,0,2,1,0,2,0,1,0,0:0.02/1:0.98,1,0,2,0,1,0,0:0.02/1:0.98,1,1,2,2,1,1,0,1,0,0:0.02/2:0.98,1,1,2,0,0,1,2,2,0,1,1,2,2,0,2,0,1,2,2,0,0,1,0,2,1,0,2,0,2,1,1,2,1,1,1,1,0,2,2,1,1,2,1,2,0,2,2,0,1,0,0,0,1,2,0,2,1,1,1,2,2,1,0,1,1,1,2,2,0,2,2,2,2,0,1,2,1,1,0,1,2,2,2,2,2,0,2,0,0,1,1,2,0,0,2,2,1,2,2,0,2,2,2,2,1,1,0,0,1,0,2,1,2,1,0:0.02/1:0.98,0,2,0,2,0,1,1,1,0,2,2,1,1,2,2,1,2,2,2,0,1,2,2,0,2,1,2,0,2,1,0,1,2,1,0,1,1,2,0,2,1,0,0,2,2,1,0,2,2,2
216_8,2,1,2,1,1,1,2,0,0,0,2,1,0,2,0,1,0,1,1,0,2,0,1,0,1,1,1,2,2,1,1,0,1,0,2,1,1,2,0,0,1,2,2,0,1,1,2,2,0,2,0,1,2,2,0,0,1,0,2,1,0,2,0,2,1,1,2,1,1,1,1,0,2,2,1,1,2,1,2,0,2,2,0,1,0,0,0,1,2,0,2,1,1,1,2,2,1,0,1,1,1,2,2,0,2,2,2,2,0,1,2,1,1,0,1,2,2,2,2,2,0,2,0,2,1,1,2,0,0,2,2,1,2,2,0,2,2,2,2,1,1,0,0,1,0,2,1,2,1,1,0,2,0,2,0,1,1,1,0,2,2,1,1,2,2,1,2,2,2,0,1,2,2,0,2,1,2,0,2,1,0,1,2,1,1,1,1,2,1,2,1,0,0,2,2,1,0,2,2,2
216_7,0,1,2,1,1,1,2,0,0,0,2,1,0,2,0,1,0,1,1,0,2,0,1,0,1,1,1,2,2,1,1,1,1,0,2,1,1,2,0,0,1,2,2,0,1,1,2,2,0,2,0,1,2,2,0,0,1,0,2,1,0,2,0,2,1,1,2,1,1,1,1,0,2,2,1,1,2,1,2,0,2,2,0,1,0,0,0,1,2,0,2,1,1,1,2,2,1,0,1,1,1,2,2,0,2,2,2,2,0,1,2,1,1,0,1,2,2,2,2,2,0,2,0,0,1,1,2,0,0,2,2,1,2,2,0,2,2,2,2,1,1,0,0,1,0,2,1,2,1,1,0,2,0,2,0,1,1,1,0,2,2,1,1,2,2,1,2,2,2,1,1,2,2,0,2,1,2,0,2,1,0,1,2,1,0,1,1,2,0,2,1,0,0,2,2,1,0,2,2,2
205_5,0,1,2,1,1,1,2,0,0:0.01/2:0.99,0:0.01/1:0.99,2,1,0,2,0,1,0,0,1,0,2,0,1,0:0.01/2:0.99,0,1,1,2,2,1,1,0,1,0:0.01/2:0.99,0,1,1,2,0,0,1,2,2,0,1,1,2,2,0,2,0,1,2,2,0,0,1,0,2,1,0,2,0,2,1,1,2,1,1,1,1,0,2,2,1,1,2,1,2,0,2,2,0,1,0,0,0,1,2,0,2,1,1,1,2,2,1,0,1,1,1,2,2,0,2,2,2,2,0,1,2,1,1,0,1,2,2,2,2,2,0,2,0:0.01/1:0.99,0,1,1,2,0,0,2,2,1,2,2,0,2,2,2,2,1,1,0,0:0.01/1:0.99,1,0,2,1,2,1,0,0,2,0,2,0,1,1,1,0,2,2,1,1,2,2,1,2,2,2,0,1,2,2,0,2,1,2,0,2,1,0,1,2,1,0,1,1,2,0,2,1,0,0,2,2,1,0,2,2,2
216_6,0,1,2,1,1,1,2,0,2,1,2,1,0,2,0,1,0,0,1,0,2,0,1,2,0,1,1,2,2,1,1,0,1,2,0,1,1,2,0,0,1,2,2,0,1,1,2,2,0,2,0,1,2,2,0,0,1,0,2,1,0,2,0,2,1,1,2,1,1,1,1,0,2,2,1,1,2,1,2,2,2,2,0,1,0,0,0,1,2,0,2,1,1,1,2,2,1,0,1,1,1,2,2,0,2,2,2,2,0,1,2,1,1,0,1,2,2,2,2,2,0,2,1,0,1,1,2,0,0,2,2,1,2,2,2,2,2,2,2,1,1,0,1,1,0,2,1,2,1,0,0,2,0,2,0,1,1,1,0,2,2,1,1,2,2,1,2,2,2,0,1,2,2,0,2,1,2,0,2,1,0,1,2,1,0,1,1,2,0,2,1,0,0,2,2,1,0,2,2,2
216_5,0,1,2,1,1,1,2,0,2,1,2,1,0,2,0,1,0,0,1,0,2,0,1,2,0,1,1,2,2,1,1,0,1,2,0,1,1,2,0,0,1,2,2,0,1,1,2,2,0,2,2,1,2,2,0,0,1,0,2,1,0,2,0,2,1,1,2,1,1,1,1,0,2,2,1,1,2,1,2,0,2,2,0,1,0,0,0,1,2,0,2,1,1,1,2,2,1,0,1,1,1,2,2,0,2,2,2,2,0,1,2,1,1,0,1,2,2,2,2,2,0,2,1,0,1,1,2,2,0,2,2,1,2,2,0,2,2,2,2,1,1,0,1,1,0,2,1,2,1,0,0,2,0,2,0,1,1,1,0,2,2,1,1,2,2,1,2,2,2,0,1,2,2,0,2,1,2,0,2,1,0,1,2,1,0,1,1,2,0,2,1,0,0,2,2,1,0,2,2,2
