[&R] (((((216_5:2.036,216_6:2.036)205_5:7.514,(216_7:0.02,216_8:3.02)207_7:9.53)169_3:10.375,(216_9:6.372,216_10:7.372)177_5:12.553)126_2:35.899,((216_1:2.222,216_2:9.222)187_1:5.144,(216_3:5.096,216_4:2.096)188_3:10.27)136_1:34.459)77_1:88.175)I0;
I0,0,0,0,0,0,0,0,0,0,0,0,0,0,0,0,0,0,0,0,0,0,0,0,0,0,0,0,0,0,0,0,0,0,0,0,0,0,0,0,0,0,0,0,0,0,0,0,0,0,0,0,0,0,0,0,0,0,0,0,0,0,0,0,0,0,0,0,0,0,0,0,0,0,0,0,0,0,0,0,0,0,0,0,0,0,0,0,0,0,0,0,0,0,0,0,0,0,0,0,0,0,0,0,0,0,0,0,0,0,0,0,0,0,0,0,0,0,0,0,0,0,0,0,0,0,0,0,0,0,0,0,0,0,0,0,0,0,0,0,0,0,0,0,0,0,0,0,0,0,0,0,0,0,0,0,0,0,0,0,0,0,0,0,0,0,0,0,0,0,0,0,0,0,0,0,0,0,0,0,0,0,0,0,0,0,0,0,0,0,0,0,0,0,0,0,0,0,0,0,0
77_1,0,0:0.06/1:0.94,0,0,0,0:0.06/1:0.94,0,0,0:0.06/1:0.94,0,0,0:0.06/2:0.94,0,0,0,0,0:0.06/1:0.94,0:0.06/1:0.94,0:0.06/2:0.94,0:0.06/1:0.94,0:0.06/1:0.94,0,0:0.06/2:0.94,0,0:0.06/2:0.94,0:0.06/1:0.94,0,0,0,0,0:0.06/1:0.94,0:0.06/1:0.94,0,0,0:0.06/1:0.94,0,0:0.06/2:0.94,0:0.06/2:0.94,0,0:0.06/1:0.94,0,0,0,0,0:0.06/2:0.94,0,0,0,0:0.06/2:0.94,0,0,0,0:0.06/1:0.94,0,0:0.06/2:0.94,0,0:0.06/2:0.94,0,0:0.06/2:0.94,0,0:0.06/1:0.94,0:0.06/2:0.94,0:0.06/1:0.94,0,0:0.06/2:0.94,0:0.06/1:0.94,0,0,0,0,0:0.06/2:0.94,0,0:0.06/2:0.94,0:0.06/1:0.94,0,0:0.06/1:0.94,0,0:0.06/2:0.94,0,0:0.06/2:0.94,0:0.06/2:0.94,0,0,0,0,0,0:0.06/1:0.94,0:0.06/2:0.94,0,0,0,0:0.06/1:0.94,0,0,0,0:0.06/1:0.94,0:0.06/1:0.94,0,0:0.06/2:0.94,0:0.06/2:0.94,0,0:0.06/2:0.94,0,0,0,0,0:0.06/1:0.94,0:0.06/2:0.94,0,0:0.06/2:0.94,0,0:0.06/2:0.94,0:0.06/2:0.94,0:0.06/1:0.94,0:0.06/1:0.94,0:0.06/1:0.94,0:0.06/1:0.94,0,0:0.06/2:0.94,0,0,0,0:0.06/1:0.94,0:0.06/1:0.94,0:0.06/1:0.94,0:0.06/2:0.94,0,0,0,0,0:0.06/1:0.94,0:0.06/1:0.94,0,0:0.06/1:0.94,0:0.06/2:0.94,0:0.06/2:0.94,0:0.06/2:0.94,0:0.06/1:0.94,0:0.06/2:0.94,0,0,0,0,0:0.06/2:0.94,0,0,0,0:0.06/1:0.94,0,0,0:0.06/1:0.94,0:0.06/2:0.94,0,0:0.06/1:0.94,0,0:0.06/2:0.94,0:0.06/2:0.94,0,0:0.06/2:0.94,0,0,0,0:0.06/2:0.94,0:0.06/2:0.94,0,0:0.06/2:0.94,0,0,0,0:0.06/2:0.94,0:0.06/1:0.94,0:0.06/1:0.94,0:0.06/1:0.94,0,0,0,0,0,0,0:0.06/1:0.94,0,0,0,0:0.06/1:0.94,0:0.06/1:0.94,0:0.06/1:0.94,0:0.06/1:0.94,0,0:0.06/2:0.94,0:0.06/1:0.94,0,0,0:0.06/1:0.94,0,0:0.06/2:0.94,0:0.06/2:0.94,0:0.06/1:0.94,0:0.06/1:0.94,0:0.06/2:0.94,0
136_1,0:0.01/1:0.99,1,0,0,0,1,0,0:0.01/2:0.99,1,0,0,2,0:0.01/2:0.99,0,0,0:0.01/1:0.99,1,1,2,1,1,0,2,0:0.01/2:0.99,2,1,0:0.01/2:0.99,0,0,0,1,1,0,0:0.01/2:0.99,1,0:0.01/1:0.99,2,2,0,1,0,0:0.01/1:0.99,0,0:0.01/2:0.99,2,0,0,0,2,0:0.01/1:0.99,0,0,1,0,2,0,2,0,2,0,1,2,1,0:0.01/1:0.99,2,1,0:0.01/2:0.99,0,0:0.01/1:0.99,0,2,0,2,1,0:0.01/1:0.99,1,0,2,0,2,2,0,0,0,0,0,1,2,0,0,0,1,0,0,0,1,1,0,2,2,0:0.01/2:0.99,2,0,0:0.01/1:0.99,0,0,1,2,0,2,0:0.01/1:0.99,2,2,1,1,1,1,0,2,0,0,0,1,1,1,2,0,0,0:0.01/2:0.99,0,1,1,0,1,2,2,2,1,2,0,0,0,0:0.01/2:0.99,2,0,0,0:0.01/2:0.99,1,0,0:0.01/1:0.99,1,2,0,1,0,2,2,0,2,0:0.01/2:0.99,0,0,2,2,0,2,0,0,0:0.01/2:0.99,2,1,1,1,0,0,0,0,0:0.01/2:0.99,0:0.01/1:0.99,1,0:0.01/2:0.99,0,0:0.01/1:0.99,1,1,1,1,0:0.01/1:0.99,2,1,0,0,1,0,2,2,1,1,2,0
188_3,1,1,0,0,0,1,0,2,1,0,0,2,2,0,0,1,1,1,2,1,1,0,2,2,2,1,2,0,0,0,1,1,0,2,1,1,2,2,0,1,0,1,0,2,2,0,0:0.01/2:0.99,0,2,1,0,0,1,0,2,0:0.01/2:0.99,2,0,2,0:0.01/2:0.99,1,2,1,1,2,1,2,0,1,0,2,0:0.01/1:0.99,2,1,1,1,0,2,0,2,2,0,0,0:0.01/1:0.99,0,0,1,2,0:0.01/2:0.99,0:0.01/2:0.99,0,1,0,0,0,1,1,0,2,2,2,2,0,1,0,0,1,2,0,2,1,2,2,1,1,1,1,0,2,0,0,0,1,1,1,2,0:0.01/2:0.99,0,2,0:0.01/2:0.99,1,1,0,1,2,2,2,1,2,0,0,0,2,2,0,0,2,1,0,1,1,2,0,1,0,2,2,0:0.01/1:0.99,2,2,0,0,2,2,0,2,0,0,2,2,1,1,1,0,0,0,0,2,1,1,2,0,1,1,1,1,1,1,2,1,0,0,1,0,2,2,1,1,2,0
216_4,1,1,0,0,0,1,0,2,1,0,0,2,2,0,0,1,1,1,2,1,1,0,2,2,2,1,2,0,0,0,1,1,0,2,1,1,2,2,0,1,0,1,0,2,2,0,2,0,2,1,0,0,1,0,2,2,2,0,2,2,1,2,1,1,2,1,2,0,1,0,2,1,2,1,1,1,0,2,0,2,2,0,0,1,0,0,1,2,2,2,0,1,0,2,0,1,1,0,2,2,2,2,0,1,0,1,1,2,0,2,1,2,2,1,1,1,1,0,2,0,0,0,1,1,1,2,2,0,2,2,1,1,0,1,2,2,2,1,2,0,0,0,2,2,0,0,2,1,0,1,1,2,0,1,0,2,2,1,2,2,0,0,2,2,0,2,0,0,2,2,1,1,1,0,0,0,0,2,1,1,2,0,1,1,1,1,1,1,2,1,0,0,1,0,2,2,1,1,2,0
216_3,1,1,0,0,0,1,0,2,1,0,0,2,2,0,0,1,1,1,2,1,1,2,2,2,2,1,2,0,0,0,1,1,0,2,1,1,2,2,0,1,0,1,0,2,2,0,2,0,2,1,0,0,1,0,2,2,2,0,2,2,1,2,1,1,2,1,2,0,1,2,2,1,2,1,1,1,0,2,0,2,2,0,0,1,0,0,1,2,2,2,2,1,0,0,0,1,1,0,2,2,2,2,0,1,0,0,1,2,0,2,1,2,2,1,1,1,1,0,2,0,0,0,1,1,1,2,2,0,2,2,1,1,0,1,2,2,2,1,2,0,0,0,2,2,0,0,2,1,0,1,1,2,0,1,0,2,2,1,2,2,0,0,2,2,0,2,0,0,2,2,1,1,1,0,0,0,0,2,1,1,2,0,1,1,1,1,1,1,2,1,0,2,1,0,2,2,1,1,2,2
187_1,1,1,0,0,0,1,0:0.04/1:0.96,2,1,0,0,2,2,0,0,1,1,1,2,1,1,0,2,2,2,1,2,0:0.04/1:0.96,0,0,1,1,0,2,1,1,2,2,0,1,0,1,0,2,2,0,0,0:0.04/2:0.96,2,1,0,0,1,0,2,0,2,0:0.04/1:0.96,2,0,1,2,1,1,2,1,2,0,1,0,2,0,2,1,1,1,0,2,0,2,2,0,0,0,0,0,1,2,0,0,0,1,0,0,0,1,1,0,2,2,2,2,0,1,0,0:0.04/1:0.96,1,2,0,2,1,2,2,1,1,1,1,0,2,0,0,0,1,1,1,2,0,0,2,0,1,1,0,1,2,2,2,1,2,0,0,0,2,2,0,0,2,1,0,1,1,2,0,1,0,2,2,0,2,2,0,0,2,2,0,2,0,0,2,2,1,1,1,0,0,0,0,2,1,1,2,0,1,1,1,1,1,1,2,1,0,0,1,0,2,2,1,1,2,0
216_2,1,1,0,0,0,1,1,2,1,0,0,2,2,0,0,1,1,1,2,1,1,0,2,2,2,1,2,1,1,0,1,1,1,2,1,1,2,2,0,1,0,1,0,2,2,0,0,2,2,1,0,0,1,0,2,0,2,1,2,0,1,2,1,1,2,1,2,0,1,0,2,0,2,1,1,1,0,2,0,2,2,2,0,0,0,0,1,2,0,1,0,1,0,0,0,1,1,0,2,2,2,2,0,1,1,1,1,2,0,2,1,2,2,1,1,1,1,0,2,0,0,1,1,1,1,2,0,0,2,0,1,1,0,1,2,2,2,1,2,0,0,0,2,2,1,0,2,1,0,1,1,2,0,1,0,2,2,1,2,2,0,0,2,2,0,2,0,0,2,2,1,1,1,0,2,0,0,2,1,1,2,0,1,1,1,1,1,1,2,1,0,0,1,0,2,2,1,1,2,0
216_1,1,1,2,0,0,1,1,2,1,0,0,2,2,0,0,1,1,1,2,1,1,0,2,2,2,1,2,1,0,0,1,1,0,2,1,1,2,2,0,1,0,1,0,2,2,0,0,2,2,1,0,0,1,0,2,0,2,1,2,0,1,2,1,1,2,1,2,0,1,0,2,0,2,1,1,1,0,2,0,2,2,0,0,0,0,0,1,2,0,0,0,1,0,0,0,1,1,0,2,2,2,2,0,1,0,1,1,2,0,2,1,2,2,1,1,1,1,0,2,0,0,0,1,1,1,2,0,0,2,0,1,1,0,1,2,2,2,1,2,0,0,0,2,2,0,0,2,1,0,1,1,2,2,1,0,2,2,0,2,2,0,0,2,2,0,2,0,0,2,2,1,1,1,0,0,0,0,2,1,1,2,0,1,1,1,1,1,1,2,1,0,0,1,0,2,2,1,1,2,0
126_2,0,1,0,0,0,1,0,0,1,0,0,2,0,0:0.03/2:0.97,0,0,1,1,2,1,1,0:0.03/2:0.97,2,0,2,1,0,0:0.03/2:0.97,0,0:0.03/2:0.97,1,1,0:0.03/1:0.97,0,1,0:0.03/2:0.97,2,2,0,1,0:0.03/2:0.97,0,0:0.03/2:0.97,0:0.03/1:0.97,2,0:0.03/1:0.97,0,0:0.03/1:0.97,2,0,0,0:0.03/2:0.97,1,0,2,0:0.03/2:0.97,2,0:0.03/1:0.97,2,0,1,2,1,0,2,1,0,0,0,0:0.03/1:0.97,2,0,2,1,0,1,0,2,0,2,2,0,0,0,0,0,1,2,0:0.03/2:0.97,0,0,1,0,0:0.03/2:0.97,0:0.03/1:0.97,1,1,0,2,2,0,2,0:0.03/2:0.97,0,0,0,1,2,0:0.03/2:0.97,2,0,2,2,1,1,1,1,0:0.03/1:0.97,2,0,0,0,1,1,1,2,0:0.03/2:0.97,0:0.03/1:0.97,0,0,1,1,0,1,2,2,2,1,2,0,0:0.03/2:0.97,0,0,2,0,0,0:0.03/1:0.97,1,0,0,1,2,0,1,0:0.03/1:0.97,2,2,0,2,0,0,0,2,2,0,2,0,0,0:0.03/1:0.97,2,1,1,1,0,0,0,0,0:0.03/1:0.97,0,1,0,0,0,1,1,1,1,0:0.03/2:0.97,2,1,0,0:0.03/1:0.97,1,0,2,2,1,1,2,0:0.03/1:0.97
177_5,0:0.03/2:0.97,1,0,0,0,1,0,0:0.03/1:0.97,1,0,0,2,0,2,0:0.03/2:0.97,0,1,1,2,1,1,2,2,0,2,1,0,2,0:0.03/2:0.97,2,1,1,1,0,1,2,2,2,0,1,2,0,2,1,2,1,0:0.03/2:0.97,1,2,0,0,2,1,0,2,2,2,1,2,0,1,2,1,0,2,1,0,0,0:0.03/1:0.97,1,2,0,2,1,0,1,0,2,0,2,2,0,0,0,0,0,1,2,2,0,0,1,0,2,1,1,1,0,2,2,0,2,2,0,0,0,1,2,2,2,0,2,2,1,1,1,1,1,2,0,0,0,1,1,1,2,2,1,0,0,1,1,0:0.03/1:0.97,1,2,2,2,1,2,0,2,0:0.03/1:0.97,0,2,0,0,1,1,0,0,1,2,0,1,1,2,2,0,2,0,0:0.03/1:0.97,0,2,2,0,2,0,0,1,2,1,1,1,0:0.03/2:0.97,0,0:0.03/2:0.97,0,1,0,1,0,0,0:0.03/2:0.97,1,1,1,1,2,2,1,0,1,1,0,2,2,1,1,2,1
216_10,2,1,0,2,0,1,0,1,1,0,1,2,0,2,2,0,1,1,2,1,1,2,2,1,2,1,0,2,2,2,1,1,1,0,1,2,2,2,0,1,2,0,2,1,2,1,2,1,2,2,0,2,1,0,2,2,2,1,2,0,1,2,1,0,2,1,0,0,1,1,2,0,2,1,0,1,0,2,0,2,2,0,0,0,0,0,1,2,2,0,0,1,0,2,1,1,1,0,2,2,0,2,2,0,0,0,1,2,2,2,0,2,2,1,1,1,1,1,2,2,2,0,1,1,1,2,2,1,0,0,1,1,1,1,2,2,2,1,2,0,2,1,0,2,0,0,1,1,0,0,1,2,0,1,1,2,2,0,2,0,1,0,2,2,0,2,0,0,1,2,1,1,1,2,0,2,2,1,0,1,0,0,2,1,1,1,1,2,2,1,0,1,1,0,2,2,1,1,2,1
216_9,2,1,0,0,0,1,0,1,1,0,0,2,0,2,2,0,1,1,2,1,1,2,2,0,2,1,0,2,2,2,1,1,1,0,1,2,2,2,0,1,2,0,2,1,2,1,2,1,2,0,0,2,1,0,2,2,2,1,2,0,1,2,1,2,2,1,0,1,1,1,2,0,2,1,0,1,0,2,0,2,2,0,0,0,0,0,1,2,2,1,0,1,0,2,1,1,1,0,2,2,0,2,2,0,0,2,1,2,2,2,0,2,2,1,1,1,1,1,2,0,0,0,1,1,1,2,2,1,0,0,1,1,1,1,2,2,2,1,2,0,2,1,0,2,0,0,1,1,0,0,1,2,0,1,1,2,2,0,2,1,1,0,2,2,0,2,0,0,1,2,1,1,1,2,0,2,1,1,0,1,0,0,2,1,1,1,1,2,2,1,0,1,1,0,2,2,1,1,2,1
169_3,0,1,0,0,0,1,0,0,1,0,0,2,0,2,0,0,1,1,2,1,1,2,2,0,2,1,0:0.05/1:0.95,2,0,2,1,1,1,0:0.05/1:0.95,1,2,2,2,0,1,2,0,2,1,2,1,0:0.05/1:0.95,1,2,0,0,2,1,0,2,2,2,1,2,0,1,2,1,0,2,1,0:0.05/1:0.95,0,0:0.05/2:0.95,1,2,0,2,1,0,1,0,2,0,2,2,0,0:0.05/2:0.95,0,0,0,1,2,2,0,0,1,0,2,1,1,1,0,2,2,0,2,2,0,0,0:0.05/1:0.95,1,2,2,2,0:0.05/1:0.95,2,2,1,1,1,1,1,2,0,0,0,1,1,1,2,2,1,0,0,1,1,0,1,2,2,2,1,2,0,2,0,0,2,0,0,1,1,0,0,1,2,0,1,1,2,2,0,2,0,0,0,2,2,0,2,0,0,1,2,1,1,1,0,0,0,0,1,0:0.05/2:0.95,1,0:0.05/1:0.95,0,0,1,1,1,1,2,2,1,0,1,1,0,2,2,1,1,2,1
207_7,1,1,0,0,0,1,0,0,1,0,0,2,0,2,0,0,1,1,2,1,1,2,2,0,2,1,1,2,0,2,1,1,1,1,1,2,2,2,1,1,2,0,2,1,2,1,1,1,2,0,0,2,1,2,2,2,2,1,2,0,1,2,1,0,2,1,1,2,2,1,2,0,2,1,0,1,0,2,0,2,2,0,2,0,2,0,1,2,2,0,0,1,0,2,1,1,1,0,2,2,0,2,2,0,0,1,1,2,2,2,1,2,2,1,1,1,1,1,2,0,0,0,1,1,1,2,2,1,0,0,1,1,0,1,2,2,2,1,2,0,2,0,0,2,0,1,1,1,0,0,1,2,0,1,1,2,2,0,2,0,2,0,2,2,0,2,0,0,1,2,1,1,1,0,0,0,1,1,2,1,1,0,0,1,1,1,1,2,2,1,0,1,1,2,2,2,1,1,2,1
216_8,1,1,0,0,0,1,0,0,1,0,0,2,0,2,0,0,1,1,2,1,1,2,2,0,2,1,1,2,2,2,1,1,1,1,1,2,2,2,1,1,2,0,2,1,2,1,1,1,2,0,0,2,1,2,2,2,2,1,2,0,1,2,1,0,2,1,1,2,2,1,2,0,2,1,2,1,0,2,0,2,2,0,2,0,2,0,1,2,2,0,0,1,0,2,1,1,1,0,2,2,0,2,2,0,0,1,1,2,2,2,1,2,2,1,1,1,1,1,2,0,0,0,1,1,1,2,2,1,0,0,1,1,0,1,2,2,2,1,2,0,2,0,0,2,0,1,1,1,0,0,1,2,0,1,1,2,2,0,2,0,2,0,2,2,0,2,0,0,1,2,1,1,1,0,0,0,1,1,2,1,1,1,0,1,1,1,1,2,2,1,0,1,1,2,2,2,1,1,2,1
216_7,1,1,0,0,0,1,0,0,1,0,0,2,0,2,0,0,1,1,2,1,1,2,2,0,2,1,1,2,0,2,1,1,1,1,1,2,2,2,1,1,2,0,2,1,2,1,1,1,2,0,0,2,1,2,2,2,2,1,2,0,1,2,1,0,2,1,1,2,2,1,2,0,2,1,0,1,0,2,0,2,2,0,2,0,2,0,1,2,2,0,0,1,0,2,1,1,1,0,2,2,0,2,2,0,0,1,1,2,2,2,1,2,2,1,1,1,1,1,2,0,0,0,1,1,1,2,2,1,0,0,1,1,0,1,2,2,2,1,2,0,2,0,0,2,0,1,1,1,0,0,1,2,0,1,1,2,2,0,2,0,2,0,2,2,0,2,0,0,1,2,1,1,1,0,0,0,1,1,2,1,1,0,0,1,1,1,1,2,2,1,0,1,1,2,2,2,1,1,2,1
205_5,0,1,0,0,0,1,0,0,1,0,1,2,1,2,1,1,1,1,2,1,1,2,2,0,2,1,1,2,0,2,1,1,1,1,1,2,2,2,0,1,2,0,2,1,2,1,1,1,2,0,0,2,1,0,2,2,2,1,2,0,1,2,1,0,2,1,1,0,2,1,2,0,2,1,0,1,0,2,0,2,2,0,2,0,0,0,1,2,2,1,0,1,0,2,1,1,1,0,2,2,0,2,2,0,0,1,1,2,2,2,1,2,2,1,1,1,1,1,2,0,2,0,1,1,1,2,2,1,0,0,1,1,0,1,2,2,2,1,2,0,2,0,0,2,0,0,1,1,0,0,1,2,0,1,1,2,2,0,2,0,0,0,2,2,0,2,0,0,1,2,1,1,1,0,0,2,0,1,2,1,1,0,0,1,1,1,1,2,2,1,0,1,1,0,2,2,1,1,2,1
216_6,0,1,0,0,0,1,0,0,1,0,1,2,1,2,1,1,1,1,2,1,1,2,2,0,2,1,1,2,0,2,1,1,1,1,1,2,2,2,0,1,2,0,2,1,2,1,1,1,2,0,0,2,1,0,2,2,2,1,2,0,1,2,1,0,2,1,1,0,2,1,2,0,2,1,0,1,0,2,0,2,2,0,2,0,0,0,1,2,2,1,0,1,0,2,1,1,1,0,2,2,0,2,2,0,0,1,1,2,2,2,1,2,2,1,1,1,1,1,2,0,2,0,1,1,1,2,2,1,0,0,1,1,2,1,2,2,2,1,2,1,2,0,0,2,0,0,1,1,0,0,1,2,0,1,1,2,2,0,2,0,0,0,2,2,0,2,0,0,1,2,1,1,1,0,0,2,0,1,2,1,1,0,0,1,1,1,1,2,2,1,0,1,1,0,2,2,1,1,2,1
216_5,0,1,2,0,0,1,0,0,1,0,1,2,1,2,1,1,1,1,2,1,1,2,2,0,2,1,1,2,0,2,1,1,1,1,1,2,2,2,0,1,2,0,2,1,2,1,1,1,2,0,0,2,1,0,2,2,2,1,2,0,1,2,1,0,2,1,1,0,2,1,2,0,2,1,0,1,0,2,0,2,2,0,2,0,0,0,1,2,2,1,0,1,0,2,1,1,1,0,2,2,0,2,2,0,0,1,1,2,2,2,1,2,2,1,1,1,1,1,2,0,2,0,1,1,1,2,2,1,0,0,1,1,0,1,2,2,2,1,2,0,2,1,0,2,0,0,1,1,0,0,1,2,0,1,1,2,2,0,2,0,0,0,2,2,0,2,0,0,1,2,1,1,1,0,0,2,0,1,2,1,1,0,0,1,1,1,1,2,2,1,0,1,1,0,2,2,1,1,2,1
