[&R] (((((216_5:1.01,216_6:1.01)205_5:12.32,(216_7:0.003,216_8:1.003)207_7:13.328)169_3:16.391,(216_9:10.734,216_10:8.734)177_5:13.988)126_2:28.601,((216_1:8.266,216_2:3.266)187_1:10.426,(216_3:6.268,216_4:4.268)188_3:20.424)136_1:35.63)77_1:93.677)I0;
I0,0,0,0,0,0,0,0,0,0,0,0,0,0,0,0,0,0,0,0,0,0,0,0,0,0,0,0,0,0,0,0,0,0,0,0,0,0,0,0,0,0,0,0,0,0,0,0,0,0,0,0,0,0,0,0,0,0,0,0,0,0,0,0,0,0,0,0,0,0,0,0,0,0,0,0,0,0,0,0,0,0,0,0,0,0,0,0,0,0,0,0,0,0,0,0,0,0,0,0,0,0,0,0,0,0,0,0,0,0,0,0,0,0,0,0,0,0,0,0,0,0,0,0,0,0,0,0,0,0,0,0,0,0,0,0,0,0,0,0,0,0,0,0,0,0,0,0,0,0,0,0,0,0,0,0,0,0,0,0,0,0,0,0,0,0,0,0,0,0,0,0,0,0,0,0,0,0,0,0,0,0,0,0,0,0,0,0,0,0,0,0,0,0,0,0,0,0,0,0,0
77_1,0,0:0.05/1:0.95,0,0:0.05/1:0.95,0,0,0:0.05/2:0.95,0,0:0.05/1:0.95,0:0.05/1:0.95,0:0.05/1:0.95,0:0.05/1:0.95,0,0:0.05/2:0.95,0:0.05/2:0.95,0:0.05/2:0.95,0,0:0.05/2:0.95,0:0.05/1:0.95,0,0:0.05/1:0.95,0:0.05/1:0.95,0,0:0.05/2:0.95,0,0,0:0.05/2:0.95,0,0,0,0:0.05/1:0.95,0:0.05/2:0.95,0:0.05/2:0.95,0,0,0:0.05/2:0.95,0:0.05/2:0.95,0,0:0.05/2:0.95,0,0:0.05/2:0.95,0:0.05/2:0.95,0:0.05/1:0.95,0,0,0,0:0.05/1:0.95,0,0,0:0.05/2:0.95,0,0:0.05/1:0.95,0:0.05/1:0.95,0:0.05/1:0.95,0,0:0.05/2:0.95,0,0:0.05/1:0.95,0:0.05/2:0.95,0:0.05/2:0.95,0:0.05/2:0.95,0,0,0:0.05/1:0.95,0:0.05/2:0.95,0,0,0,0,0,0:0.05/2:0.95,0:0.05/1:0.95,0,0,0:0.05/2:0.95,0,0,0,0:0.05/2:0.95,0:0.05/2:0.95,0,0,0:0.05/1:0.95,0,0,0:0.05/1:0.95,0:0.05/1:0.95,0:0.05/1:0.95,0,0:0.05/2:0.95,0:0.05/2:0.95,0:0.05/1:0.95,0:0.05/2:0.95,0:0.05/1:0.95,0:0.05/1:0.95,0,0:0.05/1:0.95,0,0,0,0:0.05/2:0.95,0:0.05/1:0.95,0:0.05/1:0.95,0:0.05/2:0.95,0,0,0,0:0.05/2:0.95,0,0,0,0:0.05/2:0.95,0,0,0,0,0:0.05/2:0.95,0,0:0.05/2:0.95,0,0,0:0.05/1:0.95,0,0:0.05/2:0.95,0,0,0:0.05/1:0.95,0:0.05/2:0.95,0:0.05/2:0.95,0:0.05/2:0.95,0,0,0,0:0.05/2:0.95,0:0.05/2:0.95,0:0.05/1:0.95,0,0:0.05/2:0.95,0,0:0.05/2:0.95,0,0,0,0,0:0.05/1:0.95,0,0,0:0.05/1:0.95,0,0:0.05/1:0.95,0,0,0,0,0:0.05/1:0.95,0:0.05/2:0.95,0,0,0:0.05/1:0.95,0,0,0,0:0.05/2:0.95,0:0.05/2:0.95,0:0.05/1:0.95,0,0,0:0.05/1:0.95,0:0.05/2:0.95,0:0.05/1:0.95,0,0,0:0.05/2:0.95,0:0.05/1:0.95,0,0:0.05/1:0.95,0,0:0.05/1:0.95,0:0.05/1:0.95,0:0.05/1:0.95,0,0,0:0.05/1:0.95,0,0,0:0.05/1:0.95,0,0:0.05/2:0.95,0:0.05/2:0.95,0:0.05/1:0.95,0,0:0.05/2:0.95,0,0,0,0,0:0.05/1:0.95,0,0:0.05/2:0.95,0:0.05/1:0.95
136_1,0,1,0,1,0,0,2,0,1,1,1,1,0,2,2,2,0,2,1,0:0.05/1:0.95,1,1,0,2,0,0,2,0,0:0.05/2:0.95,0,1,2,2,0,0,2,2,0,2,0,2,2,1,0,0:0.05/1:0.95,0,1,0,0:0.05/2:0.95,2,0,1,1,1,0,2,0,1,2,2,2,0:0.05/1:0.95,0,1,2,0:0.05/2:0.95,0,0,0,0,2,1,0:0.05/2:0.95,0:0.05/2:0.95,2,0,0,0:0.05/1:0.95,2,2,0,0,1,0,0:0.05/2:0.95,1,1,1,0:0.05/1:0.95,2,2,1,2,1,1,0,1,0:0.05/2:0.95,0:0.05/1:0.95,0,2,1,1,2,0:0.05/2:0.95,0,0,2,0,0,0:0.05/1:0.95,2,0,0:0.05/1:0.95,0,0,2,0,2,0,0,1,0,2,0,0,1,2,2,2,0,0,0:0.05/2:0.95,2,2,1,0:0.05/1:0.95,2,0,2,0,0,0,0:0.05/2:0.95,1,0:0.05/2:0.95,0,1,0,1,0:0.05/2:0.95,0,0,0:0.05/2:0.95,1,2,0:0.05/1:0.95,0,1,0:0.05/1:0.95,0:0.05/1:0.95,0,2,2,1,0,0,1,2,1,0:0.05/1:0.95,0,2,1,0:0.05/2:0.95,1,0:0.05/2:0.95,1,1,1,0,0,1,0:0.05/2:0.95,0:0.05/1:0.95,1,0:0.05/1:0.95,2,2,1,0,2,0,0:0.05/2:0.95,0,0,1,0,2,1
188_3,0:0.01/2:0.99,1,0,1,0:0.01/1:0.99,0:0.01/1:0.99,2,0,1,1,1,1,0:0.01/1:0.99,2,2,2,0,2,1,1,1,1,0,2,0,0:0.01/2:0.99,2,0,2,0:0.01/2:0.99,1,2,2,0,0:0.01/1:0.99,2,2,0,2,0,2,2,1,0,1,0,1,0,2,2,0,1,1,1,0,2,0,1,2,2,2,1,0,1,2,2,0,0:0.01/2:0.99,0,0,2,1,2,2,2,0,0,1,2,2,0:0.01/1:0.99,0,1,0,2,1,1,1,1,2,2,1,2,1,1,0,1,2,1,0,2,1,1,2,2,0:0.01/1:0.99,0,2,0,0,1,2,0:0.01/1:0.99,1,0:0.01/1:0.99,0,2,0,2,0,0,1,0:0.01/1:0.99,2,0,0,1,2,2,2,0,0,2,2,2,1,1,2,0:0.01/2:0.99,2,0:0.01/2:0.99,0,0,2,1,2,0,1,0:0.01/1:0.99,1,2,0,0,2,1,2,1,0,1,1,1,0,2,2,1,0,0,1,2,1,1,0:0.01/1:0.99,2,1,2,1,2,1,1,1,0,0:0.01/1:0.99,1,2,1,1,1,2,2,1,0,2,0,2,0:0.01/2:0.99,0,1,0,2,1
216_4,2,1,0,1,1,1,2,0,1,1,1,1,1,2,2,2,0,2,1,1,1,1,0,2,0,2,2,0,2,2,1,2,2,1,1,2,2,0,2,0,2,2,1,0,1,0,1,0,2,2,2,1,1,1,0,2,0,1,2,2,2,1,2,1,2,2,0,2,0,0,2,1,2,2,2,0,0,1,2,2,1,0,1,0,2,1,1,1,1,2,2,1,2,1,1,0,1,2,1,0,2,1,1,2,2,1,0,2,0,0,1,2,1,1,1,0,2,0,2,0,0,1,1,2,0,0,1,2,2,2,0,0,2,2,2,1,1,2,2,2,2,0,0,2,1,2,0,1,1,1,2,0,0,2,1,2,1,1,1,1,1,0,2,2,1,0,0,1,2,1,1,1,2,1,2,1,2,1,1,1,0,1,1,2,1,1,1,2,2,1,0,2,0,2,2,0,1,0,2,1
216_3,2,1,0,1,1,1,2,0,1,1,1,1,1,2,2,2,0,2,1,1,1,1,0,2,1,2,2,0,2,2,1,2,2,0,1,2,2,0,2,0,2,2,1,0,1,2,1,1,2,2,0,1,1,1,0,2,0,1,2,2,2,1,0,1,2,2,0,2,0,2,2,1,2,2,2,0,0,1,2,2,1,0,1,0,2,1,1,1,1,2,2,1,2,1,1,0,1,2,1,0,2,1,1,2,2,1,0,2,0,0,1,2,1,1,1,0,2,0,2,0,0,1,1,2,0,0,1,2,2,2,0,0,2,2,2,1,1,2,2,2,2,0,0,2,1,2,1,1,1,1,2,0,0,2,1,2,1,0,1,1,1,2,2,2,1,0,0,1,2,1,1,1,2,1,2,1,2,1,1,1,0,1,1,2,1,1,1,2,2,1,0,2,0,2,2,0,1,0,2,1
187_1,0,1,0,1,0,0,2,0,1,1,1,1,0,2,2,2,0:0.02/1:0.98,2,1,1,1,1,0,2,0,0,2,0,2,0,1,2,2,0,0,2,2,0,2,0:0.02/2:0.98,2,2,1,0,1,0,1,0,2,2,0,1,1,1,0,2,0,1,2,2,2,1,0,1,2,2,0,0,0,0,2,1,2,2,2,0:0.02/2:0.98,0,1,2,2,0:0.02/2:0.98,0,1,0,2,1,1,1,1,2,2,1,2,1,1,0,1,2,1,0,2,1,1,2,2,0,0,2,0,0,1,2,0,1,0,0,2,0,2,0:0.02/2:0.98,0,1,0,2,0,0:0.02/2:0.98,1,2,2,2,0,0,2,2,2,1,1,2,0,2,0,0,0,2,1,2,0:0.02/1:0.98,1,0,1,2,0,0,2,1,2,1,0,1,1,1,0:0.02/2:0.98,2,2,1,0,0,1,2,1,1,0,2,1,2,1,2,1,1,1,0,0,1,2,1,1,1,2,2,1,0,2,0,2,0,0:0.02/2:0.98,1,0,2,1
216_2,0,1,0,1,0,0,2,0,1,1,1,1,0,2,2,2,1,2,1,1,1,1,0,2,0,0,2,0,2,0,1,2,2,0,0,2,2,0,2,2,2,2,1,0,1,0,1,0,2,2,0,1,1,1,0,2,0,1,2,2,2,1,0,1,2,2,0,0,0,0,2,1,2,2,2,2,0,1,2,2,2,0,1,0,2,1,1,1,1,2,2,1,2,1,1,0,1,2,1,0,2,1,1,2,2,1,0,2,0,0,1,2,0,1,0,0,2,0,2,2,0,1,0,2,0,2,1,2,2,2,0,0,2,2,2,1,1,2,0,2,0,0,0,2,1,2,1,1,0,1,2,0,0,2,1,2,1,0,1,1,1,2,2,2,1,0,0,1,2,1,1,0,2,1,2,1,2,1,1,1,2,0,1,2,1,1,1,2,2,1,2,2,0,2,0,2,1,0,2,1
216_1,0,1,0,1,0,2,2,0,1,1,1,1,0,2,2,2,1,2,1,1,1,1,0,2,0,0,2,2,2,0,1,2,2,0,0,2,2,0,2,2,2,2,1,2,1,2,1,0,2,2,0,1,1,1,0,2,0,1,2,2,2,1,0,1,2,2,0,0,0,2,2,1,2,2,2,2,0,1,2,2,2,0,1,0,2,1,1,1,1,2,2,1,2,1,1,0,1,2,1,0,2,1,1,2,2,0,0,2,0,0,1,2,0,1,0,0,2,0,2,2,0,1,0,2,0,2,1,2,2,2,0,0,2,2,2,1,1,2,0,2,2,2,0,2,1,2,1,1,0,1,2,0,2,2,1,2,1,0,1,1,1,2,2,2,1,0,0,1,2,1,1,0,2,1,2,1,2,1,1,1,0,0,1,2,1,1,1,2,2,1,0,2,0,2,0,2,1,0,2,1
126_2,0,1,0,1,0:0.06/2:0.94,0:0.06/1:0.94,2,0,1,1,1,1,0:0.06/1:0.94,2,2,2,0,2,1,0,1,1,0,2,0,0,2,0,0,0,1,2,2,0,0,2,2,0:0.06/1:0.94,2,0:0.06/2:0.94,2,2,1,0,0:0.06/2:0.94,0,1,0,0,2,0,1,1,1,0:0.06/1:0.94,2,0:0.06/2:0.94,1,2,2,2,0,0:0.06/1:0.94,1,2,0,0:0.06/2:0.94,0:0.06/2:0.94,0:0.06/1:0.94,0,2,1,0,0,2,0,0,0:0.06/2:0.94,2,2,0:0.06/1:0.94,0,1,0,0,1,1,1,0,2,2,1,2,1,1,0,1,0,0,0,2,1,1,2,0,0,0:0.06/2:0.94,2,0,0:0.06/2:0.94,0,2,0,0,0,0,2,0:0.06/2:0.94,2,0,0,1,0,2,0:0.06/2:0.94,0,1,2,2,2,0,0,0,2,2,1,0,2,0,2,0:0.06/1:0.94,0,0,0,1,0,0:0.06/1:0.94,1,0:0.06/1:0.94,1,0,0,0:0.06/2:0.94,0,1,2,0,0:0.06/1:0.94,1,0:0.06/2:0.94,0:0.06/2:0.94,0,2,2,1,0,0,1,2,1,0,0,2,1,0,1,0,1,1,1,0,0,1,0,0,1,0,2,2,1,0,2,0,0,0,0,1,0,2,1
177_5,0,1,0:0.05/1:0.95,1,2,1,2,0,1,1,1,1,1,2,2,2,0,2,1,0,1,1,0,2,0,0,2,0,0,0,1,2,2,0,0:0.05/2:0.95,2,2,1,2,2,2,2,1,0,2,0,1,0,0,2,0,1,1,1,1,2,2,1,2,2,2,0,1,1,2,0,2,2,1,0,2,1,0,0,2,0:0.05/1:0.95,0,2,2,2,1,0:0.05/1:0.95,1,0,0,1,1,1,0,2,2,1,2,1,1,0,1,0,0,0,2,1,1,2,0,0,2,2,0:0.05/2:0.95,2,0,2,0,0,0,0:0.05/1:0.95,2,2,2,0,0,1,0,2,2,0,1,2,2,2,0,0:0.05/2:0.95,0,2,2,1,0:0.05/1:0.95,2,0,2,1,0,0,0:0.05/2:0.95,1,0,1,1,1,1,0,0,2,0,1,2,0,1,1,2,2,0,2,2,1,0,0,1,2,1,0,0,2,1,0:0.05/2:0.95,1,0,1,1,1,0,0,1,0,0:0.05/2:0.95,1,0,2,2,1,0,2,0:0.05/1:0.95,0:0.05/2:0.95,0,0,1,0,2,1
216_10,1,1,1,1,2,1,2,0,1,1,1,1,1,2,2,2,0,2,1,2,1,1,0,2,0,0,2,0,0,0,1,2,2,0,2,2,2,1,2,2,2,2,1,0,2,0,1,0,1,2,0,1,1,1,1,2,2,1,2,2,2,0,1,1,2,2,2,2,1,1,2,1,0,0,2,1,0,2,2,2,1,1,1,0,0,1,1,1,0,2,2,1,2,1,1,0,1,0,0,0,2,1,1,2,0,0,2,2,2,2,0,2,0,0,0,1,2,2,2,0,0,1,0,2,2,0,1,2,2,2,0,2,0,2,2,1,1,2,0,2,1,0,2,2,1,0,1,1,1,1,0,0,2,0,1,2,0,1,1,2,2,0,2,2,1,0,1,1,2,1,0,1,2,1,2,1,0,1,1,1,0,0,1,0,2,1,0,2,2,1,0,2,1,2,0,0,1,0,2,1
216_9,0,1,1,1,2,1,2,2,1,1,1,1,1,2,2,2,1,2,1,0,1,1,0,2,0,0,2,0,2,1,1,2,2,0,2,2,2,1,2,2,2,2,1,0,2,0,1,0,0,2,0,1,1,1,1,2,2,1,2,2,2,1,1,1,2,0,2,2,1,0,2,1,0,1,2,1,0,2,2,2,1,1,1,0,0,1,1,1,2,2,2,1,2,1,1,2,1,0,0,0,2,1,1,2,0,0,2,2,2,2,0,2,0,0,0,1,2,2,2,0,0,1,0,2,2,0,1,2,2,2,0,2,2,2,2,1,1,2,0,2,1,0,0,2,1,0,1,1,1,1,0,0,2,0,1,2,0,1,1,2,2,0,2,2,1,0,0,1,2,1,0,0,2,1,2,1,0,1,1,1,0,0,1,1,2,1,0,2,2,1,0,2,1,2,0,0,1,0,2,1
169_3,0,1,0,1,2,1,2,0:0.08/1:0.92,1,1,1,1,1,2,2,2,0,2,1,0,1,1,0,2,0,0:0.08/2:0.92,2,0,0,0:0.08/2:0.92,1,2,2,0:0.08/1:0.92,0,2,2,1,2,2,2,2,1,0,2,0,1,0,0,2,0,1,1,1,1,2,2,1,2,2,2,0:0.08/1:0.92,1,1,2,0,2,2,1,0,2,1,0:0.08/1:0.92,0,2,0,0,2,2,2,1,0,1,0,0,1,1,1,0,2,2,1,2,1,1,0,1,0,0,0,2,1,1,2,0,0,2,2,0,2,0:0.08/2:0.92,2,0:0.08/1:0.92,0,0:0.08/1:0.92,0:0.08/2:0.92,2,2,2,0,0,1,0,2,2,0:0.08/2:0.92,1,2,2,2,0,0,0,2,2,1,0,2,0,2,1,0,0,0,1,0:0.08/1:0.92,1,1,1,1,0,0,2,0,1,2,0:0.08/1:0.92,1,1,2,2,0:0.08/1:0.92,2,2,1,0,0,1,2,1,0,0,2,1,0:0.08/1:0.92,1,0,1,1,1,0,0,1,0,0,1,0:0.08/2:0.92,2,2,1,0,2,0,0,0,0,1,0,2,1
207_7,0,1,1,1,2,1,2,1,1,1,1,1,1,2,2,2,0,2,1,2,1,1,0,2,0,2,2,0,0,2,1,2,2,1,1,2,2,1,2,2,2,2,1,0,2,0,1,0,0,2,2,1,1,1,1,2,2,1,2,2,2,1,1,1,2,0,2,2,1,1,2,1,1,0,2,0,0,2,2,2,1,0,1,0,0,1,1,1,0,2,2,1,2,1,1,0,1,0,1,0,2,1,1,2,0,0,2,2,0,2,2,2,1,0,1,2,2,2,2,1,0,1,1,2,2,2,1,2,2,2,0,0,0,2,2,1,0,2,0,2,1,0,0,0,1,1,1,1,1,1,2,0,2,0,1,2,1,1,1,2,2,1,2,2,1,0,0,1,2,1,0,1,2,1,1,1,0,1,1,1,0,0,1,0,2,1,2,2,2,1,0,2,0,2,0,0,1,0,2,1
216_8,0,1,1,1,2,1,2,1,1,1,1,1,1,2,2,2,0,2,1,2,1,1,0,2,0,2,2,0,0,2,1,2,2,1,1,2,2,1,2,2,2,2,1,0,2,0,1,0,0,2,2,1,1,1,1,2,2,1,2,2,2,1,1,1,2,0,2,2,1,1,2,1,1,0,2,0,0,2,2,2,1,1,1,0,0,1,1,1,0,2,2,1,2,1,1,0,1,0,1,0,2,1,1,2,0,0,2,2,0,2,2,2,1,0,1,2,2,2,2,1,0,1,1,2,2,2,1,2,2,2,0,0,0,2,2,1,0,2,0,2,1,0,0,0,1,1,1,1,1,1,2,0,2,0,1,2,1,1,1,2,2,1,2,2,1,0,0,1,2,1,0,1,2,1,1,1,0,1,1,1,0,0,1,0,2,1,2,2,2,1,0,2,0,2,0,0,1,0,2,1
216_7,0,1,1,1,2,1,2,1,1,1,1,1,1,2,2,2,0,2,1,2,1,1,0,2,0,2,2,0,0,2,1,2,2,1,1,2,2,1,2,2,2,2,1,0,2,0,1,0,0,2,2,1,1,1,1,2,2,1,2,2,2,1,1,1,2,0,2,2,1,1,2,1,1,0,2,0,0,2,2,2,1,0,1,0,0,1,1,1,0,2,2,1,2,1,1,0,1,0,1,0,2,1,1,2,0,0,2,2,0,2,2,2,1,0,1,2,2,2,2,1,0,1,1,2,2,2,1,2,2,2,0,0,0,2,2,1,0,2,0,2,1,0,0,0,1,1,1,1,1,1,2,0,2,0,1,2,1,1,1,2,2,1,2,2,1,0,0,1,2,1,0,1,2,1,1,1,0,1,1,1,0,0,1,0,2,1,2,2,2,1,0,2,0,2,0,0,1,0,2,1
205_5,0,1,0,1,2,1,2,1,1,1,1,1,1,2,2,2,0,2,1,0,1,1,1,2,0,2,2,0,0,2,1,2,2,1,0,2,2,1,2,2,2,2,1,2,2,1,1,0,1,2,0,1,1,1,1,2,2,1,2,2,2,1,1,1,2,0,2,2,1,0,2,1,1,1,2,0,0,2,2,2,1,0,1,0,1,1,1,1,0,2,2,1,2,1,1,0,1,0,0,0,2,1,1,2,0,0,2,2,0,2,2,2,1,0,1,2,2,2,2,0,0,1,0,2,2,2,1,2,2,2,0,0,0,2,2,1,2,2,0,2,1,0,2,2,1,1,1,1,1,1,0,1,2,0,1,2,1,1,1,2,2,1,2,2,1,0,0,1,2,1,0,0,2,1,1,1,0,1,1,1,0,0,1,0,0,1,2,2,2,1,0,2,0,1,0,0,1,0,2,1
216_6,0,1,0,1,2,1,2,1,1,1,1,1,1,2,2,2,0,2,1,0,1,1,1,2,0,2,2,0,0,2,1,2,2,1,0,2,2,1,2,2,2,2,1,2,2,1,1,0,1,2,0,1,1,1,1,2,2,1,2,2,2,1,1,1,2,0,2,2,1,0,2,1,1,1,2,0,0,2,2,2,1,2,1,0,1,1,1,1,0,2,2,1,2,1,1,0,1,0,0,0,2,1,1,2,0,0,2,2,0,2,2,2,1,0,1,2,2,2,2,0,0,1,0,2,2,2,1,2,2,2,0,0,0,2,2,1,2,2,0,2,1,0,2,2,1,1,1,1,1,1,0,1,2,0,1,2,1,1,1,2,2,1,2,2,1,0,0,1,2,1,0,0,2,1,1,1,0,1,1,1,0,0,1,0,0,1,2,2,2,1,0,2,0,1,0,0,1,0,2,1
216_5,0,1,0,1,2,1,2,1,1,1,1,1,1,2,2,2,0,2,1,0,1,1,1,2,0,2,2,0,0,2,1,2,2,1,0,2,2,1,2,2,2,2,1,2,2,1,1,0,1,2,0,1,1,1,1,2,2,1,2,2,2,1,1,1,2,0,2,2,1,0,2,1,1,1,2,0,0,2,2,2,1,0,1,0,1,1,1,1,2,2,2,1,2,1,1,0,1,0,0,0,2,1,1,2,0,0,2,2,0,2,2,2,1,0,1,2,2,2,2,0,0,1,0,2,2,2,1,2,2,2,0,0,0,2,2,1,2,2,0,2,1,0,2,2,1,1,1,1,1,1,0,1,2,0,1,2,1,1,1,2,2,1,2,2,1,0,0,1,2,1,0,0,2,1,1,1,0,1,1,1,0,0,1,0,0,1,2,2,2,1,0,2,0,1,0,0,1,0,2,1
