[&R] ((((((216_11:0.075,216_12:1.075)175_8:2.261,(216_9:1.58,216_10:2.58)178_7:0.757)130_4:0.78,((216_7:0.048,216_8:1.048)180_6:1.363,(216_5:0.074,216_6:1.074)185_3:2.337)132_3:0.706)83_2:3.901,((216_1:0,216_2:0)196_1:0.023,(216_3:0,216_4:0)200_3:1.023)140_1:3.996)37_1:0.982,((((216_14:1.008,216_15:0.008)191_12:0.002,216_13:1.01)140_7:2.973,(216_16:0,216_17:0)206_17:3.983)91_5:2.905,((216_20:1.01,216_21:1.01)181_19:0.001,(216_18:0.035,216_19:1.035)185_16:0.976)142_12:3.878)40_3:1.111)virtual:0)I0;
I0,0,0,0,0,0,0,0,0,0,0
virtual,0,0,0,0,0,0,0,0,0,0
40_3,0,0,0,0:0.44/1:0.56,0,0,0,0:0.44/1:0.56,0,0
142_12,2,2,0,1,0,0,0,1,1,0
185_16,2,2,0,1,0,0,0:0.04/2:0.96,1,1,0
216_19,2,2,0,1,1,0,2,1,1,0
216_18,2,2,0,1,0,0,2,1,1,0
181_19,2,2,0,1,0,0,0,1,1,0
216_21,2,2,0,1,0,0,0,1,1,1
216_20,2,2,1,1,0,0,0,1,1,0
91_5,0,0:0.25/1:0.75,0,0:0.11/1:0.89,0,0,0:0.25/1:0.75,0:0.11/1:0.89,0:0.25/2:0.75,0
206_17,0,1,2,1,1,0,1,1,2,1
216_17,0,1,2,1,1,0,1,1,2,1
216_16,0,1,2,1,1,0,1,1,2,1
140_7,1,1,0,1,0,1,1,1,2,0
216_13,1,1,0,1,0,1,1,1,2,2
191_12,1,1,0,1,0,1,1,1,2,0
216_15,1,1,0,1,0,1,1,1,2,0
216_14,1,1,2,1,0,1,1,1,2,0
37_1,0,0,0:0.51/2:0.49,0,0:0.51/1:0.49,0,0,0,0,0
140_1,0,0,2,0:0.01/1:0.99,1,0,0,0,0:0.01/1:0.99,0:0.01/2:0.99
200_3,1,0,2,1,1,0,0,0,1,2
216_4,1,0,2,1,1,0,0,0,1,2
216_3,1,0,2,1,1,0,0,0,1,2
196_1,0,0,2,1,1,0,0,0,1,2
216_2,0,0,2,1,1,0,0,0,1,2
216_1,0,0,2,1,1,0,0,0,1,2
83_2,0:0.03/1:0.97,0,0:0.01/2:0.99,0,0:0.01/1:0.99,0:0.03/1:0.97,0,0,0,0:0.03/1:0.97
132_3,0:0.01/1:0.99,0,0:0.01/2:0.99,0,0:0.01/1:0.99,0:0.01/1:0.99,0,0:0.37/2:0.63,0,0:0.01/1:0.99
185_3,1,0,2,0:0.03/2:0.97,1,1,0,0:0.01/2:0.99,0:0.03/1:0.97,1
216_6,1,2,2,2,1,1,0,2,1,1
216_5,1,0,2,2,1,1,0,2,1,1
180_6,1,0,2,0,1,1,0:0.03/2:0.97,0:0.01/2:0.99,0,1
216_8,1,0,2,0,1,1,2,2,1,1
216_7,1,0,2,0,1,1,2,2,0,1
130_4,0:0.01/1:0.99,0,2,0,1,0:0.01/1:0.99,0:0.3/1:0.7,0,0,0:0.01/1:0.99
178_7,1,0,2,0,1,1,0:0.13/1:0.87,0,0:0.43/2:0.57,1
216_10,1,1,2,0,1,1,1,1,2,1
216_9,1,2,2,0,1,1,1,0,2,1
175_8,1,0,2,0,1,1,0:0.01/1:0.99,0:0.03/2:0.97,0:0.03/1:0.97,1
216_12,1,0,2,2,1,1,1,2,1,1
216_11,1,0,2,0,1,1,1,2,1,1
