[&R] ((((((216_11:2.605,216_12:2.605)175_8:0.608,(216_9:0,216_10:0)178_7:2.212)130_4:1.886,((216_7:2.162,216_8:0.162)180_6:2.297,(216_5:1.034,216_6:0.034)185_3:2.424)132_3:1.641)83_2:0.008,((216_1:0.099,216_2:1.099)196_1:2.496,(216_3:0,216_4:0)200_3:1.595)140_1:4.512)37_1:1.893,((((216_14:0,216_15:0)191_12:1.157,216_13:1.157)140_7:1.34,(216_16:0,216_17:0)206_17:3.497)91_5:4.469,((216_20:1.039,216_21:2.039)181_19:0.002,(216_18:0.226,216_19:2.226)185_16:0.815)142_12:5.924)40_3:0.034)virtual:0)I0;
I0,0,0,0,0,0,0,0,0,0,0
virtual,0,0,0,0,0,0,0,0,0,0
40_3,0,0,0,0,0,0,0,0,0,0:0.97/2:0.03
142_12,0:0.01/1:0.99,0,0,0:0.01/2:0.99,0,0,0:0.01/1:0.99,0:0.01/1:0.99,0:0.01/1:0.99,0:0.01/2:0.99
185_16,1,0,0,2,0:0.22/1:0.78,0,1,1,1,2
216_19,1,0,1,2,1,1,1,1,1,2
216_18,1,0,0,2,1,0,1,1,1,2
181_19,0:0.01/1:0.99,0,0,0:0.01/2:0.99,0,0,0:0.01/1:0.99,0:0.01/1:0.99,0:0.01/1:0.99,0:0.01/2:0.99
216_21,1,1,0,2,2,0,1,1,1,2
216_20,1,0,0,2,1,0,1,1,1,2
91_5,0:0.1/2:0.9,0:0.1/2:0.9,0:0.1/2:0.9,0,0,0:0.1/2:0.9,0,0,0,0:0.1/2:0.9
206_17,2,2,2,1,0,2,2,0,2,2
216_17,2,2,2,1,0,2,2,0,2,2
216_16,2,2,2,1,0,2,2,0,2,2
140_7,0:0.01/2:0.99,0:0.01/2:0.99,0:0.01/2:0.99,0,0,0:0.01/2:0.99,0,0:0.1/2:0.9,0,0:0.01/2:0.99
216_13,2,2,2,1,0,2,0,2,0,2
191_12,2,2,2,0,2,2,0,2,0,2
216_15,2,2,2,0,2,2,0,2,0,2
216_14,2,2,2,0,2,2,0,2,0,2
37_1,0,0,0,0,0:0.05/1:0.95,0,0,0,0:0.05/1:0.95,0
140_1,0,0:0.12/2:0.88,0:0.12/1:0.88,0:0.12/2:0.88,0:0.01/1:0.99,0,0:0.12/1:0.88,0:0.12/2:0.88,0:0.01/1:0.99,0
200_3,1,2,1,2,1,0,1,2,1,0
216_4,1,2,1,2,1,0,1,2,1,0
216_3,1,2,1,2,1,0,1,2,1,0
196_1,0:0.04/2:0.96,2,1,2,1,0,1,2,1,0:0.04/2:0.96
216_2,2,2,1,2,1,2,1,2,1,2
216_1,2,2,1,2,1,0,1,2,1,2
83_2,0,0,0,0,0:0.05/1:0.95,0,0,0,0:0.05/1:0.95,0
132_3,0,0,0:0.22/2:0.78,0,0:0.01/1:0.99,0,0,0:0.22/1:0.78,0:0.01/1:0.99,0
185_3,0,0,2,0,1,0:0.01/2:0.99,0,1,1,0:0.01/2:0.99
216_6,0,0,2,0,1,2,0,1,1,2
216_5,0,1,2,0,1,2,0,1,1,2
180_6,0,0:0.07/2:0.93,0:0.01/2:0.99,0,1,0,0,0:0.01/1:0.99,1,0:0.07/1:0.93
216_8,0,2,2,0,1,0,0,1,1,1
216_7,2,2,2,0,1,1,0,1,1,1
130_4,0:0.1/1:0.9,0,0,0,1,0,0,0,1,0:0.1/2:0.9
178_7,1,1,0,0,1,2,0,0,1,2
216_10,1,1,0,0,1,2,0,0,1,2
216_9,1,1,0,0,1,2,0,0,1,2
175_8,0:0.05/1:0.95,0,0:0.5/1:0.5,0,1,0,0,0,1,0:0.05/2:0.95
216_12,1,0,1,0,1,2,0,1,1,2
216_11,1,2,1,2,1,0,0,0,1,2
