[&R] ((((((216_11:0.005,216_12:1.005)175_8:0.002,(216_9:0,216_10:0)178_7:1.006)130_4:2.467,((216_7:0.007,216_8:1.007)180_6:0.001,(216_5:1.041,216_6:0.041)185_3:0.967)132_3:2.465)83_2:2.051,((216_1:0,216_2:0)196_1:2.119,(216_3:0,216_4:0)200_3:0.119)140_1:3.405)37_1:1.476,((((216_14:0,216_15:0)191_12:1.471,216_13:2.471)140_7:1.965,(216_16:0,216_17:0)206_17:1.436)91_5:0.793,((216_20:0,216_21:0)181_19:0.006,(216_18:1.005,216_19:1.005)185_16:0.001)142_12:2.223)40_3:3.771)virtual:0)I0;
I0,0,0,0,0,0,0,0,0,0,0
virtual,0,0,0,0,0,0,0,0,0,0
40_3,0,0,0:0.06/1:0.94,0:0.06/2:0.94,0:0.06/2:0.94,0,0,0,0:0.06/2:0.94,0
142_12,0,0,1,2,2,2,0,1,2,0
185_16,0,0,1,2,2,2,0,1,2,0
216_19,0,0,1,2,2,2,0,1,2,1
216_18,0,0,1,2,2,2,0,1,2,2
181_19,0,0,1,2,2,2,0,1,2,0
216_21,0,0,1,2,2,2,0,1,2,0
216_20,0,0,1,2,2,2,0,1,2,0
91_5,0,0:0.35/2:0.65,0:0.02/1:0.98,0:0.02/2:0.98,0:0.02/2:0.98,0,0,0,0:0.02/2:0.98,0
206_17,0,2,1,2,2,0,0,1,2,0
216_17,0,2,1,2,2,0,0,1,2,0
216_16,0,2,1,2,2,0,0,1,2,0
140_7,0:0.19/2:0.81,0:0.07/2:0.93,1,2,2,0,0,0:0.19/2:0.81,2,0
216_13,2,2,1,2,2,1,0,2,2,2
191_12,2,2,1,2,2,0,2,2,2,0
216_15,2,2,1,2,2,0,2,2,2,0
216_14,2,2,1,2,2,0,2,2,2,0
37_1,0,0,0:0.26/2:0.74,0,0,0,0,0,0:0.26/1:0.74,0
140_1,0,0,0:0.01/2:0.99,0,0:0.03/2:0.97,0:0.03/2:0.97,0,0,0:0.01/1:0.99,0:0.03/1:0.97
200_3,0,0,2,0,2,2,0,0,1,1
216_4,0,0,2,0,2,2,0,0,1,1
216_3,0,0,2,0,2,2,0,0,1,1
196_1,0,1,2,0,2,2,2,0,1,1
216_2,0,1,2,0,2,2,2,0,1,1
216_1,0,1,2,0,2,2,2,0,1,1
83_2,0,0,0:0.05/2:0.95,0:0.19/1:0.81,0,0,0,0,0:0.05/1:0.95,0:0.19/2:0.81
132_3,0,0,2,1,2,2,0,0,1,2
185_3,0:0.04/1:0.96,0,2,1,2,2,0,0,1,2
216_6,1,0,2,1,2,2,0,0,1,2
216_5,1,0,2,1,2,2,1,0,1,2
180_6,0,0,2,1,2,2,0,0,1,2
216_8,0,0,2,1,2,2,1,0,1,2
216_7,0,0,2,1,2,2,0,0,1,2
130_4,1,0,2,1,0,0,1,0,1,2
178_7,1,0,2,1,1,0,1,0,1,2
216_10,1,0,2,1,1,0,1,0,1,2
216_9,1,0,2,1,1,0,1,0,1,2
175_8,1,0,2,1,0,0,1,0,1,2
216_12,1,0,2,1,0,1,1,0,1,2
216_11,1,0,2,1,0,0,1,0,1,2
