[&R] ((((((216_11:0.001,216_12:2.001)175_8:0,(216_9:0.001,216_10:1.001)178_7:0)130_4:1.505,((216_7:0,216_8:0)180_6:0,(216_5:0,216_6:0)185_3:0)132_3:3.506)83_2:2.367,((216_1:0,216_2:0)196_1:1.048,(216_3:0,216_4:0)200_3:0.048)140_1:4.825)37_1:2.127,((((216_14:0,216_15:0)191_12:1.042,216_13:0.042)140_7:2.128,(216_16:0,216_17:0)206_17:0.17)91_5:3.643,((216_20:1,216_21:0)181_19:0,(216_18:0,216_19:1)185_16:0)142_12:3.812)40_3:1.188)virtual:0)I0;
I0,0,0,0,0,0,0,0,0,0,0
virtual,0,0,0,0,0,0,0,0,0,0
40_3,0,0,0,0,0:0.41/1:0.59,0,0,0:0.41/1:0.59,0,0
142_12,0,0,2,1,1,2,0,1,0,0
185_16,0,0,2,1,1,2,0,1,0,0
216_19,1,0,2,1,1,2,0,1,0,0
216_18,0,0,2,1,1,2,0,1,0,0
181_19,0,0,2,1,1,2,0,1,0,0
216_21,0,0,2,1,1,2,0,1,0,0
216_20,0,2,2,1,1,2,0,1,0,0
91_5,0,0,0,0,0:0.02/1:0.98,0:0.04/1:0.96,0:0.04/2:0.96,0:0.02/1:0.98,0,0:0.04/2:0.96
206_17,0,0,0,0,1,1,2,1,0,2
216_17,0,0,0,0,1,1,2,1,0,2
216_16,0,0,0,0,1,1,2,1,0,2
140_7,0:0.02/1:0.98,0:0.02/2:0.98,0,0,1,1,2,1,0,2
216_13,1,2,0,0,1,1,2,1,0,2
191_12,1,2,1,0,1,1,2,1,0,2
216_15,1,2,1,0,1,1,2,1,0,2
216_14,1,2,1,0,1,1,2,1,0,2
37_1,0,0:0.29/2:0.71,0,0,0,0:0.29/1:0.71,0,0:0.29/2:0.71,0,0
140_1,0,2,0,0:0.01/1:0.99,0:0.01/1:0.99,1,0:0.01/1:0.99,2,0,0:0.01/1:0.99
200_3,0,2,0,1,1,1,1,2,0,1
216_4,0,2,0,1,1,1,1,2,0,1
216_3,0,2,0,1,1,1,1,2,0,1
196_1,1,2,0,1,1,1,1,2,0,1
216_2,1,2,0,1,1,1,1,2,0,1
216_1,1,2,0,1,1,1,1,2,0,1
83_2,0,0:0.05/2:0.95,0:0.18/2:0.82,0,0,0:0.05/1:0.95,0,0:0.05/2:0.95,0:0.18/2:0.82,0
132_3,2,2,2,1,0,1,0,2,2,2
185_3,2,2,2,1,0,1,0,2,2,2
216_6,2,2,2,1,0,1,0,2,2,2
216_5,2,2,2,1,0,1,0,2,2,2
180_6,2,2,2,1,0,1,0,2,2,2
216_8,2,2,2,1,0,1,0,2,2,2
216_7,2,2,2,1,0,1,0,2,2,2
130_4,0,2,2,0,1,1,0,2,2,0
178_7,0,2,2,0,1,1,0,2,2,0
216_10,0,2,2,2,1,1,0,2,2,0
216_9,0,2,2,0,1,1,0,2,2,0
175_8,0,2,2,0,1,1,0,2,2,0
216_12,1,2,2,0,1,1,0,2,2,2
216_11,0,2,2,0,1,1,0,2,2,0
