[&R] ((((((216_11:6.638,216_12:12.638)175_8:18.472,(216_9:7.814,216_10:13.814)178_7:19.295)130_4:23.557,((216_7:9.309,216_8:3.309)180_6:19.427,(216_5:10.841,216_6:10.841)185_3:13.894)132_3:30.93)83_2:32.1,((216_1:3.031,216_2:1.031)196_1:19.295,(216_3:5.253,216_4:6.253)200_3:20.073)140_1:61.441)37_1:52.533,((((216_14:4.138,216_15:4.138)191_12:12.121,216_13:15.259)140_7:26.318,(216_16:3.088,216_17:3.088)206_17:47.489)91_5:54.094,((216_20:8.589,216_21:10.589)181_19:6.13,(216_18:7.622,216_19:10.622)185_16:15.097)142_12:73.952)40_3:44.629)virtual:0.701)I0;
I0,0,0,0,0,0,0,0,0,0,0,0,0,0,0,0,0,0,0,0,0,0,0,0,0,0,0,0,0,0,0,0,0,0,0,0,0,0,0,0,0,0,0,0,0,0,0,0,0,0,0,0,0,0,0,0,0,0,0,0,0,0,0,0,0,0,0,0,0,0,0,0,0,0,0,0,0,0,0,0,0,0,0,0,0,0,0,0,0,0,0,0,0,0,0,0,0,0,0,0,0,0,0,0,0,0,0,0,0,0,0,0,0,0,0,0,0,0,0,0,0,0,0,0,0,0,0,0,0,0,0,0,0,0,0,0,0,0,0,0,0,0,0,0,0,0,0,0,0,0,0,0,0,0,0,0,0,0,0,0,0,0,0,0,0,0,0,0,0,0,0,0,0,0,0,0,0,0,0,0,0,0,0,0,0,0,0,0,0,0,0,0,0,0,0,0,0,0,0,0,0
virtual,0,0:0.9/2:0.1,0,0,0,0,0,0,0,0,0,0,0,0,0,0,0,0,0,0,0,0,0,0,0,0,0,0,0,0,0,0,0,0,0,0,0,0,0,0,0,0,0,0,0,0,0,0,0,0,0,0,0,0,0:0.9/1:0.1,0,0,0,0,0,0,0,0,0,0,0,0,0,0,0:0.9/1:0.1,0,0,0,0,0,0,0,0,0,0,0,0,0,0,0,0,0,0,0,0,0,0,0,0,0,0,0,0:0.9/2:0.1,0,0,0,0,0,0,0:0.9/2:0.1,0,0,0,0,0,0,0,0,0,0,0,0,0,0,0,0,0,0,0,0,0,0,0,0,0,0:0.9/2:0.1,0,0,0,0,0,0,0,0,0,0,0,0,0,0,0,0,0,0,0,0,0,0,0,0,0,0,0,0,0,0,0,0,0,0,0,0,0,0,0,0,0,0,0,0,0,0:0.9/1:0.1,0,0,0,0,0,0,0,0,0,0,0,0,0,0,0,0,0,0,0,0,0,0,0
40_3,0,0:0.22/2:0.78,0,0,0,0:0.25/1:0.75,0,0,0,0,0:0.25/2:0.75,0,0:0.25/1:0.75,0:0.25/2:0.75,0,0,0,0,0,0,0,0,0:0.25/2:0.75,0,0,0,0:0.25/2:0.75,0,0,0:0.25/1:0.75,0,0,0,0,0,0,0,0:0.25/2:0.75,0,0,0,0,0,0,0,0,0,0,0:0.25/2:0.75,0,0,0,0:0.25/1:0.75,0:0.25/1:0.75,0:0.22/1:0.78,0,0:0.25/1:0.75,0:0.25/1:0.75,0,0,0,0,0,0:0.25/1:0.75,0,0,0,0,0:0.25/2:0.75,0:0.22/1:0.78,0,0:0.25/1:0.75,0,0,0,0,0,0:0.25/1:0.75,0:0.25/2:0.75,0:0.25/1:0.75,0,0,0,0,0,0,0,0,0:0.25/1:0.75,0:0.25/2:0.75,0,0,0,0,0:0.25/2:0.75,0:0.25/2:0.75,0,0:0.22/2:0.78,0,0,0,0:0.25/1:0.75,0,0,0:0.22/2:0.78,0,0,0,0,0,0:0.25/1:0.75,0,0,0,0,0:0.25/1:0.75,0,0,0,0,0:0.25/1:0.75,0,0:0.25/2:0.75,0,0:0.25/2:0.75,0,0,0,0:0.25/2:0.75,0,0:0.22/2:0.78,0,0,0,0,0:0.25/1:0.75,0,0:0.25/1:0.75,0,0,0:0.25/2:0.75,0,0:0.25/1:0.75,0,0:0.25/2:0.75,0,0:0.25/1:0.75,0,0:0.25/2:0.75,0,0,0:0.25/2:0.75,0,0,0,0,0,0,0,0:0.25/1:0.75,0,0:0.25/1:0.75,0,0:0.25/1:0.75,0,0:0.25/1:0.75,0,0:0.25/1:0.75,0:0.25/2:0.75,0,0:0.25/1:0.75,0,0,0:0.25/1:0.75,0,0,0:0.22/1:0.78,0,0:0.25/2:0.75,0,0,0:0.25/2:0.75,0,0,0,0,0,0:0.25/1:0.75,0:0.25/1:0.75,0,0:0.25/1:0.75,0,0:0.25/1:0.75,0:0.25/1:0.75,0,0,0,0,0,0
142_12,0:0.01/1:0.99,2,0,0:0.01/2:0.99,0,1,0,0:0.01/1:0.99,0,0,2,0,1,2,0:0.01/1:0.99,0,0:0.01/2:0.99,0,0:0.01/2:0.99,0,0:0.01/2:0.99,0:0.01/1:0.99,2,0:0.01/1:0.99,0,0,2,0,0,1,0,0:0.01/2:0.99,0,0,0,0,0,2,0,0,0,0:0.01/2:0.99,0:0.01/1:0.99,0,0:0.01/2:0.99,0,0,0,2,0,0,0:0.01/1:0.99,1,1,1,0,1,1,0:0.01/1:0.99,0,0,0:0.01/2:0.99,0:0.01/2:0.99,1,0:0.01/1:0.99,0,0:0.01/2:0.99,0,2,1,0:0.01/2:0.99,1,0,0:0.01/2:0.99,0:0.01/1:0.99,0:0.01/2:0.99,0:0.01/1:0.99,1,2,1,0,0,0:0.01/1:0.99,0,0,0,0,0:0.01/1:0.99,1,2,0,0:0.01/1:0.99,0,0:0.01/2:0.99,2,2,0,2,0:0.01/2:0.99,0,0:0.01/1:0.99,1,0,0,2,0,0,0,0,0:0.01/2:0.99,1,0,0:0.01/2:0.99,0,0,1,0,0:0.01/2:0.99,0,0,1,0,2,0:0.01/1:0.99,2,0,0:0.01/2:0.99,0:0.01/2:0.99,2,0,2,0:0.01/1:0.99,0,0,0,1,0:0.01/2:0.99,1,0,0:0.01/1:0.99,2,0,1,0,2,0,1,0:0.01/2:0.99,2,0,0:0.01/2:0.99,2,0,0:0.01/2:0.99,0:0.01/2:0.99,0,0:0.01/2:0.99,0:0.01/2:0.99,0:0.01/2:0.99,1,0:0.01/2:0.99,1,0,1,0,1,0,1,2,0:0.01/2:0.99,1,0,0:0.01/1:0.99,1,0:0.01/1:0.99,0,1,0,2,0:0.01/1:0.99,0:0.01/2:0.99,2,0:0.01/1:0.99,0:0.01/2:0.99,0:0.01/2:0.99,0:0.01/1:0.99,0,1,1,0,1,0:0.01/1:0.99,1,1,0,0:0.01/2:0.99,0:0.01/1:0.99,0:0.01/2:0.99,0,0
185_16,1,2,0,2,0,1,0:0.04/1:0.96,1,0,0,2,0,1,2,1,0,2,0,2,0,2,1,2,1,0:0.04/1:0.96,0,2,0:0.04/1:0.96,0,1,0,2,0:0.04/1:0.96,0:0.04/1:0.96,0,0,0,2,0,0,0,2,1,0,2,0,0:0.04/1:0.96,0,2,0,0,1,1,1,1,0,1,1,1,0,0:0.04/1:0.96,2,2,1,1,0,2,0:0.04/1:0.96,2,1,2,1,0,2,1,2,1,1,2,1,0,0,1,0,0,0,0:0.04/2:0.96,1,1,2,0,1,0,2,2,2,0,2,2,0,1,1,0:0.04/2:0.96,0,2,0,0,0:0.04/1:0.96,0,2,1,0,2,0,0,1,0,2,0,0,1,0:0.04/1:0.96,2,1,2,0,2,2,2,0,2,1,0,0:0.04/1:0.96,0,1,2,1,0,1,2,0,1,0:0.04/2:0.96,2,0,1,2,2,0,2,2,0,2,2,0,2,2,2,1,2,1,0,1,0,1,0,1,2,2,1,0,1,1,1,0,1,0,2,1,2,2,1,2,2,1,0,1,1,0:0.04/1:0.96,1,1,1,1,0,2,1,2,0,0
216_19,1,2,0,2,0,1,1,1,2,0,2,0,1,2,1,0,2,0,2,0,2,1,2,1,1,0,2,1,0,1,1,2,1,1,0,0,0,2,0,0,2,2,1,0,2,2,1,1,2,0,0,1,1,1,1,0,1,1,1,0,1,2,2,1,1,2,2,1,2,1,2,1,0,2,1,2,1,1,2,1,0,0,1,0,0,0,2,1,1,2,0,1,2,2,2,2,0,2,2,1,1,1,2,0,2,0,0,1,0,2,1,0,2,0,0,1,0,2,0,0,1,1,2,1,2,0,2,2,2,0,2,1,0,1,0,1,2,1,0,1,2,0,1,2,2,0,1,2,2,0,2,2,0,2,2,0,2,2,2,1,2,1,0,1,0,1,0,1,2,2,1,0,1,1,1,2,1,0,2,1,2,2,1,2,2,1,0,1,1,1,1,1,1,1,0,2,1,2,0,1
216_18,1,2,0,2,0,1,1,1,0,1,2,0,1,2,1,1,2,0,2,0,2,1,2,1,1,0,2,1,2,1,2,2,1,1,0,0,0,2,0,0,0,2,1,0,2,0,1,0,2,0,1,1,1,1,1,0,1,1,1,0,1,2,2,1,1,0,2,1,2,1,2,1,0,2,1,2,1,1,2,1,0,0,1,0,1,0,2,1,1,2,0,1,0,2,2,2,0,2,2,0,1,1,2,0,2,0,0,1,0,2,1,0,2,0,0,1,0,2,0,0,1,1,2,1,2,0,2,2,2,0,2,1,0,1,0,1,2,1,0,1,2,0,1,2,2,0,1,2,2,0,2,2,0,2,2,1,2,2,2,1,2,1,0,1,0,1,0,1,2,2,1,0,1,1,1,0,1,0,2,1,2,2,1,2,2,1,0,1,1,1,1,1,1,1,0,2,1,2,0,0
181_19,1,2,0,2,0,1,0,1,0,0,2,0,1,2,1,0,2,0,2,0:0.09/1:0.91,2,1,2,1,0,0,2,0,0,1,0,2,0,0,0,0:0.09/2:0.91,0,2,0,0,0,2,1,0:0.09/1:0.91,2,0,0,0,2,0,0,1,1,1,1,0,1,1,1,0,0,2,2,1,1,0,2,0,2,1,2,1,0,2,1,2,1,1,2,1,0,0,1,0,0:0.09/1:0.91,0,0,1,1,2,0,1,0,2,2,2,0,2,2,0:0.09/2:0.91,1,1,0,0,2,0,0,0,0,2,1,0,2,0,0,1,0,2,0,0,1,0,2,1,2,0,2,2,2,0,2,1,0,0,0,1,2,1,0,1,2,0,1,0,2,0,1,2,2,0,2,2,0,2,2,0,2,2,2,1,2,1,0,1,0,1,0,1,2,2,1,0:0.09/2:0.91,1,1,1,0,1,0,2,1,2,2,1,2,2,1,0,1,1,0,1,1,1,1,0,2,1,2,0,0
216_21,1,2,2,2,2,1,0,1,0,0,2,0,1,2,1,0,2,0,2,1,2,1,2,1,0,0,2,0,0,1,0,2,0,0,0,2,0,2,0,0,0,2,1,1,2,0,0,2,2,0,1,1,1,1,1,1,1,1,1,0,0,2,2,1,1,0,2,0,2,1,2,1,0,2,1,2,1,1,2,1,0,1,1,0,1,0,0,1,1,2,0,1,1,2,2,2,0,2,2,2,1,1,2,0,2,0,0,1,0,2,1,0,2,0,0,1,0,2,0,0,1,0,2,1,2,0,2,2,2,0,2,1,0,0,0,1,2,1,0,1,2,0,1,0,2,0,1,2,2,0,2,2,0,2,2,0,2,2,2,1,2,1,0,1,0,1,0,1,2,2,1,2,1,1,1,0,1,1,2,1,2,2,1,2,2,1,0,1,1,0,1,1,1,1,0,2,1,2,0,0
216_20,1,2,0,2,0,1,0,1,0,1,2,0,1,2,1,1,2,0,2,1,2,1,2,1,0,0,2,0,0,1,0,2,2,0,0,2,0,2,1,0,0,2,1,1,2,0,0,0,2,0,0,1,1,1,1,0,1,1,1,0,0,2,2,1,1,0,2,0,2,1,2,1,0,2,1,2,1,1,2,1,0,0,1,0,1,0,0,1,1,2,0,1,0,2,2,2,0,2,2,2,1,1,1,0,2,0,0,0,0,2,1,0,2,0,0,1,0,2,0,2,1,0,2,1,2,1,2,2,2,0,2,1,0,0,0,1,2,1,1,1,2,0,1,0,2,0,1,2,2,0,2,2,0,2,2,0,2,2,2,1,2,1,0,1,0,1,0,1,2,2,1,2,1,1,1,0,1,0,2,1,2,2,1,2,2,1,0,1,1,0,1,1,1,1,0,2,1,2,0,0
91_5,0,0:0.02/2:0.98,0,0,0,0:0.03/1:0.97,0:0.11/2:0.89,0,0,0:0.11/2:0.89,0:0.03/2:0.97,0:0.11/1:0.89,0:0.03/1:0.97,0:0.03/2:0.97,0,0,0:0.11/1:0.89,0,0,0,0,0,0:0.03/2:0.97,0,0,0,0:0.03/2:0.97,0:0.11/2:0.89,0:0.11/2:0.89,0:0.03/1:0.97,0,0,0,0:0.11/1:0.89,0,0:0.11/2:0.89,0,0:0.03/2:0.97,0,0,0:0.11/2:0.89,0,0,0,0:0.11/1:0.89,0:0.11/2:0.89,0,0:0.11/2:0.89,0:0.03/2:0.97,0,0,0:0.11/2:0.89,0:0.03/1:0.97,0:0.03/1:0.97,0:0.02/1:0.98,0:0.11/2:0.89,0:0.03/1:0.97,0:0.03/1:0.97,0:0.11/2:0.89,0:0.11/1:0.89,0,0,0:0.11/1:0.89,0:0.03/1:0.97,0,0:0.11/1:0.89,0,0,0:0.03/2:0.97,0:0.02/1:0.98,0,0:0.03/1:0.97,0,0,0,0,0,0:0.03/1:0.97,0:0.03/2:0.97,0:0.03/1:0.97,0:0.11/1:0.89,0,0,0:0.11/1:0.89,0:0.11/2:0.89,0,0,0,0:0.03/1:0.97,0:0.03/2:0.97,0:0.11/1:0.89,0,0,0,0:0.03/2:0.97,0:0.03/2:0.97,0,0:0.02/2:0.98,0,0:0.11/2:0.89,0:0.11/2:0.89,0:0.03/1:0.97,0:0.11/1:0.89,0,0:0.02/2:0.98,0,0,0,0,0:0.11/1:0.89,0:0.03/1:0.97,0:0.11/1:0.89,0,0,0,0:0.03/1:0.97,0,0:0.11/1:0.89,0,0,0:0.03/1:0.97,0:0.11/1:0.89,0:0.03/2:0.97,0,0:0.03/2:0.97,0,0,0,0:0.03/2:0.97,0:0.11/2:0.89,0:0.02/2:0.98,0,0:0.11/2:0.89,0,0,0:0.03/1:0.97,0:0.11/1:0.89,0:0.03/1:0.97,0,0:0.11/2:0.89,0:0.03/2:0.97,0:0.11/1:0.89,0:0.03/1:0.97,0,0:0.03/2:0.97,0,0:0.03/1:0.97,0,0:0.03/2:0.97,0,0,0:0.03/2:0.97,0,0,0,0:0.11/1:0.89,0,0,0:0.11/1:0.89,0:0.03/1:0.97,0,0:0.03/1:0.97,0,0:0.03/1:0.97,0:0.11/1:0.89,0:0.03/1:0.97,0,0:0.03/1:0.97,0:0.03/2:0.97,0,0:0.03/1:0.97,0:0.11/1:0.89,0,0:0.03/1:0.97,0,0,0:0.02/1:0.98,0,0:0.03/2:0.97,0,0,0:0.03/2:0.97,0:0.11/2:0.89,0:0.11/1:0.89,0,0,0,0:0.03/1:0.97,0:0.03/1:0.97,0:0.11/2:0.89,0:0.03/1:0.97,0:0.11/2:0.89,0:0.03/1:0.97,0:0.03/1:0.97,0:0.11/1:0.89,0,0:0.11/2:0.89,0:0.11/1:0.89,0,0:0.11/1:0.89
206_17,1,2,0,0,2,1,2,2,0,2,2,1,1,2,0,0,1,0,1,2,0,2,2,0,0,0,2,2,2,1,0,0,1,1,0,2,2,2,1,0,2,2,2,0,1,2,0,2,2,0,1,2,1,1,1,2,1,1,2,1,2,1,1,1,1,1,0,0,2,1,0,1,0,0,0,1,1,1,2,1,1,0,0,1,2,0,0,2,1,2,1,1,1,0,2,2,0,2,0,2,2,1,1,0,2,1,1,1,2,1,1,1,2,0,1,1,2,1,0,0,1,1,2,0,2,0,0,0,2,2,2,0,2,2,1,1,1,1,1,2,2,1,1,1,2,0,1,1,2,2,0,2,2,0,1,1,2,0,1,1,0,1,0,1,1,1,0,1,2,1,1,1,0,1,1,0,1,0,2,2,1,2,2,1,0,2,0,1,1,2,1,2,1,1,1,0,2,1,0,1
216_17,1,2,2,0,2,1,2,2,2,2,2,1,1,2,0,0,1,0,1,2,0,2,2,0,0,0,2,2,2,1,0,0,1,1,0,2,2,2,1,0,2,2,2,0,1,2,0,2,2,0,1,2,1,1,1,2,1,1,2,1,2,1,1,1,1,1,0,0,2,1,0,1,0,0,0,1,1,1,2,1,1,0,0,1,2,0,0,2,1,2,1,1,1,0,2,2,0,2,2,2,2,1,1,0,2,1,1,1,2,1,1,1,2,0,1,1,2,1,0,0,1,1,2,0,2,0,0,0,2,2,2,0,2,2,1,1,1,1,1,2,2,1,1,1,2,0,1,1,2,2,0,2,2,0,1,1,2,0,1,1,0,1,0,1,1,1,0,1,2,1,1,1,0,1,1,0,1,0,2,2,1,2,2,1,0,2,0,1,1,2,1,2,1,1,1,0,2,1,0,1
216_16,1,2,0,0,2,1,2,2,0,2,2,1,1,2,0,0,1,0,1,2,0,2,2,0,0,0,2,2,2,1,0,2,1,1,0,2,2,2,1,0,2,2,2,0,1,2,0,2,2,0,1,2,1,1,1,2,1,1,2,1,2,1,1,1,1,1,0,0,2,1,0,1,0,0,0,1,1,1,2,1,1,0,0,1,2,0,0,2,1,2,1,1,1,0,2,2,0,2,0,2,2,1,1,0,2,1,1,1,2,1,1,1,2,0,1,1,2,1,0,0,1,1,2,0,2,0,2,2,2,2,2,0,2,2,1,1,1,1,1,2,2,1,1,1,2,0,1,1,2,2,0,2,2,0,1,1,2,0,1,1,0,1,0,1,1,1,0,1,2,1,1,1,0,1,1,0,1,0,2,2,1,2,2,1,0,2,0,1,1,2,1,2,1,1,1,0,2,1,0,1
140_7,0,2,0,0:0.05/2:0.95,0,1,2,0,0:0.05/2:0.95,2,2,1,1,2,0,0,1,0:0.05/1:0.95,0,0,0:0.05/2:0.95,0,2,0,0:0.05/1:0.95,0,2,2,2,1,0,0,0,1,0,2,0,2,0,0,2,0:0.05/1:0.95,0,0:0.05/1:0.95,1,2,0:0.05/2:0.95,2,2,0,0,2,1,1,1,2,1,1,2,1,0,0,1,1,0,1,0:0.05/2:0.95,0,2,1,0:0.05/2:0.95,1,0,0,0,0,0:0.05/2:0.95,1,2,1,1,0,0,1,2,0,0,0,1,2,1,0,0:0.05/2:0.95,0:0.05/2:0.95,2,2,0:0.05/1:0.95,2,0:0.05/1:0.95,2,2,1,1,0,2,0,0,0,0,1,1,1,0,0,0,1,0,1,0,0,1,1,2,0:0.05/2:0.95,2,0,0,0,2,2,2,0,2,0,0,1,1,1,0:0.05/2:0.95,2,2,1,1,0:0.05/2:0.95,2,0,1,0,2,0,0,2,0,0,0,1,0,0,1,1,0,1,0,1,1,1,0,1,2,0,1,1,0:0.05/1:0.95,1,0:0.05/2:0.95,0,1,0,2,0,0,2,2,1,0,0,0,1,1,2,1,2,1,1,1,0,2,1,0:0.05/2:0.95,1
216_13,0,2,1,2,0,1,2,0,2,2,2,1,1,2,0,1,1,1,0,0,2,1,2,0,1,0,2,2,2,1,0,0,2,1,0,2,1,2,1,1,2,1,2,1,1,2,2,2,2,0,0,2,1,1,1,2,1,1,2,1,0,0,1,1,0,1,2,0,2,1,2,1,0,2,0,0,2,1,2,1,1,2,0,1,2,0,0,0,1,2,1,0,2,2,2,2,1,2,1,2,2,1,1,0,2,0,0,0,0,1,1,1,0,0,0,1,2,1,0,0,1,1,2,2,2,0,0,0,2,2,2,0,2,0,0,1,1,1,2,2,2,1,1,2,2,0,1,0,2,0,0,2,0,0,0,1,0,0,1,1,2,1,0,1,1,1,0,1,2,0,1,1,1,1,2,2,1,0,2,0,0,2,2,1,0,0,2,1,1,2,1,2,1,1,1,0,2,1,2,1
191_12,0:0.01/2:0.99,2,0,2,0,1,2,0,2,2,2,1,1,2,0,0,1,1,0,0,2,0,2,0:0.01/1:0.99,1,0,2,2,2,1,0,0,0,1,0,2,0,2,0,0,2,1,0,1,1,2,2,2,2,0,0,2,1,1,1,2,1,1,2,1,0,0:0.01/1:0.99,1,1,0,1,2,0,2,1,2,1,0,0,0:0.01/1:0.99,0,2,1,2,1,1,0,0,1,2,0,0,0,1,2,1,0,2,2,2,2,1,2,1,2,2,1,1,0:0.01/1:0.99,2,0:0.01/2:0.99,0,0:0.01/2:0.99,0,1,1,1,0,0,0,1,0:0.01/1:0.99,1,0,0,1,1,2,2,2,0,0,0,2,2,2,0,2,0,0,1,1,1,2,2,2,1,1,2,2,0,1,0,2,0,0,2,0:0.01/1:0.99,0,0,1,0,0,1,1,0,1,0,1,1,1,0,1,2,0,1,1,1,1,2,0,1,0,2,0,0,2,2,1,0,0:0.01/1:0.99,0,1,1,2,1,2,1,1,1,0:0.01/1:0.99,2,1,2,1
216_15,2,2,0,2,0,1,2,0,2,2,2,1,1,2,2,0,1,1,0,0,2,0,2,1,1,0,2,2,2,1,0,0,0,1,0,2,0,2,0,0,2,1,0,1,1,2,2,2,2,0,0,2,1,1,1,2,1,1,2,1,0,1,1,1,0,1,2,0,2,1,2,1,0,2,1,0,2,1,2,1,1,0,0,1,2,0,1,0,1,2,1,0,2,2,2,2,1,2,1,2,2,1,1,1,2,2,0,2,0,1,1,1,0,0,0,1,1,1,0,0,1,1,2,2,2,0,0,0,2,2,2,0,2,1,0,1,1,1,2,2,2,1,1,2,2,0,1,0,2,0,0,2,1,0,0,1,0,0,1,1,0,1,0,1,1,1,0,1,2,0,1,1,1,1,2,0,1,0,2,0,0,2,2,1,0,1,0,1,1,2,1,2,1,1,1,1,2,1,2,1
216_14,2,2,0,2,0,1,2,1,2,2,2,1,1,2,0,0,1,1,0,2,2,0,2,1,1,0,2,2,2,1,0,0,0,1,0,2,0,2,0,0,2,1,0,1,1,2,2,2,2,0,0,2,1,1,1,2,1,1,2,1,0,1,1,1,0,1,2,0,2,1,2,1,0,0,1,0,2,1,2,1,1,0,0,1,2,0,0,0,1,2,1,0,2,2,2,2,1,2,1,2,2,1,1,1,2,2,0,2,0,1,1,1,0,0,0,1,1,1,0,0,1,1,2,2,2,0,0,0,2,2,2,0,2,0,0,1,1,1,2,2,2,1,1,2,2,0,1,2,2,0,0,2,1,0,0,1,0,0,1,1,0,1,0,1,1,1,0,1,2,0,1,1,1,1,2,0,1,0,2,1,0,2,2,1,0,1,0,1,1,2,1,2,1,1,1,1,2,1,2,1
37_1,0:0.13/1:0.87,0:0.12/2:0.88,0,0:0.13/1:0.87,0,0,0,0,0:0.13/2:0.87,0:0.13/1:0.87,0,0,0,0,0:0.13/2:0.87,0,0:0.13/1:0.87,0,0,0:0.13/1:0.87,0:0.13/1:0.87,0,0,0,0,0:0.13/2:0.87,0:0.13/1:0.87,0,0,0,0:0.13/2:0.87,0,0,0:0.13/2:0.87,0:0.13/2:0.87,0,0:0.13/2:0.87,0,0,0,0:0.13/2:0.87,0,0,0:0.13/1:0.87,0,0:0.13/2:0.87,0,0:0.13/2:0.87,0,0,0,0,0,0,0:0.12/1:0.88,0,0,0:0.13/2:0.87,0,0:0.13/2:0.87,0,0,0,0,0,0,0,0,0,0:0.12/1:0.88,0:0.13/1:0.87,0,0:0.13/2:0.87,0,0,0:0.13/1:0.87,0:0.13/1:0.87,0,0,0,0,0,0,0,0:0.13/1:0.87,0,0,0,0:0.13/2:0.87,0,0,0,0,0:0.13/2:0.87,0,0,0:0.13/2:0.87,0:0.12/2:0.88,0,0,0,0,0,0:0.13/1:0.87,0:0.12/2:0.88,0,0,0,0,0:0.13/2:0.87,0,0,0:0.13/2:0.87,0,0,0,0,0:0.13/2:0.87,0,0:0.13/2:0.87,0:0.13/2:0.87,0,0,0,0,0,0:0.13/1:0.87,0:0.13/1:0.87,0,0,0:0.12/2:0.88,0,0:0.13/1:0.87,0:0.13/2:0.87,0,0,0:0.13/2:0.87,0:0.13/2:0.87,0,0:0.13/1:0.87,0:0.13/1:0.87,0,0,0,0,0,0,0:0.13/2:0.87,0,0,0,0,0,0,0:0.13/2:0.87,0,0:0.13/2:0.87,0,0,0,0:0.13/1:0.87,0,0,0:0.13/2:0.87,0:0.13/1:0.87,0,0:0.13/1:0.87,0,0,0,0,0,0:0.13/2:0.87,0,0,0,0:0.12/1:0.88,0,0,0,0:0.13/2:0.87,0,0,0,0,0,0,0,0:0.13/2:0.87,0:0.13/2:0.87,0,0,0:0.13/2:0.87,0,0,0,0,0,0,0
140_1,1,2,0,1,0,0,0:0.04/2:0.96,0:0.04/1:0.96,2,1,0,0:0.04/2:0.96,0,0:0.04/2:0.96,2,0:0.04/1:0.96,1,0,0,1,1,0,0,0:0.04/1:0.96,0,2,1,0,0:0.04/1:0.96,0,2,0,0,2,2,0:0.04/2:0.96,2,0:0.04/1:0.96,0:0.04/2:0.96,0,2,0,0:0.04/2:0.96,1,0:0.04/1:0.96,2,0:0.04/1:0.96,2,0,0,0,0:0.04/1:0.96,0,0,1,0,0,2,0,2,0,0,0,0:0.04/2:0.96,0:0.04/2:0.96,0:0.04/2:0.96,0:0.04/2:0.96,0:0.04/2:0.96,0:0.04/2:0.96,1,1,0,2,0,0:0.04/2:0.96,1,1,0,0:0.04/2:0.96,0:0.04/1:0.96,0:0.04/2:0.96,0,0,0,1,0,0,0:0.04/1:0.96,2,0:0.04/1:0.96,0:0.04/2:0.96,0,0,2,0,0,2,2,0:0.04/1:0.96,0:0.04/1:0.96,0,0:0.04/1:0.96,0:0.04/2:0.96,1,2,0,0:0.04/2:0.96,0,0:0.04/1:0.96,2,0,0:0.04/1:0.96,2,0,0,0,0,2,0:0.04/1:0.96,2,2,0,0,0,0:0.04/1:0.96,0,1,1,0,0,2,0,1,2,0,0,2,2,0:0.04/1:0.96,1,1,0:0.04/1:0.96,0,0:0.04/1:0.96,0,0:0.04/2:0.96,0:0.04/1:0.96,2,0,0,0,0:0.04/1:0.96,0,0:0.04/1:0.96,2,0,2,0:0.04/1:0.96,0:0.04/1:0.96,0,1,0,0,2,1,0:0.04/2:0.96,1,0,0:0.04/1:0.96,0:0.04/1:0.96,0,0,2,0,0,0:0.04/2:0.96,1,0,0:0.04/1:0.96,0,2,0,0:0.04/1:0.96,0:0.04/2:0.96,0,0,0:0.04/2:0.96,0:0.04/1:0.96,2,2,0,0:0.04/2:0.96,2,0,0,0,0,0,0:0.04/2:0.96,0
200_3,1,2,0:0.01/1:0.99,1,0,0,2,1,2,1,0:0.01/2:0.99,2,0,2,2,1,1,0,0:0.01/2:0.99,1,1,0,0,1,0,2,1,0:0.01/2:0.99,1,0,2,0,0:0.01/2:0.99,2,2,2,2,1,2,0,2,0,2,1,1,2,1,2,0:0.01/1:0.99,0,0,1,0:0.01/1:0.99,0,1,0,0,2,0,2,0:0.01/1:0.99,0,0,2,2,2,2,2,2,1,1,0:0.01/1:0.99,2,0,2,1,1,0,2,1,2,0,0,0,1,0,0,1,2,1,2,0,0,2,0,0,2,2,1,1,0,1,2,1,2,0,2,0,1,2,0:0.01/2:0.99,1,2,0,0,0,0,2,1,2,2,0,0,0,1,0,1,1,0,0:0.01/1:0.99,2,0:0.01/2:0.99,1,2,0,0,2,2,1,1,1,1,0:0.01/1:0.99,1,0,2,1,2,0,0,0,1,0,1,2,0,2,1,1,0,1,0,0:0.01/1:0.99,2,1,2,1,0,1,1,0,0,2,0,0,2,1,0,1,0,2,0,1,2,0,0,2,1,2,2,0,2,2,0,0:0.01/2:0.99,0:0.01/1:0.99,0:0.01/2:0.99,0:0.01/1:0.99,2,0
216_4,1,2,1,1,0,0,2,1,2,1,2,2,0,2,2,1,1,0,2,1,1,0,0,1,0,2,1,2,1,0,2,0,2,2,2,2,2,1,2,0,2,0,2,1,1,2,1,2,1,0,0,1,1,0,1,0,0,2,0,2,1,0,0,2,2,2,2,2,2,1,1,1,2,0,2,1,1,0,2,1,2,0,0,1,1,0,0,1,2,1,2,0,0,2,0,1,2,2,1,1,0,1,2,1,2,0,2,0,1,2,2,1,2,0,0,0,0,2,1,2,2,0,0,0,1,0,1,1,0,1,2,2,1,2,0,0,2,2,1,1,1,1,1,1,0,2,1,2,0,0,0,1,0,1,2,0,2,1,1,0,1,0,1,2,1,2,1,0,1,1,2,0,2,0,1,2,1,1,1,0,2,0,1,2,0,0,2,1,2,2,1,2,2,0,2,1,2,1,2,0
216_3,1,2,1,1,0,0,2,1,2,1,2,2,0,2,2,1,1,0,2,1,1,0,0,1,0,2,1,2,1,0,2,0,2,2,2,2,2,1,2,0,2,0,2,1,1,2,1,2,1,2,0,1,1,0,1,0,0,2,0,2,1,0,0,2,2,2,2,2,2,1,1,1,2,0,2,1,1,0,2,1,2,0,0,0,1,0,0,1,2,1,2,0,0,2,0,2,2,2,1,1,0,1,2,1,2,0,2,0,1,2,2,1,2,0,0,0,0,2,1,2,2,0,0,0,1,0,1,1,0,1,2,2,1,2,0,0,2,2,1,1,1,1,1,1,0,2,1,2,0,0,0,1,0,1,2,0,2,1,1,0,1,0,1,2,1,2,1,0,1,1,0,2,2,0,0,2,1,2,1,0,2,0,1,2,0,2,2,1,2,2,0,2,2,0,2,1,2,1,2,0
196_1,1,2,0,1,0,0,2,1,2,1,1,2,2,2,2,1,1,1,1,1,1,0,0,1,0,2,1,0,1,0,2,1,0,2,2,2,2,1,2,2,2,0,2,1,1,2,1,2,0,0,0,1,0,0,1,0,0,2,0,2,0,0,0,2,2,2,2,2,2,1,1,2,2,1,2,1,1,0,2,1,2,1,0,0,1,0,0,1,2,1,2,1,0,2,2,0,2,2,1,1,2,1,2,1,2,0,2,1,1,2,0,1,2,0,1,2,0,2,1,2,2,0,0,0,1,0,1,1,0,0,2,0,1,2,0,0,2,2,1,1,1,1,0,1,2,2,1,2,0,0,0,1,0,1,2,1,2,1,1,0,1,0,0,2,1,2,1,0,1,1,0,0,2,0,0,2,1,0,1,0,2,0,1,2,0,0,2,1,2,2,0,2,2,0,0,0,0,0,2,0
216_2,1,2,0,1,0,0,2,1,2,1,1,2,2,2,2,1,1,1,1,1,1,0,0,1,0,2,1,0,1,0,2,1,0,2,2,2,2,1,2,2,2,0,2,1,1,2,1,2,0,0,0,1,0,0,1,0,0,2,0,2,0,0,0,2,2,2,2,2,2,1,1,2,2,1,2,1,1,0,2,1,2,1,0,0,1,0,0,1,2,1,2,1,0,2,2,0,2,2,1,1,2,1,2,1,2,0,2,1,1,2,0,1,2,0,1,2,0,2,1,2,2,0,0,0,1,0,1,1,0,0,2,0,1,2,0,0,2,2,1,1,1,1,0,1,2,2,1,2,0,0,0,1,0,1,2,1,2,1,1,0,1,0,0,2,1,2,1,0,1,1,1,0,2,0,0,2,1,0,1,0,2,0,1,2,0,0,2,1,2,2,0,2,2,0,0,0,0,0,2,0
216_1,1,2,0,1,0,0,2,1,2,1,1,2,2,2,2,1,1,1,1,1,1,0,0,1,0,2,1,0,1,0,2,1,0,2,2,2,2,1,2,2,2,0,2,1,1,2,1,2,0,0,1,1,0,0,1,0,0,2,0,2,0,0,0,2,2,2,2,2,2,1,1,2,2,1,2,1,1,0,2,1,2,1,0,0,1,0,2,1,2,1,2,1,0,2,2,0,2,2,1,1,2,1,2,1,2,0,2,1,1,2,0,1,2,0,1,2,0,2,1,2,2,1,0,0,1,0,1,1,0,0,2,0,1,2,0,0,2,2,1,1,1,1,0,1,2,2,1,2,0,0,0,1,0,1,2,1,2,1,1,0,1,0,0,2,1,2,1,0,1,1,0,0,2,0,0,2,1,0,1,0,2,0,1,2,0,0,2,1,2,2,0,2,2,0,0,0,0,0,2,0
83_2,0:0.01/1:0.99,0:0.01/2:0.99,0,0:0.01/1:0.99,0,0,0,0,0:0.01/2:0.99,0:0.01/1:0.99,0,0,0,0,0:0.01/2:0.99,0,0:0.01/1:0.99,0:0.1/1:0.9,0:0.1/2:0.9,0:0.01/1:0.99,0:0.01/1:0.99,0:0.1/1:0.9,0,0,0,0:0.01/2:0.99,0:0.01/1:0.99,0,0:0.1/2:0.9,0,0:0.01/2:0.99,0,0,0:0.01/2:0.99,0:0.01/2:0.99,0:0.1/1:0.9,0:0.01/2:0.99,0,0,0:0.1/2:0.9,0:0.01/2:0.99,0,0,0:0.01/1:0.99,0:0.1/2:0.9,0:0.01/2:0.99,0,0:0.01/2:0.99,0,0,0,0,0,0,0:0.01/1:0.99,0:0.1/1:0.9,0,0:0.01/2:0.99,0,0:0.01/2:0.99,0,0,0,0,0,0:0.1/1:0.9,0,0,0,0:0.01/1:0.99,0:0.01/1:0.99,0,0:0.01/2:0.99,0,0,0:0.01/1:0.99,0:0.01/1:0.99,0,0,0,0,0:0.1/1:0.9,0,0,0:0.01/1:0.99,0,0,0,0:0.01/2:0.99,0,0,0:0.1/2:0.9,0,0:0.01/2:0.99,0,0:0.1/2:0.9,0:0.01/2:0.99,0:0.01/2:0.99,0,0,0,0:0.1/2:0.9,0,0:0.01/1:0.99,0:0.01/2:0.99,0,0,0,0,0:0.01/2:0.99,0:0.1/1:0.9,0,0:0.01/2:0.99,0,0:0.1/1:0.9,0,0,0:0.01/2:0.99,0,0:0.01/2:0.99,0:0.01/2:0.99,0:0.1/1:0.9,0:0.1/2:0.9,0,0,0:0.1/1:0.9,0:0.01/1:0.99,0:0.01/1:0.99,0,0:0.1/2:0.9,0:0.01/2:0.99,0,0:0.01/1:0.99,0:0.01/2:0.99,0,0,0:0.01/2:0.99,0:0.01/2:0.99,0,0:0.01/1:0.99,0:0.01/1:0.99,0,0,0,0,0,0,0:0.01/2:0.99,0,0,0,0,0,0,0:0.01/2:0.99,0,0:0.01/2:0.99,0,0,0,0:0.01/1:0.99,0:0.1/2:0.9,0,0:0.01/2:0.99,0:0.01/1:0.99,0,0:0.01/1:0.99,0:0.1/2:0.9,0,0:0.1/2:0.9,0,0,0:0.01/2:0.99,0,0:0.1/2:0.9,0,0:0.01/1:0.99,0:0.1/2:0.9,0,0,0:0.01/2:0.99,0,0,0:0.1/1:0.9,0,0,0,0,0:0.01/2:0.99,0:0.01/2:0.99,0,0,0:0.01/2:0.99,0,0,0:0.1/2:0.9,0:0.1/2:0.9,0,0,0:0.1/1:0.9
132_3,1,2,0,1,0,0,0,0,2,1,0,0:0.05/2:0.95,0:0.05/2:0.95,0,2,0:0.05/1:0.95,1,0:0.01/1:0.99,0:0.01/2:0.99,1,1,0:0.01/1:0.99,0,0:0.05/1:0.95,0,2,1,0,0:0.01/2:0.99,0:0.05/1:0.95,2,0,0,2,2,0:0.01/1:0.99,2,0,0,0:0.01/2:0.99,2,0,0,1,0:0.01/2:0.99,2,0,2,0,0,0,0,0,0,1,0:0.01/1:0.99,0,2,0:0.05/1:0.95,2,0:0.05/1:0.95,0,0,0,0:0.05/1:0.95,0:0.01/1:0.99,0:0.05/2:0.95,0:0.05/2:0.95,0,1,1,0,2,0:0.05/2:0.95,0:0.05/1:0.95,1,1,0:0.05/1:0.95,0:0.05/2:0.95,0,0:0.05/1:0.95,0:0.01/1:0.99,0,0,1,0,0,0,2,0,0,0:0.01/2:0.99,0,2,0,0:0.01/2:0.99,2,2,0,0,0,0:0.01/2:0.99,0,1,2,0,0:0.05/1:0.95,0,0:0.05/1:0.95,2,0:0.01/1:0.99,0,2,0:0.05/2:0.95,0:0.01/1:0.99,0,0,2,0:0.05/2:0.95,2,2,0:0.01/1:0.99,0:0.01/2:0.99,0:0.05/1:0.95,0:0.05/2:0.95,0:0.01/1:0.99,1,1,0,0:0.01/2:0.99,2,0,1,2,0,0,2,2,0:0.05/1:0.95,1,1,0,0,0,0:0.05/1:0.95,0,0,2,0,0,0,0:0.05/2:0.95,0,0:0.05/2:0.95,2,0,2,0,0,0,1,0:0.01/2:0.99,0,2,1,0,1,0:0.01/2:0.99,0,0:0.01/2:0.99,0,0,2,0,0:0.01/2:0.99,0,1,0:0.01/2:0.99,0:0.05/2:0.95,0,2,0,0,0:0.01/1:0.99,0,0,0,0,2,2,0,0:0.05/2:0.95,2,0:0.05/2:0.95,0:0.05/2:0.95,0:0.01/2:0.99,0:0.01/2:0.99,0,0,0:0.01/1:0.99
185_3,1,2,0,1,0,0,0,0,2,1,0,2,2,0,2,1,1,1,2,1,1,1,0,1,0,2,1,0,2,1,2,0,0:0.06/2:0.94,2,2,1,2,0,0:0.06/1:0.94,2,2,0,0:0.06/2:0.94,1,2,2,0,2,0,0,0:0.06/1:0.94,0,0,0:0.06/2:0.94,1,1,0,2,1,2,1,0,0,0,1,1,2,2,0,1,1,0,2,2,1,1,1,1,2,0,1,1,0,0:0.06/2:0.94,1,0,0:0.06/1:0.94,0,2,0,0,2,0,2,0:0.06/2:0.94,2,2,2,0,0,0,2,0,1,2,0,1,0,1,2,1,0,2,2,1,0,0,2,2,2,2,1,2,1,2,1,1,1,0,2,2,0,1,2,0,0:0.06/2:0.94,2,2,1,1,1,0,0:0.06/2:0.94,0,1,0,0,2,0,0,0,2,0,2,2,0,2,0,0,0,1,2,0,2,1,0:0.06/1:0.94,1,2,0:0.06/1:0.94,2,0,0:0.06/2:0.94,2,0,2,0,1,2,2,0,2,0,0,1,0,0,0,0,2,2,0,2,2,2,2,2,2,0,0,1
216_6,1,2,0,1,0,0,0,0,2,1,0,2,2,0,2,1,1,1,2,1,1,1,2,1,0,2,1,0,2,1,2,0,2,2,2,1,2,0,1,2,2,1,2,1,2,2,0,2,0,0,1,0,0,2,1,1,0,2,1,2,1,0,0,0,1,1,2,2,0,1,1,0,2,2,1,1,1,1,2,0,1,1,0,2,1,0,1,0,2,0,0,2,0,2,2,2,2,2,2,0,0,2,0,1,2,0,1,0,1,2,1,0,2,2,1,0,0,2,2,2,2,1,2,1,2,1,1,1,0,2,2,0,1,2,0,2,2,2,1,1,1,0,2,0,1,0,0,2,0,0,1,2,1,2,2,0,2,1,1,1,1,2,0,2,1,1,1,2,1,2,0,2,2,0,2,0,1,2,2,0,2,0,2,1,0,2,0,0,2,2,0,2,2,2,2,2,2,0,0,1
216_5,1,2,0,1,0,0,2,0,2,1,0,2,2,0,2,1,1,1,2,1,1,1,0,1,0,2,1,0,2,1,2,0,2,2,2,1,2,2,1,2,2,0,2,1,2,2,2,2,1,0,1,0,0,2,1,1,0,2,1,2,1,0,0,0,1,1,2,2,0,1,1,0,2,2,1,1,1,1,2,0,1,1,2,2,1,0,1,0,2,0,0,2,0,2,2,2,2,2,0,0,0,2,0,1,2,1,1,0,1,2,1,0,2,2,1,0,0,2,2,2,2,1,2,1,2,1,1,1,0,2,2,2,1,2,1,2,2,2,1,1,1,0,2,0,1,0,0,2,0,0,0,2,0,2,2,0,2,0,0,0,1,2,0,2,1,1,1,2,1,2,1,2,2,0,2,0,1,2,2,0,2,0,1,1,0,0,0,0,2,2,0,2,2,2,2,2,2,0,0,1
180_6,1,2,0,1,0:0.02/1:0.98,0,0,0,2,1,0,2,2,0,2,1,1,1,2,1,1,1,0,1,0,2,1,0:0.02/1:0.98,2,1,2,0,0,2,2,1,2,0,0,2,2,0:0.02/2:0.98,0,1,2,2,0,2,0,0,0:0.02/2:0.98,0,0,0,1,1,0,2,1,2,1,0,0,0,1,1,2,2,0:0.02/1:0.98,1,1,0,2,2,1,1,1,1,2,0,1,1,0,0:0.02/1:0.98,1,0,0,0:0.02/1:0.98,2,0,0,2,0,2,0:0.02/1:0.98,2,2,2,0:0.02/1:0.98,0,0,2,0,1,2,0,1,0,1,2,1,0:0.02/1:0.98,2,2,1,0:0.02/2:0.98,0,2,2,2,2,1,2,1,2,1,1,1,0,2,2,0,1,2,0:0.02/2:0.98,0,2,2,1,1,1,0,0,0,1,0:0.02/2:0.98,0,2,0:0.02/1:0.98,0,0,2,0,2,2,0,2,0,0,0,1,2,0:0.02/1:0.98,2,1,0,1,2,0,2,0,0,2,0,2,0,1,2,2,0,2,0:0.02/2:0.98,0,1,0:0.02/2:0.98,0,0,0,2,2,0,2,2,2,2,2,2,0:0.02/2:0.98,0,1
216_8,1,2,0,1,1,0,1,0,2,1,0,2,2,0,2,1,1,1,2,1,1,1,0,1,0,2,1,1,2,1,2,0,0,2,2,1,2,0,0,2,2,2,0,1,2,2,0,2,2,0,2,0,0,0,1,1,0,2,1,2,1,0,0,0,1,1,2,2,1,1,1,0,2,2,1,1,1,1,2,0,1,1,0,1,1,0,0,1,2,0,0,2,0,2,1,2,2,2,1,0,0,2,0,1,2,0,1,0,1,2,1,1,2,2,1,2,0,2,2,2,2,1,2,1,2,1,1,1,0,2,2,0,1,2,2,0,2,2,1,1,1,0,0,0,1,2,0,2,1,0,0,2,0,2,2,2,2,0,0,0,1,2,1,2,1,0,1,2,0,2,0,0,2,0,2,0,1,2,2,0,2,2,0,1,2,0,0,0,2,2,0,2,2,2,2,2,2,2,0,1
216_7,1,2,0,1,1,0,0,0,2,1,0,2,2,0,2,1,1,1,2,1,1,1,2,1,0,2,1,1,2,1,2,2,1,2,2,1,2,0,0,2,2,2,0,1,2,2,0,2,0,0,2,0,2,0,1,1,0,2,1,2,1,0,0,2,1,1,2,2,1,1,1,1,2,2,1,1,1,1,2,2,1,1,0,1,1,0,0,1,2,0,0,2,0,2,1,2,2,2,1,0,0,2,0,1,2,0,1,0,1,2,1,1,2,2,1,2,0,2,2,2,2,1,2,1,2,1,1,1,0,2,2,0,1,2,2,0,2,2,1,1,1,0,0,0,1,2,0,2,1,0,0,2,0,2,2,0,2,0,2,0,1,2,1,2,1,0,1,2,0,2,0,0,2,0,2,0,1,2,2,0,2,2,0,1,2,0,0,1,2,2,0,2,2,2,2,2,2,2,0,1
130_4,1,2,0,1,0,0,0,0,2,1,0,0:0.08/1:0.92,0,0,2,0,1,0:0.01/1:0.99,0:0.01/2:0.99,1,1,0:0.01/1:0.99,0,0,0,2,1,0,0:0.01/2:0.99,0,2,0,0,2,2,0:0.01/1:0.99,2,0:0.08/2:0.92,0,0:0.01/2:0.99,2,0,0,1,0:0.01/2:0.99,2,0,2,0,0:0.08/1:0.92,0:0.08/2:0.92,0,0,0,1,0:0.01/1:0.99,0,2,0,2,0,0:0.08/2:0.92,0,0:0.08/2:0.92,0,0:0.01/1:0.99,0,0,0:0.08/1:0.92,1,1,0:0.08/2:0.92,2,0,0:0.08/2:0.92,1,1,0,0,0:0.08/1:0.92,0:0.08/2:0.92,0:0.01/1:0.99,0,0,1,0,0,0,2,0,0:0.08/2:0.92,0:0.01/2:0.99,0,2,0:0.08/2:0.92,0:0.01/2:0.99,2,2,0,0:0.08/2:0.92,0,0:0.01/2:0.99,0,1,2,0:0.08/1:0.92,0,0,0,2,0:0.01/1:0.99,0,2,0,0:0.01/1:0.99,0,0,2,0,2,2,0:0.01/1:0.99,0:0.01/2:0.99,0,0,0:0.01/1:0.99,1,1,0,0:0.01/2:0.99,2,0,1,2,0:0.08/1:0.92,0,2,2,0,1,1,0:0.08/2:0.92,0:0.08/2:0.92,0,0,0,0,2,0,0:0.08/1:0.92,0,0,0,0,2,0,2,0,0,0,1,0:0.01/2:0.99,0,2,1,0,1,0:0.01/2:0.99,0:0.08/2:0.92,0:0.01/2:0.99,0,0,2,0:0.08/2:0.92,0:0.01/2:0.99,0,1,0:0.01/2:0.99,0,0,2,0,0,0:0.01/1:0.99,0,0,0,0,2,2,0,0,2,0:0.08/1:0.92,0,0:0.01/2:0.99,0:0.01/2:0.99,0,0,0:0.01/1:0.99
178_7,1,2,0,1,0:0.04/2:0.96,0,0:0.04/1:0.96,0,2,1,0,1,0,0,2,0,1,1,2,1,1,1,0,0,0,2,1,0,2,0,2,0,0,2,2,1,2,2,0,2,2,0,0,1,2,2,0:0.04/2:0.96,2,0,1,2,0,0,0:0.04/1:0.96,1,1,0,2,0,2,0:0.04/2:0.96,2,0,2,0:0.04/2:0.96,1,0:0.04/2:0.96,0,1,1,1,2,2,0:0.04/2:0.96,2,1,1,0,0,1,2,1,0,0,1,0,0,0,2,0,2,2,0,2,2,2,2,2,0,2,0:0.04/1:0.96,2,0,1,2,1,0,0,0,2,1,0,2,0,1,0,0,2,0,2,2,1,2,0,0,1,1,1,0,2,2,0,1,2,1,0,2,2,0,1,1,2,2,0,0,0:0.04/2:0.96,0,2,0,1,0,0:0.04/1:0.96,0,0,2,0,2,0,0:0.04/1:0.96,0:0.04/1:0.96,1,2,0:0.04/2:0.96,2,1,0,1,2,2,2,0,0,2,2,2,0,1,2,0,0,2,0:0.04/2:0.96,0,1,0,0,0:0.04/2:0.96,0,2,2,0,0,2,1,0:0.04/2:0.96,2,2,0:0.04/1:0.96,0,1
216_10,1,2,1,1,2,0,1,0,2,1,0,1,0,0,2,0,1,1,2,1,1,1,0,2,0,2,1,0,2,0,2,0,0,2,2,1,2,2,0,2,2,1,0,1,2,2,2,2,0,1,2,0,0,1,1,1,2,2,2,2,2,2,1,2,2,1,2,0,1,1,1,2,2,2,2,1,1,0,0,1,2,1,0,0,1,0,0,0,2,2,2,2,0,2,2,2,2,2,1,2,1,2,0,1,2,1,0,0,0,2,1,0,2,0,1,0,0,2,0,2,2,1,2,0,0,1,1,1,1,2,2,2,1,2,1,0,2,2,0,1,1,2,2,0,0,2,0,2,0,1,0,1,0,0,2,0,2,1,1,1,1,2,2,2,1,0,1,2,2,2,0,0,2,2,2,1,1,2,0,1,2,2,0,1,0,0,2,0,2,2,0,0,2,1,2,2,2,1,0,1
216_9,1,2,2,1,2,0,1,0,2,1,0,1,0,0,2,0,1,1,2,1,1,1,0,0,0,2,1,0,2,0,2,0,0,2,2,1,2,2,0,2,2,0,0,1,2,2,2,2,1,1,2,0,0,1,1,1,0,2,0,2,2,2,0,2,2,1,2,0,1,1,1,2,2,2,2,1,1,0,0,1,2,1,0,2,1,0,0,0,2,0,2,2,0,2,2,2,2,2,0,2,1,2,0,1,2,1,0,0,0,2,1,2,2,0,1,0,0,2,0,2,2,1,2,0,0,1,1,1,0,2,2,0,1,2,1,2,2,2,0,1,1,2,2,0,0,2,0,2,0,1,0,1,0,0,2,0,2,0,1,1,1,2,2,2,1,0,1,2,2,2,0,0,2,2,2,0,1,2,1,0,2,2,0,1,0,0,2,0,2,2,0,1,2,1,2,2,2,1,0,1
175_8,1,2,0,1,0,0,0,0:0.03/1:0.97,2,1,0,1,0,0,2,0,1,1,2,1,1,1,0,0,0:0.03/2:0.97,2,1,0,2,0,2,0:0.03/2:0.97,0,2,2,1,2,2,0:0.03/1:0.97,2,2,0:0.03/1:0.97,0,1,2,2,0,2,0,1,2,0,0:0.03/2:0.97,0,1,1,0,2,0:0.03/2:0.97,2,0,2,0,2,0:0.03/1:0.97,1,0,0,1,1,1,2,2,0,2,1,1,0,0:0.03/2:0.97,1,2,1,0,0,1,0,0:0.03/2:0.97,0,2,0,2,2,0:0.03/2:0.97,2,2,2,2,2,0,2,0,2,0,1,2,1,0,0,0,2,1,0,2,0,1,0,0,2,0,2,2,1,2,0,0,1,1,1,0,2,2,0,1,2,1,0,2,2,0,1,1,2,2,0:0.03/2:0.97,0,0,0,2,0,1,0:0.03/1:0.97,0,0:0.03/1:0.97,0,2,0,2,0,0:0.03/2:0.97,0,1,2,0,2,1,0,1,2,2,2,0,0,2,2,2,0,1,2,0,0,2,0,0,1,0,0,0,0,2,2,0:0.03/1:0.97,0,2,1,0,2,2,0,0:0.03/2:0.97,1
216_12,1,2,0,1,1,0,0,1,2,1,0,1,0,0,2,0,1,1,2,1,1,1,0,0,2,2,1,1,2,0,2,2,0,2,2,1,2,2,1,2,2,1,0,1,2,2,0,2,0,1,2,0,2,0,1,1,0,2,2,2,1,2,0,2,1,1,0,0,1,1,1,2,2,0,2,1,1,0,2,1,2,1,1,0,1,0,2,0,2,0,2,2,2,2,2,2,2,2,1,2,0,2,0,1,2,1,0,1,0,2,1,0,2,0,1,0,1,2,0,2,2,1,2,0,0,1,1,1,2,2,2,1,1,2,1,0,2,2,0,1,1,2,2,2,0,0,0,2,0,1,1,0,1,0,2,0,2,0,2,0,1,2,0,2,1,2,1,2,2,2,0,0,2,2,2,2,1,2,0,0,2,0,1,1,0,0,0,0,2,2,1,0,2,1,0,2,2,0,2,1
216_11,1,2,0,1,2,0,0,1,2,1,0,1,2,1,2,0,1,1,2,1,1,1,0,0,2,2,1,0,2,0,2,2,0,2,2,1,2,2,1,2,2,1,0,1,2,2,0,2,0,1,2,0,2,0,1,1,0,2,2,2,0,2,0,2,1,1,0,0,1,1,1,2,2,0,2,1,1,0,2,1,2,1,0,0,1,0,2,0,2,0,2,2,2,2,2,2,2,2,0,2,0,2,0,1,2,1,0,0,0,2,1,0,2,0,1,0,0,2,0,2,2,1,2,0,0,1,1,1,0,2,2,0,1,2,1,0,2,2,0,1,1,2,2,2,0,0,0,2,0,1,1,0,1,0,2,0,2,1,2,0,1,2,0,2,1,0,1,2,2,2,0,0,2,2,2,0,1,2,0,0,2,0,0,1,0,0,2,1,2,2,1,0,2,1,0,2,2,0,2,1
