[&R] ((((((216_11:12.552,216_12:5.552)175_8:13.325,(216_9:9.468,216_10:7.468)178_7:10.409)130_4:27.228,((216_7:8.358,216_8:6.358)180_6:14.664,(216_5:4.206,216_6:7.206)185_3:11.817)132_3:24.083)83_2:28.949,((216_1:2.017,216_2:1.017)196_1:11.77,(216_3:2.067,216_4:4.067)200_3:10.72)140_1:62.267)37_1:56.324,((((216_14:1.058,216_15:5.058)191_12:12.359,216_13:20.417)140_7:20.373,(216_16:3.044,216_17:2.044)206_17:38.745)91_5:29.318,((216_20:5.169,216_21:5.169)181_19:10.265,(216_18:7.325,216_19:7.325)185_16:7.109)142_12:51.674)40_3:58.271)virtual:0.622)I0;
I0,0,0,0,0,0,0,0,0,0,0,0,0,0,0,0,0,0,0,0,0,0,0,0,0,0,0,0,0,0,0,0,0,0,0,0,0,0,0,0,0,0,0,0,0,0,0,0,0,0,0,0,0,0,0,0,0,0,0,0,0,0,0,0,0,0,0,0,0,0,0,0,0,0,0,0,0,0,0,0,0,0,0,0,0,0,0,0,0,0,0,0,0,0,0,0,0,0,0,0,0,0,0,0,0,0,0,0,0,0,0,0,0,0,0,0,0,0,0,0,0,0,0,0,0,0,0,0,0,0,0,0,0,0,0,0,0,0,0,0,0,0,0,0,0,0,0,0,0,0,0,0,0,0,0,0,0,0,0,0,0,0,0,0,0,0,0,0,0,0,0,0,0,0,0,0,0,0,0,0,0,0,0,0,0,0,0,0,0,0,0,0,0,0,0,0,0,0,0,0,0
virtual,0,0,0:0.91/2:0.09,0,0:0.91/2:0.09,0,0,0,0,0,0,0,0,0,0,0,0,0,0,0,0,0,0,0,0,0,0,0,0,0,0,0,0,0,0,0,0,0,0,0,0,0,0,0,0,0,0,0,0,0,0,0,0,0,0,0:0.91/2:0.09,0,0,0,0:0.91/2:0.09,0,0,0,0,0,0,0,0,0,0,0,0,0,0,0,0,0,0:0.91/1:0.09,0,0,0,0,0,0,0,0,0,0,0,0,0,0,0,0,0,0,0,0,0,0,0,0,0,0,0,0,0,0,0,0,0,0,0,0,0,0,0,0,0,0,0,0,0,0,0,0,0,0,0,0,0,0,0,0,0,0,0,0:0.91/1:0.09,0,0,0,0,0,0,0,0,0,0,0,0,0,0,0,0,0,0,0,0,0,0,0,0,0,0,0,0,0,0,0,0,0,0,0,0,0,0,0,0,0,0,0,0:0.91/1:0.09,0,0,0,0,0,0,0,0,0,0,0,0,0,0,0,0,0,0
40_3,0,0,0:0.09/2:0.91,0:0.09/1:0.91,0:0.09/2:0.91,0,0:0.09/2:0.91,0,0:0.09/2:0.91,0,0,0,0,0,0:0.09/2:0.91,0,0,0,0,0,0:0.09/2:0.91,0:0.09/2:0.91,0,0,0:0.09/1:0.91,0:0.09/1:0.91,0,0,0,0:0.09/2:0.91,0,0,0,0:0.09/1:0.91,0,0:0.09/2:0.91,0:0.09/2:0.91,0,0,0:0.09/1:0.91,0,0,0:0.09/2:0.91,0,0,0,0,0:0.09/1:0.91,0:0.09/2:0.91,0,0,0,0:0.09/1:0.91,0,0,0:0.09/2:0.91,0:0.09/1:0.91,0,0,0:0.09/2:0.91,0,0,0,0,0,0,0:0.09/2:0.91,0,0,0,0:0.09/1:0.91,0,0:0.09/2:0.91,0:0.09/1:0.91,0,0,0,0:0.09/1:0.91,0:0.09/2:0.91,0,0,0,0:0.09/2:0.91,0,0:0.09/2:0.91,0,0,0,0,0:0.09/2:0.91,0,0:0.09/1:0.91,0,0:0.09/2:0.91,0,0,0,0,0,0:0.09/1:0.91,0,0:0.09/1:0.91,0,0:0.09/2:0.91,0:0.09/1:0.91,0,0,0,0,0,0:0.09/1:0.91,0,0,0:0.09/1:0.91,0,0:0.09/2:0.91,0,0,0,0,0:0.09/1:0.91,0,0,0:0.09/1:0.91,0:0.09/1:0.91,0:0.09/2:0.91,0,0,0:0.09/2:0.91,0,0:0.09/1:0.91,0,0:0.09/1:0.91,0,0:0.09/1:0.91,0:0.09/2:0.91,0:0.09/1:0.91,0:0.09/1:0.91,0,0,0,0,0,0,0,0,0,0,0,0,0,0,0,0:0.09/2:0.91,0,0:0.09/1:0.91,0,0:0.09/2:0.91,0,0,0:0.09/2:0.91,0:0.09/1:0.91,0:0.09/2:0.91,0,0,0,0,0:0.09/1:0.91,0,0,0,0,0,0,0,0,0,0:0.09/2:0.91,0,0:0.09/2:0.91,0,0:0.09/1:0.91,0,0:0.09/2:0.91,0,0,0,0,0,0,0,0:0.09/1:0.91,0:0.09/1:0.91,0,0,0,0,0:0.09/1:0.91,0,0
142_12,0,0:0.01/1:0.99,2,1,2,0,2,0,2,0,0,0:0.01/2:0.99,0,0,2,0:0.01/2:0.99,0,0,0,0,2,2,0,0,1,1,0:0.01/1:0.99,0:0.01/1:0.99,0,2,0,0,0:0.01/1:0.99,1,0,2,2,0,0,1,0,0,2,0,0,0:0.01/2:0.99,0,1,2,0:0.01/2:0.99,0,0:0.01/2:0.99,1,0,0,2,1,0,0,2,0,0:0.01/1:0.99,0:0.01/2:0.99,0:0.01/1:0.99,0,0,2,0:0.01/1:0.99,0,0:0.01/2:0.99,1,0,2,1,0,0,0:0.01/2:0.99,1,2,0:0.01/1:0.99,0,0,2,0,2,0,0:0.01/1:0.99,0,0,2,0:0.01/2:0.99,1,0,2,0,0,0,0,0,1,0,1,0:0.01/2:0.99,2,1,0,0,0:0.01/2:0.99,0,0,1,0:0.01/2:0.99,0,1,0,2,0:0.01/1:0.99,0,0:0.01/1:0.99,0:0.01/2:0.99,1,0:0.01/2:0.99,0:0.01/2:0.99,1,1,2,0,0,2,0,1,0,1,0,1,2,1,1,0:0.01/1:0.99,0:0.01/1:0.99,0,0,0,0:0.01/1:0.99,0,0:0.01/1:0.99,0,0,0:0.01/2:0.99,0,0,0,0,2,0:0.01/1:0.99,1,0:0.01/2:0.99,2,0,0:0.01/2:0.99,2,1,2,0:0.01/1:0.99,0,0:0.01/2:0.99,0,1,0,0:0.01/1:0.99,0,0:0.01/1:0.99,0,0,0,0,0,2,0:0.01/2:0.99,2,0,1,0,2,0,0,0:0.01/2:0.99,0,0:0.01/2:0.99,0,0,1,1,0:0.01/1:0.99,0,0:0.01/1:0.99,0:0.01/1:0.99,1,0:0.01/2:0.99,0:0.01/2:0.99
185_16,0,1,2,1,2,0,2,0,2,0,0,2,0,0,2,2,0,0,0,0,2,2,0,0,1,1,1,1,0,2,0:0.04/2:0.96,0,1,1,0,2,2,0,0,1,0,0,2,0,0,2,0,1,2,2,0,2,1,0,0:0.04/2:0.96,2,1,0:0.04/2:0.96,0:0.04/1:0.96,2,0,1,2,1,0,0,2,1,0,2,1,0,2,1,0,0,2,1,2,1,0,0,2,0,2,0,1,0,0:0.04/1:0.96,2,2,1,0,2,0,0,0,0,0,1,0,1,2,2,1,0,0,2,0,0,1,2,0,1,0,2,1,0,1,2,1,2,2,1,1,2,0,0,2,0,1,0,1,0,1,2,1,1,1,1,0,0:0.04/1:0.96,0,1,0,1,0,0,2,0,0,0,0,2,1,1,2,2,0,2,2,1,2,1,0,2,0,1,0,1,0,1,0,0,0,0,0,2,2,2,0,1,0,2,0,0,2,0,2,0,0,1,1,1,0:0.04/1:0.96,1,1,1,2,2
216_19,0,1,2,1,2,2,2,0,2,0,0,2,0,0,2,2,0,0,0,0,2,2,0,0,1,1,1,1,0,2,2,1,1,1,0,2,2,0,0,1,0,0,2,0,0,2,0,1,2,2,0,2,1,0,2,2,1,2,1,2,0,1,2,1,0,0,2,1,0,2,1,0,2,1,0,0,2,1,2,1,0,0,2,1,2,0,1,0,1,2,2,1,0,2,0,0,0,2,0,1,0,1,2,2,1,0,0,2,2,0,1,2,0,1,0,2,1,0,1,2,1,2,2,1,1,2,0,0,2,0,1,0,1,0,1,2,1,1,1,1,0,1,0,1,0,1,0,0,2,0,1,0,0,2,1,1,2,2,0,2,2,1,2,1,2,2,0,1,0,1,0,1,0,0,0,0,0,2,2,2,0,1,0,2,0,0,2,0,2,0,0,1,1,1,1,1,1,1,2,2
216_18,0,1,2,1,2,0,2,0,2,1,0,2,0,0,2,2,0,0,0,0,2,2,0,0,1,1,1,1,0,2,2,0,1,1,0,2,2,0,0,1,0,0,2,0,1,2,1,1,2,2,0,2,1,0,2,2,1,2,1,2,0,1,2,1,0,0,2,1,0,2,1,0,2,1,0,0,2,1,2,1,0,0,2,0,2,0,1,2,1,2,2,1,0,2,0,0,0,0,0,1,0,1,2,2,1,0,0,2,0,0,1,2,0,1,0,2,1,0,1,2,1,2,2,1,1,2,0,0,2,0,1,0,1,0,1,2,1,1,1,1,1,1,0,1,0,1,0,0,2,0,0,0,0,2,1,1,2,2,0,2,2,1,2,1,0,2,0,1,0,1,1,1,0,0,0,0,0,2,2,2,2,1,0,2,0,0,2,0,2,0,0,1,1,1,1,1,1,1,2,2
181_19,0,1,2,1,2,0,2,0,2,0,0,2,0,0,2,2,0,0,0:0.02/1:0.98,0,2,2,0,0,1,1,1,1,0,2,0,0,1,1,0:0.02/2:0.98,2,2,0,0,1,0,0,2,0,0,2,0,1,2,2,0,2,1,0,0,2,1,0,0,2,0,1,2,1,0,0,2,1,0,2,1,0,2,1,0,0,2,1,2,1,0,0,2,0,2,0,1,0,0,2,2,1,0,2,0:0.02/1:0.98,0,0,0,0,1,0:0.02/2:0.98,1,2,2,1,0,0,2,0,0,1,2,0:0.02/2:0.98,1,0,2,1,0,1,2,1,2,2,1,1,2,0,0,2,0,1,0,1,0,1,2,1,1,1,1,0,0,0,1,0:0.02/1:0.98,1,0,0,2,0:0.02/1:0.98,0,0,0,2,1,1,2,2,0,2,2,1,2,1,0:0.02/1:0.98,2,0,1,0:0.02/1:0.98,1,0:0.02/2:0.98,1,0,0,0,0,0,2,2,2,0,1,0,2,0,0,2,0,2,0,0,1,1,1,0,1,1,1,2,2
216_21,0,1,2,1,2,0,2,0,2,0,0,2,0,0,2,2,0,0,1,0,2,2,0,0,1,1,1,1,0,2,0,0,1,1,2,2,2,0,0,1,0,0,2,0,0,2,0,1,2,2,0,2,1,0,0,2,1,0,0,2,0,1,2,1,0,1,2,1,2,2,1,0,2,1,0,0,2,1,2,1,0,2,2,0,2,0,1,0,0,2,2,1,0,2,1,0,0,0,0,1,2,1,2,2,1,0,0,2,0,0,1,2,2,1,0,2,1,0,1,2,1,2,2,1,1,2,0,0,2,0,1,0,1,0,1,2,1,1,1,1,0,0,1,1,1,1,0,0,2,1,0,2,0,2,1,1,2,2,0,2,2,1,2,1,1,2,0,1,1,1,2,1,0,0,0,0,0,2,2,2,0,1,0,2,0,0,2,0,2,0,0,1,1,1,0,1,1,1,2,2
216_20,2,1,2,1,2,0,2,0,2,0,0,2,0,0,2,2,0,0,1,0,2,2,0,0,1,1,1,1,0,2,0,1,1,1,2,2,2,0,0,1,0,0,2,0,0,2,0,1,2,2,0,2,1,0,0,2,1,0,0,2,0,1,2,1,0,0,2,1,0,2,1,0,2,1,0,0,2,1,2,1,0,0,2,0,2,0,1,0,0,2,2,1,0,2,1,0,0,0,0,1,2,1,2,2,1,0,0,2,0,0,1,2,2,1,0,2,1,0,1,2,1,2,2,1,1,2,0,1,2,0,1,0,1,0,1,2,1,1,1,1,0,0,0,1,1,1,0,0,2,1,0,0,0,2,1,1,2,2,2,2,2,1,2,1,1,2,0,1,1,1,2,1,0,0,0,1,0,2,2,2,0,1,0,2,0,0,2,0,2,0,0,1,1,1,0,1,1,1,2,2
91_5,0,0,0:0.01/2:0.99,0:0.01/1:0.99,0:0.01/2:0.99,0,0:0.01/2:0.99,0,0:0.01/2:0.99,0,0:0.11/2:0.89,0,0,0:0.11/2:0.89,0:0.01/2:0.99,0,0:0.11/1:0.89,0,0,0,0:0.01/2:0.99,0:0.01/2:0.99,0:0.11/2:0.89,0,0:0.01/1:0.99,0:0.01/1:0.99,0,0,0,0:0.01/2:0.99,0,0,0,0:0.01/1:0.99,0:0.11/1:0.89,0:0.01/2:0.99,0:0.01/2:0.99,0:0.11/2:0.89,0,0:0.01/1:0.99,0:0.11/1:0.89,0,0:0.01/2:0.99,0:0.11/2:0.89,0,0,0:0.11/1:0.89,0:0.01/1:0.99,0:0.01/2:0.99,0,0,0,0:0.01/1:0.99,0,0,0:0.01/2:0.99,0:0.01/1:0.99,0,0,0:0.01/2:0.99,0,0,0,0,0:0.11/1:0.89,0:0.11/2:0.89,0:0.01/2:0.99,0,0,0:0.11/1:0.89,0:0.01/1:0.99,0,0:0.01/2:0.99,0:0.01/1:0.99,0,0,0,0:0.01/1:0.99,0:0.01/2:0.99,0,0,0,0:0.01/2:0.99,0,0:0.01/2:0.99,0,0,0,0,0:0.01/2:0.99,0,0:0.01/1:0.99,0,0:0.01/2:0.99,0,0,0,0,0,0:0.01/1:0.99,0:0.11/2:0.89,0:0.01/1:0.99,0,0:0.01/2:0.99,0:0.01/1:0.99,0,0:0.11/2:0.89,0,0:0.11/2:0.89,0,0:0.01/1:0.99,0:0.11/1:0.89,0,0:0.01/1:0.99,0,0:0.01/2:0.99,0:0.11/2:0.89,0:0.11/2:0.89,0,0,0:0.01/1:0.99,0,0,0:0.01/1:0.99,0:0.01/1:0.99,0:0.01/2:0.99,0,0,0:0.01/2:0.99,0,0:0.01/1:0.99,0,0:0.01/1:0.99,0,0:0.01/1:0.99,0:0.01/2:0.99,0:0.01/1:0.99,0:0.01/1:0.99,0,0,0,0,0,0,0,0:0.11/2:0.89,0,0,0,0:0.11/1:0.89,0,0,0,0:0.01/2:0.99,0:0.11/2:0.89,0:0.01/1:0.99,0,0:0.01/2:0.99,0,0,0:0.01/2:0.99,0:0.01/1:0.99,0:0.01/2:0.99,0:0.11/2:0.89,0,0,0:0.11/2:0.89,0:0.01/1:0.99,0,0,0,0,0,0:0.11/1:0.89,0,0,0,0:0.01/2:0.99,0,0:0.01/2:0.99,0:0.11/1:0.89,0:0.01/1:0.99,0,0:0.01/2:0.99,0:0.11/1:0.89,0,0,0,0,0,0:0.11/1:0.89,0:0.01/1:0.99,0:0.01/1:0.99,0,0,0,0,0:0.01/1:0.99,0,0
206_17,0,1,2,1,2,2,2,0,2,1,2,2,0,2,2,0,1,0,0,0,2,2,2,0,1,1,0,0,0,2,0,0,0,1,1,2,2,2,0,1,1,2,2,2,0,0,1,1,2,1,1,0,1,0,0,2,1,0,1,2,1,0,0,2,1,2,2,2,0,1,1,2,2,1,0,2,1,1,2,0,2,2,2,0,2,0,0,0,2,2,1,1,2,2,0,0,1,0,0,1,2,1,0,2,1,2,2,0,2,0,1,1,0,1,0,2,2,2,0,0,1,0,0,1,1,2,2,0,2,0,1,2,1,0,1,2,1,1,2,0,0,1,0,0,0,2,1,0,2,1,2,0,0,2,2,1,0,2,0,0,2,1,2,2,0,2,2,1,0,0,0,0,0,1,0,2,0,2,0,2,1,1,0,2,1,0,0,1,1,0,1,1,1,0,1,0,0,1,1,1
216_17,0,1,2,1,2,2,2,0,2,1,2,2,0,2,2,0,1,0,0,0,2,2,2,0,1,1,0,0,0,2,0,0,0,1,1,2,2,2,0,1,1,2,2,2,0,0,1,1,2,1,1,0,1,0,0,2,1,0,1,2,1,0,0,2,1,2,2,2,0,1,1,2,2,1,0,2,1,1,2,0,2,2,2,2,2,0,0,0,2,2,1,1,2,2,0,0,1,0,0,1,2,1,0,2,1,2,2,0,2,0,1,1,0,1,0,2,2,2,0,0,1,0,0,1,1,2,2,0,2,0,1,2,1,0,1,2,1,1,2,0,0,1,0,0,0,2,1,0,2,1,2,0,0,2,2,1,0,2,0,0,2,1,2,2,0,2,2,1,0,0,0,0,0,1,0,2,0,2,0,2,1,1,0,2,1,0,0,1,1,0,1,1,1,2,1,0,0,1,1,1
216_16,0,1,2,1,2,2,2,0,2,1,2,2,0,2,2,0,1,0,0,0,2,2,2,0,1,1,0,2,0,2,0,0,0,1,1,2,2,2,0,1,1,2,2,2,0,0,1,1,2,1,1,0,1,0,0,2,1,0,1,2,1,0,0,2,1,2,2,2,0,1,1,2,2,1,0,2,1,1,2,0,2,2,2,0,2,1,0,0,2,2,1,1,2,2,0,0,1,0,0,1,2,1,0,2,1,2,2,0,2,0,1,1,0,1,0,2,2,2,0,0,1,0,0,1,1,2,2,0,2,0,1,2,1,0,1,2,1,1,2,0,0,1,0,0,1,2,1,0,2,1,2,0,0,2,2,1,0,2,0,0,2,1,2,2,0,2,2,1,0,0,0,0,0,1,0,2,0,2,0,2,1,1,0,2,1,0,0,1,1,0,1,1,1,0,1,0,0,1,1,1
140_7,0,0,2,1,2,0,2,0,2,0:0.07/2:0.93,0:0.01/2:0.99,0,0,0:0.01/2:0.99,2,0,0:0.01/1:0.99,0:0.07/1:0.93,0,0,2,2,0:0.01/2:0.99,0,1,1,0:0.07/1:0.93,0,0,2,0,0,0,1,0:0.01/1:0.99,2,2,0:0.01/2:0.99,0,1,0:0.01/1:0.99,0,2,0:0.01/2:0.99,0,0,0:0.01/1:0.99,1,2,0,0,0,1,0:0.07/1:0.93,0,2,1,0,0,2,0,0,0:0.07/2:0.93,0,0:0.01/1:0.99,0:0.01/2:0.99,2,0:0.07/1:0.93,0:0.07/1:0.93,0:0.01/1:0.99,1,0,2,1,0,0,0,1,2,0:0.07/2:0.93,0,0,2,0:0.07/2:0.93,2,0,0,0,0,2,0,1,0,2,0,0,0,0:0.07/2:0.93,0,1,0:0.01/2:0.99,1,0,2,1,0,0:0.01/2:0.99,0,0:0.01/2:0.99,0,1,0:0.01/1:0.99,0,1,0,2,0:0.01/2:0.99,0:0.01/2:0.99,0,0,1,0,0,1,1,2,0,0:0.07/2:0.93,2,0,1,0,1,0,1,2,1,1,0,0,0:0.07/2:0.93,0,0,0,0,0:0.01/2:0.99,0,0,0,0:0.01/1:0.99,0,0,0,2,0:0.01/2:0.99,1,0,2,0,0:0.07/1:0.93,2,1,2,0:0.01/2:0.99,0,0:0.07/1:0.93,0:0.01/2:0.99,1,0,0,0,0:0.07/2:0.93,0,0:0.01/1:0.99,0:0.07/2:0.93,0,0,2,0,2,0:0.01/1:0.99,1,0,2,0:0.01/1:0.99,0,0,0,0:0.07/2:0.93,0:0.07/1:0.93,0:0.01/1:0.99,1,1,0,0,0,0,1,0,0
216_13,0,0,2,1,2,1,2,2,2,2,2,2,0,2,2,0,1,1,0,0,2,2,2,0,1,1,1,1,0,2,1,0,0,1,1,2,2,2,0,1,1,0,2,2,0,0,1,1,2,2,1,0,1,1,2,2,1,0,0,2,0,0,2,0,1,2,2,1,1,1,1,2,2,1,0,0,0,1,2,2,0,0,2,2,2,0,1,0,0,2,0,1,0,2,0,0,0,2,0,1,2,1,2,2,1,0,2,0,2,0,1,1,1,1,0,2,2,2,0,0,1,0,0,1,1,2,0,2,2,0,1,0,1,1,1,2,1,1,0,1,2,0,2,0,2,2,0,0,0,1,0,0,0,2,2,1,0,2,0,1,2,1,2,2,2,1,2,1,0,0,0,2,0,1,2,0,0,2,2,2,1,1,0,2,1,0,0,0,2,1,1,1,1,0,0,0,0,1,0,2
191_12,0,1,2,1,2,0,2,0,2,2,2,0,0,2,2,1,1,1,0,0,2,2,2,0,1,1,1,0,0,2,0,0,0,1,1,2,2,2,0,1,1,0,2,2,0,0,1,1,2,0,0,0,1,1,0,2,1,0,1,2,0,0,2,0,1,2,2,1,1,1,1,0,2,1,0,0,0,1,2,2,0,1,2,2,2,0,0,0,0,2,1,1,0,2,0,0,0,2,0,1,2,1,0,2,1,0,2,0,2,0,1,1,0,1,0,2,2,2,0,0,1,0,0,1,1,2,0,2,2,0,1,0,1,0,1,2,1,1,0,0,2,0,0,0,1,2,0,0,0,1,2,0,0,2,2,1,0,2,2,1,2,1,2,2,0,1,2,1,0,1,0,2,0,1,2,0,0,2,0,2,1,1,1,2,1,0,0,0,2,1,1,1,1,0,0,0,0,1,0,1
216_15,0,1,2,1,2,0,2,0,2,2,2,0,0,2,2,1,1,1,0,2,2,2,2,0,1,1,1,0,0,2,0,0,0,1,1,2,2,2,0,1,1,0,2,2,0,0,1,1,2,0,0,0,1,1,0,2,1,0,1,2,0,0,2,0,1,2,2,1,1,1,1,0,2,1,0,0,1,1,2,2,0,1,2,2,2,0,0,0,0,2,1,1,0,2,0,0,0,2,0,1,2,1,0,2,1,0,2,0,2,0,1,1,1,1,0,2,2,2,1,0,1,0,0,1,1,2,0,2,2,0,1,0,1,0,1,2,1,1,0,0,2,0,0,0,1,2,0,0,0,1,2,0,0,2,2,1,0,2,2,1,2,1,2,2,0,1,2,1,0,1,0,2,0,1,2,0,0,2,2,2,1,1,1,2,1,0,0,0,2,1,1,1,1,0,0,0,0,1,0,1
216_14,0,1,2,1,2,0,2,0,2,2,2,0,0,2,2,1,1,1,0,0,2,2,2,0,1,1,1,0,0,2,0,0,0,1,1,2,2,2,0,1,1,0,2,2,0,0,1,1,2,0,0,0,1,1,0,2,1,0,1,2,0,1,2,0,1,2,2,1,1,1,1,0,2,1,0,0,0,1,2,2,0,1,2,2,2,0,0,0,0,2,1,1,0,2,0,0,0,2,0,1,2,1,0,2,1,0,2,0,2,0,1,1,0,1,0,2,2,2,0,0,1,0,0,1,1,2,0,2,2,0,1,0,1,0,1,2,1,1,0,0,2,0,0,0,1,2,0,0,0,1,2,0,0,2,2,1,0,2,2,1,2,1,2,2,0,1,2,1,0,1,0,2,0,1,2,0,0,2,0,2,1,1,1,2,1,0,0,0,2,1,1,1,1,0,0,0,0,1,0,1
37_1,0:0.11/2:0.89,0,0:0.1/2:0.9,0,0:0.1/2:0.9,0,0,0,0,0,0:0.11/1:0.89,0:0.11/2:0.89,0,0:0.11/2:0.89,0,0,0,0,0,0,0,0,0:0.11/2:0.89,0,0,0,0,0,0:0.11/2:0.89,0,0,0,0,0:0.11/2:0.89,0,0,0:0.11/1:0.89,0,0:0.11/2:0.89,0,0,0,0,0,0,0:0.11/2:0.89,0,0:0.11/2:0.89,0,0:0.11/2:0.89,0,0,0:0.11/2:0.89,0,0,0:0.1/2:0.9,0,0:0.11/2:0.89,0,0:0.1/2:0.9,0,0:0.11/2:0.89,0:0.11/2:0.89,0,0,0,0,0,0,0:0.11/2:0.89,0,0:0.11/2:0.89,0:0.11/1:0.89,0:0.11/2:0.89,0,0,0:0.11/2:0.89,0:0.1/1:0.9,0,0:0.11/1:0.89,0,0,0,0,0,0,0,0:0.11/1:0.89,0,0,0:0.11/1:0.89,0:0.11/2:0.89,0,0,0,0:0.11/2:0.89,0:0.11/2:0.89,0,0,0:0.11/2:0.89,0,0,0,0,0,0,0:0.11/2:0.89,0,0,0:0.11/1:0.89,0,0,0,0,0,0,0:0.11/1:0.89,0,0:0.11/1:0.89,0:0.11/1:0.89,0,0,0:0.11/2:0.89,0,0,0:0.11/1:0.89,0,0,0:0.11/1:0.89,0,0,0,0,0,0:0.11/2:0.89,0,0,0:0.1/1:0.9,0,0,0,0:0.11/2:0.89,0,0,0,0,0,0,0,0:0.11/1:0.89,0:0.11/1:0.89,0:0.11/2:0.89,0:0.11/2:0.89,0,0:0.11/2:0.89,0,0:0.11/1:0.89,0,0,0:0.11/2:0.89,0,0:0.11/2:0.89,0,0:0.11/2:0.89,0,0:0.11/1:0.89,0,0,0,0,0,0,0,0:0.11/2:0.89,0:0.11/2:0.89,0,0,0,0,0,0:0.11/2:0.89,0:0.1/1:0.9,0,0,0,0,0:0.11/1:0.89,0:0.11/1:0.89,0,0:0.11/1:0.89,0,0,0,0:0.11/1:0.89,0,0,0:0.11/2:0.89,0,0,0:0.11/1:0.89
140_1,2,0:0.01/1:0.99,2,0:0.01/1:0.99,2,0:0.01/1:0.99,0,0,0,0,1,2,0,2,0,0:0.01/2:0.99,0:0.01/2:0.99,0,0,0:0.01/1:0.99,0:0.01/1:0.99,0,2,0:0.01/1:0.99,0,0:0.01/1:0.99,0,0:0.01/2:0.99,2,0:0.01/2:0.99,0,0,0,2,0,0:0.01/2:0.99,1,0:0.01/1:0.99,2,0,0:0.01/2:0.99,0,0:0.01/1:0.99,0:0.01/1:0.99,0,2,0,2,0,2,0,0,2,0:0.01/1:0.99,0:0.01/2:0.99,2,0:0.01/2:0.99,2,0,2,0:0.01/1:0.99,2,2,0,0,0,0:0.01/2:0.99,0,0,2,0:0.01/1:0.99,2,1,2,0:0.01/2:0.99,0,2,1,0:0.01/1:0.99,1,0,0,0:0.01/2:0.99,0,0,0,0:0.01/1:0.99,1,0,0,1,2,0:0.01/1:0.99,0:0.01/2:0.99,0:0.01/1:0.99,2,2,0,0,2,0,0,0,0,0,0,2,0,0,1,0:0.01/1:0.99,0,0,0:0.01/1:0.99,0:0.01/2:0.99,0:0.01/2:0.99,1,0,1,1,0,0,2,0:0.01/2:0.99,0:0.01/1:0.99,1,0:0.01/1:0.99,0,1,0:0.01/2:0.99,0:0.01/1:0.99,0:0.01/1:0.99,0,0,2,0,0:0.01/2:0.99,1,0,0:0.01/1:0.99,0,2,0,0,0,0:0.01/1:0.99,0,0:0.01/2:0.99,0,1,1,2,2,0,2,0,1,0,0:0.01/1:0.99,2,0,2,0,2,0:0.01/1:0.99,1,0:0.01/1:0.99,0:0.01/2:0.99,0,0,0:0.01/1:0.99,0:0.01/2:0.99,0,2,2,0:0.01/1:0.99,0,0:0.01/1:0.99,0,0:0.01/2:0.99,2,1,0,0:0.01/1:0.99,0,0:0.01/2:0.99,1,1,0,1,0,0,0,1,0:0.01/1:0.99,0,2,0:0.01/2:0.99,0,1
200_3,2,1,2,1,2,1,0,0,0:0.01/1:0.99,0,1,2,0,2,0:0.01/1:0.99,2,2,0,0,1,1,0,2,1,0,1,0,2,2,2,0,0,0,2,0,2,1,1,2,0:0.01/1:0.99,2,0,1,1,0,2,0,2,0,2,0,0,2,1,2,2,2,2,0,2,1,2,2,0,0,0,2,0,0,2,1,2,1,2,2,0,2,1,1,1,0,0,2,0,0,0,1,1,0,0,1,2,1,2,1,2,2,0,0,2,0:0.01/2:0.99,0,0:0.01/1:0.99,0,0,0,2,0,0,1,1,0,0:0.01/1:0.99,1,2,2,1,0,1,1,0,0,2,2,1,1,1,0,1,2,1,1,0,0,2,0,2,1,0,1,0:0.01/1:0.99,2,0,0:0.01/1:0.99,0,1,0,2,0,1,1,2,2,0,2,0,1,0,1,2,0,2,0,2,1,1,1,2,0,0:0.01/2:0.99,1,2,0,2,2,1,0,1,0,2,2,1,0,1,0:0.01/1:0.99,2,1,1,0,1,0,0,0,1,1,0,2,2,0,1
216_4,2,1,2,1,2,1,0,0,1,0,1,2,0,2,1,2,2,0,0,1,1,0,2,1,1,1,0,2,2,2,0,0,0,2,0,2,1,1,2,1,2,0,1,1,0,2,0,2,0,2,0,0,2,1,2,2,2,2,0,2,1,2,2,1,0,0,2,0,0,2,1,2,1,2,2,0,2,1,1,1,0,0,2,0,0,0,1,1,0,2,1,2,1,2,1,2,2,0,1,2,2,0,1,0,0,0,2,0,0,1,1,0,1,1,2,2,1,0,1,1,0,0,2,2,1,1,1,0,1,2,1,1,0,0,2,0,2,1,0,1,1,2,0,1,0,1,0,2,0,1,1,2,2,0,2,0,1,0,1,2,0,2,0,2,1,1,1,2,0,2,1,2,0,2,2,1,0,1,0,2,2,1,0,1,1,2,1,1,0,1,0,0,0,1,1,0,2,2,0,1
216_3,2,1,2,1,2,1,0,0,1,0,1,2,0,2,1,2,2,0,0,1,1,0,2,1,0,1,0,2,2,2,0,0,0,2,0,2,1,1,2,1,2,0,1,1,0,2,0,2,0,2,0,0,2,1,2,2,2,2,0,2,1,2,2,0,0,0,2,0,0,2,1,2,1,2,2,0,2,1,1,1,0,0,2,0,0,0,1,1,0,0,1,2,1,2,1,2,2,0,0,2,2,0,1,0,0,0,2,0,0,1,1,0,1,1,2,2,1,0,1,1,0,0,2,2,1,1,1,0,1,2,1,1,0,2,2,0,2,1,0,1,1,2,1,1,0,1,0,2,0,1,1,2,2,0,2,0,1,0,1,2,0,2,0,2,1,1,1,2,0,2,1,2,0,2,2,1,0,1,0,2,2,1,0,1,1,2,1,1,0,1,0,0,0,1,1,0,2,2,0,1
196_1,2,1,2,1,2,1,0,0,0,2,1,2,0,2,2,2,2,0,0,1,1,0,2,1,2,1,0,2,2,2,0,0,0,2,0,2,1,1,2,0,2,0,1,1,0,2,0,2,0,2,0,0,2,1,2,2,2,2,2,2,1,2,2,0,0,0,2,0,0,2,1,2,1,2,2,0,2,1,1,1,0,0,2,0,0,0,1,1,0,0,1,2,1,2,1,2,2,0,1,2,0,0,0,2,0,1,2,0,0,1,1,0,2,1,2,2,1,0,1,1,0,0,2,2,1,1,1,0,1,2,1,1,0,0,2,2,2,1,0,1,2,2,0,0,0,1,0,2,0,1,1,2,2,0,2,0,1,0,1,2,0,2,0,2,1,1,1,2,0,0,1,2,0,2,2,1,0,1,0,2,2,1,0,1,0,2,1,1,0,1,0,0,0,1,1,0,2,2,2,1
216_2,2,1,2,1,2,1,0,0,0,2,1,2,0,2,2,2,2,0,0,1,1,0,2,1,2,1,0,2,2,2,0,0,0,2,0,2,1,1,2,0,2,0,1,1,2,2,0,2,0,2,0,0,2,1,2,2,2,2,2,2,1,2,2,0,0,0,2,0,0,2,1,2,1,2,2,0,2,1,1,1,0,0,2,0,0,0,1,1,0,0,1,2,1,2,1,2,2,0,1,2,0,0,0,2,0,1,2,0,0,1,1,0,2,1,2,2,1,0,1,1,0,0,2,2,1,1,1,0,1,2,1,1,0,0,2,2,2,1,0,1,2,2,0,0,0,1,0,2,0,1,1,2,2,0,2,0,1,0,1,2,0,2,0,2,1,1,1,2,0,0,1,2,0,2,2,1,0,1,0,2,2,1,0,1,0,2,1,1,0,1,0,0,0,1,1,0,2,2,2,1
216_1,2,1,2,1,2,1,0,0,0,2,1,2,0,2,2,2,2,0,0,1,1,0,2,1,2,1,0,2,2,2,0,0,0,2,0,2,1,1,2,0,2,0,1,1,0,2,0,2,0,2,0,0,2,1,2,2,2,2,2,2,1,2,2,0,0,2,2,0,0,2,1,2,1,2,2,0,2,1,1,1,1,0,2,0,0,0,1,1,0,0,1,2,1,2,1,2,2,0,1,2,0,0,0,2,0,1,2,0,0,1,1,0,2,1,2,2,1,0,1,1,0,0,2,2,1,1,1,0,1,2,1,1,0,0,2,2,2,1,0,1,2,2,0,0,0,1,0,2,0,1,1,2,2,0,2,0,1,0,1,2,0,2,0,2,1,1,1,2,0,0,1,2,0,2,2,1,0,1,0,2,2,1,0,1,0,2,1,1,0,1,0,0,0,1,1,0,2,2,2,1
83_2,0:0.01/2:0.99,0,0:0.01/2:0.99,0,0:0.01/2:0.99,0,0,0,0:0.1/2:0.9,0,0:0.01/1:0.99,0:0.01/2:0.99,0,0:0.01/2:0.99,0,0,0,0,0,0:0.1/2:0.9,0,0,0:0.01/2:0.99,0:0.1/2:0.9,0,0,0,0,0:0.01/2:0.99,0:0.1/1:0.9,0:0.1/2:0.9,0,0,0:0.01/2:0.99,0:0.1/2:0.9,0,0:0.01/1:0.99,0,0:0.01/2:0.99,0,0:0.1/1:0.9,0:0.1/1:0.9,0,0:0.1/2:0.9,0,0:0.01/2:0.99,0,0:0.01/2:0.99,0,0:0.01/2:0.99,0:0.1/1:0.9,0,0:0.01/2:0.99,0,0:0.1/1:0.9,0:0.01/2:0.99,0:0.1/1:0.9,0:0.01/2:0.99,0,0:0.01/2:0.99,0,0:0.01/2:0.99,0:0.01/2:0.99,0,0,0,0,0,0,0:0.01/2:0.99,0,0:0.01/2:0.99,0:0.01/1:0.99,0:0.01/2:0.99,0,0,0:0.01/2:0.99,0:0.01/1:0.99,0,0:0.01/1:0.99,0:0.1/2:0.9,0,0,0,0,0,0,0:0.01/1:0.99,0,0,0:0.01/1:0.99,0:0.01/2:0.99,0,0,0,0:0.01/2:0.99,0:0.01/2:0.99,0,0,0:0.01/2:0.99,0,0,0,0,0,0,0:0.01/2:0.99,0,0,0:0.01/1:0.99,0,0:0.1/2:0.9,0,0,0,0,0:0.01/1:0.99,0,0:0.01/1:0.99,0:0.01/1:0.99,0,0:0.1/1:0.9,0:0.01/2:0.99,0,0,0:0.01/1:0.99,0,0,0:0.01/1:0.99,0,0,0,0:0.1/2:0.9,0,0:0.01/2:0.99,0,0,0:0.01/1:0.99,0,0,0,0:0.01/2:0.99,0,0,0:0.1/1:0.9,0,0,0,0,0:0.01/1:0.99,0:0.01/1:0.99,0:0.01/2:0.99,0:0.01/2:0.99,0,0:0.01/2:0.99,0,0:0.01/1:0.99,0,0,0:0.01/2:0.99,0,0:0.01/2:0.99,0,0:0.01/2:0.99,0:0.1/2:0.9,0:0.01/1:0.99,0,0,0:0.1/2:0.9,0:0.1/1:0.9,0,0,0:0.1/2:0.9,0:0.01/2:0.99,0:0.01/2:0.99,0,0,0,0,0:0.1/1:0.9,0:0.01/2:0.99,0:0.01/1:0.99,0:0.1/2:0.9,0,0,0,0:0.01/1:0.99,0:0.01/1:0.99,0,0:0.01/1:0.99,0,0,0:0.1/2:0.9,0:0.01/1:0.99,0,0,0:0.01/2:0.99,0,0:0.1/1:0.9,0:0.01/1:0.99
132_3,2,0,2,0,2,0,0:0.04/2:0.96,0:0.04/2:0.96,2,0,1,2,0,2,0,0,0,0,0,2,0,0:0.04/1:0.96,2,2,0,0,0:0.04/2:0.96,0,2,1,2,0,0,2,2,0:0.04/1:0.96,1,0,2,0,1,1,0,2,0,2,0,2,0,2,1,0,2,0,1,2,1,2,0,2,0,2,2,0,0,0:0.04/2:0.96,0:0.04/2:0.96,0:0.04/2:0.96,0,2,0,2,1,2,0:0.04/1:0.96,0,2,1,0,1,2,0,0,0,0,0,0,1,0:0.04/2:0.96,0,1,2,0,0:0.04/2:0.96,0,2,2,0,0,2,0,0,0,0:0.04/2:0.96,0,0:0.04/2:0.96,2,0,0,1,0,2,0,0,0,0,1,0,1,1,0,1,2,0,0:0.04/1:0.96,1,0,0,1,0,0,0:0.04/2:0.96,2,0,2,0:0.04/1:0.96,0,1,0,0,0:0.04/2:0.96,2,0,0,1,0,0,0:0.04/1:0.96,0,1,1,2,2,0,2,0,1,0,0,2,0,2,0,2,2,1,0:0.04/1:0.96,0,2,1,0:0.04/1:0.96,0,2,2,2,0,0,0,0,1,2,1,2,0,0:0.04/2:0.96,0,1,1,0,1,0,0:0.04/1:0.96,2,1,0,0,2,0,1,1
185_3,2,0,2,0,2,0,2,2,2,0:0.02/1:0.98,1,2,0,2,0,0,0,0,0,2,0,1,2,2,0,0,2,0,2,1,2,0,0,2,2,1,1,0,2,0,1,1,0:0.02/1:0.98,2,0,2,0,2,0,2,1,0,2,0:0.02/1:0.98,1,2,1,2,0,2,0,2,2,0,0,2,2,2,0,2,0,2,1,2,1,0,2,1,0,1,2,0:0.02/2:0.98,0,0,0,0,0,1,2,0,1,2,0,2,0,2,2,0,0,2,0,0,0,2,0,2,2,0,0,1,0:0.02/1:0.98,2,0,0,0,0,1,0,1,1,0,1,2,0:0.02/1:0.98,1,1,0,0,1,0,0,2,2,0,2,1,0,1,0,0,2,2,0,0:0.02/2:0.98,1,0,0,1,0,1,1,2,2,0,2,0:0.02/2:0.98,1,0,0,2,0:0.02/1:0.98,2,0,2,2,1,1,0,2,1,1,0,2,2,2,0,0,0,0,1,2,1,2,0,2,0,1,1,0:0.02/2:0.98,1,0,1,2,1,0:0.02/1:0.98,0,2,0,1,1
216_6,2,0,2,0,2,0,2,2,2,1,1,2,0,2,0,0,0,0,0,2,0,1,2,2,0,0,2,0,2,1,2,0,0,2,2,1,1,0,2,0,1,1,1,2,0,2,0,2,0,2,1,0,2,1,1,2,1,2,0,2,0,2,2,0,0,2,2,2,0,2,0,2,1,2,1,0,2,1,0,1,2,2,0,0,0,0,0,1,2,0,1,2,0,2,0,2,2,0,0,2,0,0,0,2,0,2,2,0,0,1,1,2,0,0,0,0,1,2,1,1,0,1,2,1,1,1,0,0,1,0,1,2,2,0,2,1,2,1,0,0,2,2,0,2,1,0,0,1,0,1,1,2,2,0,2,2,1,1,2,2,1,2,0,2,2,1,1,1,2,1,1,0,2,2,2,0,2,0,0,1,2,1,2,0,2,0,1,1,2,1,0,1,2,1,1,0,2,0,1,1
216_5,2,0,2,0,2,0,2,2,2,1,1,2,0,2,0,0,0,0,0,2,0,1,2,2,0,0,2,0,2,1,2,0,0,2,2,1,1,0,2,0,1,1,1,2,0,2,0,2,1,2,1,0,2,1,1,2,1,2,0,2,0,2,2,0,0,2,2,2,0,2,0,2,1,2,1,0,2,1,0,1,2,2,0,0,0,0,0,1,2,0,1,2,0,2,0,2,2,0,0,2,0,1,0,2,0,2,2,0,0,1,1,2,0,0,0,0,1,0,1,1,0,1,2,1,1,1,0,0,1,1,0,2,2,0,2,1,0,1,0,0,2,2,0,2,1,0,0,1,0,1,1,2,2,0,2,2,1,0,0,2,1,2,0,2,2,1,1,0,2,1,1,0,2,2,2,0,0,0,0,1,2,1,2,2,2,0,1,1,2,1,0,1,2,1,1,0,2,0,1,1
180_6,2,0,2,0,2,0,2,2,2,0,1,2,0,2,0:0.02/2:0.98,0,0,0,0,2,0,1,2,2,0:0.02/2:0.98,0,2,0,2,1,2,0,0:0.02/2:0.98,2,2,1,1,0,2,0:0.02/1:0.98,1,1,0,2,0,2,0:0.02/1:0.98,2,0:0.02/1:0.98,2,1,0,2,0,1,2,1,2,0,2,0,2,2,0,0,2,2,2,0,2,0,2,1,2,1,0,2,1,0,1,2,0,0,0,0,0,0,1,2,0,1,2,0,2,0,2,2,0:0.02/1:0.98,0,2,0,0,0,2,0,2,2,0,0,1,0,2,0:0.02/2:0.98,0,0:0.02/2:0.98,0,1,0,1,1,0,1,2,0,1,1,0,0,1,0,0,2,2,0:0.02/1:0.98,2,1,0:0.02/1:0.98,1,0,0,2,2,0,0,1,0:0.02/1:0.98,0,1,0,1,1,2,2,0,2,0,1,0,0,2,0,2,0,2,2,1,1,0,2,1,1,0,2,2,2,0,0:0.02/2:0.98,0,0,1,2,1,2,0,2,0,1,1,0,1,0,1,2,1,0,0,2,0:0.02/1:0.98,1,1
216_8,2,0,2,0,2,1,2,2,2,0,1,2,0,2,2,0,0,0,0,2,0,1,2,2,2,0,2,0,2,1,2,0,2,2,2,1,1,0,2,1,1,1,0,2,0,2,1,2,1,2,1,0,2,0,1,2,1,2,0,2,2,2,2,0,0,2,2,2,0,2,0,2,1,2,1,0,2,1,0,1,2,0,2,0,0,0,0,1,2,0,1,2,0,2,0,2,2,1,0,2,0,0,0,2,0,2,2,0,0,1,0,2,2,0,2,0,1,0,1,1,0,1,2,1,1,1,0,0,1,0,2,2,2,1,2,1,1,1,0,0,2,2,0,0,1,1,0,1,0,1,1,2,2,0,2,0,1,0,0,2,0,2,0,2,2,1,1,0,2,1,1,0,2,2,2,0,2,0,0,1,2,1,2,0,2,0,1,1,0,1,0,1,2,1,0,2,2,1,1,1
216_7,2,0,2,0,2,0,2,2,2,0,1,2,0,2,2,0,0,0,0,2,2,1,2,2,2,0,2,0,2,1,2,0,2,2,2,1,1,0,2,1,1,1,0,2,0,2,1,2,1,2,1,2,2,0,1,2,1,2,0,2,1,2,2,0,0,2,2,2,0,2,0,2,1,2,1,0,2,1,0,1,2,0,0,2,2,0,0,1,2,0,1,2,0,2,0,2,2,1,0,2,0,0,0,2,0,2,2,0,0,1,2,2,2,0,2,0,1,0,1,1,0,1,2,0,1,1,0,0,1,0,0,2,2,1,2,1,1,1,1,0,2,2,0,0,1,1,0,1,0,1,1,2,2,0,2,0,1,0,0,2,0,2,0,2,2,1,1,0,2,1,1,0,2,2,2,0,2,0,0,1,2,1,2,0,2,0,1,1,0,1,2,1,2,1,0,0,2,1,1,1
130_4,2,0,2,0,2,0:0.03/1:0.97,0,0:0.03/1:0.97,2,0,1,2,0,2,0,0:0.03/2:0.97,0,0,0,2,0,0,2,2,0,0,0:0.03/1:0.97,0,2,1,2,0,0,2,2,0,1,0,2,0:0.03/1:0.97,1,1,0:0.03/1:0.97,2,0,2,0,2,0,2,1,0,2,0,1,2,1,2,0,2,0,2,2,0,0,0,0,0,0,2,0,2,1,2,0:0.03/2:0.97,0,2,1,0,1,2,0,0,0,0,0,0:0.03/2:0.97,1,0,0,1,2,0:0.03/2:0.97,0,0,2,2,0:0.03/1:0.97,0:0.03/2:0.97,2,0,0:0.03/1:0.97,0,0,0:0.03/1:0.97,0,2,0,0,1,0:0.03/1:0.97,2,0,0,0,0:0.03/2:0.97,1,0,1,1,0,1,2,0,0,1,0,0,1,0:0.03/2:0.97,0,0,2,0:0.03/2:0.97,2,0,0,1,0,0,0,2,0,0:0.03/2:0.97,1,0,0,0,0,1,1,2,2,0:0.03/1:0.97,2,0:0.03/2:0.97,1,0,0:0.03/2:0.97,2,0,2,0,2,2,1,0,0,2,1,0,0,2,2,2,0,0,0:0.03/1:0.97,0,1,2,1,2,0,0:0.03/1:0.97,0,1,1,0,1,0,0:0.03/2:0.97,2,1,0,0,2,0:0.03/2:0.97,1,1
178_7,2,0,2,0,2,1,0,1,2,0,1,2,0,2,0:0.04/2:0.96,2,0,0,0,2,0,0,2,2,0,0,1,0:0.04/1:0.96,2,1,2,0:0.04/1:0.96,0,2,2,0,1,0,2,1,1,1,1,2,0,2,0:0.04/1:0.96,2,0,2,1,0,2,0:0.04/2:0.96,1,2,1,2,0,2,0,2,2,0,0,0,0,0,0,2,0,2,1,2,2,0,2,1,0,1,2,0,0,0,0,0,2,1,0,0,1,2,2,0,0:0.04/1:0.96,2,2,1,2,2,0,1,0,0,1,0:0.04/1:0.96,2,0,0,1,1,2,0,0,0,2,1,0,1,1,0,1,2,0,0,1,0,0,1,2,0,0:0.04/1:0.96,2,2,2,0,0,1,0,0,0:0.04/2:0.96,2,0,2,1,0,0,0,0,1,1,2,2,1,2,2,1,0,2,2,0,2,0,2,2,1,0,0,2,1,0,0,2,2,2,0,0,1,0,1,2,1,2,0,1,0,1,1,0,1,0:0.04/1:0.96,2,2,1,0,0,2,2,1,1
216_10,2,0,2,0,2,1,0,1,2,0,1,2,0,2,2,2,0,0,0,2,0,0,2,2,0,0,1,1,2,1,2,1,1,2,2,0,1,0,2,1,1,1,1,2,0,2,1,2,0,2,1,0,2,2,1,2,1,2,0,2,0,2,2,0,0,0,0,0,0,2,2,2,1,2,2,0,2,1,0,1,2,0,0,0,0,0,2,1,0,0,1,2,2,0,1,2,2,1,2,2,0,1,1,0,1,1,2,0,0,1,1,2,0,0,0,2,1,0,1,1,0,1,2,0,0,1,0,0,1,2,0,1,2,2,2,0,0,1,2,0,2,2,0,2,1,0,0,2,2,1,1,2,2,1,2,2,1,0,2,2,0,2,0,2,2,1,0,0,2,1,0,0,2,2,2,0,0,1,0,1,2,1,2,0,1,0,1,1,0,1,1,2,2,1,0,2,2,2,1,1
216_9,2,0,2,1,2,1,0,1,2,0,1,2,0,2,2,2,2,0,0,2,0,0,2,2,0,0,1,1,2,1,2,1,0,2,2,0,1,2,2,1,1,1,1,2,0,2,1,2,0,2,1,2,2,2,1,2,1,2,0,2,0,2,2,0,0,0,0,0,0,2,0,2,1,2,2,0,2,1,0,1,2,0,0,0,0,0,2,1,0,0,1,2,2,0,1,2,2,1,2,2,0,1,0,0,1,1,2,0,0,1,1,2,0,0,0,2,1,0,1,1,0,1,2,0,0,1,0,0,1,2,0,1,2,2,2,0,1,1,0,0,2,2,2,2,1,0,0,0,0,1,1,2,2,1,2,2,1,0,2,2,0,2,0,2,2,1,0,2,2,1,0,0,2,2,2,0,0,1,2,1,2,1,2,0,1,2,1,1,0,1,1,2,2,1,0,0,2,2,1,1
175_8,2,0,2,0,2,1,0:0.04/2:0.96,1,2,0,1,2,0,2,0,2,0,0,0,2,0,0,2,2,0,0,1,0,2,1,2,0,0,2,2,0,1,0,2,1,1,1,1,2,0:0.04/2:0.96,2,0:0.04/2:0.96,2,0:0.04/1:0.96,2,1,0,2,0,1,2,1,2,0,2,0,2,2,0,0,0:0.04/2:0.96,0,0,0,2,0,2,1,2,2,0:0.04/2:0.96,2,1,0:0.04/1:0.96,1,2,0,0,0,0:0.04/2:0.96,0,2,1,0,0,1,2,2,0,0,2,2,1,2,2,0,1,0,0,1,0,2,0,0,1,1,2,0,0,0,2,1,0:0.04/1:0.96,1,1,0,1,2,0,0,1,0,0,1,2,0,0,2,2,2,0,0:0.04/2:0.96,1,0:0.04/1:0.96,0,0,2,0,2,1,0,0,0,0,1,1,2,2,1,2,2,1,0,2,2,0,2,0,2,2,1,0:0.04/2:0.96,0,2,1,0,0,2,2,2,0,0,1,0,1,2,1,2,0,1,0,1,1,0:0.04/2:0.96,1,0,2,2,1,0,0,2,2,1,1
216_12,2,0,2,0,2,1,2,1,2,0,1,2,0,2,0,2,0,1,0,2,0,0,2,2,0,0,1,0,2,1,2,0,0,2,2,0,1,0,2,1,1,1,1,2,2,2,2,2,1,2,1,0,2,0,1,2,1,2,0,2,0,2,2,0,0,2,0,0,0,2,0,2,1,2,2,2,2,1,1,1,2,0,0,0,2,0,2,1,0,0,1,2,2,0,0,2,2,1,2,2,0,1,0,0,1,0,2,0,0,1,1,2,0,0,0,2,1,1,1,1,0,1,2,0,0,1,2,0,1,2,0,2,2,2,2,0,2,1,1,0,0,2,0,2,1,0,0,0,1,1,1,2,2,1,2,2,1,0,2,2,0,2,0,2,2,1,2,0,2,1,0,0,2,2,2,0,0,1,2,1,2,1,2,0,1,0,1,1,2,1,0,2,2,1,0,0,2,2,1,1
216_11,2,0,2,0,2,1,2,1,2,1,1,2,0,2,0,2,0,0,0,2,0,0,2,2,0,0,1,0,2,1,2,0,0,2,2,2,1,0,2,1,1,1,1,2,2,2,2,2,1,2,1,0,2,0,1,2,1,2,0,2,0,2,2,0,1,2,0,2,0,2,0,2,1,2,2,2,2,1,1,1,2,0,0,0,2,0,2,1,0,0,1,2,2,1,0,2,2,1,2,2,0,1,0,0,1,2,2,0,0,1,1,2,0,0,0,2,1,1,1,1,0,1,2,0,1,1,0,1,1,2,0,0,2,2,2,1,2,1,1,0,0,2,0,2,1,0,0,0,0,1,1,2,2,1,2,2,1,1,2,2,0,2,0,2,2,1,2,1,2,1,1,0,2,2,2,0,0,1,0,1,2,1,2,0,1,0,1,1,2,1,0,2,2,1,0,0,2,2,1,1
