[&R] ((((((216_3:0,216_4:0)212_3:1.057,216_5:2.057)159_2:0.001,216_1:2.058)106_1:0.004,(((216_6:0,216_7:0)207_5:1.143,(216_8:0,216_9:0)209_7:1.143)155_3:0.006,((216_12:0,216_13:0)201_8:0,216_11:0)155_4:1.149)106_2:1.913)59_1:6.045,(((216_20:0.143,216_21:2.143)175_12:1.061,(216_18:0,216_19:0)179_12:2.204)126_6:1.234,((216_16:0.081,216_17:1.081)177_10:1.476,(216_14:0,216_15:0)180_9:2.557)130_5:2.881)73_3:2.669)16_1:0.893)I0;
I0,0,0,0,0,0,0,0,0,0,0
16_1,0,0,0,0:0.55/1:0.45,0:0.55/2:0.45,0,0,0,0,0
73_3,0,0,0,0:0.08/1:0.92,0:0.08/2:0.92,0:0.14/1:0.86,0:0.14/2:0.86,0,0,0
130_5,0,0:0.16/2:0.84,0:0.16/1:0.84,0:0.01/1:0.99,0:0.01/2:0.99,0:0.02/1:0.98,0:0.02/2:0.98,0,0,0:0.16/1:0.84
180_9,0,2,1,1,2,1,2,2,1,1
216_15,0,2,1,1,2,1,2,2,1,1
216_14,0,2,1,1,2,1,2,2,1,1
177_10,0:0.05/2:0.95,0:0.01/2:0.99,0:0.01/1:0.99,1,2,1,2,0,0,0:0.01/1:0.99
216_17,2,2,1,1,2,1,2,1,0,1
216_16,2,2,1,1,2,1,2,0,0,1
126_6,0,0,0,0:0.01/1:0.99,0:0.01/2:0.99,0:0.02/1:0.98,0:0.02/2:0.98,0,0,0:0.14/2:0.86
179_12,0,0,1,1,2,1,2,0,1,2
216_19,0,0,1,1,2,1,2,0,1,2
216_18,0,0,1,1,2,1,2,0,1,2
175_12,0,0,0:0.12/2:0.88,1,2,1,2,0,0,0:0.02/2:0.98
216_21,2,1,2,1,2,1,2,0,0,2
216_20,0,0,2,1,2,1,2,0,0,2
59_1,0:0.01/2:0.99,0:0.01/2:0.99,0,0:0.01/1:0.99,0:0.01/2:0.99,0:0.01/2:0.99,0:0.01/1:0.99,0:0.01/1:0.99,0,0
106_2,2,2,0:0.07/1:0.93,1,2,2,1,1,0,0:0.07/1:0.93
155_4,2,2,1,1,2,2,1,1,2,1
216_11,2,2,1,1,2,2,1,1,2,1
201_8,2,2,1,1,2,2,1,1,2,1
216_13,2,2,1,1,2,2,1,1,2,1
216_12,2,2,1,1,2,2,1,1,2,1
155_3,2,2,0:0.07/1:0.93,1,2,2,1,1,0,0:0.07/1:0.93
209_7,2,2,1,1,2,2,1,1,1,1
216_9,2,2,1,1,2,2,1,1,1,1
216_8,2,2,1,1,2,2,1,1,1,1
207_5,2,2,1,1,2,2,1,1,2,1
216_7,2,2,1,1,2,2,1,1,2,1
216_6,2,2,1,1,2,2,1,1,2,1
106_1,0:0.01/2:0.99,0:0.01/2:0.99,0,0:0.01/1:0.99,0:0.01/2:0.99,0:0.01/2:0.99,0:0.01/1:0.99,0:0.01/1:0.99,0,0
216_1,2,2,0,1,2,2,1,1,2,1
159_2,0:0.01/2:0.99,0:0.01/2:0.99,0,0:0.01/1:0.99,0:0.01/2:0.99,0:0.01/2:0.99,0:0.01/1:0.99,0:0.01/1:0.99,0,0
216_5,2,2,2,1,2,2,1,1,1,0
212_3,2,2,0,1,2,2,1,1,2,0
216_4,2,2,0,1,2,2,1,1,2,0
216_3,2,2,0,1,2,2,1,1,2,0
