[&R] ((((((216_3:0,216_4:0)212_3:0.304,216_5:3.304)159_2:0.909,216_1:2.213)106_1:1.949,(((216_6:0,216_7:0)207_5:2.162,(216_8:0,216_9:0)209_7:0.162)155_3:3.204,((216_12:0,216_13:0)201_8:5.326,216_11:4.326)155_4:0.04)106_2:0.796)59_1:1.838,(((216_20:2.001,216_21:0.001)175_12:0,(216_18:0.001,216_19:1.001)179_12:0)126_6:1.012,((216_16:0,216_17:0)177_10:1.011,(216_14:0.036,216_15:1.036)180_9:0.976)130_5:0.002)73_3:4.987)16_1:0)I0;
I0,0,0,0,0,0,0,0,0,0,0
16_1,0,0,0,0,0,0,0,0,0,0
73_3,1,0,0,0,2,0,1,0,2,1
130_5,1,0,0,0,2,0,1,0,2,1
180_9,1,0,0,0:0.04/1:0.96,2,0,1,0,2,1
216_15,1,0,0,1,2,0,1,1,2,1
216_14,1,0,0,1,2,0,1,0,2,1
177_10,1,0,0,0,2,0,1,1,2,1
216_17,1,0,0,0,2,0,1,1,2,1
216_16,1,0,0,0,2,0,1,1,2,1
126_6,1,0,1,0,2,0,1,0,2,1
179_12,1,0,1,0,2,0,1,0,2,1
216_19,1,0,1,0,2,0,1,1,2,1
216_18,1,0,1,0,2,0,1,0,2,1
175_12,1,0,1,0,2,0,1,0,2,1
216_21,1,0,1,0,2,0,1,0,2,1
216_20,1,0,1,2,2,2,1,0,2,1
59_1,0,0,0:0.08/1:0.92,0:0.08/2:0.92,0,0,0,0,0,0
106_2,0,0,0:0.03/1:0.97,0:0.03/2:0.97,0,0,0,0,0,0:0.32/1:0.68
155_4,0,0,0:0.02/1:0.98,0:0.02/2:0.98,0,0,0,0:0.97/1:0.03,0,0:0.31/1:0.69
216_11,1,2,1,2,0,0,2,1,0,1
201_8,2,0,1,2,0,1,1,1,1,1
216_13,2,0,1,2,0,1,1,1,1,1
216_12,2,0,1,2,0,1,1,1,1,1
155_3,0:0.05/1:0.95,0,1,2,0:0.05/1:0.95,0:0.05/2:0.95,0,0,0,0:0.02/1:0.98
209_7,1,0,1,2,1,2,0,0,0,1
216_9,1,0,1,2,1,2,0,0,0,1
216_8,1,0,1,2,1,2,0,0,0,1
207_5,1,1,1,2,1,2,0,0,2,1
216_7,1,1,1,2,1,2,0,0,2,1
216_6,1,1,1,2,1,2,0,0,2,1
106_1,0,0,0:0.01/1:0.99,0:0.01/2:0.99,0:0.1/1:0.9,0,0,0,0:0.1/2:0.9,0
216_1,0,0,1,2,1,1,0,0,2,2
159_2,0,0,1,2,0:0.02/1:0.98,0,0,0,0:0.02/2:0.98,0:0.25/1:0.75
216_5,2,0,1,2,1,2,2,0,2,1
212_3,0,0,1,2,1,0,0,0,2,1
216_4,0,0,1,2,1,0,0,0,2,1
216_3,0,0,1,2,1,0,0,0,2,1
