[&R] ((((((216_3:0,216_4:0)212_3:0.001,216_5:1.001)159_2:0.001,216_1:0.002)106_1:3.769,(((216_6:0,216_7:0)207_5:0.207,(216_8:0,216_9:0)209_7:2.207)155_3:0.816,((216_12:0,216_13:0)201_8:1.021,216_11:1.021)155_4:0.002)106_2:2.748)59_1:3.181,(((216_20:0,216_21:0)175_12:0.001,(216_18:0.001,216_19:1.001)179_12:0.001)126_6:1.316,((216_16:0,216_17:0)177_10:1.048,(216_14:0,216_15:0)180_9:0.048)130_5:2.269)73_3:4.635)16_1:0.048)I0;
I0,0,0,0,0,0,0,0,0,0,0
16_1,0,0,0,0:0.95/2:0.05,0,0,0,0,0,0
73_3,0,0,0:0.06/2:0.94,0:0.06/2:0.94,0:0.06/1:0.94,0,0:0.06/2:0.94,0:0.06/2:0.94,0,0
130_5,0:0.02/1:0.98,0:0.02/1:0.98,2,2,1,0,2,2,0,0
180_9,1,1,2,2,1,0,2,2,0,0
216_15,1,1,2,2,1,0,2,2,0,0
216_14,1,1,2,2,1,0,2,2,0,0
177_10,1,1,2,2,1,0,2,2,1,0
216_17,1,1,2,2,1,0,2,2,1,0
216_16,1,1,2,2,1,0,2,2,1,0
126_6,0,0,2,2,1,0,2,2,2,0
179_12,0,0,2,2,1,0,2,2,2,0
216_19,0,0,2,2,1,0,2,2,2,2
216_18,0,0,2,2,1,0,2,2,2,0
175_12,0,0,2,2,1,0,2,2,2,0
216_21,0,0,2,2,1,0,2,2,2,0
216_20,0,0,2,2,1,0,2,2,2,0
59_1,0:0.2/1:0.8,0,0,0:0.19/2:0.81,0,0,0,0:0.2/1:0.8,0:0.2/2:0.8,0
106_2,1,0,0:0.01/2:0.99,2,0,0,0,1,2,0:0.01/1:0.99
155_4,1,0,0:0.01/2:0.99,2,0,0,0,1,2,0:0.01/1:0.99
216_11,1,1,2,2,0,0,0,1,2,1
201_8,1,0,2,2,0,0,1,1,2,1
216_13,1,0,2,2,0,0,1,1,2,1
216_12,1,0,2,2,0,0,1,1,2,1
155_3,1,0,2,2,0,0:0.2/1:0.8,0,1,2,1
209_7,1,0,2,2,1,1,1,1,2,1
216_9,1,0,2,2,1,1,1,1,2,1
216_8,1,0,2,2,1,1,1,1,2,1
207_5,1,0,2,2,0,1,0,1,2,1
216_7,1,0,2,2,0,1,0,1,2,1
216_6,1,0,2,2,0,1,0,1,2,1
106_1,1,0,0,2,0,2,2,1,2,2
216_1,1,0,0,2,0,2,2,1,2,2
159_2,1,0,0,2,0,2,2,1,2,2
216_5,1,0,0,2,1,2,2,1,2,2
212_3,1,0,0,2,0,2,2,1,2,2
216_4,1,0,0,2,0,2,2,1,2,2
216_3,1,0,0,2,0,2,2,1,2,2
