[&R] (((((216_3:1.04,216_4:0.04)202_2:2.967,(216_1:0,216_2:0)203_1:0.007)161_1:0.001,((216_7:0,216_8:0)207_6:1.001,(216_5:0,216_6:0)208_5:0.001)161_2:0.007)114_1:1.613,(((216_9:0,216_10:0)213_9:0,216_11:0)169_5:0,((216_12:0,216_13:0)214_12:0,(216_14:0,216_15:0)215_14:0)172_7:0)123_3:4.621)61_1:3.379)I0;
I0,0,0,0,0,0,0,0,0,0,0
61_1,0:0.16/1:0.84,0:0.16/1:0.84,0,0:0.16/2:0.84,0,0:0.16/1:0.84,0,0,0,0
123_3,1,1,2,2,2,1,0,0,2,1
172_7,1,1,2,2,2,1,0,0,2,1
215_14,1,1,2,2,2,1,0,0,2,1
216_15,1,1,2,2,2,1,0,0,2,1
216_14,1,1,2,2,2,1,0,0,2,1
214_12,1,1,2,2,2,1,0,0,2,1
216_13,1,1,2,2,2,1,0,0,2,1
216_12,1,1,2,2,2,1,0,0,2,1
169_5,1,1,2,2,2,1,0,0,2,1
216_11,1,1,2,2,2,1,0,0,2,1
213_9,1,1,2,2,2,1,0,0,2,1
216_10,1,1,2,2,2,1,0,0,2,1
216_9,1,1,2,2,2,1,0,0,2,1
114_1,1,1,0,2,0,1,0:0.01/1:0.99,0,0,0
161_2,1,1,0,2,0,1,1,0,0,0
208_5,1,1,0,2,0,1,1,0,0,0
216_6,1,1,0,2,0,1,1,0,0,0
216_5,1,1,0,2,0,1,1,0,0,0
207_6,1,1,0,2,0,1,1,0,0,2
216_8,1,1,0,2,0,1,1,0,0,2
216_7,1,1,0,2,0,1,1,0,0,2
161_1,1,1,0,2,0,1,1,0,0,0
203_1,1,1,0,2,0,1,1,0,0,0
216_2,1,1,0,2,0,1,1,0,0,0
216_1,1,1,0,2,0,1,1,0,0,0
202_2,1,1,0,2,0:0.01/2:0.99,1,1,0:0.01/1:0.99,0,0:0.01/1:0.99
216_4,1,1,0,2,2,1,1,1,0,1
216_3,1,1,1,2,2,1,1,1,0,1
