[&R] (((((216_3:5.166,216_4:4.166)202_2:16.097,(216_1:3.067,216_2:3.067)203_1:12.196)161_1:19.133,((216_7:3.052,216_8:2.052)207_6:16.131,(216_5:2.035,216_6:2.035)208_5:21.148)161_2:21.213)114_1:23.924,(((216_9:0.001,216_10:0.001)213_9:10.294,216_11:17.294)169_5:22.514,((216_12:0.001,216_13:0.001)214_12:13.2,(216_14:1.002,216_15:0.002)215_14:15.199)172_7:12.607)123_3:29.512)61_1:75.68)I0;
I0,0,0,0,0,0,0,0,0,0,0,0,0,0,0,0,0,0,0,0,0,0,0,0,0,0,0,0,0,0,0,0,0,0,0,0,0,0,0,0,0,0,0,0,0,0,0,0,0,0,0,0,0,0,0,0,0,0,0,0,0,0,0,0,0,0,0,0,0,0,0,0,0,0,0,0,0,0,0,0,0,0,0,0,0,0,0,0,0,0,0,0,0,0,0,0,0,0,0,0,0,0,0,0,0,0,0,0,0,0,0,0,0,0,0,0,0,0,0,0,0,0,0,0,0,0,0,0,0,0,0,0,0,0,0,0,0,0,0,0,0,0,0,0,0,0,0,0,0,0,0,0,0,0,0,0,0,0,0,0,0,0,0,0,0,0,0,0,0,0,0,0,0,0,0,0,0,0,0,0,0,0,0,0,0,0,0,0,0,0,0,0,0,0,0,0,0,0,0,0,0
61_1,0,0:0.04/2:0.96,0,0,0:0.04/1:0.96,0,0:0.04/1:0.96,0:0.04/2:0.96,0:0.04/1:0.96,0:0.04/2:0.96,0,0,0,0,0,0:0.04/1:0.96,0:0.04/2:0.96,0,0:0.04/1:0.96,0:0.04/1:0.96,0,0,0:0.04/1:0.96,0,0:0.04/1:0.96,0:0.04/2:0.96,0:0.04/1:0.96,0,0,0:0.04/1:0.96,0,0,0,0,0:0.04/2:0.96,0,0,0:0.04/2:0.96,0,0,0,0,0:0.04/2:0.96,0,0,0,0,0,0:0.04/2:0.96,0,0,0,0,0:0.04/2:0.96,0,0,0,0,0,0:0.04/1:0.96,0:0.04/2:0.96,0:0.04/2:0.96,0,0,0:0.04/2:0.96,0,0:0.04/2:0.96,0,0,0,0,0:0.04/2:0.96,0:0.04/2:0.96,0:0.04/2:0.96,0,0:0.04/2:0.96,0,0:0.04/2:0.96,0:0.04/2:0.96,0,0,0,0,0:0.04/1:0.96,0,0,0:0.04/1:0.96,0:0.04/1:0.96,0,0,0,0:0.04/2:0.96,0,0:0.04/2:0.96,0,0,0,0:0.04/1:0.96,0,0,0,0:0.04/2:0.96,0:0.04/1:0.96,0,0,0,0,0,0,0,0,0,0,0,0:0.04/1:0.96,0:0.04/1:0.96,0:0.04/1:0.96,0,0:0.04/2:0.96,0,0,0,0,0,0:0.04/2:0.96,0:0.04/2:0.96,0:0.04/1:0.96,0:0.04/1:0.96,0,0,0,0,0,0,0,0,0,0,0,0:0.04/2:0.96,0:0.04/1:0.96,0,0,0,0:0.04/1:0.96,0:0.04/1:0.96,0,0:0.04/1:0.96,0,0:0.04/1:0.96,0:0.04/1:0.96,0:0.04/2:0.96,0,0,0:0.04/1:0.96,0:0.04/2:0.96,0:0.04/2:0.96,0:0.04/2:0.96,0,0:0.04/2:0.96,0,0,0,0:0.04/2:0.96,0,0:0.04/1:0.96,0,0,0,0,0:0.04/2:0.96,0,0,0,0:0.04/1:0.96,0:0.04/2:0.96,0,0:0.04/1:0.96,0:0.04/2:0.96,0:0.04/1:0.96,0,0:0.04/2:0.96,0:0.04/2:0.96,0:0.04/2:0.96,0,0:0.04/2:0.96,0,0:0.04/1:0.96,0:0.04/2:0.96,0,0:0.04/1:0.96,0,0:0.04/1:0.96,0:0.04/2:0.96,0,0,0,0,0:0.04/1:0.96,0:0.04/1:0.96
123_3,0,2,0,0,1,0,1,2,1,2,0,0:0.06/1:0.94,0:0.06/1:0.94,0,0,1,2,0:0.06/2:0.94,1,1,0,0,1,0,1,2,1,0,0,1,0:0.06/1:0.94,0:0.06/1:0.94,0,0,2,0,0,2,0,0:0.06/1:0.94,0,0:0.06/1:0.94,2,0,0,0,0,0,2,0,0,0,0,2,0,0,0,0,0:0.06/1:0.94,1,2,2,0,0:0.06/1:0.94,2,0:0.06/2:0.94,2,0,0,0,0,2,2,2,0:0.06/2:0.94,2,0:0.06/1:0.94,2,2,0,0,0,0,1,0,0,1,1,0:0.06/2:0.94,0,0,2,0,2,0:0.06/1:0.94,0,0,1,0,0:0.06/2:0.94,0:0.06/2:0.94,2,1,0,0,0,0:0.06/2:0.94,0,0:0.06/2:0.94,0,0,0,0,0,1,1,1,0,2,0,0,0,0,0,2,2,1,1,0,0,0,0:0.06/1:0.94,0,0,0,0,0,0,0,2,1,0,0:0.06/2:0.94,0,1,1,0,1,0:0.06/1:0.94,1,1,2,0:0.06/1:0.94,0,1,2,2,2,0:0.06/1:0.94,2,0,0:0.06/1:0.94,0,2,0,1,0:0.06/1:0.94,0,0,0,2,0:0.06/1:0.94,0,0,1,2,0,1,2,1,0,2,2,2,0,2,0,1,2,0,1,0:0.06/2:0.94,1,2,0:0.06/2:0.94,0,0,0,1,1
172_7,0,2,0,0,1,0,1,2,1,2,0,0:0.01/1:0.99,0:0.01/1:0.99,0,0,1,2,0:0.01/2:0.99,1,1,0:0.09/2:0.91,0,1,0,1,2,1,0,0,1,0:0.01/1:0.99,0:0.01/1:0.99,0,0,2,0,0,2,0,0:0.01/1:0.99,0,0:0.01/1:0.99,2,0,0,0,0,0,2,0,0,0,0,2,0,0,0,0,0:0.01/1:0.99,1,2,2,0:0.09/1:0.91,0:0.01/1:0.99,2,0:0.01/2:0.99,2,0,0,0,0,2,2,2,0:0.01/2:0.99,2,0:0.01/1:0.99,2,2,0,0:0.09/1:0.91,0,0,1,0,0,1,1,0:0.01/2:0.99,0,0:0.09/2:0.91,2,0,2,0:0.01/1:0.99,0,0,1,0,0:0.01/2:0.99,0:0.01/2:0.99,2,1,0,0,0,0:0.01/2:0.99,0,0:0.01/2:0.99,0,0,0,0:0.09/1:0.91,0:0.09/2:0.91,1,1,1,0,2,0,0,0,0,0:0.09/1:0.91,2,2,1,1,0,0:0.09/2:0.91,0:0.09/1:0.91,0:0.01/1:0.99,0,0,0,0,0,0,0,2,1,0,0:0.01/2:0.99,0:0.09/2:0.91,1,1,0,1,0:0.01/1:0.99,1,1,2,0:0.01/1:0.99,0,1,2,2,2,0:0.01/1:0.99,2,0,0:0.01/1:0.99,0,2,0,1,0:0.01/1:0.99,0,0:0.09/2:0.91,0,2,0:0.01/1:0.99,0,0,1,2,0,1,2,1,0:0.09/2:0.91,2,2,2,0,2,0,1,2,0,1,0:0.01/2:0.99,1,2,0:0.01/2:0.99,0,0,0,1,1
215_14,1,2,0,0,1,0,1,2,1,2,0,1,1,0,0,1,2,2,1,1,2,0,1,0,1,2,1,0,0,1,1,1,0,2,2,0,0,2,0,1,0,1,2,0,0,0,0,0,2,2,0,0,0,2,0,0,1,0,1,1,2,2,1,1,2,2,2,0,0,0,0,2,2,2,2,2,1,2,2,0,1,2,0,1,0,1,1,1,2,0,2,2,0,2,1,0,0,1,0,2,2,2,1,0,2,0,2,0,2,0,0,0,1,2,1,1,1,0,2,0,1,0,2,1,2,2,1,1,0,2,1,1,0,1,0,2,0,0,2,2,1,0,2,2,1,1,0,1,1,1,1,2,1,0,1,2,2,2,1,2,0,1,0,2,0,1,1,0,2,0,2,1,0,0,1,2,0,1,2,1,2,2,2,2,0,2,1,1,2,2,1,2,1,2,2,0,0,0,1,1
216_15,1,2,0,0,1,0,1,2,1,2,0,1,1,0,0,1,2,2,1,1,2,0,1,0,1,2,1,0,0,1,1,1,0,2,2,0,0,2,0,1,0,1,2,0,0,0,0,0,2,2,0,0,0,2,0,0,1,0,1,1,2,2,1,1,2,2,2,0,0,0,0,2,2,2,2,2,1,2,2,0,1,2,0,1,0,1,1,1,2,0,2,2,0,2,1,0,0,1,0,2,2,2,1,0,2,0,2,0,2,0,0,0,1,2,1,1,1,0,2,0,1,0,2,1,2,2,1,1,0,2,1,1,0,1,0,2,0,0,2,2,1,0,2,2,1,1,0,1,1,1,1,2,1,0,1,2,2,2,1,2,0,1,0,2,0,1,1,0,2,0,2,1,0,0,1,2,0,1,2,1,2,2,2,2,0,2,1,1,2,2,1,2,1,2,2,0,0,0,1,1
216_14,1,2,0,0,1,0,1,2,1,2,0,1,1,0,0,1,2,2,1,1,2,0,1,0,1,2,1,0,0,1,1,1,0,2,2,0,0,2,0,1,0,1,2,0,0,0,0,0,2,2,0,0,0,2,0,0,1,0,1,1,2,2,1,1,2,2,2,0,0,0,0,2,2,2,2,2,1,2,2,0,1,2,0,1,0,1,1,1,2,0,2,2,0,2,1,0,0,1,0,2,2,2,1,0,2,0,2,0,2,0,0,0,1,2,1,1,1,0,2,0,1,0,2,1,2,2,1,1,0,2,1,1,0,1,0,2,2,0,2,2,1,0,2,2,1,1,0,1,1,1,1,2,1,0,1,2,2,2,1,2,0,1,0,2,0,1,1,0,2,0,2,1,0,0,1,2,0,1,2,1,2,2,2,2,0,2,1,1,2,2,1,2,1,2,2,0,0,0,1,1
214_12,0,2,0,0,1,0,1,2,1,2,0,1,1,1,0,1,2,2,1,1,2,1,1,0,1,2,1,0,0,1,1,1,0,0,2,0,0,2,0,1,0,1,2,1,0,0,1,0,2,1,0,0,0,2,0,0,0,0,1,1,2,2,1,1,2,2,2,0,0,2,0,2,2,2,2,2,1,2,2,0,1,0,0,1,0,0,1,1,2,0,2,2,0,2,1,0,0,1,1,2,2,2,1,0,0,0,2,0,2,0,0,0,1,2,1,1,1,0,2,0,0,0,0,1,2,2,1,1,0,2,1,1,2,0,0,0,2,0,0,2,1,0,2,2,1,1,1,1,1,1,1,2,1,0,1,2,2,2,1,2,2,1,0,2,0,1,1,0,2,0,2,1,0,0,1,2,0,1,2,1,2,2,2,2,0,2,2,1,2,0,1,2,1,2,2,0,0,0,1,1
216_13,0,2,0,0,1,0,1,2,1,2,0,1,1,1,0,1,2,2,1,1,2,1,1,0,1,2,1,0,0,1,1,1,0,0,2,0,0,2,0,1,0,1,2,1,0,0,1,0,2,1,0,0,0,2,0,0,0,0,1,1,2,2,1,1,2,2,2,0,0,2,0,2,2,2,2,2,1,2,2,0,1,0,0,1,0,0,1,1,2,0,2,2,0,2,1,0,0,1,1,2,2,2,1,0,0,0,2,0,2,0,0,0,1,2,1,1,1,0,2,0,0,0,0,1,2,2,1,1,0,2,1,1,2,0,0,0,2,0,0,2,1,0,2,2,1,1,1,1,1,1,1,2,1,0,1,2,2,2,1,2,2,1,0,2,0,1,1,0,2,0,2,1,0,0,1,2,0,1,2,1,2,2,2,2,0,2,2,1,2,0,1,2,1,2,2,0,0,0,1,1
216_12,0,2,0,0,1,0,1,2,1,2,0,1,1,1,0,1,2,2,1,1,2,1,1,0,1,2,1,0,0,1,1,1,0,0,2,0,0,2,0,1,0,1,2,1,0,0,1,0,2,1,0,0,0,2,0,0,0,0,1,1,2,2,1,1,2,2,2,0,0,2,0,2,2,2,2,2,1,2,2,0,1,0,0,1,0,0,1,1,2,0,2,2,0,2,1,0,0,1,1,2,2,2,1,0,0,0,2,0,2,0,0,0,1,2,1,1,1,0,2,0,0,0,0,1,2,2,1,1,0,2,1,1,2,0,0,0,2,0,0,2,1,0,2,2,1,1,1,1,1,1,1,2,1,0,1,2,2,2,1,2,2,1,0,2,0,1,1,0,2,0,2,1,0,0,1,2,0,1,2,1,2,2,2,2,0,2,2,1,2,0,1,2,1,2,2,0,0,0,1,1
169_5,0:0.05/1:0.95,2,0,0,1,0,1,2,1,2,0,1,1,0,0,1,2,2,1,1,0,0,1,0,1,2,1,0,0,1,1,1,0:0.05/2:0.95,0,2,0,0,2,0,1,0,1,2,0,0,0:0.05/2:0.95,0,0,2,0:0.05/1:0.95,0,0,0,2,0:0.05/1:0.95,0:0.05/1:0.95,0,0,1,1,2,2,0,1,2,2,2,0,0:0.05/1:0.95,0,0:0.05/1:0.95,2,2,2,2,2,1,2,2,0:0.05/2:0.95,0,0,0,1,0:0.05/1:0.95,0,1,1,2,0,0:0.05/1:0.95,2,0,2,1,0,0:0.05/1:0.95,1,0,2,2,2,1,0,0,0,2,0,2,0:0.05/2:0.95,0,0,0,0,1,1,1,0,2,0,0:0.05/1:0.95,0,0:0.05/2:0.95,0,2,2,1,1,0,0,0,1,0,0,0,0,0,0,0:0.05/2:0.95,2,1,0,2,0,1,1,0,1,1,1,1,2,1,0,1,2,2,2,1,2,0,1,0,2,0,1,1,0,0:0.05/1:0.95,0,2,1,0,0:0.05/2:0.95,1,2,0,1,2,1,0,2,2,2,0,2,0,1,2,0:0.05/1:0.95,1,2,1,2,2,0:0.05/2:0.95,0:0.05/2:0.95,0:0.05/2:0.95,1,1
216_11,1,2,0,2,1,0,1,2,1,2,0,1,1,0,1,1,2,2,1,1,2,0,1,2,1,2,1,0,0,1,1,1,2,2,2,0,1,2,0,1,0,1,2,0,2,2,2,0,2,1,0,0,2,2,1,1,0,0,1,1,2,2,0,1,2,2,2,0,1,0,1,2,2,2,2,2,1,2,2,2,1,2,0,1,1,0,1,1,2,0,1,2,0,2,1,0,1,1,0,2,2,2,1,0,1,1,2,0,2,2,0,0,0,0,1,1,1,0,2,2,1,0,2,0,2,2,1,1,0,1,0,1,0,0,0,1,0,0,2,2,1,0,2,0,1,1,0,1,1,1,1,2,1,0,1,2,2,2,1,2,0,1,0,2,0,1,1,0,1,0,2,1,0,2,1,2,0,1,2,1,0,2,2,2,0,2,0,1,2,1,1,2,1,2,2,2,2,2,1,1
213_9,1,2,0,0,1,1,1,2,1,2,0,1,1,2,0,1,2,2,1,1,0,0,1,0,1,2,1,0,2,1,1,1,2,0,2,2,0,2,0,1,0,1,2,0,0,2,0,0,2,1,0,0,0,2,1,1,0,0,1,1,2,2,0,1,2,2,2,0,1,0,1,2,2,2,2,2,1,2,2,2,0,0,0,1,1,2,1,1,2,0,1,2,0,2,1,0,1,1,0,2,2,2,1,0,0,0,2,2,2,2,2,0,0,0,1,1,1,0,2,0,1,0,2,2,2,2,1,1,0,0,0,1,0,0,0,0,0,1,2,2,1,0,2,0,1,1,0,1,1,1,1,2,1,0,1,2,2,2,1,2,0,1,0,2,0,1,1,0,1,0,2,1,0,2,1,2,0,1,2,1,0,2,2,2,0,2,0,1,2,1,1,2,1,2,2,2,2,2,1,1
216_10,1,2,0,0,1,1,1,2,1,2,0,1,1,2,0,1,2,2,1,1,0,0,1,0,1,2,1,0,2,1,1,1,2,0,2,2,0,2,0,1,0,1,2,0,0,2,0,0,2,1,0,0,0,2,1,1,0,0,1,1,2,2,0,1,2,2,2,0,1,0,1,2,2,2,2,2,1,2,2,2,0,0,0,1,1,2,1,1,2,0,1,2,0,2,1,0,1,1,0,2,2,2,1,0,0,0,2,2,2,2,2,0,0,0,1,1,1,0,2,0,1,0,2,2,2,2,1,1,0,0,0,1,0,0,0,0,0,1,2,2,1,0,2,0,1,1,0,1,1,1,1,2,1,0,1,2,2,2,1,2,0,1,0,2,0,1,1,0,1,0,2,1,0,2,1,2,0,1,2,1,0,2,2,2,0,2,0,1,2,1,1,2,1,2,2,2,2,2,1,1
216_9,1,2,0,0,1,1,1,2,1,2,0,1,1,2,0,1,2,2,1,1,0,0,1,0,1,2,1,0,2,1,1,1,2,0,2,2,0,2,0,1,0,1,2,0,0,2,0,0,2,1,0,0,0,2,1,1,0,0,1,1,2,2,0,1,2,2,2,0,1,0,1,2,2,2,2,2,1,2,2,2,0,0,0,1,1,2,1,1,2,0,1,2,0,2,1,0,1,1,0,2,2,2,1,0,0,0,2,2,2,2,2,0,0,0,1,1,1,0,2,0,1,0,2,2,2,2,1,1,0,0,0,1,0,0,0,0,0,1,2,2,1,0,2,0,1,1,0,1,1,1,1,2,1,0,1,2,2,2,1,2,0,1,0,2,0,1,1,0,1,0,2,1,0,2,1,2,0,1,2,1,0,2,2,2,0,2,0,1,2,1,1,2,1,2,2,2,2,2,1,1
114_1,0:0.09/1:0.91,2,0,0,1,0,1,2,1,2,0:0.09/1:0.91,0,0,0,0:0.09/2:0.91,1,2,0,1,1,0:0.09/2:0.91,0,1,0,1,2,1,0,0,1,0,0,0,0,2,0:0.09/2:0.91,0,2,0,0,0,0,2,0,0:0.09/1:0.91,0,0,0,2,0,0,0,0,2,0:0.09/1:0.91,0:0.09/1:0.91,0,0:0.09/1:0.91,0:0.09/2:0.91,1,2,2,0,0,2,0,2,0,0,0,0,2,2,2,0,2,0,2,2,0,0,0,0,1,0,0,1,1,0,0,0,2,0,2,0,0,0,1,0:0.09/2:0.91,0,0:0.09/1:0.91,2,1,0,0,0:0.09/1:0.91,0,0,0,0:0.09/2:0.91,0,0,0,0,1,1,1,0,2,0,0,0,0,0,2,2,1,1,0:0.09/1:0.91,0,0,0:0.09/2:0.91,0,0,0,0:0.09/1:0.91,0:0.09/1:0.91,0,0:0.09/2:0.91,2,1,0,0,0,1,1,0,1,0,1,1,2,0,0,1,2,2,2,0,2,0:0.09/1:0.91,0,0:0.09/1:0.91,2,0,1,0,0,0:0.09/1:0.91,0,2,0,0,0,1,2,0,1,2,1,0,2,2,2,0,2,0,1,2,0:0.09/1:0.91,1,0,1,2,0,0,0,0,1,1
161_2,0:0.01/1:0.99,2,0,0:0.09/1:0.91,1,0,1,2,1,2,0:0.01/1:0.99,0,0:0.09/1:0.91,0:0.09/2:0.91,0:0.01/2:0.99,1,2,0:0.09/2:0.91,1,1,0:0.01/2:0.99,0:0.09/1:0.91,1,0,1,2,1,0:0.09/1:0.91,0,1,0,0:0.09/1:0.91,0,0,2,0:0.01/2:0.99,0,2,0:0.09/2:0.91,0,0,0,2,0,0:0.01/1:0.99,0,0,0,2,0,0,0,0:0.09/2:0.91,2,0:0.01/1:0.99,0:0.01/1:0.99,0,0:0.01/1:0.99,0:0.01/2:0.99,1,2,2,0,0,2,0,2,0,0,0,0,2,2,2,0,2,0,2,2,0,0,0,0,1,0,0,1,1,0,0,0,2,0:0.09/1:0.91,2,0,0:0.09/2:0.91,0,1,0:0.01/2:0.99,0,0:0.01/1:0.99,2,1,0,0:0.09/1:0.91,0:0.01/1:0.99,0:0.09/2:0.91,0,0,0:0.01/2:0.99,0,0,0:0.09/1:0.91,0,1,1,1,0,2,0,0:0.09/2:0.91,0,0,0:0.09/1:0.91,2,2,1,1,0:0.01/1:0.99,0:0.09/1:0.91,0,0:0.01/2:0.99,0,0,0:0.09/1:0.91,0:0.01/1:0.99,0:0.01/1:0.99,0,0:0.01/2:0.99,2,1,0,0,0,1,1,0,1,0,1,1,2,0,0,1,2,2,2,0:0.09/1:0.91,2,0:0.01/1:0.99,0,0:0.01/1:0.99,2,0,1,0,0,0:0.01/1:0.99,0,2,0,0,0,1,2,0,1,2,1,0,2,2,2,0,2,0,1,2,0:0.01/1:0.99,1,0,1,2,0,0:0.09/2:0.91,0:0.09/1:0.91,0,1,1
208_5,1,2,1,1,1,0,1,2,1,2,1,0,1,2,2,1,2,2,1,1,2,1,1,0,1,2,1,1,0,1,2,1,1,2,2,2,1,2,2,0,0,0,2,0,1,0,0,0,2,0,2,0,2,2,1,1,0,1,2,1,2,2,2,2,2,0,2,0,2,1,0,2,2,2,0,2,0,2,2,0,0,1,0,1,0,0,1,1,2,0,0,2,1,2,0,2,2,1,2,0,1,2,1,0,1,1,2,0,0,2,0,0,1,0,1,1,1,0,2,1,2,0,1,1,2,2,1,1,1,1,0,2,0,0,1,1,1,0,2,2,1,0,0,0,1,1,0,1,0,1,1,2,2,0,1,2,2,2,1,2,1,0,1,2,1,1,0,0,1,0,2,0,0,2,1,2,1,1,2,1,0,2,2,2,0,2,0,1,2,1,1,0,1,2,0,2,1,0,1,1
216_6,1,2,1,1,1,0,1,2,1,2,1,0,1,2,2,1,2,2,1,1,2,1,1,0,1,2,1,1,0,1,2,1,1,2,2,2,1,2,2,0,0,0,2,0,1,0,0,0,2,0,2,0,2,2,1,1,0,1,2,1,2,2,2,2,2,0,2,0,2,1,0,2,2,2,0,2,0,2,2,0,0,1,0,1,0,0,1,1,2,0,2,2,1,2,0,2,2,1,2,0,1,2,1,0,1,1,2,0,0,2,0,0,1,0,1,1,1,0,2,1,2,0,1,1,2,2,1,1,1,1,0,2,0,0,1,1,1,0,2,2,1,0,0,0,1,1,0,1,0,1,1,2,2,0,1,2,2,2,1,2,1,0,1,2,1,1,0,0,1,0,2,0,0,2,1,2,1,1,2,1,0,2,2,2,1,2,0,1,2,1,1,0,1,2,0,2,1,0,1,1
216_5,1,2,1,1,1,0,1,2,1,2,1,0,1,2,2,1,2,2,1,1,2,1,1,0,1,2,1,1,0,1,2,1,1,2,2,2,1,2,2,0,0,0,2,0,1,0,0,0,2,0,2,0,2,2,1,1,0,1,2,1,2,2,2,2,2,0,2,0,2,1,2,2,2,2,0,2,0,2,2,0,0,1,1,1,0,0,1,1,2,0,0,2,1,2,0,2,2,1,2,0,1,2,1,0,1,1,2,0,0,2,0,0,1,0,1,1,1,0,2,1,2,0,1,1,2,2,1,1,1,1,0,2,0,0,1,1,1,0,2,2,1,0,0,0,1,1,0,1,0,1,1,2,2,0,1,2,2,2,1,2,1,0,1,2,1,1,0,0,1,0,2,0,0,2,1,2,1,1,2,1,0,2,2,2,0,2,0,1,2,1,1,0,1,2,0,2,1,0,1,1
207_6,1,2,2,1,1,0,1,2,1,2,1,1,1,2,2,1,2,2,1,1,2,1,1,0,1,2,1,1,0,1,0,1,0,0,2,2,2,2,2,2,1,0,2,0,1,1,0,0,2,0,0,0,2,2,1,1,0,1,2,1,2,2,0,0,2,0,2,0,0,0,0,2,2,2,0,2,1,2,2,0,0,0,0,1,0,2,1,1,0,0,0,2,1,2,0,2,0,1,2,1,1,2,1,2,1,1,2,0,0,2,0,0,1,0,1,1,1,0,2,0,2,0,0,1,2,2,1,1,1,1,0,2,0,0,1,1,1,0,2,2,1,0,0,0,1,1,0,1,0,1,1,2,0,0,1,2,2,2,1,2,1,0,1,2,0,1,0,0,1,0,2,0,2,0,1,2,2,1,2,1,0,2,2,2,0,2,1,1,2,1,1,1,1,2,0,2,1,0,1,1
216_8,1,2,2,1,1,0,1,2,1,2,1,1,1,2,2,1,2,2,1,1,2,1,1,0,1,2,1,1,0,1,0,1,0,0,2,2,2,2,2,2,1,0,2,0,1,1,0,1,2,0,0,0,2,2,1,1,0,1,2,1,2,2,0,0,2,0,2,0,0,0,0,2,2,2,0,2,1,2,2,0,0,0,0,1,0,2,1,1,0,0,0,2,1,2,0,2,0,1,2,1,1,2,1,2,1,1,2,0,1,2,0,0,1,0,1,1,1,0,2,0,2,0,0,1,2,2,1,1,1,1,0,2,0,0,1,1,1,0,2,2,1,0,0,0,1,1,0,1,0,1,1,2,0,0,1,2,2,2,1,2,1,0,1,2,0,1,0,0,1,0,2,0,2,0,1,2,2,1,2,1,0,2,2,2,0,2,1,1,2,1,1,1,1,2,0,2,1,0,1,1
216_7,1,2,2,1,1,0,1,2,1,2,1,1,1,2,2,1,2,2,1,1,2,1,1,0,1,2,1,1,0,1,0,1,0,0,2,2,2,2,2,2,1,0,2,0,1,1,0,0,2,0,0,0,2,2,1,1,0,1,2,1,2,2,0,2,2,0,2,0,2,0,0,2,2,2,0,2,1,2,2,0,0,0,0,1,0,2,1,1,0,2,0,2,1,2,0,2,0,1,2,1,1,2,1,2,1,1,2,0,0,2,0,0,1,0,1,1,1,0,2,0,2,0,0,1,2,2,1,1,1,1,0,2,0,0,1,1,1,0,2,2,1,0,0,0,1,1,0,1,0,1,1,2,0,0,1,2,2,2,1,2,1,0,1,2,0,1,0,0,1,0,2,0,2,0,1,2,2,1,2,1,0,2,2,2,0,2,1,1,2,1,1,1,1,2,0,2,1,0,1,1
161_1,0:0.01/1:0.99,2,0,0,1,0,1,2,1,2,0:0.01/1:0.99,0,0,0,0:0.01/2:0.99,1,2,0,1,1,0:0.01/2:0.99,0,1,0,1,2,1,0,0,1,0:0.06/1:0.94,0,0,0:0.06/2:0.94,2,0:0.01/2:0.99,0,2,0:0.06/1:0.94,0,0,0,2,0,0:0.01/1:0.99,0:0.06/2:0.94,0,0,2,0:0.06/2:0.94,0,0,0,2,0:0.01/1:0.99,0:0.01/1:0.99,0,0:0.01/1:0.99,0:0.01/2:0.99,1,2,2,0,0,2,0,2,0,0,0,0,2,2,2,0,2,0,2,2,0,0,0,0,1,0,0,1,1,0,0:0.06/1:0.94,0,2,0,2,0,0,0,1,0:0.01/2:0.99,0:0.06/2:0.94,0:0.01/1:0.99,2,1,0:0.06/2:0.94,0,0:0.01/1:0.99,0:0.06/1:0.94,0:0.06/1:0.94,0,0:0.01/2:0.99,0,0,0,0,1,1,1,0,2,0,0,0:0.06/2:0.94,0,0,2,2,1,1,0:0.01/1:0.99,0,0,0:0.01/2:0.99,0:0.06/1:0.94,0,0:0.06/2:0.94,0:0.01/1:0.99,0:0.01/1:0.99,0,0:0.01/2:0.99,2,1,0,0,0,1,1,0,1,0:0.06/2:0.94,1,1,2,0,0,1,2,2,2,0:0.06/2:0.94,2,0:0.01/1:0.99,0,0:0.01/1:0.99,2,0:0.06/1:0.94,1,0,0,0:0.01/1:0.99,0,2,0,0:0.06/2:0.94,0,1,2,0,1,2,1,0,2,2,2,0,2,0,1,2,0:0.01/1:0.99,1,0,1,2,0,0,0:0.06/2:0.94,0,1,1
203_1,1,2,0:0.01/1:0.99,0,1,0:0.01/2:0.99,1,2,1,2,1,0,0,0:0.01/1:0.99,2,1,2,0,1,1,2,0,1,0,1,2,1,0:0.01/2:0.99,0:0.01/2:0.99,1,1,0,0,2,2,2,0,2,1,0,0:0.01/2:0.99,0,2,0,1,2,0,0,2,2,0,0,0,2,1,1,0,1,2,1,2,2,0,0,2,0,2,0:0.01/2:0.99,0,0,0,2,2,2,0:0.01/2:0.99,2,0,2,2,0,0,0,0,1,0,0,1,1,0,1,0,2,0,2,0,0,0,1,2,2,1,2,1,2,0,1,1,1,0,2,0,0:0.01/1:0.99,0,0,1,1,1,0,2,0,0,2,0,0,2,2,1,1,1,0,0,2,1,0,2,1,1,0,2,2,1,0,0,0,1,1,0,1,2,1,1,2,0,0,1,2,2,2,2,2,1,0:0.01/1:0.99,1,2,1,1,0,0,1,0,2,0,2,0,1,2,0,1,2,1,0,2,2,2,0,2,0,1,2,1,1,0:0.01/1:0.99,1,2,0,0,2,0,1,1
216_2,1,2,1,0,1,2,1,2,1,2,1,0,0,1,2,1,2,0,1,1,2,0,1,0,1,2,1,2,2,1,1,0,0,2,2,2,0,2,1,0,2,0,2,0,1,2,0,0,2,2,0,0,0,2,1,1,0,1,2,1,2,2,0,0,2,0,2,2,0,0,0,2,2,2,2,2,0,2,2,0,0,0,1,1,0,0,1,1,0,1,0,2,0,2,0,0,0,1,2,2,1,2,1,2,0,1,1,1,0,2,0,1,0,0,1,1,1,0,2,0,0,2,0,0,2,2,1,1,1,0,0,2,1,0,2,1,1,0,2,2,1,0,1,0,1,1,0,1,2,1,1,2,0,0,1,2,2,2,2,2,1,1,1,2,1,1,0,0,1,0,2,0,2,0,1,2,0,1,2,1,0,2,2,2,2,2,0,1,2,1,1,1,1,2,0,0,2,0,1,1
216_1,1,2,1,0,1,2,1,2,1,2,1,0,0,1,2,1,2,0,1,1,2,0,1,0,1,2,1,2,2,1,1,0,2,2,2,2,0,2,1,0,2,0,2,0,1,2,0,0,2,2,0,0,0,2,1,1,0,1,2,1,2,2,0,0,2,0,2,2,0,1,0,2,2,2,2,2,0,2,2,0,0,0,0,1,0,0,1,1,0,1,0,2,0,2,0,0,0,1,2,2,1,2,1,2,0,1,1,1,1,2,0,1,0,0,1,1,1,0,2,0,0,2,0,0,2,2,1,1,1,0,0,2,1,0,2,1,1,0,2,2,1,0,0,0,1,1,0,1,2,1,1,2,0,0,1,2,2,2,2,2,1,1,1,2,1,1,0,0,1,0,2,0,2,0,1,2,0,1,2,1,0,2,2,2,0,2,0,1,2,1,1,1,1,2,0,0,2,0,1,1
202_2,1,2,0:0.01/2:0.99,0,1,0,1,2,1,2,1,0,0:0.01/2:0.99,0,2,1,2,0,1,1,2,0,1,0,1,2,1,0,0,1,1,0,0:0.01/1:0.99,2,2,2,0,2,1,0:0.01/1:0.99,0:0.01/1:0.99,0,2,0,1,2,0,0,2,2,0,0,0:0.01/1:0.99,2,1,1,0:0.01/2:0.99,1,2,1,2,2,0,0,2,0,2,0,0,0,0,2,2,2,0:0.01/1:0.99,2,0,2,2,0,0:0.01/2:0.99,0,0,1,0,0,1,1,0,1,0,2,0,2,0,0,0,1,2,2,1,2,1,2,0,1,1,1,0,2,0,0,0,0,1,1,1,0,2,0,0,2,0:0.01/2:0.99,0,2,2,1,1,1,0,0,2,1,0:0.01/2:0.99,2,1,1,0,2,2,1,0:0.01/2:0.99,0,0,1,1,0,1,2,1,1,2,0,0:0.01/2:0.99,1,2,2,2,2,2,1,0,1,2,1,1,0,0,1,0,2,0,2,0:0.01/1:0.99,1,2,0,1,2,1,0,2,2,2,0,2,0,1,2,1,1,0:0.01/2:0.99,1,2,0,0,2,0,1,1
216_4,1,2,2,0,1,0,1,2,1,2,1,0,2,0,2,1,2,0,1,1,2,0,1,1,1,2,1,0,0,1,1,0,1,2,2,2,0,2,1,1,1,0,2,0,1,2,0,0,2,2,0,0,1,2,1,1,2,1,2,1,2,2,0,0,2,0,2,0,0,0,0,2,2,2,1,2,0,2,2,0,2,0,0,1,0,0,1,1,0,1,0,2,0,2,0,0,0,1,2,2,1,2,1,2,0,1,1,1,2,2,0,0,0,0,1,1,1,0,2,0,0,2,2,0,2,2,1,1,1,0,0,2,1,2,2,1,1,0,2,2,1,2,0,0,1,1,0,1,2,1,1,2,0,2,1,2,2,2,2,2,1,0,1,2,1,1,0,0,1,0,2,1,2,1,1,2,0,1,2,1,0,2,2,2,0,2,0,1,2,1,1,2,1,2,2,0,2,0,1,1
216_3,1,2,2,0,1,0,1,2,1,2,1,0,2,0,2,1,2,2,1,1,2,0,1,0,1,2,1,0,0,1,1,0,1,2,2,2,0,2,1,1,1,0,2,0,1,2,0,0,2,2,0,0,1,2,1,1,2,1,2,1,2,2,0,0,2,0,2,0,0,0,0,2,2,2,1,2,0,2,2,0,2,0,0,1,0,0,1,1,0,1,0,2,0,2,0,0,0,1,2,2,1,2,1,2,0,1,1,1,0,2,0,0,2,0,1,1,1,0,2,1,0,2,2,0,2,2,1,1,1,0,1,2,1,2,2,1,1,0,2,2,1,2,0,0,1,1,0,1,2,1,1,2,0,2,1,2,2,2,2,2,1,0,1,2,1,1,0,0,1,0,2,0,2,1,1,2,2,1,2,1,0,2,2,2,0,2,0,1,2,1,1,2,1,2,0,0,2,0,1,1
