[&R] (((((216_3:3.07,216_4:3.07)202_2:17.437,(216_1:6.121,216_2:2.121)203_1:14.386)161_1:24.177,((216_7:3.045,216_8:2.045)207_6:16.635,(216_5:4.067,216_6:2.067)208_5:17.613)161_2:21.004)114_1:24.143,(((216_9:1.008,216_10:1.008)213_9:18.174,216_11:8.182)169_5:21.992,((216_12:0.002,216_13:1.002)214_12:12.483,(216_14:0.001,216_15:0.001)215_14:18.484)172_7:16.689)123_3:35.654)61_1:67.172)I0;
I0,0,0,0,0,0,0,0,0,0,0,0,0,0,0,0,0,0,0,0,0,0,0,0,0,0,0,0,0,0,0,0,0,0,0,0,0,0,0,0,0,0,0,0,0,0,0,0,0,0,0,0,0,0,0,0,0,0,0,0,0,0,0,0,0,0,0,0,0,0,0,0,0,0,0,0,0,0,0,0,0,0,0,0,0,0,0,0,0,0,0,0,0,0,0,0,0,0,0,0,0,0,0,0,0,0,0,0,0,0,0,0,0,0,0,0,0,0,0,0,0,0,0,0,0,0,0,0,0,0,0,0,0,0,0,0,0,0,0,0,0,0,0,0,0,0,0,0,0,0,0,0,0,0,0,0,0,0,0,0,0,0,0,0,0,0,0,0,0,0,0,0,0,0,0,0,0,0,0,0,0,0,0,0,0,0,0,0,0,0,0,0,0,0,0,0,0,0,0,0,0
61_1,0:0.05/1:0.95,0:0.05/1:0.95,0,0,0,0,0,0,0,0:0.05/2:0.95,0:0.05/1:0.95,0:0.05/1:0.95,0:0.05/2:0.95,0:0.05/2:0.95,0,0:0.05/1:0.95,0,0,0:0.05/1:0.95,0,0:0.05/1:0.95,0,0,0,0,0,0:0.05/2:0.95,0,0:0.05/2:0.95,0,0,0,0,0,0,0:0.05/1:0.95,0:0.05/1:0.95,0,0,0,0:0.05/2:0.95,0,0:0.05/1:0.95,0,0:0.05/2:0.95,0:0.05/2:0.95,0,0,0,0:0.05/2:0.95,0:0.05/1:0.95,0:0.05/1:0.95,0,0,0:0.05/1:0.95,0,0,0,0:0.05/1:0.95,0,0,0,0,0,0:0.05/2:0.95,0,0,0,0,0,0,0,0:0.05/1:0.95,0,0,0,0,0,0,0:0.05/2:0.95,0,0,0,0,0,0,0:0.05/1:0.95,0:0.05/1:0.95,0,0:0.05/2:0.95,0,0:0.05/2:0.95,0,0,0,0,0,0:0.05/2:0.95,0:0.05/2:0.95,0,0,0,0,0,0:0.05/2:0.95,0,0,0:0.05/1:0.95,0,0:0.05/2:0.95,0,0:0.05/2:0.95,0,0:0.05/2:0.95,0,0,0:0.05/1:0.95,0,0,0,0,0:0.05/1:0.95,0:0.05/2:0.95,0:0.05/2:0.95,0,0,0:0.05/1:0.95,0,0:0.05/2:0.95,0,0,0,0,0:0.05/2:0.95,0,0,0:0.05/2:0.95,0,0,0:0.05/1:0.95,0:0.05/2:0.95,0,0:0.05/1:0.95,0,0:0.05/2:0.95,0,0,0,0:0.05/1:0.95,0:0.05/2:0.95,0:0.05/2:0.95,0,0,0:0.05/1:0.95,0:0.05/2:0.95,0,0,0,0,0:0.05/2:0.95,0:0.05/2:0.95,0,0:0.05/2:0.95,0,0,0,0:0.05/2:0.95,0,0:0.05/1:0.95,0:0.05/2:0.95,0:0.05/2:0.95,0,0,0,0,0,0:0.05/2:0.95,0,0,0:0.05/1:0.95,0:0.05/2:0.95,0:0.05/2:0.95,0,0,0,0,0,0,0,0,0,0,0:0.05/1:0.95,0:0.05/1:0.95,0,0:0.05/1:0.95,0:0.05/1:0.95,0:0.05/1:0.95,0:0.05/1:0.95,0
123_3,1,1,0,0:0.06/1:0.94,0,0,0,0,0,2,1,1,2,2,0:0.06/1:0.94,1,0,0:0.06/2:0.94,1,0,1,0,0,0,0,0,2,0,2,0,0,0:0.06/2:0.94,0,0,0,1,1,0,0,0:0.06/1:0.94,2,0,1,0,2,2,0,0,0,2,1,1,0,0,1,0:0.06/1:0.94,0,0,1,0,0,0,0,0,2,0,0,0,0,0,0,0:0.06/1:0.94,1,0,0,0:0.06/1:0.94,0,0:0.06/1:0.94,0,2,0:0.06/1:0.94,0:0.06/1:0.94,0,0,0,0,1,1,0,2,0,2,0,0,0,0,0,2,2,0:0.06/2:0.94,0,0,0,0,2,0,0:0.06/1:0.94,1,0:0.06/2:0.94,2,0:0.06/2:0.94,2,0:0.06/1:0.94,2,0,0,1,0,0:0.06/1:0.94,0:0.06/1:0.94,0:0.06/1:0.94,1,2,2,0,0:0.06/2:0.94,1,0,2,0,0:0.06/1:0.94,0,0:0.06/2:0.94,2,0,0,2,0,0,1,2,0,1,0,2,0:0.06/1:0.94,0:0.06/2:0.94,0,1,2,2,0,0,1,2,0,0,0,0:0.06/2:0.94,2,2,0,2,0:0.06/2:0.94,0,0:0.06/2:0.94,2,0,1,2,2,0:0.06/2:0.94,0:0.06/1:0.94,0:0.06/1:0.94,0,0,2,0:0.06/2:0.94,0,1,2,2,0,0,0,0,0,0,0,0,0:0.06/1:0.94,0:0.06/1:0.94,1,1,0:0.06/2:0.94,1,1,1,1,0
172_7,1,1,0:0.08/1:0.92,1,0,0,0,0,0,2,1,1,2,2,1,1,0,2,1,0,1,0,0,0,0,0,2,0,2,0,0:0.08/1:0.92,2,0,0,0,1,1,0,0:0.08/1:0.92,1,2,0:0.08/2:0.92,1,0,2,2,0,0:0.08/1:0.92,0:0.08/2:0.92,2,1,1,0,0,1,1,0,0:0.08/1:0.92,1,0,0,0:0.08/2:0.92,0,0,2,0,0,0,0,0,0,1,1,0,0,1,0,1,0,2,1,1,0,0,0:0.08/1:0.92,0,1,1,0,2,0:0.08/1:0.92,2,0:0.08/2:0.92,0,0,0:0.08/2:0.92,0:0.08/2:0.92,2,2,2,0,0,0,0,2,0,1,1,2,2,2,2,1,2,0,0,1,0,1,1,1,1,2,2,0,2,1,0,2,0:0.08/1:0.92,1,0,2,2,0,0:0.08/2:0.92,2,0,0,1,2,0,1,0,2,1,2,0,1,2,2,0,0,1,2,0,0:0.08/2:0.92,0,2,2,2,0,2,2,0,2,2,0,1,2,2,2,1,1,0,0,2,2,0,1,2,2,0,0,0,0,0,0,0,0,1,1,1,1,2,1,1,1,1,0
215_14,1,1,1,1,0,0,0,0,0,2,1,1,2,2,1,1,0,2,1,0,1,0,0,0,0,0,2,0,2,0,1,2,0,0,0,1,1,1,1,1,2,2,1,0,2,2,2,1,2,2,1,1,0,2,1,1,2,1,1,0,1,2,0,0,2,2,2,0,1,0,0,1,1,0,0,1,0,1,0,2,1,1,0,0,1,2,1,1,1,2,1,2,2,0,0,2,2,2,2,2,2,0,0,0,2,1,1,1,2,2,2,2,1,2,0,0,1,2,1,1,1,1,2,2,0,2,1,0,2,1,1,0,2,2,0,2,2,0,0,1,2,0,1,0,2,1,2,0,1,2,2,1,0,1,2,0,2,1,2,2,2,0,2,2,1,2,2,0,1,2,2,2,1,1,0,0,2,2,0,1,2,2,0,1,0,0,0,0,0,0,1,1,1,1,2,1,1,1,1,0
216_15,1,1,1,1,0,0,0,0,0,2,1,1,2,2,1,1,0,2,1,0,1,0,0,0,0,0,2,0,2,0,1,2,0,0,0,1,1,1,1,1,2,2,1,0,2,2,2,1,2,2,1,1,0,2,1,1,2,1,1,0,1,2,0,0,2,2,2,0,1,0,0,1,1,0,0,1,0,1,0,2,1,1,0,0,1,2,1,1,1,2,1,2,2,0,0,2,2,2,2,2,2,0,0,0,2,1,1,1,2,2,2,2,1,2,0,0,1,2,1,1,1,1,2,2,0,2,1,0,2,1,1,0,2,2,0,2,2,0,0,1,2,0,1,0,2,1,2,0,1,2,2,1,0,1,2,0,2,1,2,2,2,0,2,2,1,2,2,0,1,2,2,2,1,1,0,0,2,2,0,1,2,2,0,1,0,0,0,0,0,0,1,1,1,1,2,1,1,1,1,0
216_14,1,1,1,1,0,0,0,0,0,2,1,1,2,2,1,1,0,2,1,0,1,0,0,0,0,0,2,0,2,0,1,2,0,0,0,1,1,1,1,1,2,2,1,0,2,2,2,1,2,2,1,1,0,2,1,1,2,1,1,0,1,2,0,0,2,2,2,0,1,0,0,1,1,0,0,1,0,1,0,2,1,1,0,0,1,2,1,1,1,2,1,2,2,0,0,2,2,2,2,2,2,0,0,0,2,1,1,1,2,2,2,2,1,2,0,0,1,2,1,1,1,1,2,2,0,2,1,0,2,1,1,0,2,2,0,2,2,0,0,1,2,0,1,0,2,1,2,0,1,2,2,1,0,1,2,0,2,1,2,2,2,0,2,2,1,2,2,0,1,2,2,2,1,1,0,0,2,2,0,1,2,2,0,1,0,0,0,0,0,0,1,1,1,1,2,1,1,1,1,0
214_12,1,1,1,1,0,0,0,0,0,2,1,1,2,2,1,1,0,2,1,0,1,0,0,2,0,0,2,0,2,0,1,2,0,0,0,1,1,0,1,1,2,2,1,0,2,2,0,1,2,2,1,1,0,1,1,1,0,1,1,2,0,2,0,2,2,1,0,0,0,0,0,1,1,0,0,1,0,1,2,2,1,1,0,0,1,0,1,1,0,2,1,2,2,0,0,2,2,2,2,2,0,0,0,0,2,0,1,1,2,2,2,2,1,2,0,0,1,0,1,1,1,1,2,2,0,2,1,1,2,1,1,0,2,2,0,2,2,1,0,1,2,0,1,0,2,1,2,0,1,2,2,0,0,1,2,0,2,0,2,2,2,2,2,2,0,2,2,0,1,2,2,2,1,1,0,0,2,2,0,1,2,2,0,0,0,0,0,1,0,1,1,1,1,1,2,1,1,1,1,0
216_13,1,1,1,1,0,0,0,0,0,2,1,1,2,2,1,1,0,2,1,0,1,0,0,2,0,0,2,0,2,0,1,2,0,0,0,1,1,0,1,1,2,2,1,0,2,2,0,1,2,2,1,1,0,1,1,1,0,1,1,2,0,2,0,2,2,1,0,0,0,0,0,1,1,0,0,1,0,1,2,2,1,1,0,0,1,0,1,1,0,2,1,2,2,0,0,2,2,2,2,2,0,0,0,0,2,2,1,1,2,2,2,2,1,2,0,0,1,0,1,1,1,1,2,2,0,2,1,1,2,1,1,0,2,2,0,2,2,1,0,1,2,0,1,0,2,1,2,0,1,2,2,0,0,1,2,0,2,0,2,2,2,2,2,2,0,2,2,0,1,2,2,2,1,1,0,0,2,2,0,1,2,2,0,0,0,0,0,1,0,1,1,1,1,1,2,1,1,1,1,0
216_12,1,1,1,1,0,0,0,0,0,2,1,1,2,2,1,1,0,2,1,0,1,0,0,2,0,0,2,0,2,0,1,2,0,0,0,1,1,0,1,1,2,2,1,0,2,2,0,1,2,2,1,1,0,1,1,1,0,1,1,2,0,2,0,2,2,1,0,0,0,0,0,1,1,0,0,1,0,1,2,2,1,1,0,0,1,0,1,1,0,2,1,2,2,0,0,2,2,2,2,2,0,0,0,0,2,0,1,1,2,2,2,2,1,2,0,0,1,0,1,1,1,1,2,2,0,2,1,1,2,1,1,0,2,2,0,2,2,1,0,1,2,0,1,0,2,1,2,0,1,2,2,0,0,1,2,0,2,0,2,2,2,2,2,2,0,2,2,0,1,2,2,2,1,1,0,0,2,2,0,1,2,2,0,0,0,0,0,1,0,1,1,1,1,1,2,1,1,1,1,0
169_5,1,1,0,1,0,0,0,0,0,2,1,1,2,2,1,1,0:0.05/2:0.95,2,1,0,1,0,0,0,0,0,2,0,2,0:0.05/1:0.95,0,2,0,0,0:0.05/1:0.95,1,1,0,0:0.05/2:0.95,1,2,0,1,0,2,2,0,0:0.05/2:0.95,0:0.05/1:0.95,2,1,1,0,0,1,1,0,0,1,0,0:0.05/2:0.95,0,0,0,2,0,0,0,0,0,0,1,1,0,0:0.05/1:0.95,1,0,1,0:0.05/1:0.95,2,1,1,0:0.05/2:0.95,0,0,0,1,1,0,2,0,2,0,0,0,0,0,2,2,2,0:0.05/2:0.95,0:0.05/2:0.95,0,0,2,0,1,1,2,2,2,2,1,2,0,0,1,0,1,1,1,1,2,2,0,2,1,0,2,0,1,0,2,2,0:0.05/1:0.95,0,2,0,0,1,2,0:0.05/1:0.95,1,0,2,1,2,0,1,2,2,0,0:0.05/1:0.95,1,2,0,0:0.05/1:0.95,0,2,2,2,0,2,2,0,2,2,0:0.05/1:0.95,1,2,2,2,1,1,0:0.05/2:0.95,0,2,2,0,1,2,2,0:0.05/1:0.95,0,0,0,0,0:0.05/2:0.95,0:0.05/1:0.95,0,1,1,1,1,2,1,1,1,1,0
216_11,1,1,1,1,1,1,0,0,0,2,1,1,2,2,1,1,2,2,1,0,1,0,0,0,0,0,2,0,2,1,0,2,0,0,1,1,1,0,2,1,2,0,1,0,2,2,0,2,1,2,1,1,0,0,1,1,0,0,1,0,2,0,0,0,2,0,0,0,0,0,0,1,1,0,1,1,0,1,1,2,1,1,2,0,0,0,1,1,0,2,0,2,0,0,0,0,1,2,2,2,2,2,0,0,2,0,1,1,2,2,2,2,1,2,0,0,1,0,1,1,1,1,2,2,0,2,1,1,2,0,1,0,2,2,1,0,2,0,0,1,2,1,1,0,2,1,2,0,1,2,2,0,1,1,2,0,1,0,2,2,2,0,2,2,0,2,2,1,1,2,2,2,1,1,2,0,2,2,0,1,2,2,1,2,2,0,0,2,1,0,1,1,1,1,2,1,1,1,1,0
213_9,1,1,0,1,0,0,0,0,0,2,1,1,2,2,1,1,2,2,1,2,1,0,0,0,0,0,2,0,2,1,0,2,1,0,1,1,1,0,2,1,2,0,1,0,2,2,0,2,1,2,1,1,0,0,1,1,2,2,1,0,2,0,0,0,2,0,0,0,0,0,0,1,1,1,1,1,0,1,1,2,1,1,2,0,0,0,1,1,0,2,2,2,0,1,0,0,2,2,2,2,2,2,0,0,2,0,1,1,2,2,2,2,1,2,2,0,1,0,1,1,1,1,2,2,1,2,1,0,2,0,1,2,2,2,1,2,2,0,0,1,2,1,1,2,2,1,2,0,1,2,2,0,1,1,2,1,1,2,2,2,2,0,2,2,1,2,2,1,1,2,2,2,1,1,2,0,2,2,0,1,2,2,1,1,0,0,0,2,1,0,1,1,1,1,2,1,1,1,1,0
216_10,1,1,0,1,0,0,0,0,0,2,1,1,2,2,1,1,2,2,1,2,1,0,0,0,0,0,2,0,2,1,0,2,1,0,1,1,1,0,2,1,2,0,1,0,2,2,0,2,1,2,1,1,0,0,1,1,2,2,1,0,2,0,0,0,2,0,0,0,0,0,0,1,1,1,1,1,0,1,1,2,1,1,2,0,1,0,1,1,0,2,2,2,0,1,0,0,2,2,2,2,2,2,0,0,2,0,1,1,2,2,2,2,1,2,2,0,1,0,1,1,1,1,2,2,1,2,1,0,2,0,1,2,2,2,1,2,2,0,0,1,2,1,1,2,2,1,2,0,1,2,2,0,1,1,2,1,1,2,2,2,2,0,2,2,1,2,2,1,1,2,2,2,1,1,2,0,2,2,0,1,2,2,1,1,0,0,0,2,1,0,1,1,1,1,2,1,1,1,1,0
216_9,1,1,0,1,0,0,0,0,0,2,1,1,2,2,1,1,2,2,1,2,1,0,0,0,0,0,2,1,2,1,0,2,1,0,1,1,1,0,2,1,2,0,1,0,2,2,0,2,1,2,1,1,0,0,1,1,2,2,1,0,2,0,0,0,2,0,0,0,0,0,0,1,1,1,1,1,0,1,1,2,1,1,2,0,0,0,1,1,0,2,2,2,0,1,0,0,2,2,2,2,2,2,0,0,2,0,1,1,2,2,2,2,1,2,2,0,1,0,1,1,1,1,2,2,1,2,1,0,2,0,1,2,2,2,1,2,2,0,0,1,2,1,1,2,2,1,2,0,1,2,2,0,1,1,2,1,1,2,2,2,2,0,2,2,1,2,2,1,1,2,2,2,1,1,2,0,2,2,0,1,2,2,1,1,0,0,0,2,1,0,1,1,1,1,2,1,1,1,1,0
114_1,0:0.01/1:0.99,0:0.01/1:0.99,0:0.1/1:0.9,0,0,0,0,0,0,0:0.01/2:0.99,0:0.01/1:0.99,0:0.01/1:0.99,0:0.01/2:0.99,0:0.01/2:0.99,0:0.1/2:0.9,0:0.01/1:0.99,0,0,0:0.01/1:0.99,0,0:0.01/1:0.99,0,0:0.1/1:0.9,0,0:0.1/1:0.9,0,0:0.01/2:0.99,0,0:0.01/2:0.99,0,0,0,0,0,0,0:0.01/1:0.99,0:0.01/1:0.99,0,0,0:0.1/2:0.9,0:0.01/2:0.99,0,0:0.01/1:0.99,0,0:0.01/2:0.99,0:0.01/2:0.99,0:0.1/2:0.9,0,0,0:0.01/2:0.99,0:0.01/1:0.99,0:0.01/1:0.99,0,0,0:0.01/1:0.99,0,0:0.1/1:0.9,0,0:0.01/1:0.99,0,0,0:0.1/2:0.9,0,0:0.1/1:0.9,0:0.01/2:0.99,0,0,0,0,0,0,0,0:0.01/1:0.99,0,0:0.1/2:0.9,0,0,0,0,0:0.01/2:0.99,0,0:0.1/2:0.9,0,0,0,0:0.1/1:0.9,0:0.01/1:0.99,0:0.01/1:0.99,0:0.1/2:0.9,0:0.01/2:0.99,0,0:0.01/2:0.99,0,0:0.1/2:0.9,0,0,0,0:0.01/2:0.99,0:0.01/2:0.99,0,0,0,0,0,0:0.01/2:0.99,0,0,0:0.01/1:0.99,0,0:0.01/2:0.99,0,0:0.01/2:0.99,0,0:0.01/2:0.99,0:0.1/2:0.9,0,0:0.01/1:0.99,0,0,0,0,0:0.01/1:0.99,0:0.01/2:0.99,0:0.01/2:0.99,0,0,0:0.01/1:0.99,0:0.1/2:0.9,0:0.01/2:0.99,0,0:0.1/2:0.9,0:0.1/1:0.9,0,0:0.01/2:0.99,0,0:0.1/1:0.9,0:0.01/2:0.99,0,0,0:0.01/1:0.99,0:0.01/2:0.99,0,0:0.01/1:0.99,0,0:0.01/2:0.99,0,0,0:0.1/1:0.9,0:0.01/1:0.99,0:0.01/2:0.99,0:0.01/2:0.99,0,0,0:0.01/1:0.99,0:0.01/2:0.99,0,0,0,0,0:0.01/2:0.99,0:0.01/2:0.99,0:0.1/2:0.9,0:0.01/2:0.99,0,0,0,0:0.01/2:0.99,0,0:0.01/1:0.99,0:0.01/2:0.99,0:0.01/2:0.99,0,0,0,0,0,0:0.01/2:0.99,0,0,0:0.01/1:0.99,0:0.01/2:0.99,0:0.01/2:0.99,0,0,0,0,0,0,0:0.1/2:0.9,0,0:0.1/2:0.9,0,0:0.01/1:0.99,0:0.01/1:0.99,0,0:0.01/1:0.99,0:0.01/1:0.99,0:0.01/1:0.99,0:0.01/1:0.99,0
161_2,1,1,0:0.01/1:0.99,0,0:0.07/1:0.93,0,0,0,0:0.07/1:0.93,2,1,1,2,2,0:0.01/2:0.99,1,0,0,1,0:0.07/2:0.93,1,0,0:0.01/1:0.99,0,0:0.01/1:0.99,0,2,0,2,0:0.07/2:0.93,0,0,0,0,0,1,1,0:0.07/1:0.93,0,0:0.01/2:0.99,2,0,1,0:0.07/1:0.93,2,2,0:0.01/2:0.99,0,0,2,1,1,0:0.07/1:0.93,0:0.07/2:0.93,1,0,0:0.01/1:0.99,0:0.07/1:0.93,1,0,0,0:0.01/2:0.99,0:0.07/2:0.93,0:0.01/1:0.99,2,0,0,0,0,0,0,0,1,0,0:0.01/2:0.99,0,0,0,0:0.07/2:0.93,2,0,0:0.01/2:0.99,0,0:0.07/1:0.93,0,0:0.01/1:0.99,1,1,0:0.01/2:0.99,2,0,2,0,0:0.01/2:0.99,0,0:0.07/2:0.93,0,2,2,0,0,0,0,0,2,0,0,1,0,2,0:0.07/1:0.93,2,0,2,0:0.01/2:0.99,0,1,0,0,0,0,1,2,2,0,0,1,0:0.01/2:0.99,2,0,0:0.01/2:0.99,0:0.01/1:0.99,0:0.07/2:0.93,2,0,0:0.01/1:0.99,2,0,0,1,2,0,1,0,2,0,0,0:0.01/1:0.99,1,2,2,0,0:0.07/1:0.93,1,2,0,0,0:0.07/2:0.93,0,2,2,0:0.01/2:0.99,2,0,0,0,2,0,1,2,2,0:0.07/2:0.93,0,0,0:0.07/2:0.93,0,2,0,0:0.07/2:0.93,1,2,2,0,0,0,0,0,0,0:0.01/2:0.99,0,0:0.01/2:0.99,0,1,1,0,1,1,1,1,0
208_5,1,1,1,0,1,0,2,0,1,2,1,1,2,2,2,1,0,0,1,2,1,0,1,0,1,1,2,0,2,2,0,0,0,0,0,1,1,1,2,2,2,0,1,1,2,2,2,0,1,2,1,1,1,2,1,0,1,1,1,0,0,2,2,1,2,0,0,1,0,0,2,0,1,0,2,0,0,0,2,2,0,2,0,1,0,1,1,1,2,2,0,2,0,2,0,2,0,2,2,2,0,0,0,2,2,0,0,1,1,2,1,2,0,2,2,0,1,0,0,0,0,1,2,2,0,0,1,2,2,2,2,1,2,2,0,1,2,0,1,1,2,0,1,0,2,0,2,1,1,2,2,0,1,1,2,0,0,2,0,2,2,2,2,0,0,0,2,2,1,2,2,2,0,0,2,0,2,0,2,1,2,2,0,0,0,2,0,0,2,2,2,0,1,1,0,1,1,1,1,2
216_6,1,1,1,0,1,0,2,0,1,2,1,1,2,2,2,1,0,0,1,2,1,0,1,0,1,1,2,0,2,2,0,0,0,0,0,1,1,1,2,2,2,0,1,1,2,2,2,0,1,2,1,1,1,2,1,0,1,1,1,0,0,2,2,1,2,0,0,1,0,0,2,2,1,0,2,0,0,0,2,2,0,2,0,1,0,1,1,1,2,2,0,2,0,2,0,2,0,2,2,2,0,0,0,2,2,0,0,1,1,2,1,2,0,2,2,0,1,0,0,0,0,1,2,2,0,0,1,2,2,2,2,1,2,2,0,1,2,0,1,1,2,0,1,0,2,0,2,1,1,2,2,0,1,1,2,0,0,2,0,2,2,2,2,0,0,0,2,2,1,2,2,2,0,1,2,0,2,0,2,1,2,2,0,0,0,2,0,0,2,2,2,0,1,1,0,1,1,1,1,2
216_5,1,1,1,0,1,0,2,0,1,2,1,1,2,2,2,1,0,0,1,2,1,0,1,0,1,1,2,0,2,2,0,0,0,0,0,1,1,1,2,2,2,0,1,1,2,2,2,0,1,2,1,1,1,2,1,0,1,1,1,0,0,2,2,1,2,0,0,1,0,0,2,0,1,0,2,1,0,0,2,2,0,2,0,1,0,1,1,1,2,2,0,2,0,2,0,2,0,2,2,2,0,0,0,2,2,0,0,1,1,2,1,2,0,2,2,0,1,1,0,0,0,1,2,2,0,0,1,2,2,2,2,1,2,2,0,1,2,0,1,1,2,0,1,0,2,0,2,1,1,2,2,0,1,1,2,2,0,2,0,2,2,2,2,2,0,0,2,2,1,2,2,2,0,0,2,0,2,0,2,1,2,2,0,0,0,2,0,0,2,2,2,0,1,1,0,1,1,1,1,2
207_6,1,1,1,0,1,0,0,0,1,2,1,1,2,2,2,1,0,0,1,2,1,1,1,2,1,0,2,0,2,2,0,0,1,0,0,1,1,1,0,2,2,0,1,1,2,2,2,0,0,2,1,1,1,2,1,0,1,1,1,0,0,2,2,1,2,0,0,0,0,0,0,0,1,0,2,0,0,0,2,2,0,2,2,1,0,1,1,1,2,2,0,2,0,2,2,2,0,2,2,0,0,0,0,0,2,0,1,1,0,2,1,2,0,2,2,2,1,1,0,0,0,1,2,2,2,0,1,2,2,0,2,1,2,2,0,1,2,0,0,1,2,0,1,0,2,1,0,1,1,2,2,0,1,1,2,0,2,2,0,2,2,2,2,0,0,2,2,0,1,2,2,2,2,0,2,0,2,0,2,1,2,2,0,0,0,0,0,2,2,0,2,1,1,1,0,1,1,1,1,0
216_8,1,1,1,0,1,0,2,0,1,2,1,1,2,2,2,1,0,0,1,2,1,1,1,2,1,0,2,0,2,2,0,0,1,0,0,1,1,1,0,2,2,0,1,1,2,2,2,0,0,2,1,1,1,2,1,0,1,1,1,0,0,2,2,1,2,0,0,0,0,0,0,0,1,0,2,0,0,0,2,2,0,2,2,1,0,1,1,1,2,2,0,2,0,2,2,2,0,2,2,0,0,0,0,0,2,0,1,1,0,2,1,2,0,2,2,2,1,1,0,0,0,1,2,2,2,0,1,2,2,0,2,1,2,2,0,1,2,0,0,1,2,0,1,0,2,1,0,1,1,2,2,0,1,1,2,0,2,2,0,2,2,2,2,0,1,2,2,0,1,2,2,2,2,0,2,0,2,0,2,1,2,2,0,0,0,0,0,2,2,0,2,1,1,1,0,1,1,1,1,0
216_7,1,1,1,0,1,0,0,0,1,2,1,1,2,2,2,1,0,2,1,2,1,1,1,2,1,0,2,0,2,2,0,0,1,1,0,1,1,1,0,2,2,0,1,1,2,2,2,0,0,2,1,1,1,2,1,0,1,1,1,0,0,2,2,1,2,0,0,0,0,0,0,0,1,0,2,0,0,0,2,2,0,2,2,1,0,1,1,1,2,2,0,2,1,2,2,2,0,2,2,0,0,0,0,0,2,0,1,1,0,2,1,2,0,2,2,2,1,1,0,0,0,1,2,2,2,0,1,2,2,0,2,1,2,2,0,1,2,0,0,1,2,0,1,0,2,1,0,1,1,2,2,0,1,1,2,0,2,2,0,2,2,2,2,0,0,2,2,0,1,2,2,2,2,0,2,0,2,0,2,1,2,2,0,0,0,0,0,2,2,0,2,1,1,1,0,1,1,1,1,0
161_1,1,1,0:0.01/1:0.99,0,0,0,0:0.06/1:0.94,0,0:0.06/2:0.94,2,1,1,2,2,0:0.01/2:0.99,1,0,0,1,0:0.06/1:0.94,1,0,0:0.01/1:0.99,0,0:0.01/1:0.99,0,2,0:0.06/1:0.94,2,0,0,0,0,0:0.06/1:0.94,0,1,1,0,0:0.06/2:0.94,0:0.01/2:0.99,2,0:0.06/1:0.94,1,0,2,2,0:0.01/2:0.99,0:0.06/1:0.94,0,2,1,1,0,0,1,0,0:0.01/1:0.99,0:0.06/2:0.94,1,0,0,0:0.01/2:0.99,0,0:0.01/1:0.99,2,0,0,0,0:0.06/2:0.94,0,0,0,1,0,0:0.01/2:0.99,0:0.06/1:0.94,0:0.06/2:0.94,0:0.06/2:0.94,0,2,0:0.06/2:0.94,0:0.01/2:0.99,0,0,0,0:0.01/1:0.99,1,1,0:0.01/2:0.99,2,0,2,0:0.06/1:0.94,0:0.01/2:0.99,0,0,0,2,2,0,0:0.06/2:0.94,0,0,0,2,0,0,1,0,2,0,2,0,2,0:0.01/2:0.99,0,1,0,0,0,0,1,2,2,0:0.06/2:0.94,0,1,0:0.01/2:0.99,2,0,0:0.01/2:0.99,0:0.01/1:0.99,0,2,0,0:0.01/1:0.99,2,0,0,1,2,0,1,0,2,0,0,0:0.01/1:0.99,1,2,2,0,0,1,2,0,0,0,0,2,2,0:0.01/2:0.99,2,0,0,0,2,0,1,2,2,0:0.06/1:0.94,0,0,0,0:0.06/1:0.94,2,0:0.06/1:0.94,0:0.06/1:0.94,1,2,2,0,0:0.06/2:0.94,0,0,0:0.06/1:0.94,0,0:0.01/2:0.99,0,0:0.01/2:0.99,0,1,1,0,1,1,1,1,0
203_1,1,1,1,0,0,0,1,0,2,2,1,1,2,2,2,1,0:0.01/1:0.99,0,1,1,1,0,1,0,1,0,2,1,2,0,0,0,0,1,0,1,1,0:0.01/2:0.99,2,2,2,1,1,0,2,2,2,1,0,2,1,1,0,0,1,0:0.01/1:0.99,1,2,1,0:0.01/2:0.99,0,2,0:0.01/1:0.99,1,2,0:0.01/2:0.99,0,0:0.01/1:0.99,2,0,0,0,1,0,2,1,2,2,0,2,2,2,0,0:0.01/2:0.99,0:0.01/1:0.99,1,1,1,2,2,0,2,1,2,0:0.01/1:0.99,0,0,2,2,0,2,0,0,0,2,0,0:0.01/1:0.99,1,0,2,0:0.01/1:0.99,2,0,2,2,0,1,0,0,0,0,1,2,2,2,0:0.01/1:0.99,1,2,2,0,2,1,0,2,0,1,2,0,0,1,2,0,1,0,2,0,0,1,1,2,2,0,0,1,2,0,0,0,0,2,2,2,2,0,0,0,2,0,1,2,2,1,0,0,0,1,2,1,1,1,2,2,0,2,0,0,1,0,2,0,2,0,1,1,0,1,1,1,1,0
216_2,1,1,1,0,0,0,1,0,2,2,1,1,2,2,2,1,1,0,1,1,1,0,1,0,1,0,2,1,2,0,0,0,0,1,0,1,1,2,2,2,2,1,1,0,2,2,2,1,0,2,1,1,0,0,1,1,1,2,1,2,0,2,1,1,2,2,0,1,2,0,0,0,1,0,2,1,2,2,0,2,2,2,0,2,1,1,1,1,2,2,0,2,1,2,1,0,0,2,2,0,2,0,0,0,2,0,1,1,0,2,1,2,0,2,2,0,1,0,0,0,0,1,2,2,2,1,1,2,2,0,2,1,0,2,0,1,2,1,0,1,2,0,1,0,2,0,0,1,1,2,2,0,0,1,2,0,0,0,0,2,2,2,2,0,0,0,2,0,1,2,2,1,0,2,0,1,2,1,1,1,2,2,0,2,0,0,1,0,2,0,2,0,1,1,0,1,1,1,1,0
216_1,1,1,1,2,0,0,1,0,2,2,1,1,2,2,2,1,1,0,1,1,1,0,1,0,1,0,2,1,2,0,0,0,0,1,0,1,1,2,2,2,2,1,1,0,2,2,2,1,0,2,1,1,0,0,1,1,1,2,1,2,0,2,1,1,2,2,0,1,2,0,0,0,1,0,2,1,2,2,0,2,2,2,0,2,1,1,1,1,2,2,0,2,1,2,1,0,0,2,2,0,2,0,1,0,2,0,1,1,0,2,1,2,2,2,2,0,1,0,0,0,0,1,2,2,2,1,1,2,2,0,2,1,1,2,0,1,2,0,0,1,2,0,1,0,2,0,0,1,1,2,2,0,0,1,2,0,0,0,0,2,2,2,2,0,0,2,2,0,1,2,2,1,0,0,0,1,2,1,1,1,2,2,0,2,0,0,1,0,2,1,2,0,1,1,0,1,1,1,1,0
202_2,1,1,1,0,0,0,1,0,2,2,1,1,2,2,2,1,0,0,1,1,1,1,1,0,1,0,2,1,2,0,0,0,0,1,0,1,1,0,2,2,2,1,1,2,2,2,2,1,1,2,1,1,2,1,1,2,1,2,1,0,0,2,0,1,2,0,0,0,2,0,2,2,1,0,2,1,2,2,0,2,2,2,0,0,0,1,1,1,2,2,0,2,1,2,2,0,0,2,2,0,2,0,1,0,2,0,0,1,0,2,0,2,0,2,2,0,1,0,2,0,0,1,2,2,2,0,1,2,2,0,2,1,1,2,1,1,2,0,0,1,2,0,1,0,2,0,0,1,1,2,2,0,0,1,2,0,0,0,0,2,2,2,2,0,0,0,2,0,1,2,2,1,0,2,2,1,2,1,1,1,2,2,0,2,0,2,1,0,2,0,2,0,1,1,0,1,1,1,1,0
216_4,1,1,1,0,0,0,1,0,2,2,1,1,2,2,2,1,0,0,1,1,1,1,1,0,1,0,2,1,2,0,0,0,0,1,0,1,1,0,2,2,2,1,1,2,2,2,2,1,1,2,1,1,2,1,1,2,1,2,1,0,0,2,0,1,2,0,0,0,2,0,2,2,1,0,2,1,2,2,0,2,2,2,0,0,0,1,1,1,2,2,0,2,1,2,2,0,0,2,2,0,2,0,1,0,2,0,0,1,2,2,0,2,1,2,2,0,1,0,2,0,0,1,2,2,2,0,1,2,2,2,2,1,1,2,1,1,2,0,0,1,2,0,1,0,2,0,0,1,1,2,2,0,0,1,2,0,0,0,0,2,2,2,2,0,0,0,2,0,1,2,2,1,0,2,2,1,2,1,1,1,2,2,0,2,0,2,1,0,2,0,2,0,1,1,0,1,1,1,1,0
216_3,1,1,1,0,0,0,1,0,2,2,1,1,2,2,2,1,0,0,1,1,1,1,1,0,1,0,2,1,2,0,0,0,0,1,0,1,1,0,2,2,2,1,1,2,2,2,2,1,1,2,1,1,2,1,1,2,1,2,1,0,0,2,0,1,2,0,0,0,2,0,2,2,1,0,2,1,2,2,0,2,2,2,0,0,0,1,1,1,2,2,0,2,1,2,2,0,0,2,2,1,2,0,1,0,2,0,0,1,0,2,0,2,0,2,2,0,1,0,2,0,1,1,2,2,2,0,1,2,2,0,2,1,1,2,1,1,2,0,0,1,2,0,1,0,2,0,0,1,1,2,2,0,1,1,2,0,0,0,0,2,2,2,2,0,0,0,2,0,1,2,2,1,0,2,2,1,2,1,1,1,2,2,0,2,0,2,1,0,2,0,2,0,1,1,0,1,1,1,1,0
