cell,r0,r1,r2,r3,r4,r5,r6,r7,r8,r9,r10,r11,r12,r13,r14,r15,r16,r17,r18,r19,r20,r21,r22,r23,r24,r25,r26,r27,r28,r29,r30,r31,r32,r33,r34,r35,r36,r37,r38,r39,r40,r41,r42,r43,r44,r45,r46,r47,r48,r49,r50,r51,r52,r53,r54,r55,r56,r57,r58,r59,r60,r61,r62,r63,r64,r65,r66,r67,r68,r69,r70,r71,r72,r73,r74,r75,r76,r77,r78,r79,r80,r81,r82,r83,r84,r85,r86,r87,r88,r89,r90,r91,r92,r93,r94,r95,r96,r97,r98,r99,r100,r101,r102,r103,r104,r105,r106,r107,r108,r109,r110,r111,r112,r113,r114,r115,r116,r117,r118,r119,r120,r121,r122,r123,r124,r125,r126,r127,r128,r129,r130,r131,r132,r133,r134,r135,r136,r137,r138,r139,r140,r141,r142,r143,r144,r145,r146,r147,r148,r149,r150,r151,r152,r153,r154,r155,r156,r157,r158,r159,r160,r161,r162,r163,r164,r165,r166,r167,r168,r169,r170,r171,r172,r173,r174,r175,r176,r177,r178,r179,r180,r181,r182,r183,r184,r185,r186,r187,r188,r189,r190,r191,r192,r193,r194,r195,r196,r197,r198,r199
I0,1,2,2,1,0,0,0,2,0,0,2,0,2,1,2,0,0,1,0,1,0,0,2,2,2,1,2,0,0,0,2,0,1,0,2,0,2,0,1,0,1,0,2,0,2,0,0,2,0,2,0,1,2,2,0,0,0,2,2,0,0,2,2,1,0,0,0,0,2,2,2,1,1,2,1,2,2,0,0,0,0,0,0,1,2,2,0,0,0,0,1,0,1,0,0,0,1,0,0,0,0,1,0,0,2,0,0,0,0,0,1,0,0,0,0,0,0,2,0,0,2,0,0,0,0,0,0,0,0,0,2,0,1,1,2,0,0,0,0,2,2,1,0,0,2,2,0,2,0,1,0,0,0,0,2,0,2,0,0,0,0,2,0,2,0,0,2,0,0,0,0,0,0,0,0,0,0,0,2,0,1,0,0,0,0,0,0,0,0,0,0,0,1,0,0,0,0,1,0,0
I1,1,2,2,1,2,0,0,2,2,1,2,0,2,1,2,0,0,1,0,1,1,0,2,2,2,1,2,0,0,0,2,2,1,2,2,0,2,1,1,0,1,2,2,0,2,0,0,2,0,2,0,1,2,2,0,1,0,2,2,0,0,2,2,1,0,0,1,0,2,2,2,1,1,2,1,2,2,0,2,0,2,2,1,1,2,2,2,0,0,0,1,0,1,0,0,0,1,0,0,1,0,1,0,0,2,0,0,0,0,0,1,1,0,0,0,0,0,2,0,0,2,2,0,0,0,0,0,0,0,0,2,2,1,1,2,0,0,0,0,2,2,1,0,0,2,2,0,2,1,1,0,0,2,2,2,0,2,0,1,0,0,2,0,2,2,0,2,0,1,2,0,0,0,0,0,1,0,0,2,0,1,0,0,0,0,2,0,0,0,0,0,0,1,2,0,1,0,1,0,0
I2,1,2,2,1,2,0,0,2,2,1,2,0,2,1,2,0,0,1,1,1,1,0,2,2,2,1,2,0,0,0,2,2,1,2,2,0,2,1,1,0,1,2,2,0,2,2,0,2,0,2,0,1,2,2,0,1,0,2,2,0,1,2,2,1,0,0,1,0,2,2,2,1,1,2,1,2,2,0,2,0,2,2,1,1,2,2,2,0,1,0,1,1,1,1,0,0,1,0,0,1,2,1,2,0,2,2,0,0,0,0,1,1,0,0,0,0,0,2,1,1,2,2,0,0,0,0,0,0,0,2,2,2,1,1,2,0,0,0,0,2,2,1,0,0,2,2,0,2,1,1,0,0,2,2,2,0,2,2,1,0,0,2,0,2,2,0,2,0,1,2,0,0,0,0,0,1,0,1,2,2,1,0,0,2,0,2,0,0,0,0,0,1,1,2,0,1,2,1,0,0
I3,1,2,2,1,2,0,1,2,2,1,2,0,2,1,2,0,0,1,1,1,1,0,2,2,2,1,2,0,0,0,2,2,1,2,2,0,2,1,1,2,1,2,2,2,2,2,0,2,1,2,0,1,2,2,0,1,0,2,2,0,1,2,2,1,0,1,1,0,2,2,2,1,1,2,1,2,2,0,2,0,2,2,1,1,2,2,2,0,1,0,1,1,1,1,0,2,1,0,0,1,2,1,2,0,2,2,1,0,0,0,1,1,0,0,0,2,2,2,1,1,2,2,0,0,0,1,0,0,0,2,2,2,1,1,2,0,2,0,0,2,2,1,0,0,2,2,2,2,1,1,0,0,2,2,2,0,2,2,1,1,0,2,0,2,2,0,2,0,1,2,1,0,1,0,0,1,0,1,2,2,1,0,0,2,0,2,0,0,0,0,0,1,1,2,0,1,2,1,0,0
216_15,1,2,2,1,2,0,1,2,2,1,2,0,2,1,2,0,0,1,1,1,1,0,2,2,2,1,2,0,0,0,2,2,1,2,2,0,2,1,1,2,1,2,2,2,2,2,0,2,1,2,0,1,2,2,0,1,0,2,2,0,1,2,2,1,0,1,1,0,2,2,2,1,1,2,1,2,2,0,2,0,2,2,1,1,2,2,2,0,1,0,1,1,1,1,0,2,1,0,0,1,2,1,2,0,2,2,1,0,0,0,1,1,0,0,0,2,2,2,1,1,2,2,0,0,0,1,0,0,0,2,2,2,1,1,2,0,2,0,0,2,2,1,0,0,2,2,2,2,1,1,0,0,2,2,2,0,2,2,1,1,0,2,0,2,2,0,2,0,1,2,1,0,1,0,0,1,0,1,2,2,1,0,0,2,0,2,0,0,0,0,0,1,1,2,0,1,2,1,0,0
216_14,1,2,2,1,2,0,1,2,2,1,2,0,2,1,2,0,0,1,1,1,1,0,2,2,2,1,2,0,0,0,2,2,1,2,2,0,2,1,1,2,1,2,2,2,2,2,0,2,1,2,0,1,2,2,0,1,0,2,2,0,1,2,2,1,0,1,1,0,2,2,2,1,1,2,1,2,2,0,2,0,2,2,1,1,2,2,2,0,1,0,1,1,1,1,0,2,1,0,0,1,2,1,2,0,2,2,1,0,0,0,1,1,0,0,0,2,2,2,1,1,2,2,0,0,0,1,0,0,0,2,2,2,1,1,2,0,2,0,0,2,2,1,0,0,2,2,2,2,1,1,0,0,2,2,2,0,2,2,1,1,0,2,0,2,2,0,2,0,1,2,1,0,1,0,0,1,0,1,2,2,1,0,0,2,0,2,0,0,0,0,0,1,1,2,0,1,2,1,0,0
I4,1,2,2,1,2,0,0,2,2,1,2,0,2,1,2,0,0,1,1,1,1,0,2,2,2,1,2,0,0,0,2,2,1,2,2,0,2,1,1,0,1,2,2,0,2,2,0,2,0,2,0,1,2,2,0,1,0,2,2,0,1,2,2,1,0,0,1,0,2,2,2,1,1,2,1,2,2,0,2,2,2,2,1,1,2,2,2,0,1,0,1,1,1,1,0,0,1,0,0,1,2,1,2,0,2,2,0,0,0,0,1,1,0,0,0,0,0,2,1,1,2,2,0,0,0,0,0,0,0,2,2,2,1,1,2,0,0,0,1,2,2,1,0,0,2,2,0,2,1,1,0,0,2,2,2,0,2,2,1,0,0,2,0,2,2,0,2,0,1,2,2,0,0,2,0,1,0,1,2,2,1,1,0,2,0,2,0,0,1,0,0,1,1,2,1,1,2,1,0,0
216_13,1,2,2,1,2,0,0,2,2,1,2,0,2,1,2,0,0,1,1,1,1,0,2,2,2,1,2,0,0,0,2,2,1,2,2,0,2,1,1,0,1,2,2,0,2,2,0,2,0,2,0,1,2,2,0,1,0,2,2,0,1,2,2,1,0,0,1,0,2,2,2,1,1,2,1,2,2,0,2,2,2,2,1,1,2,2,2,0,1,0,1,1,1,1,0,0,1,0,0,1,2,1,2,0,2,2,0,0,0,0,1,1,0,0,0,0,0,2,1,1,2,2,0,0,0,0,0,0,0,2,2,2,1,1,2,0,0,0,1,2,2,1,0,0,2,2,0,2,1,1,0,0,2,2,2,0,2,2,1,0,0,2,0,2,2,0,2,0,1,2,2,0,0,2,0,1,0,1,2,2,1,1,0,2,0,2,0,0,1,0,1,1,1,2,1,1,2,1,0,0
216_12,1,2,2,1,2,0,0,2,2,1,2,0,2,1,2,0,0,1,1,1,1,0,2,2,2,1,2,0,0,0,2,2,1,2,2,0,2,1,1,0,1,2,2,0,2,2,0,2,0,2,0,1,2,2,0,1,0,2,2,0,1,2,2,1,0,0,1,0,2,2,2,1,1,2,1,2,2,0,2,2,2,2,1,1,2,2,2,0,1,0,1,1,1,1,0,0,1,0,0,1,2,1,2,0,2,2,0,0,0,0,1,1,0,0,0,0,0,2,1,1,2,2,0,0,0,0,0,0,0,2,2,2,1,1,2,0,0,0,1,2,2,1,0,0,2,2,0,2,1,1,0,0,2,2,2,0,2,2,1,0,0,2,0,2,2,0,2,0,1,2,2,0,0,2,0,1,0,1,2,2,1,1,0,2,0,2,0,0,1,0,0,1,1,2,1,1,2,1,0,0
I5,1,2,2,1,2,0,0,2,2,1,2,1,2,1,2,0,0,1,0,1,1,0,2,2,2,1,2,0,0,0,2,2,1,2,2,0,2,1,1,0,1,2,2,0,2,0,0,2,0,2,0,1,2,2,1,1,0,2,2,0,0,2,2,1,0,0,1,0,2,2,2,1,1,2,1,2,2,0,2,0,2,2,1,1,2,2,2,0,0,0,1,0,1,0,0,0,1,0,0,1,0,1,2,0,2,0,0,0,0,0,1,1,0,0,0,0,1,2,0,2,2,2,0,0,0,0,0,0,0,0,2,2,1,1,2,0,1,0,0,2,2,1,0,0,2,2,0,2,1,1,0,0,2,2,2,0,2,0,1,0,0,2,0,2,2,0,2,2,1,2,0,0,0,0,0,1,0,0,2,0,1,0,0,0,1,2,0,0,2,0,0,2,1,2,0,1,0,1,0,0
216_11,1,2,2,1,2,0,1,2,2,1,2,1,2,1,2,0,0,1,0,1,1,0,2,2,2,1,2,0,0,0,2,2,1,2,2,0,2,1,1,0,1,2,2,0,2,0,2,2,2,2,0,1,2,2,1,1,0,2,2,0,0,2,2,1,0,0,1,0,2,2,2,1,1,2,1,2,2,0,2,0,2,2,1,1,2,2,2,0,0,0,1,0,1,0,0,1,1,0,0,1,0,1,2,0,2,0,0,0,0,0,1,1,0,0,0,0,1,2,0,2,2,2,0,0,0,0,0,0,0,0,2,2,1,1,2,2,1,0,1,2,2,1,0,0,2,2,0,2,1,1,0,0,2,2,2,0,2,0,1,0,1,2,0,2,2,0,2,2,1,2,0,0,0,0,0,1,0,0,2,1,1,0,0,1,1,2,0,0,2,0,0,2,1,2,2,1,0,1,0,1
I6,1,2,2,1,2,0,0,2,2,1,2,1,2,1,2,0,0,1,0,1,1,0,2,2,2,1,2,0,0,0,2,2,1,2,2,0,2,1,1,0,1,2,2,0,2,0,0,2,0,2,0,1,2,2,1,1,0,2,2,2,1,2,2,1,0,0,1,0,2,2,2,1,1,2,1,2,2,0,2,0,2,2,1,1,2,2,2,0,0,0,1,0,1,0,0,0,1,0,0,1,0,1,2,0,2,0,0,0,0,0,1,1,0,0,0,0,1,2,0,2,2,2,0,0,0,0,0,0,0,0,2,2,1,1,2,0,1,0,0,2,2,1,0,0,2,2,0,2,1,1,0,0,2,2,2,0,2,0,1,0,0,2,0,2,2,0,2,2,1,2,0,1,0,0,0,1,0,0,2,0,1,0,0,0,1,2,0,0,2,0,0,2,1,2,0,1,0,1,0,0
216_10,1,2,2,1,2,0,0,2,2,1,2,1,2,1,2,0,0,1,0,1,1,0,2,2,2,1,2,0,0,0,2,2,1,2,2,0,2,1,1,0,1,2,2,0,2,0,0,2,0,2,0,1,2,2,1,1,0,2,2,2,1,2,2,1,0,0,1,0,2,2,2,1,1,2,1,2,2,0,2,0,2,2,1,1,2,2,2,0,0,0,1,0,1,0,0,0,1,0,0,1,0,1,2,0,2,1,0,0,0,0,1,1,0,1,0,0,1,2,0,2,2,2,0,0,0,0,0,0,0,0,2,2,1,1,2,0,1,0,0,2,2,1,0,0,2,2,0,2,1,1,0,0,2,2,2,0,2,0,1,0,0,2,0,2,2,0,2,2,1,2,0,1,0,0,0,1,0,0,2,0,1,0,0,0,1,2,0,0,2,2,0,2,1,2,0,1,0,1,0,0
216_9,1,2,2,1,2,0,0,2,2,1,2,1,2,1,2,0,0,1,0,1,1,0,2,2,2,1,2,0,0,0,2,2,1,2,2,0,2,1,1,0,1,2,2,0,2,0,0,2,0,2,2,1,2,2,1,1,0,2,2,2,1,2,2,1,0,0,1,0,2,2,2,1,1,2,1,2,2,0,2,0,2,2,1,1,2,2,2,0,0,0,1,0,1,0,0,0,1,0,0,1,0,1,2,0,2,0,0,0,0,0,1,1,0,0,0,0,1,2,0,2,2,2,0,0,0,0,0,0,0,0,2,2,1,1,2,0,1,0,0,2,2,1,0,0,2,2,0,2,1,1,0,0,2,2,2,0,2,0,1,0,0,2,0,2,2,0,2,2,1,2,0,1,0,0,0,1,0,0,2,0,1,0,0,0,1,2,0,0,2,0,0,2,1,2,0,1,0,1,0,0
I7,1,2,2,1,0,0,0,2,0,0,2,0,2,1,2,0,1,1,2,1,0,1,2,2,2,1,2,0,0,2,2,0,1,1,2,0,2,0,1,0,1,2,2,0,2,0,1,2,0,2,0,1,2,2,0,2,0,2,2,0,2,2,2,1,0,0,1,0,2,2,2,1,1,2,1,2,2,0,1,0,2,0,1,1,2,2,0,0,0,0,1,0,1,0,2,0,1,0,0,0,2,1,0,0,2,1,0,0,0,0,1,2,0,2,0,0,0,2,1,0,2,0,1,2,0,0,0,0,0,0,2,0,1,1,2,1,0,0,0,2,2,1,1,0,2,2,0,2,1,1,0,1,0,2,2,0,2,1,0,0,2,2,0,2,0,0,2,0,2,0,0,0,0,2,0,0,2,2,2,0,1,0,2,0,0,0,0,0,0,0,0,0,1,2,2,1,0,1,2,0
I8,1,2,2,1,0,1,0,2,1,1,2,0,2,1,2,0,1,1,2,1,0,1,2,2,2,1,2,0,0,2,2,2,1,1,2,0,2,0,1,0,1,2,2,0,2,0,1,2,1,2,0,1,2,2,2,2,0,2,2,0,2,2,2,1,0,1,1,0,2,2,2,1,1,2,1,2,2,0,1,0,2,0,1,1,2,2,0,1,0,0,1,0,1,0,2,1,1,0,0,2,2,1,0,0,2,1,1,0,1,0,1,2,0,2,2,0,0,2,1,1,2,0,1,2,0,0,0,0,0,1,2,2,1,1,2,1,0,2,1,2,2,1,1,0,2,2,0,2,1,1,0,1,0,2,2,0,2,1,0,0,2,2,0,2,0,0,2,0,2,0,0,0,0,2,0,0,2,2,2,0,1,0,2,1,0,0,2,2,2,0,0,0,1,2,2,1,0,1,2,0
I9,1,2,2,1,0,1,0,2,1,1,2,0,2,1,2,0,1,1,2,1,0,1,2,2,2,1,2,0,0,2,2,2,1,1,2,0,2,0,1,0,1,2,2,0,2,0,1,2,1,2,0,1,2,2,2,2,0,2,2,0,2,2,2,1,0,1,1,0,2,2,2,1,1,2,1,2,2,0,1,0,2,0,1,1,2,2,2,1,0,1,1,0,1,0,2,1,1,0,0,2,2,1,0,0,2,1,1,0,1,0,1,2,0,2,2,0,0,2,1,1,2,0,1,2,0,0,0,0,2,1,2,2,1,1,2,1,1,2,1,2,2,1,1,2,2,2,0,2,1,1,0,1,0,2,2,0,2,1,0,0,2,2,0,2,0,0,2,1,2,2,0,0,0,2,0,0,2,2,2,0,1,1,2,1,0,0,2,2,2,0,1,1,1,2,2,1,0,1,2,0
216_6,1,2,2,1,0,1,1,2,1,1,2,0,2,1,2,0,1,1,2,1,0,1,2,2,2,1,2,0,0,2,2,2,1,1,2,0,2,2,1,0,1,2,2,0,2,0,1,2,1,2,1,1,2,2,2,2,0,2,2,0,2,2,2,1,0,1,1,0,2,2,2,1,1,2,1,2,2,0,1,0,2,0,1,1,2,2,2,1,0,1,1,0,1,0,2,1,1,0,0,2,2,1,0,0,2,1,1,0,1,0,1,2,0,2,2,0,0,2,1,1,2,0,1,2,0,0,0,0,2,1,2,2,1,1,2,1,1,2,1,2,2,1,1,2,2,2,0,2,1,1,0,1,0,2,2,0,2,1,0,0,2,2,0,2,0,0,2,1,2,2,0,0,0,2,0,0,2,2,2,0,1,1,2,1,0,0,2,2,2,0,1,1,1,2,2,1,0,1,2,0
216_5,1,2,2,1,0,1,0,2,1,1,2,0,2,1,2,0,1,1,2,1,0,1,2,2,2,1,2,0,0,2,2,2,1,1,2,0,2,0,1,0,1,2,2,0,2,0,1,2,1,2,0,1,2,2,2,2,0,2,2,0,2,2,2,1,0,1,1,0,2,2,2,1,1,2,1,2,2,0,1,0,2,0,1,1,2,2,2,1,0,1,1,0,1,0,2,1,1,0,0,2,2,1,0,0,2,1,1,0,1,0,1,2,0,2,2,0,0,2,1,1,2,0,1,2,0,0,0,0,2,1,2,2,1,1,2,1,1,2,1,2,2,1,1,2,2,2,0,2,1,1,0,1,0,2,2,0,2,1,0,0,2,2,0,2,0,0,2,1,2,2,0,0,0,2,0,0,2,2,2,0,1,1,2,1,0,0,2,2,2,0,1,1,1,2,2,1,0,1,2,0
I10,1,2,2,1,1,1,0,2,1,1,2,1,2,1,2,0,1,1,2,1,0,1,2,2,2,1,2,0,0,2,2,2,1,1,2,0,2,0,1,0,1,2,2,0,2,0,1,2,1,2,0,1,2,2,2,2,0,2,2,0,2,2,2,1,0,1,1,1,2,2,2,1,1,2,1,2,2,0,1,0,2,0,1,1,2,2,0,1,0,0,1,0,1,2,2,1,1,0,0,2,2,1,0,0,2,1,1,0,1,0,1,2,0,2,2,0,0,2,1,1,2,0,1,2,0,0,2,0,0,1,2,2,1,1,2,1,0,2,1,2,2,1,1,0,2,2,0,2,1,1,0,1,0,2,2,0,2,1,0,0,2,2,0,2,0,0,2,0,2,0,0,0,0,2,0,0,2,2,2,0,1,0,2,1,0,0,2,2,2,0,0,0,1,2,2,1,0,1,2,0
216_8,1,2,2,1,1,1,0,2,1,1,2,1,2,1,2,0,1,1,2,1,0,1,2,2,2,1,2,0,0,2,2,2,1,1,2,0,2,0,1,0,1,2,2,0,2,0,1,2,1,2,0,1,2,2,2,2,0,2,2,0,2,2,2,1,0,1,1,1,2,2,2,1,1,2,1,2,2,0,1,0,2,0,1,1,2,2,0,1,0,0,1,0,1,2,2,1,1,0,0,2,2,1,0,0,2,1,1,0,1,0,1,2,0,2,2,0,0,2,1,1,2,0,1,2,0,0,2,0,0,1,2,2,1,1,2,1,0,2,1,2,2,1,1,0,2,2,0,2,1,1,0,1,0,2,2,0,2,1,0,0,2,2,0,2,0,0,2,0,2,0,0,0,0,2,0,0,2,2,2,0,1,0,2,1,0,0,2,2,2,0,0,0,1,2,2,1,0,1,2,0
216_7,1,2,2,1,1,1,0,2,1,1,2,1,2,1,2,0,1,1,2,1,0,1,2,2,2,1,2,0,0,2,2,2,1,1,2,0,2,0,1,0,1,2,2,0,2,0,1,2,1,2,0,1,2,2,2,2,0,2,2,0,2,2,2,1,0,1,1,1,2,2,2,1,1,2,1,2,2,0,1,0,2,0,1,1,2,2,0,1,0,0,1,0,1,2,2,1,1,0,0,2,2,1,0,0,2,1,1,0,1,0,1,2,0,2,2,1,0,2,1,1,2,0,1,2,0,0,2,0,0,1,2,2,1,1,2,1,0,2,1,2,2,1,1,0,2,2,0,2,1,1,0,1,0,2,2,0,2,1,0,0,2,2,0,2,0,0,2,0,2,0,0,0,0,2,0,0,2,2,2,0,1,0,2,1,0,0,2,2,2,0,0,0,1,2,2,1,2,1,2,0
I11,1,2,2,1,0,0,0,2,0,0,2,0,2,1,2,0,1,1,2,1,0,1,2,2,2,1,2,2,0,2,2,0,1,1,2,0,2,0,1,0,1,2,2,0,2,0,1,2,0,2,0,1,2,2,1,2,0,2,2,0,2,2,2,1,0,0,1,0,2,2,2,1,1,2,1,2,2,0,1,0,2,0,1,1,2,2,0,0,0,0,1,0,1,0,2,0,1,0,0,0,2,1,0,0,2,1,0,0,0,0,1,2,0,2,0,0,0,2,1,0,2,0,1,2,0,0,0,0,0,0,2,1,1,1,2,1,0,0,0,2,2,1,1,0,2,2,0,2,1,1,0,1,0,2,2,0,2,1,0,0,2,2,2,2,2,0,2,0,2,0,2,0,0,2,0,0,2,2,2,0,1,0,2,1,0,0,0,2,0,0,0,0,1,2,2,1,0,1,2,0
I12,1,2,2,1,0,0,0,2,0,0,2,0,2,1,2,0,1,1,2,1,0,1,2,2,2,1,2,2,0,2,2,0,1,1,2,0,2,0,1,0,1,2,2,0,2,0,1,2,0,2,0,1,2,2,1,2,0,2,2,0,2,2,2,1,0,0,1,0,2,2,2,1,1,2,1,2,2,0,1,0,2,0,1,1,2,2,0,0,0,0,1,0,1,0,2,0,1,0,0,0,2,1,0,0,2,1,0,2,2,0,1,2,0,2,0,0,0,2,1,0,2,0,1,2,0,0,0,2,0,0,2,1,1,1,2,1,0,0,0,2,2,1,1,0,2,2,0,2,1,1,0,1,0,2,2,0,2,1,2,0,2,2,2,2,2,0,2,0,2,0,2,0,0,2,0,0,2,2,2,0,1,0,2,1,0,0,0,2,0,0,0,0,1,2,2,1,0,1,2,2
216_2,1,2,2,1,0,0,0,2,0,0,2,0,2,1,2,0,1,1,2,1,0,1,2,2,2,1,2,2,0,2,2,0,1,1,2,0,2,0,1,0,1,2,2,0,2,0,1,2,0,2,0,1,2,2,1,2,0,2,2,0,2,2,2,1,0,0,1,0,2,2,2,1,1,2,1,2,2,0,1,0,2,0,1,1,2,2,0,0,0,1,1,0,1,0,2,0,1,0,1,0,2,1,0,0,2,1,0,2,2,0,1,2,0,2,0,2,0,2,1,0,2,0,1,2,0,0,0,2,0,0,2,1,1,1,2,1,0,0,1,2,2,1,1,0,2,2,0,2,1,1,0,1,0,2,2,0,2,1,2,0,2,2,2,2,2,0,2,0,2,0,2,0,0,2,0,0,2,2,2,0,1,0,2,1,0,0,0,2,0,0,0,0,1,2,2,1,0,1,2,2
216_1,1,2,2,1,0,0,0,2,0,0,2,0,2,1,2,0,1,1,2,1,0,1,2,2,2,1,2,2,0,2,2,0,1,1,2,0,2,0,1,0,1,2,2,0,2,0,1,2,0,2,0,1,2,2,1,2,0,2,2,0,2,2,2,1,0,0,1,0,2,2,2,1,1,2,1,2,2,0,1,0,2,0,1,1,2,2,0,0,0,0,1,0,1,0,2,0,1,0,0,2,2,1,0,0,2,1,0,2,2,0,1,2,0,2,0,0,0,2,1,0,2,0,1,2,0,0,0,2,0,1,2,1,1,1,2,1,0,0,0,2,2,1,1,0,2,2,0,2,1,1,0,1,0,2,2,0,2,1,2,0,2,2,2,2,2,0,2,0,2,0,2,0,2,2,0,0,2,2,2,0,1,0,2,1,0,0,0,2,0,0,0,0,1,2,2,1,0,1,2,2
I13,1,2,2,1,0,0,0,2,0,0,2,0,2,1,2,0,1,1,2,1,0,1,2,2,2,1,2,2,0,2,2,0,1,1,2,0,2,0,1,0,1,2,2,0,2,0,1,2,0,2,0,1,2,2,1,2,0,2,2,0,2,2,2,1,0,0,1,0,2,2,2,1,1,2,1,2,2,0,1,0,2,0,1,1,2,2,0,0,0,0,1,0,1,0,2,0,1,0,1,0,2,1,0,0,2,1,0,2,0,0,1,2,0,2,0,0,0,2,1,0,2,0,1,2,0,0,0,0,0,0,2,1,1,1,2,1,0,0,0,2,2,1,1,1,2,2,0,2,1,1,0,1,0,2,2,0,2,1,0,0,2,2,2,2,2,2,2,0,2,0,2,0,0,2,0,1,2,2,2,0,1,0,2,1,1,0,0,2,0,0,0,0,1,2,2,1,0,1,2,0
216_4,1,2,2,1,0,0,0,2,0,0,2,0,2,1,2,0,1,1,2,1,0,1,2,2,2,1,2,2,0,2,2,0,1,1,2,0,2,0,1,0,1,2,2,0,2,0,1,2,1,2,0,1,2,2,1,2,0,2,2,0,2,2,2,1,0,0,1,0,2,2,2,1,1,2,1,2,2,0,1,0,2,0,1,1,2,2,0,2,0,0,1,0,1,0,2,0,1,0,1,0,2,1,0,0,2,1,0,2,0,0,1,2,0,2,0,0,0,2,1,0,2,0,1,2,0,0,0,0,0,0,2,1,1,1,2,1,0,0,0,2,2,1,1,1,2,2,0,2,1,1,0,1,0,2,2,2,2,1,0,0,2,2,2,2,2,2,2,0,2,0,2,0,0,2,0,1,2,2,2,0,1,0,2,1,1,2,0,2,0,0,0,0,1,2,2,1,0,1,2,1
216_3,1,2,2,1,0,0,0,2,0,0,2,0,2,1,2,0,1,1,2,1,0,1,2,2,2,1,2,2,0,2,2,0,1,1,2,0,2,0,1,0,1,2,2,0,2,0,1,2,0,2,0,1,2,2,1,2,0,2,2,0,2,2,2,1,0,0,1,0,2,2,2,1,1,2,1,2,2,0,1,0,2,0,1,1,2,2,0,0,0,0,1,0,1,0,2,0,1,0,1,0,2,1,0,0,2,1,0,2,0,0,1,2,0,2,0,0,0,2,1,0,2,0,1,2,0,0,0,0,0,0,2,1,1,1,2,1,0,0,0,2,2,1,1,1,2,2,0,2,1,1,0,1,0,2,2,0,2,1,0,0,2,2,2,2,2,2,2,0,2,0,2,0,0,2,0,1,2,2,2,0,1,0,2,1,1,0,0,2,0,0,0,0,1,2,2,1,0,1,2,0
Evolve tree: [&R] ((((216_3:0.0294162965763624,216_4:0.0294162965763624)I13:0.10631224875040383,(216_1:0.027210879208705078,216_2:0.027210879208705078)I12:0.10851766611806116)I11:0.16988310573742796,((216_7:0.01855321780474515,216_8:0.01855321780474515)I10:0.11717532752202107,(216_5:0.01642919235811928,216_6:0.01642919235811928)I9:0.11929935296864695)I8:0.16988310573742796)I7:0.2794162201870896,(((216_9:0.0060454085156434086,216_10:0.0060454085156434086)I6:0.10628785298851538,216_11:0.11233326150415879)I5:0.15593813833729853,((216_12:0.004015098179377865,216_13:0.004015098179377865)I4:0.09990151633790287,(216_14:0.002000000000000148,216_15:0.002000000000000148)I3:0.10191661451728058)I2:0.16435478532417658)I1:0.31675647140982643)I0:0.4847025505353472;