[&R] ((((((216_3:0,216_4:0)207_2:1.01,(216_1:0,216_2:0)209_1:1.01)165_1:0.002,(216_5:0,216_6:0)210_5:1.012)120_1:2.169,((216_9:0,216_10:0)177_5:4.804,216_11:1.804)123_3:0.377)70_1:2.672,((216_14:0,216_15:0)179_9:1.16,216_13:1.16)129_5:5.692)23_1:0.148)I0;
I0,0,0,0,0,0,0,0,0,0,0
23_1,0,0,0,0,0,0,0,0:0.85/2:0.15,0,0
129_5,0:0.03/2:0.97,0:0.03/2:0.97,0:0.03/2:0.97,0,0,0:0.03/2:0.97,0,0:0.02/2:0.98,0,0:0.03/2:0.97
216_13,2,2,2,0,0,2,1,2,0,2
179_9,2,2,2,2,0,2,0,2,0,2
216_15,2,2,2,2,0,2,0,2,0,2
216_14,2,2,2,2,0,2,0,2,0,2
70_1,0,0,0:0.06/1:0.94,0,0,0,0,0:0.05/2:0.95,0:0.06/1:0.94,0
123_3,0,0,0:0.04/1:0.96,0,0,0,0,0:0.04/2:0.96,0:0.04/1:0.96,0:0.68/2:0.32
216_11,0,0,1,0,0,2,0,2,1,2
177_5,1,0,1,1,1,0,1,2,1,2
216_10,1,0,1,1,1,0,1,2,1,2
216_9,1,0,1,1,1,0,1,2,1,2
120_1,0,0,1,0,0,0:0.01/2:0.99,0:0.01/2:0.99,2,1,0
210_5,0,0,1,0,2,2,2,2,1,0
216_6,0,0,1,0,2,2,2,2,1,0
216_5,0,0,1,0,2,2,2,2,1,0
165_1,0,0,1,0,0,2,2,2,1,0
209_1,0,0,1,0,1,2,2,2,1,0
216_2,0,0,1,0,1,2,2,2,1,0
216_1,0,0,1,0,1,2,2,2,1,0
207_2,0,0,1,0,2,2,2,2,1,0
216_4,0,0,1,0,2,2,2,2,1,0
216_3,0,0,1,0,2,2,2,2,1,0
