[&R] ((((((216_3:0,216_4:0)207_2:0.023,(216_1:0,216_2:0)209_1:1.023)165_1:0.004,(216_5:0,216_6:0)210_5:2.027)120_1:1.016,((216_9:0,216_10:0)177_5:1.007,216_11:0.007)123_3:0.036)70_1:2.73,((216_14:0,216_15:0)179_9:0.048,216_13:1.048)129_5:3.724)23_1:3.227)I0;
I0,0,0,0,0,0,0,0,0,0,0
23_1,0,0:0.19/2:0.81,0:0.19/1:0.81,0,0:0.19/1:0.81,0,0,0:0.19/1:0.81,0,0
129_5,0:0.01/1:0.99,2,1,0,1,0:0.01/2:0.99,0:0.01/1:0.99,1,0,0
216_13,1,2,1,0,1,2,1,1,0,2
179_9,1,2,1,0,1,2,1,1,0,0
216_15,1,2,1,0,1,2,1,1,0,0
216_14,1,2,1,0,1,2,1,1,0,0
70_1,0,2,1,0:0.02/2:0.98,1,0,0,1,0:0.02/2:0.98,0
123_3,0,2,1,2,1,0,0,1,2,0
216_11,0,2,1,2,1,0,0,1,2,0
177_5,0,2,1,2,1,0,1,1,2,0
216_10,0,2,1,2,1,0,1,1,2,0
216_9,0,2,1,2,1,0,1,1,2,0
120_1,0,2,1,2,1,0,0,1,2,0:0.03/1:0.97
210_5,1,2,1,2,1,0,2,1,2,1
216_6,1,2,1,2,1,0,2,1,2,1
216_5,1,2,1,2,1,0,2,1,2,1
165_1,0,2,1,2,1,0,0,1,2,0:0.02/1:0.98
209_1,0,2,1,2,1,0,2,1,2,1
216_2,0,2,1,2,1,0,2,1,2,1
216_1,0,2,1,2,1,0,2,1,2,1
207_2,0,2,1,2,1,0,0,1,2,1
216_4,0,2,1,2,1,0,0,1,2,1
216_3,0,2,1,2,1,0,0,1,2,1
