cell,r0,r1,r2,r3,r4,r5,r6,r7,r8,r9,r10,r11,r12,r13,r14,r15,r16,r17,r18,r19,r20,r21,r22,r23,r24,r25,r26,r27,r28,r29,r30,r31,r32,r33,r34,r35,r36,r37,r38,r39,r40,r41,r42,r43,r44,r45,r46,r47,r48,r49,r50,r51,r52,r53,r54,r55,r56,r57,r58,r59,r60,r61,r62,r63,r64,r65,r66,r67,r68,r69,r70,r71,r72,r73,r74,r75,r76,r77,r78,r79,r80,r81,r82,r83,r84,r85,r86,r87,r88,r89,r90,r91,r92,r93,r94,r95,r96,r97,r98,r99,r100,r101,r102,r103,r104,r105,r106,r107,r108,r109,r110,r111,r112,r113,r114,r115,r116,r117,r118,r119,r120,r121,r122,r123,r124,r125,r126,r127,r128,r129,r130,r131,r132,r133,r134,r135,r136,r137,r138,r139,r140,r141,r142,r143,r144,r145,r146,r147,r148,r149,r150,r151,r152,r153,r154,r155,r156,r157,r158,r159,r160,r161,r162,r163,r164,r165,r166,r167,r168,r169,r170,r171,r172,r173,r174,r175,r176,r177,r178,r179,r180,r181,r182,r183,r184,r185,r186,r187,r188,r189,r190,r191,r192,r193,r194,r195,r196,r197,r198,r199
I0,0,0,1,0,0,1,0,0,0,0,0,0,1,1,1,0,0,0,0,0,0,0,0,0,2,0,2,0,0,0,0,0,0,0,0,0,0,0,0,0,0,0,0,0,0,0,0,0,0,2,0,0,0,2,0,0,0,0,0,0,1,0,0,0,0,0,0,0,0,0,0,0,2,0,1,0,0,0,2,0,2,2,0,0,2,0,0,2,0,0,0,0,0,2,0,0,0,0,0,0,0,1,1,0,0,2,1,0,0,0,0,0,1,0,1,0,0,1,2,0,0,0,0,0,0,0,1,2,0,0,0,0,0,0,0,0,1,0,1,0,0,0,0,0,1,0,0,0,0,0,1,0,1,0,0,0,0,0,0,1,0,0,0,0,0,1,0,0,0,0,0,0,0,0,0,1,2,0,0,0,0,0,0,0,2,0,0,0,0,0,0,0,0,0,0,0,2,0,0,0
I1,1,2,1,0,1,1,0,2,1,1,1,0,1,1,1,0,1,1,0,0,0,0,1,0,2,0,2,0,0,0,0,1,0,0,0,1,0,2,0,1,0,0,0,1,2,2,0,0,2,2,1,2,1,2,0,0,0,2,1,0,1,2,1,1,1,2,1,2,0,2,0,1,2,2,1,0,1,2,2,0,2,2,1,0,2,0,0,2,2,0,0,0,1,2,2,0,2,0,0,2,0,1,1,0,0,2,1,0,0,2,2,2,1,0,1,2,1,1,2,0,1,2,0,2,0,1,1,2,1,0,0,0,1,0,0,0,1,0,1,2,1,0,2,0,1,0,2,1,2,0,1,0,1,0,0,2,0,1,2,1,0,0,1,0,1,1,1,1,0,1,0,0,0,0,0,1,2,0,0,0,0,0,0,0,2,1,0,1,2,1,1,0,1,0,0,0,2,2,0,2
216_13,1,2,1,0,1,1,0,2,1,1,1,0,1,1,1,0,1,1,0,0,0,0,1,0,2,0,2,2,0,0,0,1,0,0,1,1,1,2,0,1,0,0,0,1,2,2,1,1,2,2,1,2,1,2,0,0,0,2,1,0,1,2,1,1,1,2,1,2,0,2,0,1,2,2,1,0,1,2,2,0,2,2,1,0,2,2,0,2,2,0,2,1,1,2,2,0,2,1,0,2,0,1,1,0,1,2,1,0,0,2,2,2,1,0,1,2,1,1,2,2,1,2,0,2,0,1,1,2,1,0,0,0,1,1,2,0,1,0,1,2,1,0,2,0,1,0,2,1,2,0,1,0,1,0,0,2,0,1,2,1,0,0,1,0,1,1,1,1,2,1,2,0,0,0,0,1,2,0,0,2,0,2,0,2,2,1,0,1,2,1,1,0,1,0,0,0,2,2,0,2
I2,1,2,1,0,1,1,0,2,1,1,1,0,1,1,1,0,1,1,0,0,0,0,1,0,2,0,2,2,0,2,0,1,0,0,0,1,1,2,0,1,2,0,0,1,2,2,0,0,2,2,1,2,1,2,0,0,0,2,1,0,1,2,1,1,1,2,1,2,0,2,0,1,2,2,1,0,1,2,2,0,2,2,1,0,2,0,0,2,2,0,0,0,1,2,2,0,2,0,0,2,2,1,1,0,0,2,1,0,0,2,2,2,1,0,1,2,1,1,2,0,1,2,0,2,0,1,1,2,1,0,0,0,1,2,2,2,1,0,1,2,1,0,2,0,1,0,2,1,2,2,1,0,1,0,0,2,0,1,2,1,0,0,1,0,1,1,1,1,0,1,0,0,0,0,0,1,2,0,0,0,0,2,0,0,2,1,0,1,2,1,1,0,1,0,2,0,2,2,0,2
216_15,1,2,1,0,1,1,0,2,1,1,1,0,1,1,1,0,1,1,0,0,2,1,1,0,2,0,2,2,0,2,0,1,0,0,0,1,1,2,0,1,2,0,0,1,2,2,0,0,2,2,1,2,1,2,0,1,0,2,1,0,1,2,1,1,1,2,1,2,0,2,0,1,2,2,1,0,1,2,2,0,2,2,1,2,2,0,0,2,2,0,0,0,1,2,2,2,2,0,0,2,2,1,1,0,0,2,1,0,0,2,2,2,1,0,1,2,1,1,2,0,1,2,0,2,0,1,1,2,1,0,0,0,1,2,2,2,1,0,1,2,1,0,2,0,1,2,2,1,2,2,1,0,1,0,2,2,0,1,2,1,0,0,1,0,1,1,1,1,0,1,0,0,0,0,0,1,2,2,0,1,0,2,0,0,2,1,0,1,2,1,1,0,1,0,2,0,2,2,0,2
216_14,1,2,1,0,1,1,2,2,1,1,1,0,1,1,1,0,1,1,2,0,0,0,1,0,2,0,2,2,0,2,0,1,0,0,0,1,1,2,0,1,2,0,0,1,2,2,0,2,2,2,1,2,1,2,0,0,1,2,1,0,1,2,1,1,1,2,1,2,0,2,0,1,2,2,1,2,1,2,2,0,2,2,1,0,2,0,0,2,2,0,0,2,1,2,2,0,2,2,0,2,2,1,1,0,0,2,1,0,0,2,2,2,1,0,1,2,1,1,2,0,1,2,2,2,0,1,1,2,1,0,0,0,1,2,2,2,1,0,1,2,1,0,2,0,1,2,2,1,2,2,1,0,1,0,0,2,0,1,2,1,0,0,1,0,1,1,1,1,0,1,0,0,0,2,0,1,2,0,0,0,0,2,0,0,2,1,0,1,2,1,1,0,1,0,2,0,2,2,0,2
I3,0,2,1,1,0,1,0,0,0,0,0,0,1,1,1,1,0,2,2,0,1,0,0,2,2,2,2,1,2,0,0,0,1,0,0,0,0,0,0,0,0,0,1,0,0,0,0,0,0,2,0,0,1,2,0,1,1,0,0,0,1,2,0,0,2,0,2,0,0,0,0,0,2,0,1,2,0,2,2,0,2,2,1,2,2,2,1,2,0,0,0,2,0,2,0,0,0,0,0,2,2,1,1,0,0,2,1,0,0,0,0,0,1,0,1,0,0,1,2,0,0,2,2,0,1,0,1,2,2,0,0,1,0,2,0,0,1,0,1,0,0,2,0,2,1,0,0,0,1,2,1,1,1,1,0,0,0,0,0,1,0,0,1,0,0,1,1,0,0,0,0,0,0,0,2,1,2,0,0,1,0,0,0,0,2,1,0,0,0,1,0,2,0,0,0,1,2,0,0,0
I4,0,2,1,1,0,1,0,0,0,0,0,0,1,1,1,1,0,2,2,0,1,2,0,2,2,2,2,1,2,1,0,2,1,0,2,0,0,1,0,2,0,1,1,0,1,2,2,0,0,2,0,0,1,2,0,1,1,1,0,0,1,2,0,2,2,0,2,0,2,0,0,0,2,0,1,2,0,2,2,0,2,2,1,2,2,2,1,2,0,0,1,2,0,2,0,2,0,2,0,2,2,1,1,1,0,2,1,2,0,0,0,0,1,0,1,2,0,1,2,2,0,2,2,0,1,0,1,2,2,1,0,1,0,2,2,0,1,0,1,0,0,2,0,2,1,0,1,0,1,2,1,1,1,1,1,0,0,0,0,1,0,1,1,0,0,1,1,0,0,1,0,0,1,0,2,1,2,2,0,1,0,0,1,0,2,1,0,0,2,1,0,2,0,0,1,1,2,2,0,0
216_11,2,2,1,1,0,1,2,0,0,0,0,0,1,1,1,1,0,2,2,1,1,2,0,2,2,2,2,1,2,1,0,2,1,0,2,0,0,1,0,2,0,1,1,2,1,2,2,0,0,2,0,0,1,2,1,1,1,1,0,0,1,2,0,2,2,0,2,0,2,2,0,0,2,0,1,2,0,2,2,0,2,2,1,2,2,2,1,2,2,0,1,2,0,2,0,2,0,2,2,2,2,1,1,1,0,2,1,2,1,1,0,0,1,0,1,2,0,1,2,2,1,2,2,2,1,0,1,2,2,1,1,1,0,2,2,2,1,2,1,0,0,2,0,2,1,0,1,0,1,2,1,1,1,1,1,0,0,0,0,1,1,1,1,1,0,1,1,0,0,1,0,0,1,0,2,1,2,2,0,1,1,0,1,1,2,1,0,2,2,1,0,2,2,0,1,1,2,2,0,0
I5,0,2,1,1,0,1,0,0,0,2,0,0,1,1,1,1,0,2,2,0,1,2,0,2,2,2,2,1,2,1,0,2,1,0,2,0,2,1,0,2,0,1,1,0,1,2,2,0,2,2,0,0,1,2,0,1,1,1,1,0,1,2,1,2,2,0,2,0,2,1,0,0,2,2,1,2,0,2,2,0,2,2,1,2,2,2,1,2,0,0,1,2,0,2,0,2,0,2,0,2,2,1,1,1,0,2,1,2,0,0,0,0,1,0,1,2,1,1,2,2,0,2,2,0,1,0,1,2,2,1,0,1,0,2,2,2,1,2,1,0,0,2,0,2,1,0,1,0,1,2,1,1,1,1,1,0,1,0,0,1,0,1,1,1,0,1,1,0,0,1,2,0,1,0,2,1,2,2,0,1,0,0,1,0,2,1,0,0,2,1,0,2,0,0,1,1,2,2,0,0
216_10,2,2,1,1,0,1,0,0,0,2,0,0,1,1,1,1,0,2,2,0,1,2,0,2,2,2,2,1,2,1,0,2,1,0,2,0,2,1,0,2,0,1,1,0,1,2,2,0,2,2,0,0,1,2,0,1,1,1,1,0,1,2,1,2,2,0,2,0,2,1,0,0,2,2,1,2,0,2,2,0,2,2,1,2,2,2,1,2,0,0,1,2,0,2,0,2,0,2,0,2,2,1,1,1,0,2,1,2,0,0,0,0,1,0,1,2,1,1,2,2,2,2,2,0,1,0,1,2,2,1,0,1,0,2,2,2,1,2,1,0,0,2,0,2,1,0,1,0,1,2,1,1,1,1,1,0,1,0,0,1,0,1,1,1,2,1,1,0,2,1,2,0,1,0,2,1,2,2,2,1,0,0,1,2,2,1,0,2,2,1,0,2,0,0,1,1,2,2,0,0
216_9,0,2,1,1,0,1,0,0,0,2,0,0,1,1,1,1,0,2,2,0,1,2,0,2,2,2,2,1,2,1,0,2,1,0,2,0,2,1,0,2,0,1,1,0,1,2,2,0,2,2,0,0,1,2,0,1,1,1,1,0,1,2,1,2,2,0,2,0,2,1,0,0,2,2,1,2,0,2,2,0,2,2,1,2,2,2,1,2,0,0,1,2,0,2,0,2,0,2,0,2,2,1,1,1,0,2,1,2,0,0,0,0,1,0,1,2,1,1,2,2,0,2,2,0,1,0,1,2,2,1,0,1,0,2,2,2,1,2,1,0,0,2,0,2,1,1,1,2,1,2,1,1,1,1,1,0,1,0,2,1,0,1,1,1,0,1,1,1,0,1,2,0,1,0,2,1,2,2,0,1,0,0,1,2,2,1,0,0,2,1,0,2,0,0,1,1,2,2,0,0
I6,1,2,1,1,2,1,0,1,0,0,0,0,1,1,1,1,0,2,2,0,1,1,1,2,2,2,2,1,2,2,0,0,1,0,0,2,0,0,0,0,0,0,1,0,0,1,0,2,0,2,0,1,1,2,0,1,1,0,0,2,1,2,1,0,2,0,2,0,0,1,0,0,2,0,1,2,0,2,2,2,2,2,1,2,2,2,1,2,0,0,2,2,2,2,0,0,1,0,0,2,2,1,1,2,0,2,1,1,0,0,0,0,1,0,1,0,0,1,2,0,0,2,2,0,1,0,1,2,2,0,0,1,0,2,0,1,1,2,1,0,0,2,0,2,1,0,0,0,1,2,1,1,1,1,2,1,0,0,1,1,0,1,1,1,0,1,1,0,0,0,0,2,0,0,2,1,2,2,0,1,0,0,0,0,2,1,0,1,0,1,2,2,0,2,0,1,2,0,0,0
I7,1,2,1,1,2,1,0,1,0,0,0,0,1,1,1,1,2,2,2,0,1,1,1,2,2,2,2,1,2,2,0,0,1,0,0,2,0,0,0,0,0,0,1,0,0,1,1,2,2,2,0,1,1,2,0,1,1,0,0,2,1,2,1,0,2,0,2,0,0,1,0,0,2,0,1,2,0,2,2,2,2,2,1,2,2,2,1,2,0,2,2,2,2,2,0,1,1,0,0,2,2,1,1,2,0,2,1,1,1,0,2,1,1,0,1,0,0,1,2,0,0,2,2,2,1,0,1,2,2,2,0,1,0,2,0,1,1,2,1,0,0,2,1,2,1,0,1,0,1,2,1,1,1,1,2,1,2,0,1,1,0,1,1,1,0,1,1,0,0,0,0,2,1,0,2,1,2,2,0,1,0,0,0,0,2,1,0,1,0,1,2,2,0,2,1,1,2,0,0,0
216_6,1,2,1,1,2,1,0,1,0,0,0,0,1,1,1,1,2,2,2,0,1,1,1,2,2,2,2,1,2,2,0,0,1,0,0,2,0,0,0,0,0,0,1,0,0,1,1,2,2,2,0,1,1,2,0,1,1,0,0,2,1,2,1,0,2,0,2,0,0,1,0,0,2,0,1,2,0,2,2,2,2,2,1,2,2,2,1,2,0,2,2,2,2,2,0,1,1,0,0,2,2,1,1,2,0,2,1,1,1,0,2,1,1,0,1,0,0,1,2,0,0,2,2,2,1,0,1,2,2,2,0,1,0,2,0,1,1,2,1,0,0,2,1,2,1,0,1,0,1,2,1,1,1,1,2,1,2,0,1,1,0,1,1,1,0,1,1,0,0,0,0,2,1,0,2,1,2,2,0,1,0,0,0,0,2,1,0,1,0,1,2,2,0,2,1,1,2,0,0,0
216_5,1,2,1,1,2,1,0,1,0,0,0,0,1,1,1,1,2,2,2,0,1,1,1,2,2,2,2,1,2,2,0,0,1,0,2,2,0,0,0,0,0,0,1,0,0,1,1,2,2,2,0,1,1,2,0,1,1,0,0,2,1,2,1,0,2,0,2,0,0,1,0,0,2,0,1,2,0,2,2,2,2,2,1,2,2,2,1,2,0,2,2,2,2,2,2,1,1,0,0,2,2,1,1,2,0,2,1,1,1,0,2,1,1,0,1,0,0,1,2,0,0,2,2,2,1,0,1,2,2,2,0,1,0,2,0,1,1,2,1,0,0,2,1,2,1,0,1,0,1,2,1,1,1,1,2,1,2,0,1,1,0,1,1,1,0,1,1,0,0,0,0,2,1,0,2,1,2,2,0,1,0,0,0,0,2,1,0,1,0,1,2,2,0,2,1,1,2,0,0,0
I8,1,2,1,1,2,1,0,1,0,0,0,0,1,1,1,1,0,2,2,1,1,1,1,2,2,2,2,1,2,2,0,0,1,0,0,2,0,0,0,0,0,0,1,0,0,1,2,2,0,2,0,1,1,2,0,1,1,1,0,2,1,2,1,0,2,0,2,1,1,1,0,0,2,2,1,2,0,2,2,2,2,2,1,2,2,2,1,2,0,0,2,2,2,2,0,2,1,0,0,2,2,1,1,2,0,2,1,1,0,0,0,0,1,0,1,0,0,1,2,0,0,2,2,0,1,0,1,2,2,1,1,1,0,2,0,1,1,2,1,1,0,2,0,2,1,0,0,0,1,2,1,1,1,1,2,1,0,0,1,1,0,1,1,1,1,1,1,0,0,0,1,2,0,0,2,1,2,2,0,1,0,0,2,0,2,1,1,1,0,1,2,2,0,2,0,1,2,1,0,2
I9,1,2,1,1,2,1,1,1,0,0,0,0,1,1,1,1,0,2,2,1,1,1,1,2,2,2,2,1,2,2,0,1,1,0,0,2,0,0,0,0,0,0,1,0,0,1,2,2,0,2,0,1,1,2,0,1,1,1,0,2,1,2,1,0,2,0,2,1,1,1,0,0,2,2,1,2,0,2,2,2,2,2,1,2,2,2,1,2,0,0,2,2,2,2,0,2,1,0,1,2,2,1,1,2,0,2,1,1,0,0,0,0,1,0,1,0,0,1,2,1,0,2,2,0,1,0,1,2,2,1,1,1,0,2,0,1,1,2,1,1,2,2,0,2,1,0,0,0,1,2,1,1,1,1,2,1,1,0,1,1,1,1,1,1,1,1,1,0,0,0,1,2,0,0,2,1,2,2,0,1,0,0,2,0,2,1,1,1,2,1,2,2,0,2,0,1,2,1,0,2
216_2,1,2,1,1,2,1,1,1,0,0,1,0,1,1,1,1,0,2,2,1,1,1,1,2,2,2,2,1,2,2,0,1,1,0,0,2,0,0,0,0,0,0,1,0,0,1,2,2,0,2,0,1,1,2,0,1,1,1,0,2,1,2,1,0,2,0,2,1,1,1,0,0,2,2,1,2,0,2,2,2,2,2,1,2,2,2,1,2,0,0,2,2,2,2,0,2,1,0,1,2,2,1,1,2,0,2,1,1,0,0,0,0,1,0,1,0,0,1,2,1,0,2,2,0,1,0,1,2,2,1,1,1,0,2,0,1,1,2,1,1,2,2,0,2,1,0,0,0,1,2,1,1,1,1,2,1,1,0,1,1,1,1,1,1,1,1,1,0,0,0,1,2,0,0,2,1,2,2,0,1,0,0,2,0,2,1,1,1,2,1,2,2,0,2,0,1,2,1,0,2
216_1,1,2,1,1,2,1,1,1,0,0,0,0,1,1,1,1,0,2,2,1,1,1,1,2,2,2,2,1,2,2,0,1,1,0,0,2,0,0,0,0,0,0,1,0,0,1,2,2,0,2,0,1,1,2,0,1,1,1,0,2,1,2,1,0,2,0,2,1,1,1,0,0,2,2,1,2,0,2,2,2,2,2,1,2,2,2,1,2,0,0,2,2,2,2,0,2,1,0,1,2,2,1,1,2,0,2,1,1,0,0,0,0,1,0,1,0,0,1,2,1,0,2,2,0,1,0,1,2,2,1,1,1,0,2,0,1,1,2,1,1,2,2,0,2,1,0,0,0,1,2,1,1,1,1,2,1,1,0,1,1,1,1,1,1,1,1,1,0,0,0,1,2,0,0,2,1,2,2,0,1,0,0,2,0,2,1,1,1,2,1,2,2,0,2,0,1,2,1,0,2
I10,1,2,1,1,2,1,0,1,0,0,0,0,1,1,1,1,0,2,2,1,1,1,1,2,2,2,2,1,2,2,0,0,1,0,2,2,0,0,0,0,0,2,1,0,0,1,2,2,2,2,0,1,1,2,0,1,1,1,0,2,1,2,1,0,2,1,2,1,1,1,0,0,2,2,1,2,1,2,2,2,2,2,1,2,2,2,1,2,0,0,2,2,2,2,0,2,1,0,0,2,2,1,1,2,0,2,1,1,0,0,0,0,1,0,1,0,0,1,2,0,0,2,2,0,1,0,1,2,2,1,1,1,0,2,0,1,1,2,1,1,0,2,0,2,1,0,0,0,1,2,1,1,1,1,2,1,0,0,1,1,0,1,1,1,1,1,1,2,2,0,1,2,0,0,2,1,2,2,0,1,0,0,2,0,2,1,1,1,0,1,2,2,0,2,0,1,2,1,0,2
216_4,1,2,1,1,2,1,0,1,0,0,0,0,1,1,1,1,0,2,2,1,1,1,1,2,2,2,2,1,2,2,0,0,1,0,2,2,0,0,0,0,0,2,1,0,0,1,2,2,2,2,0,1,1,2,0,1,1,1,0,2,1,2,1,0,2,1,2,1,1,1,0,0,2,2,1,2,1,2,2,2,2,2,1,2,2,2,1,2,0,0,2,2,2,2,0,2,1,0,0,2,2,1,1,2,0,2,1,1,0,0,0,0,1,0,1,0,0,1,2,0,0,2,2,0,1,0,1,2,2,1,1,1,0,2,0,1,1,2,1,1,0,2,0,2,1,0,0,0,1,2,1,1,1,1,2,1,0,0,1,1,0,1,1,1,1,1,1,2,2,0,1,2,0,0,2,1,2,2,0,1,0,0,2,0,2,1,1,1,0,1,2,2,0,2,0,1,2,1,0,2
216_3,1,2,1,1,2,1,0,1,0,0,0,0,1,1,1,1,0,2,2,1,1,1,1,2,2,2,2,1,2,2,0,0,1,0,2,2,0,0,0,0,0,2,1,0,0,1,2,2,2,2,0,1,1,2,0,1,1,1,0,2,1,2,1,0,2,1,2,1,1,1,0,0,2,2,1,2,1,2,2,2,2,2,1,2,2,2,1,2,0,0,2,2,2,2,0,2,1,0,0,2,2,1,1,2,0,2,1,1,0,0,0,0,1,0,1,0,0,1,2,0,0,2,2,0,1,0,1,2,2,1,1,1,0,2,0,1,1,2,1,1,0,2,0,2,1,0,0,0,1,2,1,1,1,1,2,1,0,0,1,1,0,1,1,1,1,1,1,2,2,0,1,2,0,0,2,1,2,2,0,1,0,0,2,0,2,1,1,1,0,1,2,2,0,2,0,1,2,1,0,2
Evolve tree: [&R] (((((216_3:0.01855321780474515,216_4:0.01855321780474515)I10:0.10530174908090252,(216_1:0.014321081231462463,216_2:0.014321081231462463)I9:0.10953388565418522)I8:0.15658343681971423,(216_5:0.012228765186287953,216_6:0.012228765186287953)I7:0.26820963851907403)I6:0.24896234069797293,((216_9:0.09030406796528304,216_10:0.09030406796528304)I5:0.17796733187617433,216_11:0.2682713998414575)I4:0.2611293445618775)I3:0.33680284750052797,((216_14:0.08500076884268579,216_15:0.08500076884268579)I2:0.1597448901562948,216_13:0.2447456589989807)I1:0.6214579329048823)I0:0.20352682988276807;