[&R] ((((((216_10:2.067,216_11:2.067)207_8:0.004,(216_8:3.6,216_9:1.6)210_7:0.471)166_6:3.06,((216_6:1.026,216_7:0.026)215_6:1.045,216_5:1.071)173_5:1.059)115_3:0.016,((216_14:1.012,216_15:0.012)205_10:0.003,(216_12:0,216_13:0)208_10:1.015)159_8:5.131)45_2:2.185,(216_3:1.006,216_4:0.006)186_2:1.324)virtual:0.67)I0;
I0,0,0,0,0,0,0,0,0,0,0
virtual,0,0,0,0,0,0,0,0,0,0:0.33/1:0.67
186_2,0,0,0,0,0,0,0,1,0,1
216_4,0,0,0,0,0,0,0,1,0,1
216_3,0,1,0,0,0,0,0,1,0,1
45_2,0,0,0,0,0:0.06/2:0.94,0:0.06/1:0.94,0,0,0,0:0.02/1:0.98
159_8,0,1,1,0,2,1,1,2,2,1
208_10,0,1,1,1,2,1,1,2,2,1
216_13,0,1,1,1,2,1,1,2,2,1
216_12,0,1,1,1,2,1,1,2,2,1
205_10,0,1,1,0,2,1,1,2,2,1
216_15,0,1,1,0,2,1,1,2,2,1
216_14,0,1,1,1,2,1,1,2,2,1
115_3,0,0,0,0,0:0.06/2:0.94,0:0.06/1:0.94,0,0,0,0:0.02/1:0.98
173_5,0,0:0.06/1:0.94,0,0,2,1,0,0,0,1
216_5,0,1,0,0,2,1,0,0,2,1
215_6,0,1,0:0.02/1:0.98,0,2,1,0,0,0,1
216_7,0,1,1,0,2,1,0,0,0,1
216_6,2,1,1,0,2,1,0,0,0,1
166_6,0,0:0.02/2:0.98,0,0,2,1,0:0.02/1:0.98,0,0:0.02/2:0.98,1
210_7,0:0.56/2:0.44,0:0.01/2:0.99,0,0,2,1,0:0.01/1:0.99,0,0:0.01/2:0.99,1
216_9,2,2,2,0,2,1,1,0,2,1
216_8,2,2,1,2,2,1,1,2,2,1
207_8,0,0:0.02/2:0.98,0,0,2,1,0:0.02/1:0.98,0,0:0.02/2:0.98,1
216_11,2,2,2,0,2,1,1,0,2,1
216_10,0,2,1,2,2,1,1,0,2,1
