[&R] ((((((216_5:1.026,216_6:0.026)181_5:0.027,(216_3:0,216_4:0)182_4:2.052)137_3:2.282,(216_1:1.028,216_2:0.028)176_2:1.307)87_1:2.665,(((216_9:0,216_10:0)177_7:1.066,(216_7:1.062,216_8:1.062)178_6:0.004)133_3:1.392,((216_11:1.006,216_12:0.006)180_10:0.002,(216_13:0,216_14:0)180_11:0.008)134_6:2.451)88_3:4.541)42_1:1.48,((216_24:4.586,216_17:0.586)83_4:0.753,(216_15:0,216_16:0)196_16:3.339)42_2:3.141)virtual:0.52)I0;
I0,0,0,0,0,0,0,0,0,0,0
virtual,0,0,0,0,0,0,0,0,0,0:0.48/1:0.52
42_2,0,0,0,0,0,0:0.1/2:0.9,0,0:0.1/1:0.9,0:0.1/1:0.9,0:0.05/1:0.95
196_16,0,2,2,0,1,2,0,1,1,1
216_16,0,2,2,0,1,2,0,1,1,1
216_15,0,2,2,0,1,2,0,1,1,1
83_4,0,0,0:0.44/1:0.56,0,0,0:0.04/2:0.96,0,0:0.04/1:0.96,0:0.04/1:0.96,0:0.02/1:0.98
216_17,0,0,1,0,0,2,0,1,1,1
216_24,0,1,1,1,2,2,1,1,1,1
42_1,0,0:0.4/2:0.6,0:0.4/1:0.6,0,0,0,0,0,0,0:0.19/1:0.81
88_3,0:0.09/1:0.91,0:0.04/2:0.96,0:0.04/1:0.96,0:0.09/2:0.91,0,0:0.09/1:0.91,0:0.09/2:0.91,0,0,0:0.02/1:0.98
134_6,1,2,1,2,2,1,2,2,0,1
180_11,1,2,1,2,2,1,2,2,0,1
216_14,1,2,1,2,2,1,2,2,0,1
216_13,1,2,1,2,2,1,2,2,0,1
180_10,1,2,1,2,2,1,2,2,0,1
216_12,1,2,1,2,2,1,2,2,0,1
216_11,1,2,1,2,2,1,2,2,1,1
133_3,1,2,1,2,0,1,2,0,0:0.05/2:0.95,1
178_6,1,2,1,2,0,1,2,0,0:0.04/2:0.96,1
216_8,1,2,1,2,1,1,2,0,2,1
216_7,1,2,1,2,0,1,2,2,2,1
177_7,1,2,1,2,1,1,2,0,2,1
216_10,1,2,1,2,1,1,2,0,2,1
216_9,1,2,1,2,1,1,2,0,2,1
87_1,0,0:0.04/2:0.96,0:0.04/1:0.96,0,0:0.11/2:0.89,0,0,0,0:0.11/2:0.89,0:0.02/1:0.98
176_2,0,2,1,0,2,0:0.02/1:0.98,0,0,2,1
216_2,0,2,1,0,2,1,0,0,2,1
216_1,0,2,1,1,2,1,0,0,2,1
137_3,0:0.02/2:0.98,2,1,0,2,0:0.02/2:0.98,0,0,2,1
182_4,2,2,1,2,2,2,0,1,2,1
216_4,2,2,1,2,2,2,0,1,2,1
216_3,2,2,1,2,2,2,0,1,2,1
181_5,0:0.01/2:0.99,2,1,0,2,0:0.01/2:0.99,0,0,2,1
216_6,2,2,1,0,2,2,0,0,2,1
216_5,2,2,1,0,2,2,1,0,2,1
