[&R] ((((((216_5:0.025,216_6:1.025)181_5:0.977,(216_3:0,216_4:0)182_4:0.003)137_3:0.002,(216_1:0,216_2:0)176_2:1.004)87_1:1.203,(((216_9:0,216_10:1)177_7:0,(216_7:0,216_8:0)178_6:2)133_3:0,((216_11:0,216_12:2)180_10:0,(216_13:0,216_14:0)180_11:1)134_6:0)88_3:2.207)42_1:2.793,((216_24:2.288,216_17:1.288)83_4:3.344,(216_15:0,216_16:0)196_16:2.632)42_2:1.368)virtual:0)I0;
I0,0,0,0,0,0,0,0,0,0,0
virtual,0,0,0,0,0,0,0,0,0,0
42_2,0,0:0.32/2:0.68,0,0,0:0.32/1:0.68,0,0,0,0,0
196_16,0,2,0,2,1,2,0,0,0,0
216_16,0,2,0,2,1,2,0,0,0,0
216_15,0,2,0,2,1,2,0,0,0,0
83_4,0,0:0.03/2:0.97,0,0:0.08/1:0.92,0:0.03/1:0.97,0,0:0.08/2:0.92,0,0:0.08/1:0.92,0
216_17,0,2,0,1,1,0,2,0,1,2
216_24,0,2,2,1,1,1,2,0,1,0
42_1,0,0,0,0,0:0.07/2:0.93,0,0:0.07/2:0.93,0,0:0.07/1:0.93,0
88_3,0,0,2,2,2,0,2,0,1,0
134_6,0,0,2,2,2,0,2,0,1,0
180_11,0,1,2,2,2,0,2,0,1,0
216_14,0,1,2,2,2,0,2,0,1,0
216_13,0,1,2,2,2,0,2,0,1,0
180_10,0,0,2,2,2,0,2,0,1,0
216_12,0,1,2,2,2,1,2,0,1,0
216_11,0,0,2,2,2,0,2,0,1,0
133_3,0,0,2,2,2,0,2,0,1,0
178_6,0,2,2,2,2,0,2,0,1,1
216_8,0,2,2,2,2,0,2,0,1,1
216_7,0,2,2,2,2,0,2,0,1,1
177_7,0,0,2,2,2,0,2,0,1,0
216_10,0,0,2,2,2,1,2,0,1,0
216_9,0,0,2,2,2,0,2,0,1,0
87_1,0,0,0,0,2,0,2,1,1,0
176_2,2,0,0,0,2,0,2,1,1,0
216_2,2,0,0,0,2,0,2,1,1,0
216_1,2,0,0,0,2,0,2,1,1,0
137_3,0,0,0,0,2,0,2,1,1,0
182_4,0,0,0,0,2,0,2,1,1,0
216_4,0,0,0,0,2,0,2,1,1,0
216_3,0,0,0,0,2,0,2,1,1,0
181_5,0,0,0,0,2,0:0.03/1:0.97,2,1,1,0
216_6,0,0,0,1,2,1,2,1,1,0
216_5,0,0,0,0,2,1,2,1,1,0
