[&R] ((((((216_5:1.293,216_6:2.293)181_5:0.806,(216_3:2.123,216_4:0.123)182_4:0.976)137_3:1.088,(216_1:1.027,216_2:0.027)176_2:2.16)87_1:0.814,(((216_9:1.164,216_10:2.164)177_7:0.836,(216_7:1.164,216_8:2.164)178_6:0.836)133_3:0,((216_11:1.09,216_12:1.09)180_10:1.143,(216_13:2.529,216_14:2.529)180_11:1.704)134_6:0.767)88_3:0.001)42_1:1.999,((216_24:5.483,216_17:2.483)83_4:0.016,(216_15:0,216_16:0)196_16:5.499)42_2:3.501)virtual:0)I0;
I0,0,0,0,0,0,0,0,0,0,0
virtual,0,0,0,0,0,0,0,0,0,0
42_2,0,0:0.12/2:0.88,0,0:0.12/1:0.88,0,0,0:0.12/1:0.88,0:0.12/2:0.88,0,0
196_16,2,2,2,1,0,1,1,2,2,1
216_16,2,2,2,1,0,1,1,2,2,1
216_15,2,2,2,1,0,1,1,2,2,1
83_4,0,0:0.12/2:0.88,0,0:0.12/1:0.88,0,0,0:0.12/1:0.88,0:0.12/2:0.88,0,0
216_17,1,2,1,1,0,0,1,2,0,0
216_24,0,2,2,1,1,2,1,2,1,2
42_1,0,0,0,2,0,0,0,0,0,2
88_3,0,0,0,2,0,0,0,0,0,2
134_6,0:0.23/1:0.77,0,0,2,0,0,0,0,0,2
180_11,0:0.06/1:0.94,0,0:0.24/2:0.76,2,0,0:0.24/1:0.76,0,0,0,2
216_14,1,0,2,2,0,1,1,0,1,2
216_13,1,0,2,2,1,1,0,0,2,2
180_10,0:0.02/1:0.98,0:0.07/2:0.93,0,2,0,0,0,0,0,2
216_12,1,2,0,2,0,0,0,0,1,2
216_11,1,2,0,2,0,2,0,0,0,2
133_3,0,0,0,2,0,0,0,0,0,2
178_6,0,0,0,2,0,0,0:0.16/2:0.84,0,0,2
216_8,2,0,0,2,0,2,2,0,0,2
216_7,0,0,0,2,0,0,2,0,1,2
177_7,0:0.16/1:0.84,0,0,2,0,0,0,0,0,2
216_10,1,0,1,2,0,2,0,0,0,2
216_9,1,0,0,2,1,0,0,0,0,2
87_1,0,0:0.19/1:0.81,0,2,0,0,0,0,0,2
176_2,0:0.01/1:0.99,1,0,2,0,0,0:0.01/1:0.99,0,0,2
216_2,1,1,0,2,0,0,1,0,0,2
216_1,1,1,2,2,0,0,1,0,0,2
137_3,0,0:0.02/1:0.98,0:0.08/2:0.92,2,0,0,0,0,0,2
182_4,0,1,0:0.01/2:0.99,2,0,0:0.11/1:0.89,0,0,0,2
216_4,0,1,2,2,0,1,0,0,0,2
216_3,0,1,2,2,0,1,0,2,1,2
181_5,0,1,0:0.02/2:0.98,2,0,0,0,0,0:0.27/2:0.73,2
216_6,0,1,2,2,0,1,2,0,2,2
216_5,0,1,2,2,0,0,1,0,2,2
