[&R] ((((((216_5:0,216_6:0)181_5:0.081,(216_3:0,216_4:0)182_4:1.081)137_3:1.153,(216_1:0.081,216_2:1.081)176_2:1.153)87_1:0.928,(((216_9:0,216_10:0)177_7:0,(216_7:0,216_8:0)178_6:0)133_3:2.041,((216_11:0.007,216_12:1.007)180_10:0.031,(216_13:0,216_14:0)180_11:2.037)134_6:0.003)88_3:1.121)42_1:5.838,((216_24:1.825,216_17:3.825)83_4:0.448,(216_15:1.235,216_16:1.235)196_16:2.038)42_2:4.726)virtual:0)I0;
I0,0,0,0,0,0,0,0,0,0,0
virtual,0,0,0,0,0,0,0,0,0,0
42_2,0,0:0.05/1:0.95,0,0:0.05/2:0.95,0,0:0.05/1:0.95,0:0.05/2:0.95,0,0,0:0.05/2:0.95
196_16,0,0:0.01/1:0.99,0,0:0.01/2:0.99,0,0:0.01/1:0.99,0:0.01/2:0.99,0:0.1/2:0.9,0:0.1/2:0.9,0:0.01/2:0.99
216_16,0,1,1,2,0,1,2,2,2,2
216_15,2,1,0,2,0,1,2,2,2,2
83_4,0,0:0.04/1:0.96,0:0.65/1:0.35,0:0.04/2:0.96,0,0:0.04/1:0.96,0:0.04/2:0.96,0,0,0:0.04/2:0.96
216_17,2,1,1,2,1,1,2,1,0,2
216_24,0,1,1,2,0,1,2,0,1,2
42_1,0:0.03/2:0.97,0,0:0.03/2:0.97,0,0:0.03/2:0.97,0,0:0.03/1:0.97,0:0.03/1:0.97,0:0.03/1:0.97,0
88_3,2,0,2,0:0.04/1:0.96,2,0,1,1,1,0
134_6,2,0,2,0:0.03/1:0.97,2,0,1,1,1,0
180_11,2,2,2,1,2,1,1,1,1,0
216_14,2,2,2,1,2,1,1,1,1,0
216_13,2,2,2,1,2,1,1,1,1,0
180_10,2,0,2,0:0.01/1:0.99,2,0,1,1,1,0
216_12,2,0,2,1,2,0,1,1,1,2
216_11,2,0,2,1,2,0,1,1,1,0
133_3,2,0,2,1,2,1,1,1,1,2
178_6,2,0,2,1,2,1,1,1,1,2
216_8,2,0,2,1,2,1,1,1,1,2
216_7,2,0,2,1,2,1,1,1,1,2
177_7,2,0,2,1,2,1,1,1,1,2
216_10,2,0,2,1,2,1,1,1,1,2
216_9,2,0,2,1,2,1,1,1,1,2
87_1,0:0.01/2:0.99,0,0:0.01/2:0.99,0,0:0.01/2:0.99,0:0.2/2:0.8,0:0.01/1:0.99,0:0.01/1:0.99,0:0.01/1:0.99,0
176_2,2,0:0.07/1:0.93,2,0,2,0:0.01/2:0.99,1,1,1,0
216_2,2,1,2,1,2,2,1,1,1,0
216_1,2,1,2,0,2,2,1,1,1,0
137_3,2,0,2,0,2,0:0.01/2:0.99,1,1,1,0:0.07/1:0.93
182_4,2,1,2,0,2,2,1,1,1,1
216_4,2,1,2,0,2,2,1,1,1,1
216_3,2,1,2,0,2,2,1,1,1,1
181_5,2,0,2,0,2,2,1,1,1,1
216_6,2,0,2,0,2,2,1,1,1,1
216_5,2,0,2,0,2,2,1,1,1,1
