[&R] (((((216_7:0.033,216_8:1.033)176_4:1.088,(216_5:1.162,216_6:1.162)179_3:0.959)122_2:2.542,((216_3:0,216_4:0)185_2:3.812,216_2:1.812)127_1:2.851)70_1:0.49,(((216_11:1.07,216_12:0.07)187_9:3.466,(216_9:1.153,216_10:1.153)192_8:1.383)135_5:0.823,(216_13:1.05,216_14:0.05)190_11:3.31)81_3:1.793)24_1:1.847)I0;
I0,0,0,0,0,0,0,0,0,0,0
24_1,0,0:0.08/2:0.92,0,0,0,0,0:0.08/2:0.92,0,0,0
81_3,0,0:0.01/2:0.99,0:0.17/2:0.83,0,0,0,0:0.01/2:0.99,0,0:0.17/2:0.83,0
190_11,0,2,2,0:0.01/1:0.99,0:0.01/1:0.99,0,2,0:0.01/2:0.99,2,0
216_14,0,2,2,1,1,0,2,2,2,0
216_13,0,2,2,1,1,1,2,2,2,0
135_5,0:0.39/1:0.61,0:0.01/2:0.99,0:0.07/2:0.93,0,0,0,0:0.01/2:0.99,0,0:0.07/2:0.93,0
192_8,0:0.04/1:0.96,2,0:0.01/2:0.99,0,0,0:0.1/1:0.9,2,0,0:0.01/2:0.99,0
216_10,1,2,2,0,0,1,2,1,2,0
216_9,1,2,2,0,2,1,2,0,2,0
187_9,0:0.01/1:0.99,2,2,0:0.02/2:0.98,0,0:0.02/2:0.98,2,0:0.02/1:0.98,2,0
216_12,1,2,2,2,0,2,2,1,2,0
216_11,1,2,2,2,2,2,2,1,2,0
70_1,0,0:0.04/2:0.96,0,0,0:0.58/2:0.42,0,0:0.04/2:0.96,0,0,0
127_1,0:0.22/2:0.78,0:0.01/2:0.99,0,0,0:0.13/2:0.87,0:0.22/2:0.78,0:0.01/2:0.99,0:0.22/2:0.78,0,0
216_2,2,2,0,1,2,2,2,2,0,0
185_2,2,2,2,2,2,2,2,2,0,1
216_4,2,2,2,2,2,2,2,2,0,1
216_3,2,2,2,2,2,2,2,2,0,1
122_2,0,2,0,0:0.05/1:0.95,0:0.03/2:0.97,0:0.05/1:0.95,2,0,0,0
179_3,0,2,0,0:0.01/1:0.99,2,0:0.01/1:0.99,2,0,0,0:0.14/1:0.86
216_6,0,2,1,1,2,1,2,0,0,1
216_5,0,2,0,1,2,1,2,1,0,1
176_4,0,2,0:0.03/2:0.97,1,2,1,2,0,0,0
216_8,1,2,2,1,2,1,2,0,0,0
216_7,0,2,2,1,2,1,2,0,0,0
