[&R] (((((216_7:0.017,216_8:1.017)176_4:0.231,(216_5:0,216_6:0)179_3:3.248)122_2:1.416,((216_3:0,216_4:0)185_2:0,216_2:0)127_1:4.665)70_1:4.119,(((216_11:0,216_12:0)187_9:2.475,(216_9:0.035,216_10:1.035)192_8:2.44)135_5:0.631,(216_13:0,216_14:0)190_11:1.106)81_3:2.678)24_1:0.216)I0;
I0,0,0,0,0,0,0,0,0,0,0
24_1,0,0,0,0,0,0,0,0,0:0.78/1:0.22,0
81_3,0,0:0.04/1:0.96,0,0,0,0,0,0,0:0.03/1:0.97,0:0.04/1:0.96
190_11,0,1,1,0,0,0,0,0,1,1
216_14,0,1,1,0,0,0,0,0,1,1
216_13,0,1,1,0,0,0,0,0,1,1
135_5,0,0:0.02/1:0.98,0,0,0,0,0:0.43/2:0.57,0,0:0.01/1:0.99,0:0.02/1:0.98
192_8,0,1,0:0.01/1:0.99,0,0,0:0.01/1:0.99,0:0.01/2:0.99,0,1,1
216_10,0,1,1,0,0,1,2,1,1,1
216_9,0,1,1,0,0,1,2,0,1,1
187_9,1,1,0,0,2,0,2,0,1,1
216_12,1,1,0,0,2,0,2,0,1,1
216_11,1,1,0,0,2,0,2,0,1,1
70_1,0,0,0:0.14/1:0.86,0,0,0:0.14/2:0.86,0:0.14/1:0.86,0,0:0.11/1:0.89,0:0.14/2:0.86
127_1,2,1,1,2,2,2,1,0,1,2
216_2,2,1,1,2,2,2,1,0,1,2
185_2,2,1,1,2,2,2,1,0,1,2
216_4,2,1,1,2,2,2,1,0,1,2
216_3,2,1,1,2,2,2,1,0,1,2
122_2,0,0:0.15/2:0.85,0:0.02/1:0.98,0,0,0:0.02/2:0.98,0:0.02/1:0.98,0,0:0.02/1:0.98,0:0.02/2:0.98
179_3,1,2,1,0,2,2,1,2,1,2
216_6,1,2,1,0,2,2,1,2,1,2
216_5,1,2,1,0,2,2,1,2,1,2
176_4,0,0:0.01/2:0.99,1,0,0,2,1,0,1,2
216_8,1,2,1,0,0,2,1,0,1,2
216_7,0,2,1,0,0,2,1,0,1,2
