[&R] (((((216_9:0,216_10:0)177_6:2,(216_11:0,216_12:2)184_10:0)131_5:0,(216_13:2,216_14:0)201_13:0)59_2:2,(((216_3:0,216_4:0)172_2:0,(216_1:0,216_2:0)181_1:0)120_1:2,((216_7:1.021,216_8:0.021)184_7:1.057,216_5:1.078)130_3:2.922)61_1:0)17_1:0)I0;
I0,0,0,0,0,0,0,0,0,0,0
17_1,0,0,0,0,0,0,0,0,0,0
61_1,0,0,0,0,0,0,0,0,0,0
130_3,0:0.03/2:0.97,0:0.03/1:0.97,0,0,0,0,0:0.03/1:0.97,0,0,0
216_5,2,1,0,0,1,0,1,0,0,0
184_7,2,1,0,0,0,0,1,0,0,0:0.02/1:0.98
216_8,2,1,0,0,0,0,1,0,0,1
216_7,2,1,0,0,1,0,1,0,0,1
120_1,0,0,0,0,0,0,0,0,2,1
181_1,0,0,0,0,0,0,0,0,2,1
216_2,0,0,0,0,0,0,0,0,2,1
216_1,0,0,0,0,0,0,0,0,2,1
172_2,0,0,0,0,0,0,0,0,2,1
216_4,0,0,0,0,0,0,0,0,2,1
216_3,0,0,0,0,0,0,0,0,2,1
59_2,0,1,0,0,0,0,1,0,0,0
201_13,0,1,0,0,0,0,1,0,0,0
216_14,0,1,0,0,0,0,1,0,0,0
216_13,2,1,0,0,1,0,1,0,0,0
131_5,0,1,0,0,0,0,1,0,0,0
184_10,0,1,0,0,0,0,1,0,0,0
216_12,2,1,0,0,1,0,1,0,0,0
216_11,0,1,0,0,0,0,1,0,0,0
177_6,2,1,0,0,1,0,1,0,0,0
216_10,2,1,0,0,1,0,1,0,0,0
216_9,2,1,0,0,1,0,1,0,0,0
