[&R] (((((((216_28:0,216_29:0)213_27:1.039,(216_30:0,216_31:0)215_30:1.039)175_17:0.003,(216_26:0,216_27:0)179_18:2.043)127_8:1.082,((216_22:1.077,216_23:1.077)183_18:0.005,216_25:3.083)130_8:1.042)79_4:3.386,(216_14:0,216_15:0)180_11:7.51)34_3:0.653,((((216_6:0,216_7:0)211_5:1.048,(216_8:0,216_9:0)212_7:0.048)168_3:4.12,((216_12:0.065,216_13:1.065)211_8:1.151,216_10:1.217)171_6:3.952)128_2:0.965,(((216_5:0,216_4:0)212_4:1.005,216_3:3.005)170_2:0,216_1:3.005)130_1:0.128)80_1:1.029)virtual:0.837)I0;
I0,0,0,0,0,0,0,0,0,0,0
virtual,0,0,0:0.16/2:0.84,0,0,0,0,0,0,0
80_1,0,0,0:0.02/2:0.98,0,0,0:0.12/1:0.88,0,0,0,0
130_1,0,0,2,0,0,1,0,0,0,0
216_1,1,0,2,2,0,1,2,0,0,0
170_2,0,0,2,0,0,1,0,0,0,0
216_3,0,0,2,0,0,1,0,1,1,2
212_4,0,0,2,0,2,1,0,0,0,0
216_4,0,0,2,0,2,1,0,0,0,0
216_5,0,0,2,0,2,1,0,0,0,0
128_2,0:0.55/2:0.45,0,0:0.01/2:0.99,0,0,0:0.06/1:0.94,0,0,0:0.55/2:0.45,0
171_6,0:0.03/2:0.97,0,2,0:0.05/1:0.95,0:0.05/1:0.95,1,0,0,0:0.03/2:0.97,0:0.05/1:0.95
216_10,2,2,2,1,1,1,0,0,2,1
211_8,2,0,2,1,1,1,0,0:0.05/1:0.95,2,1
216_13,2,0,2,1,1,1,1,1,2,1
216_12,2,0,2,1,1,1,0,1,2,1
168_3,0:0.01/2:0.99,0,2,0,0,1,0:0.01/2:0.99,0:0.01/1:0.99,0:0.01/2:0.99,0:0.01/2:0.99
212_7,2,0,2,0,0,1,2,1,2,2
216_9,2,0,2,0,0,1,2,1,2,2
216_8,2,0,2,0,0,1,2,1,2,2
211_5,2,2,2,0,0,1,2,1,2,2
216_7,2,2,2,0,0,1,2,1,2,2
216_6,2,2,2,0,0,1,2,1,2,2
34_3,0,0:0.7/2:0.3,0:0.11/2:0.89,0,0,0,0,0:0.7/1:0.3,0,0
180_11,1,2,2,0,2,1,2,1,1,2
216_15,1,2,2,0,2,1,2,1,1,2
216_14,1,2,2,0,2,1,2,1,1,2
79_4,0,0:0.02/2:0.98,2,0,0,0,0,0:0.02/1:0.98,0:0.04/2:0.96,0:0.04/1:0.96
130_8,0,2,2,0,0,0,0:0.07/1:0.93,1,2,1
216_25,0,2,2,1,2,2,1,1,2,1
183_18,0,2,2,0,0,0,0:0.07/1:0.93,1,2,1
216_23,0,2,2,0,2,0,1,1,2,1
216_22,0,2,2,0,0,2,1,1,2,1
127_8,0,2,2,0,0,0,0:0.04/2:0.96,1,2,1
179_18,1,2,2,0,0,2,2,1,2,1
216_27,1,2,2,0,0,2,2,1,2,1
216_26,1,2,2,0,0,2,2,1,2,1
175_17,0,2,2,0,0,0,0:0.03/2:0.97,1,2,1
215_30,1,2,2,0,0,0,2,1,2,1
216_31,1,2,2,0,0,0,2,1,2,1
216_30,1,2,2,0,0,0,2,1,2,1
213_27,0,2,2,0,0,1,2,1,2,1
216_29,0,2,2,0,0,1,2,1,2,1
216_28,0,2,2,0,0,1,2,1,2,1
