[&R] (((((216_15:0,216_16:0)204_14:0.068,216_13:2.068)78_3:2.226,(((216_23:0.07,216_24:1.07)193_16:2.253,(216_21:1.455,216_22:2.455)203_17:0.868)139_10:3.773,((216_19:0,216_20:0)203_16:0.064,(216_17:0,216_18:0)211_16:1.064)141_9:6.032)83_6:0.197)32_2:1.706,(((216_1:0,216_2:0)180_1:0,(216_3:0,216_4:0)191_3:0)136_1:7.012,((216_7:2.006,216_8:0.006)194_6:0.001,(216_5:0,216_6:0)198_5:1.007)138_3:3.005)82_1:0.988)virtual:0)I0;
I0,0,0,0,0,0,0,0,0,0,0
virtual,0,0,0,0,0,0,0,0,0,0
82_1,0,0:0.51/1:0.49,0,0,0,0,0:0.51/1:0.49,0,0,0
138_3,0,1,0,1,0,0,1,0,0,1
198_5,0,1,1,1,0,0,1,0,0,1
216_6,0,1,1,1,0,0,1,0,0,1
216_5,0,1,1,1,0,0,1,0,0,1
194_6,0,1,0,1,0,0,1,0,0,1
216_8,0,1,0,1,0,0,1,0,0,1
216_7,2,1,0,1,1,0,1,0,0,1
136_1,2,1,2,2,1,1,1,1,0,0
191_3,2,1,2,2,1,1,1,1,0,0
216_4,2,1,2,2,1,1,1,1,0,0
216_3,2,1,2,2,1,1,1,1,0,0
180_1,2,1,2,2,1,1,1,1,0,0
216_2,2,1,2,2,1,1,1,1,0,0
216_1,2,1,2,2,1,1,1,1,0,0
32_2,0:0.15/2:0.85,0,0,0,0:0.15/1:0.85,0,0,0,0,0
83_6,0:0.12/2:0.88,0,0,0,0:0.12/1:0.88,0,0,0,0,0:0.85/1:0.15
141_9,2,0:0.01/1:0.99,0:0.01/2:0.99,0:0.01/1:0.99,1,0,0:0.01/1:0.99,0:0.01/1:0.99,0,0:0.01/1:0.99
211_16,2,1,2,1,1,0,1,1,2,1
216_18,2,1,2,1,1,0,1,1,2,1
216_17,2,1,2,1,1,0,1,1,2,1
203_16,2,1,2,1,1,0,1,1,0,1
216_20,2,1,2,1,1,0,1,1,0,1
216_19,2,1,2,1,1,0,1,1,0,1
139_10,0:0.01/2:0.99,0,0:0.08/1:0.92,0,0:0.01/1:0.99,0,0,0:0.08/2:0.92,0:0.08/2:0.92,0:0.07/1:0.93
203_17,2,0,0:0.03/1:0.97,0:0.34/1:0.66,1,0,0,0:0.03/2:0.97,0:0.03/2:0.97,0:0.02/1:0.98
216_22,2,1,1,1,1,0,1,2,2,1
216_21,2,2,1,1,1,0,0,2,2,1
193_16,2,0:0.03/1:0.97,1,0,1,0,0:0.03/1:0.97,2,2,1
216_24,2,1,1,1,1,0,1,2,2,1
216_23,2,1,1,0,1,0,1,2,2,1
78_3,2,0:0.03/1:0.97,0,0,1,0,0:0.03/1:0.97,0,0,0
216_13,2,1,0,2,1,1,1,0,0,0
204_14,2,1,0,0,1,0,1,0,0,0
216_16,2,1,0,0,1,0,1,0,0,0
216_15,2,1,0,0,1,0,1,0,0,0
