[&R] (((((216_1:1.016,216_2:1.016)182_1:0.002,(216_3:0,216_4:0)187_3:1.019)133_1:1.104,(216_7:0.162,216_8:2.162)184_5:0.961)82_1:4.064,(((216_9:0,216_10:0)180_5:0.049,(216_11:0,216_12:0)186_9:1.049)136_4:0.991,((216_15:0,216_16:0)197_14:2.037,216_13:1.037)150_7:0.003)85_3:5.146)30_1:0.813)I0;
I0,0,0,0,0,0,0,0,0,0,0
30_1,0,0:0.59/2:0.41,0,0,0:0.59/1:0.41,0,0,0,0,0
85_3,0,2,0:0.01/1:0.99,0:0.01/2:0.99,1,0:0.01/1:0.99,0,0,0,0:0.01/2:0.99
150_7,0,2,0:0.01/1:0.99,0:0.01/2:0.99,1,0:0.01/1:0.99,0,0,0,0:0.01/2:0.99
216_13,0,2,1,2,1,1,0,1,0,2
197_14,1,2,1,2,1,1,0,0,2,2
216_16,1,2,1,2,1,1,0,0,2,2
216_15,1,2,1,2,1,1,0,0,2,2
136_4,0:0.05/1:0.95,2,1,2,1,1,0,0,0,2
186_9,1,2,1,2,1,1,0,0,1,2
216_12,1,2,1,2,1,1,0,0,1,2
216_11,1,2,1,2,1,1,0,0,1,2
180_5,1,2,1,2,1,1,0,0,0,2
216_10,1,2,1,2,1,1,0,0,0,2
216_9,1,2,1,2,1,1,0,0,0,2
82_1,0:0.03/2:0.97,0:0.02/2:0.98,0:0.03/2:0.97,0,0:0.02/1:0.98,0,0,0:0.03/2:0.97,0,0
184_5,2,2,2,0,1,0,0,2,0,0:0.14/1:0.86
216_8,2,2,2,0,1,1,1,2,0,1
216_7,2,2,2,0,1,0,0,2,0,1
133_1,2,2,2,0,1,0:0.02/2:0.98,0,2,0,0
187_3,2,2,2,0,1,2,2,2,0,0
216_4,2,2,2,0,1,2,2,2,0,0
216_3,2,2,2,0,1,2,2,2,0,0
182_1,2,2,2,0,1,0:0.01/2:0.99,0,2,0,0
216_2,2,2,2,2,1,2,0,2,0,0
216_1,2,2,2,0,1,2,0,2,0,1
