[&R] (((((216_1:0,216_2:0)182_1:1.061,(216_3:0,216_4:0)187_3:0.061)133_1:1.027,(216_7:0,216_8:0)184_5:0.088)82_1:3.692,(((216_9:0,216_10:0)180_5:0.003,(216_11:0.002,216_12:1.002)186_9:0.001)136_4:2.108,((216_15:0,216_16:0)197_14:0.011,216_13:1.011)150_7:0.1)85_3:2.67)30_1:3.219)I0;
I0,0,0,0,0,0,0,0,0,0,0
30_1,0,0:0.2/2:0.8,0:0.2/1:0.8,0,0,0:0.2/2:0.8,0,0:0.2/2:0.8,0,0
85_3,0,0:0.01/2:0.99,0:0.01/1:0.99,0:0.04/2:0.96,0,0:0.01/2:0.99,0:0.04/1:0.96,0:0.01/2:0.99,0,0
150_7,0,2,1,2,0,2,1,2,0,0
216_13,0,2,1,2,0,2,1,2,0,2
197_14,0,2,1,2,0,2,1,2,0,0
216_16,0,2,1,2,0,2,1,2,0,0
216_15,0,2,1,2,0,2,1,2,0,0
136_4,2,2,1,2,0,2,1,2,0,2
186_9,2,2,1,2,0,2,1,2,0,2
216_12,2,2,1,2,2,2,1,2,0,2
216_11,2,2,1,2,0,2,1,2,0,2
180_5,2,2,1,2,0,2,1,2,0,2
216_10,2,2,1,2,0,2,1,2,0,2
216_9,2,2,1,2,0,2,1,2,0,2
82_1,0:0.02/2:0.98,2,1,0,0:0.02/1:0.98,2,0,2,0:0.02/1:0.98,0
184_5,2,2,1,0,1,2,0,2,1,0
216_8,2,2,1,0,1,2,0,2,1,0
216_7,2,2,1,0,1,2,0,2,1,0
133_1,2,2,1,0:0.06/2:0.94,1,2,0,2,1,0
187_3,2,2,1,2,1,2,0,2,1,0
216_4,2,2,1,2,1,2,0,2,1,0
216_3,2,2,1,2,1,2,0,2,1,0
182_1,2,2,1,2,1,2,0,2,1,1
216_2,2,2,1,2,1,2,0,2,1,1
216_1,2,2,1,2,1,2,0,2,1,1
