[&R] (((((216_1:0,216_2:0)182_1:0,(216_3:0,216_4:0)187_3:0)133_1:0,(216_7:0,216_8:0)184_5:0)82_1:3.684,(((216_9:1.005,216_10:1.005)180_5:0,(216_11:0,216_12:0)186_9:1.005)136_4:0.001,((216_15:0,216_16:0)197_14:1.079,216_13:0.079)150_7:0.927)85_3:1.678)30_1:5.316)I0;
I0,0,0,0,0,0,0,0,0,0,0
30_1,0,0:0.11/2:0.89,0:0.11/1:0.89,0:0.11/2:0.89,0:0.11/1:0.89,0:0.11/1:0.89,0,0,0:0.11/2:0.89,0
85_3,0,2,1,2,1,1,0,0,2,2
150_7,0,2,1,2,1,1,0,0:0.08/2:0.92,2,2
216_13,0,2,1,2,1,1,0,2,2,2
197_14,0,2,1,2,1,1,1,2,2,2
216_16,0,2,1,2,1,1,1,2,2,2
216_15,0,2,1,2,1,1,1,2,2,2
136_4,0,2,1,2,1,1,0,0,2,2
186_9,1,2,1,2,1,1,0,0,2,2
216_12,1,2,1,2,1,1,0,0,2,2
216_11,1,2,1,2,1,1,0,0,2,2
180_5,0,2,1,2,1,1,0,0,2,2
216_10,0,2,1,2,1,1,0,2,2,2
216_9,0,2,1,2,1,1,2,0,2,2
82_1,1,2,1,2,1,1,0,2,2,1
184_5,1,2,1,2,1,1,0,2,2,1
216_8,1,2,1,2,1,1,0,2,2,1
216_7,1,2,1,2,1,1,0,2,2,1
133_1,1,2,1,2,1,1,0,2,2,1
187_3,1,2,1,2,1,1,0,2,2,1
216_4,1,2,1,2,1,1,0,2,2,1
216_3,1,2,1,2,1,1,0,2,2,1
182_1,1,2,1,2,1,1,0,2,2,1
216_2,1,2,1,2,1,1,0,2,2,1
216_1,1,2,1,2,1,1,0,2,2,1
