[&R] (((((216_1:0,216_2:1)182_1:0,(216_3:0,216_4:1)187_3:0)133_1:1.355,(216_7:0,216_8:0)184_5:2.356)82_1:4.034,(((216_9:0.004,216_10:1.004)180_5:0.023,(216_11:2.144,216_12:0.144)186_9:0.883)136_4:2.343,((216_15:0.041,216_16:1.041)197_14:2.126,216_13:0.167)150_7:2.203)85_3:1.019)30_1:1.611)I0;
I0,0,0,0,0,0,0,0,0,0,0
30_1,0,0:0.19/1:0.81,0,0,0:0.19/2:0.81,0,0,0,0,0
85_3,0,0:0.05/1:0.95,0,0,0:0.05/2:0.95,0,0:0.27/1:0.73,0,0,0
150_7,0,1,0:0.07/1:0.93,0,2,0,0:0.02/1:0.98,0,0,0:0.07/2:0.93
216_13,0,1,1,0,2,0,1,0,0,2
197_14,0,1,1,0:0.02/1:0.98,2,0,1,0:0.02/1:0.98,0,2
216_16,0,1,1,1,2,0,1,1,2,2
216_15,0,1,1,1,2,0,1,1,0,2
136_4,0,1,0,0:0.01/1:0.99,2,0,1,0,0,0:0.01/1:0.99
186_9,0,1,0:0.14/1:0.86,1,2,0,1,0,0,1
216_12,0,1,1,1,2,0,1,0,0,1
216_11,0,1,1,1,2,0,1,1,2,1
180_5,0,1,0,1,2,0,1,0,0,1
216_10,0,1,0,1,2,0,1,2,0,1
216_9,0,1,0,1,2,0,1,0,0,1
82_1,0,0:0.02/1:0.98,0,0:0.08/2:0.92,0:0.02/2:0.98,0:0.08/1:0.92,0:0.08/2:0.92,0,0,0:0.08/2:0.92
184_5,0,1,2,2,2,1,2,0,2,2
216_8,0,1,2,2,2,1,2,0,2,2
216_7,0,1,2,2,2,1,2,0,2,2
133_1,0,1,1,2,2,1,2,0,0,2
187_3,0,1,1,2,2,1,2,0,0,2
216_4,0,1,1,2,2,1,2,0,2,2
216_3,0,1,1,2,2,1,2,0,0,2
182_1,0,1,1,2,2,1,2,0,0,2
216_2,0,1,1,2,2,1,2,1,0,2
216_1,0,1,1,2,2,1,2,0,0,2
