[&R] ((((((216_2:0.002,216_3:2.002)177_5:0,216_4:1.002)126_3:0.002,(216_5:0.046,216_6:1.046)130_5:0.958)71_2:5.68,216_1:5.685)26_1:0.315,((((216_8:0,216_9:0)181_12:0.16,216_10:2.16)129_8:1.115,216_7:2.274)72_4:3.907,((216_11:0,216_12:0)191_15:1.006,(216_13:0.005,216_14:1.005)192_17:0.002)130_12:5.175)29_3:0.819)virtual:0)I0;
I0,0,0,0,0,0,0,0,0,0,0
virtual,0,0,0,0,0,0,0,0,0,0
29_3,0:0.59/1:0.41,0,0:0.59/2:0.41,0,0,0,0,0,0,0
130_12,1,2,2,2,0,0,0,1,1,0
192_17,1,2,2,2,0,0,0,1,1,0
216_14,1,2,2,2,2,0,0,1,1,0
216_13,1,2,2,2,0,0,0,1,1,0
191_15,1,2,2,2,0,1,0,1,1,0
216_12,1,2,2,2,0,1,0,1,1,0
216_11,1,2,2,2,0,1,0,1,1,0
72_4,0:0.04/1:0.96,0:0.07/1:0.93,0:0.04/2:0.96,0:0.07/1:0.93,0,0,0,0,0,0:0.07/1:0.93
216_7,1,1,2,1,0,0,0,1,2,1
129_8,1,0:0.01/1:0.99,2,0:0.01/1:0.99,0:0.13/1:0.87,0,0,0,0,0:0.01/1:0.99
216_10,1,1,2,1,1,0,1,1,0,1
181_12,1,1,2,1,1,0,0,0,0,1
216_9,1,1,2,1,1,0,0,0,0,1
216_8,1,1,2,1,1,0,0,0,0,1
26_1,0,0:0.84/2:0.16,0,0:0.84/1:0.16,0,0,0,0,0,0
216_1,0,2,1,1,0,2,0,1,1,0
71_2,1,2,2,1,1,0,0,0,0,1
130_5,1,2,2,1,1,0:0.05/1:0.95,0,0,0,1
216_6,1,2,2,1,1,1,0,0,1,1
216_5,1,2,2,1,1,1,0,0,0,1
126_3,1,2,2,1,1,0,0,0,0,1
216_4,1,2,2,1,1,0,1,0,0,1
177_5,1,2,2,1,1,0,0,0,0,1
216_3,1,2,2,1,1,1,1,0,0,1
216_2,1,2,2,1,1,0,0,0,0,1
