[&R] (((((216_5:0,216_6:0)189_3:0,216_7:0)146_2:1.416,((216_3:0.009,216_4:1.009)193_2:0.001,(216_1:0,216_2:0)194_1:0.01)150_1:1.406)93_1:4.226,(((216_13:0,216_14:0)187_7:0.002,216_15:1.002)150_5:0.001,(216_9:0,216_10:0)193_7:0.003)93_2:4.639)45_1:3.358)I0;
I0,0,0,0,0,0,0,0,0,0,0
45_1,0:0.33/1:0.67,0,0:0.33/2:0.67,0,0:0.33/1:0.67,0:0.33/2:0.67,0:0.33/2:0.67,0,0,0
93_2,1,1,2,2,1,2,2,1,0,0
193_7,1,1,2,2,1,2,2,1,0,0
216_10,1,1,2,2,1,2,2,1,0,0
216_9,1,1,2,2,1,2,2,1,0,0
150_5,1,1,2,2,1,2,2,1,0,0
216_15,1,1,2,2,1,2,2,1,0,2
187_7,1,1,2,2,1,2,2,1,0,0
216_14,1,1,2,2,1,2,2,1,0,0
216_13,1,1,2,2,1,2,2,1,0,0
93_1,0:0.03/1:0.97,0:0.09/2:0.91,0:0.03/2:0.97,0,0:0.03/1:0.97,0:0.03/2:0.97,0:0.03/2:0.97,0:0.09/2:0.91,0,0:0.09/2:0.91
150_1,1,2,2,0,1,2,2,2,0:0.01/2:0.99,2
194_1,1,2,2,0,1,2,2,2,2,2
216_2,1,2,2,0,1,2,2,2,2,2
216_1,1,2,2,0,1,2,2,2,2,2
193_2,1,2,2,0,1,2,2,2,0:0.01/2:0.99,2
216_4,1,2,2,1,1,2,2,2,2,2
216_3,1,2,2,0,1,2,2,2,2,2
146_2,1,2,2,1,1,2,2,2,0,2
216_7,1,2,2,1,1,2,2,2,0,2
189_3,1,2,2,1,1,2,2,2,0,2
216_6,1,2,2,1,1,2,2,2,0,2
216_5,1,2,2,1,1,2,2,2,0,2
