[&R] (((((216_5:1.003,216_6:0.003)189_3:0.034,216_7:2.037)146_2:0.003,((216_3:1.003,216_4:1.003)193_2:0.001,(216_1:1.003,216_2:0.003)194_1:0.001)150_1:2.036)93_1:3.255,(((216_13:2.015,216_14:0.015)187_7:0.002,216_15:1.017)150_5:3.135,(216_9:0,216_10:0)193_7:5.152)93_2:0.143)45_1:2.705)I0;
I0,0,0,0,0,0,0,0,0,0,0
45_1,0:0.1/2:0.9,0,0,0:0.1/1:0.9,0,0,0,0,0:0.1/2:0.9,0
93_2,0:0.09/2:0.91,0,0,0:0.09/1:0.91,0:0.89/1:0.11,0,0,0,0:0.09/2:0.91,0
193_7,2,1,0,1,1,2,1,0,2,1
216_10,2,1,0,1,1,2,1,0,2,1
216_9,2,1,0,1,1,2,1,0,2,1
150_5,2,0:0.01/2:0.99,0:0.01/2:0.99,1,1,0,0,0,2,0
216_15,2,2,2,1,1,2,0,0,2,0
187_7,2,2,2,1,1,0,0,0,2,0
216_14,2,2,2,1,1,0,0,0,2,0
216_13,2,2,2,1,1,0,0,1,2,1
93_1,2,0,0:0.01/2:0.99,1,0,0:0.01/2:0.99,0,0,2,0:0.01/1:0.99
150_1,2,1,2,1,0,2,2,0,2,1
194_1,2,1,2,1,0,2,2,0,2,1
216_2,2,1,2,1,0,2,2,0,2,1
216_1,2,1,2,1,1,2,2,0,2,1
193_2,2,1,2,1,0,2,2,0,2,1
216_4,2,1,2,1,1,2,2,0,2,1
216_3,2,1,2,1,0,2,2,2,2,1
146_2,2,0,0:0.01/2:0.99,1,0,0:0.01/2:0.99,0,0,2,0:0.01/1:0.99
216_7,2,2,2,1,2,2,0,0,2,1
189_3,2,0,2,1,0,2,0,0,2,1
216_6,2,0,2,1,0,2,0,0,2,1
216_5,2,0,2,1,0,2,0,2,2,1
