[&R] (((((216_5:0.052,216_6:1.052)189_3:1.037,216_7:0.089)146_2:1.936,((216_3:0,216_4:0)193_2:2.02,(216_1:1.004,216_2:0.004)194_1:0.016)150_1:0.004)93_1:4.071,(((216_13:0,216_14:0)187_7:2.088,216_15:0.088)150_5:2.001,(216_9:1.231,216_10:2.231)193_7:1.859)93_2:0.006)45_1:1.904)I0;
I0,0,0,0,0,0,0,0,0,0,0
45_1,0:0.05/1:0.95,0:0.05/2:0.95,0,0,0,0,0,0,0,0
93_2,0:0.04/1:0.96,0:0.04/2:0.96,0,0,0,0,0,0,0,0
193_7,1,2,0,0,0,0,0,0:0.11/1:0.89,0:0.11/1:0.89,0
216_10,1,2,1,0,0,0,1,1,1,0
216_9,1,2,0,2,0,0,0,1,1,0
150_5,1,2,0,0,0,0,0:0.04/1:0.96,0,0:0.04/2:0.96,0
216_15,1,2,0,0,0,0,1,0,2,0
187_7,1,2,0,0,2,0,1,0,2,1
216_14,1,2,0,0,2,0,1,0,2,1
216_13,1,2,0,0,2,0,1,0,2,1
93_1,1,2,0,0:0.01/2:0.99,0:0.01/2:0.99,0,0,0:0.01/1:0.99,0:0.01/1:0.99,0
150_1,1,2,0,2,2,0,0,1,1,0
194_1,1,2,0,2,2,0,0,1,1,0
216_2,1,2,0,2,2,0,0,1,1,0
216_1,1,2,0,2,2,1,0,1,1,0
193_2,1,2,0,2,2,2,0,1,1,1
216_4,1,2,0,2,2,2,0,1,1,1
216_3,1,2,0,2,2,2,0,1,1,1
146_2,1,2,0:0.04/2:0.96,2,2,0,0:0.04/2:0.96,1,1,0
216_7,1,2,2,2,2,0,2,1,1,0
189_3,1,2,2,2,2,0:0.05/2:0.95,2,1,1,0
216_6,1,2,2,2,2,2,2,1,1,1
216_5,1,2,2,2,2,2,2,1,1,0
