[&R] (((((216_5:0,216_6:0)189_3:2.188,216_7:0.188)146_2:0.833,((216_3:0,216_4:0)193_2:1.019,(216_1:0,216_2:0)194_1:1.019)150_1:0.002)93_1:0.995,(((216_13:0,216_14:1)187_7:0,216_15:0)150_5:0.014,(216_9:1.046,216_10:0.046)193_7:1.968)93_2:0.002)45_1:4.984)I0;
I0,0,0,0,0,0,0,0,0,0,0
45_1,0,2,1,2,2,0,0,0,0,1
93_2,0,2,1,2,2,0,0,0,0,1
193_7,0:0.02/1:0.98,2,1,2,2,0,0,0,0:0.02/1:0.98,1
216_10,1,2,1,2,2,0,0,0,1,1
216_9,1,2,1,2,2,0,0,1,1,1
150_5,0,2,1,2,2,0,0,0,0,1
216_15,0,2,1,2,2,0,0,0,0,1
187_7,0,2,1,2,2,0,0,0,0,1
216_14,2,2,1,2,2,0,0,0,0,1
216_13,0,2,1,2,2,0,0,0,0,1
93_1,0,2,1,2,2,0,0:0.02/1:0.98,0,0,1
150_1,0,2,1,2,2,0,0:0.02/1:0.98,0,0,1
194_1,0,2,1,2,2,2,1,0,0,1
216_2,0,2,1,2,2,2,1,0,0,1
216_1,0,2,1,2,2,2,1,0,0,1
193_2,0,2,1,2,2,1,1,0,0,1
216_4,0,2,1,2,2,1,1,0,0,1
216_3,0,2,1,2,2,1,1,0,0,1
146_2,0:0.18/1:0.82,2,1,2,2,0,1,0,0,1
216_7,1,2,1,2,2,0,1,0,0,1
189_3,1,2,1,2,2,1,1,2,0,1
216_6,1,2,1,2,2,1,1,2,0,1
216_5,1,2,1,2,2,1,1,2,0,1
