[&R] (((((216_10:0,216_11:0)181_9:3.21,(216_7:0,216_8:0)214_7:5.21)127_3:0.04,(((216_13:0,216_14:0)213_12:0.055,216_12:1.055)177_9:2.174,216_15:0.229)130_5:2.021)80_2:1.831,(((216_5:1.036,216_6:0.036)183_6:2.185,(216_3:1.024,216_4:0.024)185_5:1.197)141_3:1.857,(216_1:1.035,216_2:0.035)178_1:4.042)88_1:0.004)35_1:1.919)I0;
I0,0,0,0,0,0,0,0,0,0,0
35_1,0,0:0.04/2:0.96,0,0:0.04/2:0.96,0,0,0,0,0,0
88_1,0,0:0.04/2:0.96,0,0:0.04/2:0.96,0,0,0,0,0,0
178_1,0:0.01/1:0.99,2,0,2,0,0,0:0.01/1:0.99,0:0.01/1:0.99,0,0:0.01/1:0.99
216_2,1,2,0,2,0,0,1,1,0,1
216_1,1,2,0,2,1,0,1,1,0,1
141_3,0,2,0:0.11/2:0.89,2,0,0,0,0,0:0.11/2:0.89,0
185_5,0,2,2,2,0,0,0,0,2,0:0.02/1:0.98
216_4,0,2,2,2,0,0,0,0,2,1
216_3,0,2,2,2,0,1,0,0,2,1
183_6,0:0.02/1:0.98,2,2,2,0,0:0.02/1:0.98,0,0,2,0
216_6,1,2,2,2,0,1,0,0,2,0
216_5,1,2,2,2,0,1,2,0,2,0
80_2,0,2,0,2,0,0,0,0,0:0.12/2:0.88,0:0.12/1:0.88
130_5,0:0.1/1:0.9,2,0,2,0,0,0:0.1/2:0.9,0,0:0.01/2:0.99,0:0.01/1:0.99
216_15,1,2,0,2,0,0,2,0,2,1
177_9,1,2,0,2,0:0.02/2:0.98,0,2,0:0.02/2:0.98,2,1
216_12,1,2,1,2,2,0,2,2,2,1
213_12,1,2,0,2,2,0,2,2,2,1
216_14,1,2,0,2,2,0,2,2,2,1
216_13,1,2,0,2,2,0,2,2,2,1
127_3,0,2,0,2,0,0:0.97/1:0.03,0,0,0:0.12/2:0.88,0:0.12/1:0.88
214_7,1,2,1,2,2,1,0,1,2,1
216_8,1,2,1,2,2,1,0,1,2,1
216_7,1,2,1,2,2,1,0,1,2,1
181_9,0,2,2,2,0,1,1,0,2,1
216_11,0,2,2,2,0,1,1,0,2,1
216_10,0,2,2,2,0,1,1,0,2,1
